400

10.420437	0.701017	1.973451	0.500000
4.594950	7.669102	3.213493	0.500000
2.783367	7.842338	3.461779	0.500000
6.686449	7.347040	3.465085	0.500000
2.010495	10.746082	2.535495	0.500000
8.072841	10.756157	2.499898	0.500000
9.912421	8.938781	0.532132	0.500000
9.755539	5.555482	2.544376	0.500000
10.962068	9.797901	3.457646	0.500000
2.781449	1.153231	0.556102	0.500000
4.482517	2.775858	0.574489	0.500000
7.840533	4.709390	2.842837	0.500000
2.337770	9.234187	1.745130	0.500000
9.845390	9.840686	1.702032	0.500000
4.939699	1.389296	3.440402	0.500000
5.946787	5.134401	3.323744	0.500000
7.966610	0.641820	0.552983	0.500000
2.454968	2.862092	2.515793	0.500000
5.069965	5.018126	0.529220	0.500000
1.616649	1.441324	0.631671	0.500000
6.838887	9.799956	1.465568	0.500000
2.460218	3.758188	1.865878	0.500000
10.259855	2.531422	2.335364	0.500000
8.721903	1.722496	1.668358	0.500000
6.806392	0.066685	0.768098	0.500000
6.166301	1.445021	3.476953	0.500000
7.974660	3.507669	0.553312	0.500000
6.002216	9.941623	0.636645	0.500000
9.030099	7.274568	3.432435	0.500000
2.745869	4.462828	3.388576	0.500000
2.024424	5.910969	1.507435	0.500000
8.863539	5.968544	1.489304	0.500000
1.418372	4.672505	0.542578	0.500000
7.200409	0.918826	3.380690	0.500000
4.421989	5.171870	1.275643	0.500000
2.883480	5.769467	2.612276	0.500000
0.477523	4.335486	1.383834	0.500000
4.652863	6.624252	3.452869	0.500000
3.217316	3.942174	2.577870	0.500000
11.377221	2.256383	3.493232	0.500000
10.024044	1.609306	1.591994	0.500000
1.142466	9.564340	1.642225	0.500000
5.406221	9.505720	1.747825	0.500000
2.975308	7.165588	0.548876	0.500000
7.844721	4.462329	1.857112	0.500000
4.575076	8.811508	3.438449	0.500000
6.860701	2.959954	3.127616	0.500000
1.133939	11.376843	0.545238	0.500000
11.282354	9.526419	0.687676	0.500000
0.436215	4.045758	2.541980	0.500000
5.405264	3.503504	0.583161	0.500000
0.779982	9.979491	0.572986	0.500000
7.328682	6.013493	2.650776	0.500000
0.639016	3.444604	3.436923	0.500000
8.648195	3.857859	1.597782	0.500000
9.834693	8.348837	2.534980	0.500000
4.383893	4.451628	2.164531	0.500000
0.817072	3.475308	0.527259	0.500000
6.535091	7.996127	2.432806	0.500000
11.242533	11.254150	3.447013	0.500000
1.913062	6.441096	2.519130	0.500000
9.647857	9.915238	3.496413	0.500000
3.409763	9.147827	2.318217	0.500000
10.499405	7.165658	2.205367	0.500000
8.280727	3.575589	2.546324	0.500000
4.168218	1.121079	2.303734	0.500000
3.907610	1.505507	3.352918	0.500000
10.841117	1.555703	2.598110	0.500000
10.291459	5.601982	3.489624	0.500000
1.116312	7.359675	2.378471	0.500000
6.948494	10.834049	1.779465	0.500000
9.999787	3.446853	0.710907	0.500000
10.958385	6.865606	3.425772	0.500000
7.616289	2.653741	2.458005	0.500000
3.904349	8.219234	1.645383	0.500000
8.082044	7.600146	3.425130	0.500000
0.227913	2.460240	2.414235	0.500000
9.262708	0.784948	1.541006	0.500000
5.308754	2.374367	1.256574	0.500000
9.780906	6.970927	0.523064	0.500000
10.611881	9.215666	1.445400	0.500000
6.057473	1.754629	1.652475	0.500000
3.542581	6.549040	2.625116	0.500000
11.070107	6.270715	1.819095	0.500000
6.614662	4.209039	1.572438	0.500000
7.130645	7.192392	0.572461	0.500000
5.435508	6.132633	2.847430	0.500000
7.889794	5.693566	1.496326	0.500000
0.849673	9.473288	3.366835	0.500000
10.998318	3.905643	3.499244	0.500000
7.158861	0.768258	1.402188	0.500000
6.466475	1.370442	2.511976	0.500000
0.792545	0.457086	1.611891	0.500000
2.557095	8.600579	2.569374	0.500000
8.257439	9.997541	0.562580	0.500000
1.574983	11.052660	3.453535	0.500000
7.929260	10.435455	1.541465	0.500000
6.324437	6.230762	3.457191	0.500000
3.983231	3.579449	3.448656	0.500000
10.264624	7.968312	0.624855	0.500000
10.722948	10.468813	1.685885	0.500000
2.410348	2.328760	3.384641	0.500000
2.068164	4.782943	1.323992	0.500000
6.100069	4.596007	0.643556	0.500000
8.285901	8.570511	2.068200	0.500000
0.145651	8.405282	0.741621	0.500000
2.382978	8.546265	0.768001	0.500000
7.019379	2.004741	3.446093	0.500000
7.643382	1.547129	2.407305	0.500000
1.497571	4.138781	1.888888	0.500000
3.650566	0.531160	3.487913	0.500000
1.048845	11.026759	2.423433	0.500000
2.253494	6.469434	0.631211	0.500000
8.099221	1.606673	3.460494	0.500000
4.999114	2.158369	2.530127	0.500000
4.526609	1.199714	1.325651	0.500000
7.418528	0.233911	2.233734	0.500000
1.747543	9.637194	0.702146	0.500000
3.547899	0.431163	0.607108	0.500000
5.006411	0.513862	0.717565	0.500000
9.537323	7.322131	1.461083	0.500000
8.842658	11.401244	2.509042	0.500000
8.191646	2.705306	1.236665	0.500000
4.121282	3.507274	2.455251	0.500000
3.744549	11.401694	2.527741	0.500000
9.919718	10.496982	2.525513	0.500000
2.797264	9.588121	0.557779	0.500000
3.508364	3.543968	0.629799	0.500000
6.981457	5.744986	0.624729	0.500000
8.590636	10.520550	3.468974	0.500000
9.526107	6.903793	2.494308	0.500000
5.361402	5.454981	1.588672	0.500000
1.916058	9.687985	3.478585	0.500000
1.865843	3.424804	0.501192	0.500000
11.403230	0.257075	0.534911	0.500000
4.103738	1.799733	0.571989	0.500000
4.947918	6.279061	0.511055	0.500000
9.527012	11.193279	3.417716	0.500000
0.322829	5.112947	2.416516	0.500000
3.350593	9.952546	1.559731	0.500000
7.799581	6.366457	0.503710	0.500000
8.238796	6.779877	2.607029	0.500000
2.028164	0.455711	0.532330	0.500000
5.311564	0.912140	2.608418	0.500000
1.140590	5.326506	1.649959	0.500000
4.767746	8.523042	1.167330	0.500000
11.071381	0.112481	1.477593	0.500000
10.754243	5.335861	2.244278	0.500000
3.472859	7.327750	1.443706	0.500000
0.682055	5.164875	3.438973	0.500000
3.971997	6.677889	0.739686	0.500000
5.664328	8.566029	2.080137	0.500000
3.301127	3.213211	1.867461	0.500000
6.227567	0.328012	3.157656	0.500000
9.240530	7.986829	0.604822	0.500000
7.054857	5.020316	3.401990	0.500000
9.122250	2.610163	3.427902	0.500000
10.812406	10.403400	0.518781	0.500000
4.409980	11.017479	0.661885	0.500000
1.697757	8.701303	3.445294	0.500000
2.005388	0.734369	2.512887	0.500000
10.661572	3.353623	1.632340	0.500000
2.160224	5.605868	3.498479	0.500000
6.547149	4.112421	3.390622	0.500000
2.270378	2.446574	0.706256	0.500000
10.254643	9.537592	2.655391	0.500000
9.340224	2.732697	1.510293	0.500000
7.199348	10.121836	2.481518	0.500000
3.212911	8.929585	1.301086	0.500000
2.804530	0.347905	1.290003	0.500000
7.415462	8.890789	1.288887	0.500000
8.957558	6.275853	3.449860	0.500000
8.321332	0.131823	1.383774	0.500000
0.726651	2.156105	1.443300	0.500000
6.218412	10.152154	2.222578	0.500000
0.817899	8.145141	3.487555	0.500000
0.094132	1.004410	3.446191	0.500000
4.658214	0.426657	3.280124	0.500000
9.916170	2.315475	0.541996	0.500000
3.544238	2.629328	3.474575	0.500000
1.237133	8.664579	0.811199	0.500000
0.583237	6.251589	1.487387	0.500000
6.963116	2.223376	1.575516	0.500000
8.743269	9.712647	1.446712	0.500000
1.274886	2.563536	0.664401	0.500000
1.494214	8.248489	1.741946	0.500000
8.546892	2.269365	2.552718	0.500000
3.628849	5.051265	2.439642	0.500000
3.675986	8.313709	3.381993	0.500000
2.942222	10.850472	2.037598	0.500000
4.655495	9.690689	2.482598	0.500000
1.545214	4.583549	3.441289	0.500000
5.871231	3.138671	3.328923	0.500000
1.315497	6.406960	3.497511	0.500000
2.868478	10.859565	3.071455	0.500000
5.662198	3.345679	1.566318	0.500000
8.620622	7.739277	1.564931	0.500000
8.398085	8.731274	1.030309	0.500000
5.471357	4.233865	3.412313	0.500000
6.602910	9.474060	3.236122	0.500000
9.693296	11.290721	1.839111	0.500000
2.700118	3.298047	3.399791	0.500000
8.662575	9.343694	3.251046	0.500000
9.579286	0.732635	2.740767	0.500000
5.595375	0.793302	1.558062	0.500000
0.984754	0.550412	3.488444	0.500000
2.970165	9.104636	3.494856	0.500000
10.370962	10.609658	3.450671	0.500000
3.903227	0.007408	1.462382	0.500000
6.223162	0.916740	0.676164	0.500000
3.377589	2.494385	0.670577	0.500000
6.327747	10.730240	3.159149	0.500000
5.436376	8.381996	3.087441	0.500000
1.404140	5.351655	2.720804	0.500000
10.172948	7.661995	3.406949	0.500000
4.490887	2.828783	1.727889	0.500000
11.326576	0.502200	2.451325	0.500000
9.567792	8.626015	1.494239	0.500000
3.804844	4.584301	3.381774	0.500000
0.576734	10.826687	1.496843	0.500000
0.731198	1.300760	2.423390	0.500000
4.052057	9.150334	0.519409	0.500000
0.731226	6.186592	2.552167	0.500000
6.071460	6.397293	1.881965	0.500000
5.249486	3.945825	2.344871	0.500000
3.767898	6.248867	1.652390	0.500000
11.115451	3.299256	2.582202	0.500000
5.164052	7.705588	1.686265	0.500000
1.437359	9.926963	2.592293	0.500000
7.305132	3.882551	2.484563	0.500000
8.878951	10.700586	1.741109	0.500000
7.394555	6.567280	3.492757	0.500000
11.130769	3.520633	0.572218	0.500000
7.102651	1.450285	0.526955	0.500000
5.722589	11.162671	0.524290	0.500000
3.598703	5.670508	3.327156	0.500000
3.513003	1.500627	1.376906	0.500000
4.936837	6.387121	1.549518	0.500000
0.177752	6.111585	3.486067	0.500000
1.188129	2.943321	2.381421	0.500000
7.402024	2.447278	0.564794	0.500000
4.943308	10.138783	0.701310	0.500000
8.080136	2.804451	3.371242	0.500000
7.114149	4.682817	0.830982	0.500000
4.482205	3.698044	1.104595	0.500000
7.684171	7.719974	2.414842	0.500000
9.425868	3.799539	3.448600	0.500000
3.782422	10.145286	0.630059	0.500000
11.141641	9.051887	2.411327	0.500000
9.889634	6.352206	1.446262	0.500000
10.815401	4.346606	1.505130	0.500000
9.583607	1.239088	0.625970	0.500000
0.436715	8.855291	1.722722	0.500000
6.173058	6.849194	0.969481	0.500000
8.681444	1.719373	0.625876	0.500000
3.541787	7.130011	3.454807	0.500000
5.898966	10.853603	1.514675	0.500000
2.662460	7.920190	1.532883	0.500000
9.130991	5.012827	1.284718	0.500000
10.670582	4.316222	2.513994	0.500000
7.796015	1.615320	1.283350	0.500000
5.623792	9.354848	2.836234	0.500000
7.464747	3.719545	3.467485	0.500000
0.538925	10.484774	3.344184	0.500000
11.077209	4.958805	3.344746	0.500000
2.063822	10.361968	1.498735	0.500000
2.663433	6.698269	1.891825	0.500000
7.441915	10.664780	0.647324	0.500000
1.509893	1.194705	1.663735	0.500000
2.197434	7.608016	2.380566	0.500000
10.754761	1.432868	0.703346	0.500000
7.318168	11.078931	3.235802	0.500000
5.447565	10.771398	2.572093	0.500000
7.594279	9.973020	3.447726	0.500000
7.984412	9.488416	2.353121	0.500000
4.075377	4.435736	0.529917	0.500000
6.395755	8.393258	3.439224	0.500000
7.444596	8.509384	3.176840	0.500000
3.106444	5.368366	1.642770	0.500000
3.411726	4.342412	1.578020	0.500000
4.662976	8.640020	2.259104	0.500000
3.331459	10.059729	3.468579	0.500000
11.427382	10.772641	2.357573	0.500000
6.103956	7.968643	1.391471	0.500000
10.022450	4.659287	3.210181	0.500000
9.356278	9.778902	0.510594	0.500000
8.583902	5.638032	2.497939	0.500000
0.382202	9.821889	2.430611	0.500000
4.870987	2.720853	3.371729	0.500000
2.883948	2.298393	1.656324	0.500000
2.007463	7.532800	0.677962	0.500000
10.161400	8.730281	3.484065	0.500000
8.426262	4.060472	3.413250	0.500000
10.993504	2.224974	1.345165	0.500000
8.315805	4.575812	0.872186	0.500000
8.749420	6.709609	0.756533	0.500000
6.417781	0.323909	1.989611	0.500000
6.601742	4.846549	2.498987	0.500000
7.082782	7.712093	1.573147	0.500000
6.440970	3.203435	0.519420	0.500000
4.513623	5.696777	2.386734	0.500000
10.610270	7.006396	1.106028	0.500000
5.787033	8.886742	1.045573	0.500000
0.855233	7.532435	1.174804	0.500000
6.727095	8.292584	0.665207	0.500000
5.551940	8.065851	0.506238	0.500000
4.291626	9.409227	1.481936	0.500000
9.882185	10.643399	1.087380	0.500000
8.367733	0.325221	3.472525	0.500000
11.366968	7.435168	0.508451	0.500000
0.610493	1.099540	0.699681	0.500000
11.209721	8.742838	3.422999	0.500000
6.897786	5.355463	1.596213	0.500000
8.991687	0.404018	0.560889	0.500000
8.966221	10.028780	2.574022	0.500000
10.244621	2.009184	3.387221	0.500000
1.750712	3.668190	2.849701	0.500000
10.907631	8.143590	1.506964	0.500000
11.198970	1.267074	1.626358	0.500000
2.588648	1.686151	2.594530	0.500000
0.173620	7.451382	2.053635	0.500000
3.725094	2.320716	2.270814	0.500000
9.188219	5.258948	3.382837	0.500000
2.247646	4.946928	2.295908	0.500000
6.719346	9.006843	2.322520	0.500000
9.565532	3.537557	2.380183	0.500000
2.492481	1.350647	1.498227	0.500000
2.631388	6.510158	3.372949	0.500000
4.063963	10.987017	3.480932	0.500000
2.945688	10.795786	0.585343	0.500000
5.347740	10.106360	3.458260	0.500000
2.028499	1.291630	3.436535	0.500000
2.577118	9.911826	2.602583	0.500000
4.801111	0.084205	2.291838	0.500000
5.433200	4.387208	1.362572	0.500000
5.352630	1.587650	0.581889	0.500000
4.752137	7.471750	0.597964	0.500000
10.547894	0.838719	3.305328	0.500000
0.694197	3.332504	1.535212	0.500000
10.817436	5.874498	0.624217	0.500000
11.319384	4.566983	0.544797	0.500000
11.412776	5.271414	1.488396	0.500000
2.599128	4.105330	0.674507	0.500000
7.090302	6.356288	1.544100	0.500000
5.954069	5.620479	0.690721	0.500000
8.999361	10.757247	0.531246	0.500000
8.510341	5.511273	0.516349	0.500000
9.227295	4.490644	2.486035	0.500000
4.258318	10.485483	1.593125	0.500000
1.024377	8.857513	2.575095	0.500000
6.235559	3.777416	2.415098	0.500000
9.041826	8.396065	3.465132	0.500000
7.188248	9.553358	0.508946	0.500000
0.595596	6.692145	0.512771	0.500000
5.728395	7.154288	2.467061	0.500000
4.340823	7.125642	2.331242	0.500000
9.899814	6.613195	3.458121	0.500000
5.550860	7.294941	3.443282	0.500000
9.505224	1.753739	2.586391	0.500000
7.976565	6.970874	1.614361	0.500000
3.781278	10.336575	2.494735	0.500000
8.027151	7.789820	0.745800	0.500000
2.003718	2.862954	1.600508	0.500000
1.613595	1.945596	2.671963	0.500000
10.003368	4.522392	0.616700	0.500000
0.860954	1.758213	3.325239	0.500000
1.876924	7.277576	3.276835	0.500000
1.864665	10.671322	0.527694	0.500000
8.530731	0.934658	2.407640	0.500000
1.511131	6.796042	1.480649	0.500000
10.528656	6.278887	2.715045	0.500000
3.104123	0.783124	2.341153	0.500000
8.033344	5.726683	3.329003	0.500000
6.305714	2.214843	0.627594	0.500000
5.441197	11.199475	3.476418	0.500000
0.476722	7.123764	3.280358	0.500000
6.061884	2.491899	2.556657	0.500000
9.079225	1.316275	3.458801	0.500000
10.368152	3.072473	3.369810	0.500000
11.206125	7.771581	2.910659	0.500000
3.409928	5.414997	0.562594	0.500000
2.364231	5.444479	0.560143	0.500000
7.289041	3.170310	1.293332	0.500000
4.962137	5.338158	3.395357	0.500000
6.817465	7.007729	2.520480	0.500000
3.646348	8.181048	0.611330	0.500000
10.068250	5.363323	1.494888	0.500000
9.693167	4.144968	1.553834	0.500000
1.480171	2.837382	3.397836	0.500000
2.485533	0.330722	3.340812	0.500000
8.932491	7.760207	2.520730	0.500000
9.528068	5.966071	0.515318	0.500000
1.030827	5.651766	0.588599	0.500000
0.130260	1.990948	0.505123	0.500000
1.653068	11.319122	1.530762	0.500000
10.521227	11.308665	2.530684	0.500000
3.397572	7.765451	2.405394	0.500000
9.005567	3.173719	0.628041	0.500000
4.335852	9.872172	3.457617	0.500000
9.984014	0.223162	0.596605	0.500000
