300

7.908134	5.855436	1.574358	0.500000
8.770381	2.439841	1.611297	0.500000
1.291688	1.752441	1.283101	0.500000
1.970593	7.668143	2.499764	0.500000
10.266664	3.108945	0.625644	0.500000
6.013932	6.444389	0.841835	0.500000
11.209650	10.368547	2.383461	0.500000
11.410410	4.927117	2.397258	0.500000
10.844243	8.903364	0.773355	0.500000
8.514420	3.449014	1.357919	0.500000
9.417713	0.634769	2.398704	0.500000
2.775005	4.262660	1.723899	0.500000
5.981660	9.438583	2.407108	0.500000
6.886512	6.192478	1.470900	0.500000
5.182026	0.809352	2.434935	0.500000
6.462401	0.306760	1.437284	0.500000
6.342726	10.075588	1.637309	0.500000
3.893455	9.663331	1.560402	0.500000
9.843051	1.540826	0.524980	0.500000
8.720351	6.234551	2.416434	0.500000
10.235297	8.153986	1.393567	0.500000
10.333855	2.134477	1.398054	0.500000
9.729989	4.759256	0.610087	0.500000
8.995615	8.214244	1.582120	0.500000
3.367450	1.608648	2.402151	0.500000
4.345112	6.613767	2.080683	0.500000
3.239544	5.429654	0.670932	0.500000
4.414829	3.884698	2.402182	0.500000
9.385859	3.682624	0.509052	0.500000
4.131329	2.995744	1.600200	0.500000
3.836034	7.718429	1.604769	0.500000
3.558842	4.935318	1.610336	0.500000
4.664431	1.670440	2.257084	0.500000
5.369266	10.473393	1.610903	0.500000
1.275257	4.260516	1.340172	0.500000
8.148076	4.585627	1.563404	0.500000
1.964057	1.419472	0.538232	0.500000
9.692204	2.024499	2.433287	0.500000
3.971374	2.431694	2.499960	0.500000
1.844160	3.440649	1.494283	0.500000
5.685131	10.966531	0.564279	0.500000
0.326302	5.932443	2.410461	0.500000
1.248477	0.719114	1.507050	0.500000
4.199560	3.493790	0.545514	0.500000
6.899989	2.938180	0.572203	0.500000
4.181374	0.171867	0.529137	0.500000
8.939786	5.433693	1.490933	0.500000
3.943221	1.644935	1.466415	0.500000
1.434690	7.105904	1.191454	0.500000
5.392276	8.596045	2.428409	0.500000
4.836978	2.961571	2.466454	0.500000
2.507436	7.573307	1.621308	0.500000
6.028398	2.352541	0.502081	0.500000
6.894104	4.514863	1.477565	0.500000
5.312522	8.099760	1.537068	0.500000
3.620749	6.429740	0.550224	0.500000
3.074682	0.189312	0.539331	0.500000
5.138565	2.280184	1.548947	0.500000
6.623251	0.909140	0.528443	0.500000
0.308790	4.468953	1.542139	0.500000
1.850022	10.405240	2.471343	0.500000
5.371981	5.491835	0.724295	0.500000
5.803127	9.129242	0.543144	0.500000
10.732482	1.982986	2.447905	0.500000
7.400558	10.332257	1.540587	0.500000
2.057445	0.430841	0.914729	0.500000
10.919749	3.233207	1.632314	0.500000
10.248422	0.620970	0.615470	0.500000
7.959548	3.763405	2.373688	0.500000
7.631738	9.889589	0.635012	0.500000
0.406993	9.013491	0.593249	0.500000
3.442918	3.428144	2.220688	0.500000
1.616054	10.278195	1.369045	0.500000
5.003880	2.893579	0.523012	0.500000
1.043534	0.745796	0.519145	0.500000
11.281873	2.373077	0.941033	0.500000
11.017934	9.974867	0.571160	0.500000
5.305134	3.391415	1.480699	0.500000
2.876889	3.323379	1.322212	0.500000
5.198414	6.922127	1.652834	0.500000
7.890731	1.032847	2.415580	0.500000
0.146905	1.452698	1.374382	0.500000
0.915999	7.572055	2.468538	0.500000
4.455143	10.732830	1.010931	0.500000
0.834058	2.825413	1.390814	0.500000
9.066214	10.675339	2.452386	0.500000
3.875717	10.090812	2.495040	0.500000
8.109278	10.990521	0.603224	0.500000
1.356291	5.752577	1.367215	0.500000
2.793413	0.367681	2.455947	0.500000
7.630130	7.752298	2.435711	0.500000
2.248006	10.593723	0.619251	0.500000
8.060153	9.489762	1.915575	0.500000
6.220100	10.061326	0.607445	0.500000
1.944112	4.925558	1.678353	0.500000
3.494729	8.950081	2.444272	0.500000
7.378354	2.529342	1.362720	0.500000
9.155607	2.367577	0.570599	0.500000
1.570949	0.028666	2.337410	0.500000
9.359744	9.448198	1.415104	0.500000
6.341804	4.242552	2.447464	0.500000
1.509832	9.192234	0.596044	0.500000
8.566642	4.785384	0.579582	0.500000
3.924076	2.518402	0.707572	0.500000
11.349727	0.074170	2.329984	0.500000
10.679975	10.748783	1.575993	0.500000
5.869692	3.540566	0.540927	0.500000
4.494289	5.756071	1.534989	0.500000
5.338662	1.615367	0.581990	0.500000
0.222693	8.915488	2.406097	0.500000
4.096864	5.007630	2.461020	0.500000
2.195917	3.540174	0.530338	0.500000
11.052969	6.801080	2.479414	0.500000
6.047277	8.782266	1.500512	0.500000
3.325427	0.724176	1.530524	0.500000
7.554167	11.359214	1.543162	0.500000
3.802355	8.564606	0.572679	0.500000
9.048504	0.794541	0.519464	0.500000
9.941172	5.745853	1.320021	0.500000
6.918833	1.882264	0.638987	0.500000
2.066389	1.391167	1.900374	0.500000
10.126734	1.022095	1.698508	0.500000
10.692603	5.968452	2.048628	0.500000
9.269070	4.479026	1.470488	0.500000
4.795186	0.969804	1.387860	0.500000
3.158995	1.223243	0.643444	0.500000
6.679923	1.997517	2.136021	0.500000
5.767042	10.848217	2.448735	0.500000
1.876760	4.186655	2.442750	0.500000
7.208125	1.021322	1.560719	0.500000
8.319996	6.821198	1.539412	0.500000
8.525719	8.668202	2.424781	0.500000
4.276499	1.311246	0.581737	0.500000
2.571374	9.476122	0.542028	0.500000
7.021852	3.315780	2.376152	0.500000
11.119802	7.809906	2.410018	0.500000
3.963914	4.557789	0.592647	0.500000
4.643896	4.682345	1.529927	0.500000
10.578823	11.052752	0.616717	0.500000
5.380913	0.586062	0.662772	0.500000
5.839382	2.863041	2.258186	0.500000
6.436979	8.517253	2.470439	0.500000
7.410945	5.189379	0.892043	0.500000
3.604414	9.712839	0.539055	0.500000
6.766771	10.969826	2.457616	0.500000
1.556899	3.097338	2.449082	0.500000
3.078334	4.093036	0.610070	0.500000
1.264564	1.931660	2.413096	0.500000
6.964081	6.621387	0.517180	0.500000
5.488428	5.797192	1.692915	0.500000
1.287583	6.273057	0.504414	0.500000
5.849882	6.459666	2.403506	0.500000
2.142415	5.628665	0.626613	0.500000
10.556027	5.705799	0.511416	0.500000
3.161744	7.243665	2.413848	0.500000
0.790073	11.254229	1.421736	0.500000
3.451243	5.839672	2.333537	0.500000
6.098114	7.344250	1.272670	0.500000
0.861309	3.582947	0.612657	0.500000
0.610025	1.828400	0.545559	0.500000
0.499696	8.290165	1.627748	0.500000
5.765794	4.306063	1.561779	0.500000
11.337180	8.055682	0.518387	0.500000
2.875063	5.002100	2.415378	0.500000
6.352661	8.217296	0.520003	0.500000
1.089160	5.244158	0.545844	0.500000
7.780612	7.303351	0.519824	0.500000
0.340207	10.128814	1.452861	0.500000
1.099917	5.023677	2.451301	0.500000
0.272031	5.580727	1.306269	0.500000
2.354800	9.217862	1.538437	0.500000
1.915742	4.616073	0.617443	0.500000
5.775512	7.599996	2.458572	0.500000
3.473053	10.705095	0.564555	0.500000
7.454127	3.555833	1.356062	0.500000
4.874838	8.543119	0.586885	0.500000
9.009063	5.779590	0.541997	0.500000
9.530179	3.104891	1.402748	0.500000
2.717567	9.750852	2.412875	0.500000
0.841693	9.962350	0.592636	0.500000
6.729938	6.959522	2.450393	0.500000
5.412844	7.234719	0.548503	0.500000
0.695673	10.766687	2.370284	0.500000
6.506025	3.145199	1.481139	0.500000
1.310656	6.126419	2.464993	0.500000
2.277041	5.933605	1.780514	0.500000
7.370980	8.315282	0.561390	0.500000
8.487538	0.120106	2.496292	0.500000
8.406735	0.609042	1.496447	0.500000
8.473758	9.035513	0.854394	0.500000
2.843255	10.769649	2.494313	0.500000
10.663916	8.985263	2.496941	0.500000
4.516974	7.555769	2.442245	0.500000
2.735717	8.454165	0.708427	0.500000
9.582890	0.223840	1.402829	0.500000
6.812119	9.235357	0.516016	0.500000
10.196701	3.945038	1.396137	0.500000
2.041453	7.726011	0.627326	0.500000
10.048727	7.343277	2.105091	0.500000
1.383705	11.123020	0.556730	0.500000
10.093389	2.951526	2.476989	0.500000
9.967237	10.190631	0.645998	0.500000
6.594437	5.259441	2.270519	0.500000
1.055958	0.911746	2.498706	0.500000
10.035039	4.019446	2.421501	0.500000
9.729278	8.680486	0.670940	0.500000
1.505050	8.069316	1.528740	0.500000
8.037580	10.334742	2.455921	0.500000
9.195590	1.477345	1.422707	0.500000
3.140591	6.633841	1.480374	0.500000
8.134855	1.632723	1.599213	0.500000
10.779144	4.807777	1.598106	0.500000
10.150757	11.197852	2.350402	0.500000
8.566819	7.996723	0.680340	0.500000
9.119107	11.032261	0.524905	0.500000
3.488677	11.080979	1.725380	0.500000
2.419373	2.406294	2.364873	0.500000
5.741328	1.655380	2.422158	0.500000
7.835644	2.371613	2.438673	0.500000
10.164081	10.004482	2.386839	0.500000
8.569009	10.794191	1.564865	0.500000
0.260432	2.668915	2.219380	0.500000
4.409013	7.592640	0.562372	0.500000
2.912368	10.053008	1.391938	0.500000
10.844390	7.174789	0.574772	0.500000
5.237701	0.034515	1.490040	0.500000
7.997923	8.183446	1.509427	0.500000
4.620312	6.179881	0.606642	0.500000
10.865901	1.438253	0.634268	0.500000
7.812246	4.091765	0.582010	0.500000
10.916294	0.491225	1.369157	0.500000
8.652450	7.569923	2.288976	0.500000
8.762547	10.017504	0.686417	0.500000
3.374118	8.622452	1.494789	0.500000
0.303856	10.826289	0.533151	0.500000
7.755763	6.671324	2.445238	0.500000
5.051342	9.178195	1.556951	0.500000
9.697831	10.557128	1.590191	0.500000
0.081368	4.898100	0.509220	0.500000
6.827046	10.918099	0.607312	0.500000
7.585831	5.258738	2.424326	0.500000
6.506201	0.940370	2.383894	0.500000
7.854578	6.042189	0.553028	0.500000
6.328834	5.368264	1.190494	0.500000
3.963351	0.450500	2.267411	0.500000
2.328396	6.732438	0.505981	0.500000
11.290790	3.342792	0.527865	0.500000
4.948368	4.337437	0.638423	0.500000
7.126728	9.252922	1.485543	0.500000
1.006716	9.703641	2.422647	0.500000
10.707170	9.624298	1.570946	0.500000
9.051501	3.639576	2.298517	0.500000
1.177396	9.134357	1.552100	0.500000
5.907484	4.633696	0.560028	0.500000
0.727443	6.559621	1.658405	0.500000
1.559091	2.513371	0.510696	0.500000
5.447236	4.980214	2.341873	0.500000
11.331397	1.076473	2.322709	0.500000
9.949335	5.136481	2.159166	0.500000
7.416117	8.887027	2.488998	0.500000
11.131355	3.947030	2.319620	0.500000
3.238566	2.382400	1.510466	0.500000
6.818840	3.961683	0.588071	0.500000
10.667172	4.127196	0.507932	0.500000
9.097623	9.615078	2.481941	0.500000
2.201299	2.295772	1.298991	0.500000
9.677093	6.570180	0.601483	0.500000
7.363644	7.208704	1.530293	0.500000
8.767305	4.604585	2.445682	0.500000
2.342795	8.666739	2.463965	0.500000
0.013701	7.276768	1.592901	0.500000
0.003916	0.453373	0.516802	0.500000
4.655509	9.340617	2.491851	0.500000
0.698645	3.706919	2.399577	0.500000
6.905138	9.832839	2.479566	0.500000
2.307807	6.711976	2.444649	0.500000
8.218854	1.769274	0.579660	0.500000
4.886682	5.853795	2.494005	0.500000
8.064723	2.849807	0.634642	0.500000
4.915888	9.714298	0.714888	0.500000
3.212282	7.492339	0.724789	0.500000
9.742392	6.388690	2.329803	0.500000
2.323455	11.109086	1.586025	0.500000
6.992932	8.255840	1.633045	0.500000
0.525747	7.226986	0.598940	0.500000
9.919583	7.698895	0.523452	0.500000
8.731477	6.895376	0.505844	0.500000
10.521771	6.745171	1.431665	0.500000
4.521760	10.870702	2.476804	0.500000
2.896888	2.439513	0.553303	0.500000
1.293219	8.711114	2.490360	0.500000
5.445134	3.780194	2.397966	0.500000
0.017279	6.299219	0.589374	0.500000
4.445244	8.459150	1.909631	0.500000
7.764873	0.657169	0.718034	0.500000
3.728468	3.888222	1.361978	0.500000
9.680203	8.663787	2.253756	0.500000
8.820336	1.442824	2.434377	0.500000
9.350481	6.910626	1.526968	0.500000
5.926398	1.200132	1.440855	0.500000
