100

0.321425	0.073793	0.755141	0.500000
1.351854	0.129104	0.673055	0.500000
2.378373	0.112734	0.528172	0.500000
3.432414	0.165934	0.751313	0.500000
4.436989	0.152554	0.568137	0.500000
5.466301	0.159295	0.646378	0.500000
6.469010	0.154872	0.698899	0.500000
7.473079	0.174853	0.783445	0.500000
8.474368	0.169791	0.770028	0.500000
9.486402	0.138735	0.574469	0.500000
0.861678	1.028689	0.600406	0.500000
1.886340	1.029353	0.683026	0.500000
2.887309	1.002075	0.574072	0.500000
3.966075	1.013265	0.764738	0.500000
4.953998	1.025502	0.590707	0.500000
5.966607	1.020804	0.789101	0.500000
6.946589	1.034797	0.541528	0.500000
7.943884	1.043829	0.623436	0.500000
9.010001	1.027708	0.769125	0.500000
10.024584	1.026982	0.753364	0.500000
0.329790	1.901274	0.591293	0.500000
1.353486	1.906207	0.567331	0.500000
2.383759	1.916693	0.694900	0.500000
3.397235	1.895606	0.547391	0.500000
4.419019	1.886100	0.550465	0.500000
5.447619	1.923198	0.501926	0.500000
6.491990	1.945074	0.519492	0.500000
7.495375	1.962896	0.770704	0.500000
8.491635	1.909505	0.579705	0.500000
9.491821	1.926007	0.798709	0.500000
0.850879	2.796497	0.512201	0.500000
1.864501	2.788125	0.756797	0.500000
2.880579	2.792850	0.525533	0.500000
3.877760	2.757162	0.722934	0.500000
4.911030	2.777215	0.771301	0.500000
5.915963	2.772973	0.756870	0.500000
6.949591	2.824677	0.796894	0.500000
7.965349	2.840076	0.563355	0.500000
8.963977	2.778891	0.749294	0.500000
10.024943	2.789112	0.747366	0.500000
0.321482	3.645491	0.502384	0.500000
1.293803	3.656322	0.773891	0.500000
2.317280	3.719904	0.605115	0.500000
3.326790	3.693818	0.545204	0.500000
4.333854	3.645754	0.539999	0.500000
5.389092	3.659061	0.645610	0.500000
6.397812	3.639620	0.577115	0.500000
7.417389	3.719670	0.743485	0.500000
8.460885	3.683284	0.789978	0.500000
9.455466	3.673630	0.534233	0.500000
0.848230	4.530072	0.526436	0.500000
1.821736	4.573430	0.788861	0.500000
2.833866	4.562991	0.788026	0.500000
3.854280	4.534574	0.780513	0.500000
4.875682	4.540635	0.627477	0.500000
5.930804	4.548100	0.731919	0.500000
6.915325	4.562792	0.528060	0.500000
7.950997	4.564681	0.562163	0.500000
8.959644	4.563913	0.502858	0.500000
9.992249	4.515152	0.605805	0.500000
0.346124	5.386797	0.760878	0.500000
1.332798	5.432464	0.539610	0.500000
2.371113	5.428407	0.551899	0.500000
3.373318	5.459071	0.579771	0.500000
4.377220	5.408665	0.758000	0.500000
5.395538	5.393634	0.762930	0.500000
6.385081	5.434472	0.547249	0.500000
7.385507	5.444429	0.734166	0.500000
8.419938	5.433643	0.784971	0.500000
9.433321	5.410099	0.751520	0.500000
0.832338	6.282657	0.731379	0.500000
1.885686	6.304470	0.562529	0.500000
2.875280	6.326040	0.796383	0.500000
3.883576	6.310994	0.750664	0.500000
4.894321	6.279741	0.652202	0.500000
5.903498	6.304537	0.738899	0.500000
6.907514	6.319535	0.598923	0.500000
7.912526	6.271157	0.516861	0.500000
8.929714	6.261407	0.547431	0.500000
9.947526	6.277568	0.681346	0.500000
0.326832	7.147957	0.581626	0.500000
1.339889	7.150071	0.647160	0.500000
2.337062	7.182883	0.749414	0.500000
3.319780	7.181848	0.525088	0.500000
4.370650	7.216780	0.526235	0.500000
5.380267	7.156340	0.528142	0.500000
6.412907	7.199263	0.603076	0.500000
7.421505	7.197130	0.759848	0.500000
8.406682	7.144869	0.582252	0.500000
9.437431	7.166146	0.717726	0.500000
0.830124	8.041976	0.501231	0.500000
1.817883	8.039531	0.781767	0.500000
2.844944	8.058713	0.793536	0.500000
3.890504	8.060353	0.792506	0.500000
4.925126	8.065957	0.728910	0.500000
5.904413	8.066912	0.502150	0.500000
6.906659	8.055829	0.793812	0.500000
7.900258	8.080387	0.674274	0.500000
8.944882	8.072729	0.728468	0.500000
9.949626	8.050753	0.557718	0.500000
