200

7.602813	7.245996	1.495564	0.500000
0.499847	7.494640	0.593283	0.500000
9.211188	4.662788	1.406607	0.500000
8.856771	0.060499	1.496550	0.500000
6.545465	10.256878	1.480794	0.500000
5.916906	2.266433	0.563102	0.500000
6.163865	0.632940	1.393193	0.500000
2.545854	8.822309	1.498792	0.500000
6.435941	5.128184	0.549853	0.500000
3.269559	4.375941	1.490288	0.500000
11.907136	1.830493	1.438060	0.500000
2.276896	1.684098	0.670537	0.500000
7.974855	11.676152	1.464561	0.500000
1.680203	10.632864	0.660698	0.500000
6.160523	8.819520	0.530149	0.500000
7.102495	2.501074	0.509536	0.500000
0.263065	0.139234	0.601927	0.500000
11.809640	0.319185	1.381542	0.500000
5.063693	3.805914	1.498250	0.500000
10.008687	5.740572	1.365397	0.500000
11.474636	11.529722	0.971606	0.500000
0.789025	10.329501	1.420835	0.500000
12.052582	7.034833	1.227238	0.500000
0.436758	11.238036	0.505089	0.500000
11.815786	6.290947	0.519847	0.500000
6.224953	10.953717	0.622145	0.500000
11.673375	9.462837	0.515401	0.500000
0.241567	10.066605	0.515941	0.500000
9.413056	11.207366	1.443669	0.500000
10.105583	10.133117	1.442238	0.500000
8.796111	0.761672	0.544564	0.500000
1.191597	6.995569	1.362335	0.500000
1.517938	5.155756	0.571288	0.500000
10.338171	0.110491	1.262607	0.500000
10.462603	2.978643	0.552184	0.500000
5.552723	0.777533	0.509272	0.500000
2.120021	2.981939	0.596082	0.500000
9.798710	10.707116	0.583644	0.500000
7.198183	11.410667	0.558412	0.500000
6.463856	2.002817	1.498950	0.500000
2.798107	10.870645	0.526592	0.500000
1.563816	11.623432	0.517547	0.500000
0.029447	3.716528	0.633463	0.500000
6.472581	3.339521	0.534779	0.500000
2.962634	6.372124	0.701145	0.500000
2.828430	7.331259	1.087815	0.500000
2.607393	8.185030	0.561461	0.500000
1.752470	3.842594	1.094891	0.500000
4.674869	9.309308	1.446387	0.500000
7.182295	8.736289	1.470486	0.500000
1.979928	7.778700	1.453793	0.500000
4.177856	3.279719	1.452576	0.500000
11.200477	7.568660	1.336543	0.500000
8.886801	6.292527	1.385850	0.500000
6.833740	4.457483	1.400798	0.500000
10.641416	4.940101	1.388562	0.500000
10.555307	3.573901	1.454156	0.500000
9.021976	7.525125	1.489576	0.500000
7.863901	4.240761	1.459693	0.500000
7.228097	0.535278	1.417614	0.500000
11.299063	2.325252	0.544838	0.500000
2.215441	4.800856	1.498632	0.500000
4.527068	2.737593	0.573789	0.500000
5.510853	1.485557	1.244252	0.500000
10.670579	9.387036	0.950934	0.500000
7.969088	10.368809	0.613733	0.500000
3.987111	6.171654	0.731971	0.500000
7.735524	0.037791	0.601796	0.500000
5.376020	2.569913	1.399003	0.500000
0.809409	4.459090	1.190625	0.500000
0.308607	5.080094	0.506239	0.500000
0.170993	9.172009	1.431364	0.500000
8.342877	7.313647	0.747790	0.500000
3.067590	1.578469	1.463556	0.500000
9.978194	8.819209	1.432874	0.500000
3.676108	1.468531	0.529616	0.500000
6.067829	3.681081	1.453713	0.500000
3.703732	5.000482	0.534912	0.500000
1.029582	5.543545	1.364740	0.500000
7.915625	3.393678	0.564977	0.500000
7.638054	5.095242	0.748653	0.500000
6.627974	0.019088	0.546472	0.500000
6.476287	6.315294	0.516281	0.500000
8.866421	1.955637	0.880234	0.500000
1.341777	1.621993	1.450468	0.500000
6.690690	5.763587	1.352563	0.500000
4.704342	10.326780	0.571008	0.500000
5.135240	8.814623	0.552463	0.500000
8.401859	5.378223	1.405958	0.500000
11.691593	4.286624	1.403309	0.500000
10.481023	2.429979	1.422197	0.500000
2.040439	9.862880	1.408463	0.500000
1.023430	3.217010	0.530811	0.500000
1.291666	8.132983	0.513325	0.500000
4.466922	3.750976	0.537868	0.500000
10.792033	6.904208	0.530719	0.500000
9.873980	2.169357	0.535379	0.500000
5.432629	12.131403	1.441181	0.500000
4.883984	8.177284	1.397667	0.500000
4.211278	9.404270	0.520608	0.500000
5.077921	11.530272	0.557659	0.500000
9.388713	2.583549	1.462493	0.500000
12.119785	5.424852	1.447908	0.500000
6.405180	7.243264	1.219770	0.500000
7.890969	9.607362	1.491570	0.500000
4.622494	0.670107	1.361022	0.500000
0.475207	8.731741	0.540324	0.500000
0.503561	6.363228	0.922454	0.500000
10.674427	1.074367	1.491941	0.500000
5.739260	7.707492	0.577437	0.500000
9.536071	12.082976	0.515324	0.500000
3.614793	0.165383	1.478614	0.500000
5.491752	4.302854	0.603170	0.500000
3.201028	2.659823	1.481075	0.500000
3.263009	5.495257	1.473074	0.500000
5.732182	9.359500	1.362024	0.500000
2.137220	0.674401	1.283498	0.500000
9.605301	7.035898	0.503154	0.500000
8.402914	6.052222	0.504803	0.500000
8.669239	4.669276	0.564755	0.500000
7.255931	7.869456	0.769966	0.500000
5.521580	10.831564	1.499650	0.500000
8.059721	8.258812	1.396997	0.500000
7.481442	6.811907	0.522327	0.500000
1.290422	11.199784	1.483837	0.500000
6.679375	9.924287	0.506525	0.500000
1.369997	2.097566	0.517712	0.500000
8.231564	1.144514	1.419016	0.500000
11.380291	6.107064	1.445307	0.500000
3.333529	10.963284	1.375135	0.500000
4.738139	7.692694	0.515174	0.500000
3.588482	8.363373	0.712645	0.500000
9.475542	5.986470	0.548187	0.500000
0.273478	2.445577	0.833807	0.500000
1.957414	7.144603	0.582929	0.500000
11.620902	1.237481	0.558743	0.500000
7.930462	8.776326	0.534530	0.500000
10.005832	6.801812	1.468845	0.500000
8.006922	2.513887	1.152784	0.500000
3.449236	10.105830	0.723857	0.500000
9.508409	3.654358	1.488661	0.500000
5.404176	3.278115	0.622803	0.500000
10.536613	11.590218	0.503917	0.500000
11.181069	3.868677	0.599619	0.500000
3.667575	7.276867	0.514514	0.500000
3.448201	3.384673	0.754467	0.500000
10.788088	8.394972	0.502540	0.500000
8.986672	3.263740	0.702941	0.500000
3.695404	9.098331	1.494695	0.500000
11.391675	8.774243	1.318714	0.500000
10.192384	1.010259	0.603185	0.500000
4.312976	2.271787	1.457512	0.500000
1.375526	12.201476	1.421157	0.500000
2.643378	4.103995	0.514130	0.500000
4.295675	4.617055	1.383997	0.500000
4.665744	5.819381	1.468146	0.500000
7.432399	3.292483	1.452379	0.500000
1.286377	1.051072	0.530895	0.500000
7.836815	6.236181	1.480487	0.500000
8.989824	8.976739	1.494370	0.500000
7.478892	10.707852	1.476973	0.500000
5.193156	5.313336	0.570246	0.500000
4.314749	0.040108	0.581464	0.500000
8.796703	10.265735	1.454580	0.500000
1.894032	9.086466	0.524394	0.500000
3.542536	11.554968	0.590908	0.500000
6.547034	11.401828	1.468780	0.500000
1.357879	2.796206	1.498310	0.500000
8.966507	9.500215	0.627235	0.500000
0.290085	11.650907	1.415172	0.500000
9.292128	1.182527	1.404186	0.500000
2.453296	11.805504	1.141768	0.500000
0.480902	1.037956	1.364099	0.500000
11.493829	9.798194	1.454755	0.500000
7.171021	4.112119	0.515579	0.500000
6.050010	8.164696	1.452361	0.500000
4.669494	1.326030	0.558166	0.500000
2.530850	5.152836	0.569430	0.500000
11.812019	8.095820	0.650851	0.500000
5.825141	5.151154	1.363725	0.500000
2.996004	0.301339	0.525079	0.500000
7.659618	1.077603	0.552813	0.500000
1.941020	6.148621	1.089949	0.500000
11.208814	10.504225	0.532151	0.500000
6.647974	1.274819	0.606539	0.500000
1.183809	8.980354	1.475657	0.500000
5.403047	6.323646	0.954870	0.500000
10.022475	4.498461	0.619841	0.500000
8.626641	11.253384	0.507159	0.500000
9.062256	8.283561	0.757798	0.500000
11.824298	3.123520	1.486998	0.500000
4.083365	7.359227	1.492097	0.500000
2.706040	3.546179	1.431216	0.500000
10.895700	10.845692	1.469196	0.500000
5.191457	7.198049	1.442236	0.500000
12.119850	10.749217	1.206333	0.500000
11.519437	4.980890	0.542876	0.500000
10.716542	5.774252	0.629898	0.500000
0.536462	3.455683	1.486338	0.500000
11.148082	0.245318	0.567208	0.500000
