200

9.053010	10.049690	1.483644	0.500000
2.078721	7.403733	1.475349	0.500000
9.218999	1.829114	1.482959	0.500000
2.262107	9.153662	0.953984	0.500000
3.902916	4.416492	0.580595	0.500000
8.480233	2.720786	1.443813	0.500000
9.278305	0.013814	1.456701	0.500000
2.851949	3.597826	0.505457	0.500000
6.521560	2.785589	0.589784	0.500000
7.286361	0.568202	0.502699	0.500000
10.296858	1.548187	0.552267	0.500000
0.078235	0.023924	0.626086	0.500000
4.140826	10.030310	1.457715	0.500000
9.099817	6.347637	0.505707	0.500000
0.308820	7.493148	0.524141	0.500000
3.229916	1.168051	0.566260	0.500000
7.236962	3.368401	1.416526	0.500000
4.471065	12.157336	1.494462	0.500000
10.009585	6.558697	1.484696	0.500000
4.138875	1.283038	1.471983	0.500000
3.305158	9.731149	0.660446	0.500000
10.669199	6.071916	0.589974	0.500000
6.719927	6.570798	0.562635	0.500000
11.551574	10.439067	0.543116	0.500000
10.986667	10.443897	1.427543	0.500000
8.260567	10.143019	0.682539	0.500000
8.072682	6.532293	0.540386	0.500000
3.210365	0.444204	1.264141	0.500000
11.561607	6.855366	1.466974	0.500000
3.359331	2.248110	0.540119	0.500000
0.199889	11.218490	0.546915	0.500000
5.593427	4.737921	0.519568	0.500000
3.162060	1.828056	1.483497	0.500000
6.599164	7.759861	0.510535	0.500000
2.218327	2.243187	1.248012	0.500000
8.557484	6.166152	1.441322	0.500000
6.263834	0.165202	1.440609	0.500000
11.375121	5.345908	0.505846	0.500000
5.839790	9.956344	1.428643	0.500000
5.943990	6.697196	1.470217	0.500000
1.192697	6.897578	0.619143	0.500000
0.234918	1.408735	1.465451	0.500000
9.633310	3.339937	1.468971	0.500000
0.293936	5.368672	0.636354	0.500000
0.784474	3.392707	0.526629	0.500000
1.207980	9.329774	0.580514	0.500000
6.345023	0.940178	0.615822	0.500000
4.059359	6.602452	1.455307	0.500000
3.290118	7.557539	1.492293	0.500000
10.613012	7.484645	1.454867	0.500000
11.761683	5.888277	1.278298	0.500000
1.429689	11.669362	1.497997	0.500000
11.572295	11.380293	1.483678	0.500000
3.440045	5.378976	1.137363	0.500000
0.768239	7.792271	1.427882	0.500000
1.622625	8.499134	1.493711	0.500000
4.923518	3.091167	0.530729	0.500000
0.599479	6.359293	1.244133	0.500000
1.199474	1.018189	1.360328	0.500000
2.030173	0.413702	1.409497	0.500000
10.823049	9.646178	0.721016	0.500000
1.508131	11.039642	0.542151	0.500000
8.475800	3.676907	0.599582	0.500000
4.595135	3.555930	1.485401	0.500000
6.556608	5.183999	0.622288	0.500000
4.352009	2.516299	1.449583	0.500000
0.146609	2.192211	0.598882	0.500000
5.877935	8.802341	1.457242	0.500000
8.153853	1.863577	0.771571	0.500000
1.220903	12.102693	0.537823	0.500000
7.133007	0.882688	1.493475	0.500000
6.729453	11.441363	1.491444	0.500000
1.562768	9.848602	1.435167	0.500000
2.948516	11.693181	1.379621	0.500000
12.209740	10.202344	1.445299	0.500000
9.357412	7.318283	1.474812	0.500000
10.781142	11.176614	0.711324	0.500000
3.444877	11.990558	0.521958	0.500000
5.639284	7.783696	1.498694	0.500000
9.367545	8.515080	1.444231	0.500000
10.060455	0.297296	0.594417	0.500000
9.675798	0.930672	1.390678	0.500000
6.684141	11.758676	0.505626	0.500000
4.959563	9.205255	0.522783	0.500000
2.056334	10.865086	1.483789	0.500000
10.990190	2.431262	0.532413	0.500000
8.353543	9.217723	1.412300	0.500000
5.401888	11.919566	0.777704	0.500000
5.322142	7.300796	0.525035	0.500000
2.862530	8.117369	0.555309	0.500000
2.326628	5.346441	1.467010	0.500000
0.501021	9.258120	1.499247	0.500000
0.652486	1.222235	0.506416	0.500000
5.687138	8.298423	0.515959	0.500000
1.141537	2.136068	1.499944	0.500000
5.876580	1.835848	0.578805	0.500000
10.335423	7.086354	0.563247	0.500000
8.222611	7.437068	1.496817	0.500000
10.770334	8.608329	1.363711	0.500000
8.465570	0.672652	1.476136	0.500000
9.894318	10.350087	0.523556	0.500000
9.025938	11.003309	0.639521	0.500000
2.070042	10.175798	0.510731	0.500000
3.003818	2.991862	1.391243	0.500000
12.072715	4.901607	1.439023	0.500000
11.293426	8.712976	0.517547	0.500000
12.212865	4.404785	0.526253	0.500000
6.845800	8.509602	1.356205	0.500000
11.976922	3.839842	1.366611	0.500000
5.324376	1.254060	1.437624	0.500000
11.861156	3.166349	0.595783	0.500000
2.803362	4.851163	0.550960	0.500000
3.823830	3.318313	0.807857	0.500000
7.267196	7.264985	1.215755	0.500000
5.878268	5.370117	1.496519	0.500000
3.697953	11.008081	0.678573	0.500000
0.919898	5.142857	1.436348	0.500000
7.157184	2.103823	1.468329	0.500000
10.449360	11.941442	1.473736	0.500000
9.536880	5.292022	1.433894	0.500000
8.808173	5.290619	0.573710	0.500000
11.317734	12.003703	0.541982	0.500000
5.484771	2.539759	1.437026	0.500000
6.258636	3.669248	1.424762	0.500000
10.974952	1.088444	1.345410	0.500000
8.656689	4.669419	1.400538	0.500000
7.761831	5.589766	0.737078	0.500000
8.317325	11.230259	1.438961	0.500000
6.264535	9.467707	0.566199	0.500000
7.072776	1.762231	0.504089	0.500000
10.199948	2.205854	1.362900	0.500000
7.028698	5.764944	1.474491	0.500000
4.984091	6.011139	1.456430	0.500000
0.680866	0.098922	1.422955	0.500000
10.566179	5.517379	1.435461	0.500000
0.031923	2.878407	1.492867	0.500000
7.499212	4.484005	1.418514	0.500000
8.709282	12.174114	0.558419	0.500000
1.766856	6.198133	1.387238	0.500000
4.423677	5.429913	0.593559	0.500000
5.302986	10.298219	0.632890	0.500000
4.709663	2.103432	0.551584	0.500000
9.655206	4.326618	1.163107	0.500000
4.541852	4.811239	1.390566	0.500000
7.971438	4.603800	0.520303	0.500000
2.813385	6.604213	1.487595	0.500000
3.488396	4.163102	1.455673	0.500000
9.279039	2.382396	0.577806	0.500000
4.437513	11.735464	0.563761	0.500000
7.102034	4.043596	0.558469	0.500000
1.366399	2.298616	0.518703	0.500000
3.390353	6.264700	0.577863	0.500000
11.592941	1.537268	0.544572	0.500000
0.516888	8.510599	0.660187	0.500000
1.484402	5.581717	0.538948	0.500000
10.427024	3.817057	0.544641	0.500000
9.001459	1.187308	0.512844	0.500000
5.051570	0.638363	0.614364	0.500000
5.660034	6.052066	0.587706	0.500000
11.912127	8.436432	1.283381	0.500000
2.344157	12.065436	0.621663	0.500000
4.639722	6.417368	0.603978	0.500000
3.055944	8.743644	1.472271	0.500000
1.096202	4.021066	1.471599	0.500000
10.334900	4.867511	0.550358	0.500000
4.412083	8.850063	1.320077	0.500000
3.089487	10.501334	1.466397	0.500000
4.432629	7.737733	1.413571	0.500000
10.992961	4.345804	1.411191	0.500000
5.526227	4.375567	1.459702	0.500000
7.615839	12.153868	1.242670	0.500000
9.200850	9.523354	0.511021	0.500000
2.207037	7.084918	0.532398	0.500000
8.821348	7.385936	0.608817	0.500000
7.451778	9.248719	0.582597	0.500000
6.276118	10.795685	0.875134	0.500000
1.726356	4.455369	0.636809	0.500000
10.911477	2.924908	1.429674	0.500000
7.349814	10.568324	0.825622	0.500000
11.214929	7.613744	0.618950	0.500000
2.115140	1.148563	0.604836	0.500000
2.378883	4.316183	1.477119	0.500000
6.886762	9.648482	1.386231	0.500000
10.099320	9.517670	1.435692	0.500000
0.880762	10.763097	1.493211	0.500000
1.828256	8.217997	0.537748	0.500000
7.751202	2.975303	0.595493	0.500000
12.171313	9.346865	0.669509	0.500000
11.562709	2.098760	1.421479	0.500000
3.955234	7.220951	0.531616	0.500000
11.951133	6.565187	0.547604	0.500000
2.364739	6.071639	0.577403	0.500000
4.041094	0.566368	0.542288	0.500000
0.599671	10.128291	0.614192	0.500000
2.692142	10.963067	0.608473	0.500000
10.149114	8.424548	0.511432	0.500000
11.813093	0.470680	1.468546	0.500000
8.665513	8.609368	0.597529	0.500000
5.378340	11.123874	1.384714	0.500000
9.729669	10.813856	1.480269	0.500000
