200

6.332819	5.259660	0.591797	0.500000
10.142304	10.785719	1.494033	0.500000
9.141406	3.585296	0.605027	0.500000
8.651857	10.342379	1.426288	0.500000
8.339282	0.791934	0.503392	0.500000
4.851447	4.634965	1.460264	0.500000
3.625214	11.481598	1.370230	0.500000
3.643142	10.658880	0.662541	0.500000
7.762900	5.595725	0.651674	0.500000
3.331834	8.029146	1.437635	0.500000
1.530972	11.780808	1.454182	0.500000
1.462067	11.109624	0.580429	0.500000
5.254531	9.501152	1.471853	0.500000
0.843527	6.769238	1.431004	0.500000
5.314103	7.567872	0.640057	0.500000
6.937823	2.030688	0.551314	0.500000
1.348682	12.206666	0.513687	0.500000
0.581111	8.982356	0.857875	0.500000
2.974757	3.585281	1.215287	0.500000
9.550626	4.559435	1.474747	0.500000
12.130617	9.727912	0.599159	0.500000
0.865273	10.284306	0.609871	0.500000
1.164696	7.063816	0.510603	0.500000
2.237084	1.871356	0.571900	0.500000
0.025436	6.744266	0.575881	0.500000
7.401774	11.114791	1.465355	0.500000
9.580380	11.717048	1.347114	0.500000
10.393883	9.824051	0.582342	0.500000
9.246325	0.312351	0.646939	0.500000
7.359422	9.968915	1.385452	0.500000
9.752165	3.077834	1.408278	0.500000
0.236131	4.991738	0.592057	0.500000
3.184928	6.807867	1.397428	0.500000
0.313972	11.126245	0.521743	0.500000
11.760894	1.958546	1.440582	0.500000
5.519324	1.580891	1.494660	0.500000
2.181004	3.346165	0.524208	0.500000
9.465061	10.791872	0.714839	0.500000
5.733147	11.682865	0.526967	0.500000
5.996274	4.093625	0.524673	0.500000
4.515538	11.903723	0.585228	0.500000
1.749949	10.447052	1.483387	0.500000
11.758169	5.053781	1.411553	0.500000
9.793044	1.868545	1.493416	0.500000
2.327444	7.725691	1.440755	0.500000
4.162529	9.172775	1.361636	0.500000
11.794409	8.897835	1.359562	0.500000
4.325479	3.639334	1.474190	0.500000
4.323231	7.373249	0.507729	0.500000
3.859905	8.436946	0.596984	0.500000
1.515177	8.456412	1.474915	0.500000
5.153206	2.705377	1.339608	0.500000
10.390447	5.476896	1.291640	0.500000
8.325795	6.337607	1.471284	0.500000
6.664208	6.934734	1.485598	0.500000
1.141720	4.041630	0.591174	0.500000
2.234351	5.024922	1.468436	0.500000
7.434230	8.298580	1.464817	0.500000
8.423827	5.241635	1.404747	0.500000
8.917099	2.423601	1.484823	0.500000
10.839779	1.386826	1.322754	0.500000
1.758931	3.964694	1.450042	0.500000
1.575940	2.987658	1.269783	0.500000
4.991520	0.839228	0.622919	0.500000
8.564650	8.009486	1.351309	0.500000
8.518627	9.176270	1.392796	0.500000
3.755856	5.901777	1.499385	0.500000
7.555371	11.528953	0.520175	0.500000
7.646949	3.646556	1.365071	0.500000
0.842562	6.097369	0.564763	0.500000
1.776542	7.961447	0.617322	0.500000
11.150289	8.244514	0.802811	0.500000
7.658225	7.187306	1.491350	0.500000
0.129784	0.909963	1.222232	0.500000
9.587025	7.859773	1.417451	0.500000
6.069664	1.409537	0.668048	0.500000
6.161095	4.658022	1.372217	0.500000
4.597620	6.213074	0.512302	0.500000
1.068480	2.252641	0.576489	0.500000
8.381318	2.939394	0.706393	0.500000
9.366988	5.625221	1.167671	0.500000
7.284563	0.319956	1.417711	0.500000
1.581692	5.869796	1.491194	0.500000
9.996985	2.648547	0.504659	0.500000
1.598842	9.349523	0.588283	0.500000
7.742150	6.603418	0.578332	0.500000
4.580249	10.400639	1.497210	0.500000
5.673842	8.099669	1.471030	0.500000
8.079215	4.470564	0.698754	0.500000
1.042497	4.915412	1.416851	0.500000
10.898643	2.845086	1.133236	0.500000
8.878310	8.608989	0.613729	0.500000
5.298971	5.450413	0.607657	0.500000
3.555462	6.499233	0.511322	0.500000
3.860740	4.207282	0.635636	0.500000
2.176414	6.348576	0.830591	0.500000
0.089444	2.993610	0.552826	0.500000
6.697097	0.277456	0.591992	0.500000
4.463098	8.008185	1.453813	0.500000
5.012892	10.743061	0.637883	0.500000
9.905343	1.313740	0.591541	0.500000
11.839653	3.102862	1.485999	0.500000
12.163408	6.235016	1.479523	0.500000
7.835867	7.654002	0.571218	0.500000
6.807559	10.812846	0.695151	0.500000
2.661363	2.281988	1.449210	0.500000
4.458063	6.942215	1.422310	0.500000
2.880303	5.650659	0.994128	0.500000
12.120432	1.633555	0.534713	0.500000
5.271856	8.777398	0.724405	0.500000
11.532046	0.626847	0.732912	0.500000
6.424171	11.628515	1.431407	0.500000
6.239912	2.499429	1.112177	0.500000
0.827178	1.181039	0.557850	0.500000
3.374896	9.357357	0.699164	0.500000
6.103930	10.543623	1.370192	0.500000
1.861682	0.925137	0.614577	0.500000
9.158619	7.476897	0.523062	0.500000
11.887963	7.263914	1.473510	0.500000
11.239458	4.800473	0.573279	0.500000
8.881304	6.486050	0.500224	0.500000
5.187172	11.696559	1.409876	0.500000
7.778544	8.780592	0.564467	0.500000
7.138812	4.047841	0.583732	0.500000
0.563435	9.794357	1.458946	0.500000
6.287654	0.659860	1.445349	0.500000
2.720543	4.568340	0.610834	0.500000
0.422369	12.090478	1.499392	0.500000
7.307685	6.109830	1.468213	0.500000
0.785374	11.039695	1.471920	0.500000
0.580110	7.919377	1.312652	0.500000
2.396837	11.536257	0.723752	0.500000
8.879087	1.982194	0.549465	0.500000
0.579988	2.730599	1.449330	0.500000
2.574320	9.457698	1.344280	0.500000
1.338839	1.664221	1.399603	0.500000
6.363550	8.247477	0.530370	0.500000
9.090239	4.626983	0.512873	0.500000
10.470443	0.404169	0.593609	0.500000
2.651656	8.548214	0.646434	0.500000
8.551208	11.400070	0.774847	0.500000
4.915357	3.643031	0.596268	0.500000
11.523623	9.922668	1.493853	0.500000
10.231573	4.751876	0.612287	0.500000
11.258773	9.227733	0.513139	0.500000
3.018711	2.602852	0.518526	0.500000
6.202659	9.140320	1.396325	0.500000
8.617869	12.216809	1.389163	0.500000
2.643090	10.512704	0.545389	0.500000
9.942145	0.663691	1.405624	0.500000
10.890180	2.028358	0.516466	0.500000
4.818247	1.831051	0.588832	0.500000
3.073983	10.336091	1.490806	0.500000
3.968972	2.926160	0.546917	0.500000
3.951978	5.256672	0.681798	0.500000
5.667850	6.451394	0.523498	0.500000
8.658782	3.789850	1.464561	0.500000
3.766751	2.517969	1.477786	0.500000
10.650677	7.532891	1.299518	0.500000
9.644530	6.743506	1.385839	0.500000
6.920239	1.556264	1.471297	0.500000
6.064287	6.007378	1.487380	0.500000
4.331207	9.922433	0.572783	0.500000
7.991613	9.792283	0.529233	0.500000
12.123694	7.910897	0.512957	0.500000
4.447769	0.358141	1.402466	0.500000
8.950816	1.077375	1.281036	0.500000
1.127516	0.638724	1.473244	0.500000
6.891066	9.291959	0.538207	0.500000
11.657495	10.957984	1.407675	0.500000
11.269690	11.743953	0.580738	0.500000
3.601169	0.686793	0.643191	0.500000
3.635536	1.813662	0.507572	0.500000
10.129414	8.275259	0.679538	0.500000
7.238521	5.049585	1.374753	0.500000
5.543249	6.913211	1.426610	0.500000
3.764196	1.401542	1.462551	0.500000
5.055491	5.889967	1.490100	0.500000
11.114842	10.557822	0.550199	0.500000
6.621171	3.751298	1.422994	0.500000
2.707664	0.364605	1.105846	0.500000
7.348528	1.066795	0.565133	0.500000
3.301297	4.837379	1.396585	0.500000
10.588596	8.844950	1.461959	0.500000
7.818333	2.096821	1.396672	0.500000
10.856871	6.495618	1.384371	0.500000
6.639068	7.254159	0.518430	0.500000
10.205597	3.631788	0.529846	0.500000
9.465623	9.786840	1.119455	0.500000
10.224063	6.848801	0.575114	0.500000
0.379963	4.106863	1.283222	0.500000
2.943469	7.312484	0.535887	0.500000
2.316313	1.326709	1.496665	0.500000
10.370031	11.232735	0.540208	0.500000
5.971037	9.778847	0.559584	0.500000
10.631799	11.796470	1.481708	0.500000
11.815278	3.943640	0.516917	0.500000
11.521167	5.922707	0.619098	0.500000
1.535441	5.285784	0.522891	0.500000
11.075952	4.192865	1.440546	0.500000
