200

0.442593	8.998883	0.795550	0.500000
2.772289	10.092015	1.295532	0.500000
11.747663	4.599083	0.730722	0.500000
8.135078	11.161763	1.429454	0.500000
4.638723	5.299062	0.502646	0.500000
8.070344	0.280177	0.510716	0.500000
1.849626	10.713063	0.555204	0.500000
0.344835	4.609514	1.302982	0.500000
3.842163	7.092064	0.506545	0.500000
6.289063	10.990122	1.496235	0.500000
6.597111	3.481665	0.544493	0.500000
2.913509	8.594314	1.446918	0.500000
4.723661	9.278608	0.650339	0.500000
11.915271	10.208304	0.567055	0.500000
11.961624	11.467040	1.319480	0.500000
5.588447	4.514005	1.433775	0.500000
8.779032	11.944094	1.318499	0.500000
3.929873	1.726539	1.495313	0.500000
9.103158	6.787053	1.201348	0.500000
8.943325	1.971450	1.488980	0.500000
3.732541	9.204294	1.403319	0.500000
11.341985	7.477727	1.479262	0.500000
10.731020	3.044416	1.460320	0.500000
8.785923	10.138881	1.464519	0.500000
10.695603	8.038062	0.706625	0.500000
5.637955	8.570323	0.536308	0.500000
8.312238	9.087434	1.463536	0.500000
2.006279	8.135793	1.376352	0.500000
10.771343	10.702853	0.514724	0.500000
2.710969	7.819159	0.641189	0.500000
0.648690	10.627906	0.519286	0.500000
4.395997	4.703938	1.495506	0.500000
4.966918	1.450193	0.870350	0.500000
7.613051	8.315152	1.499702	0.500000
1.876909	3.432176	1.492480	0.500000
1.014081	6.366411	1.417869	0.500000
0.965047	2.363613	1.492306	0.500000
11.365283	3.328799	0.599616	0.500000
10.996006	6.871415	0.538113	0.500000
8.300009	7.481512	1.466978	0.500000
10.432286	6.025478	0.662878	0.500000
9.433343	10.206352	0.503894	0.500000
0.209238	10.568570	1.457576	0.500000
3.545730	5.476251	1.450800	0.500000
1.681287	1.886132	0.836307	0.500000
2.422253	5.747957	1.387018	0.500000
6.299081	9.819465	1.486893	0.500000
10.880531	4.299131	1.340208	0.500000
2.815686	5.262721	0.534382	0.500000
0.238499	7.907855	1.428777	0.500000
11.208825	1.274033	0.541225	0.500000
0.722834	11.912722	0.658524	0.500000
0.092513	5.653105	1.399061	0.500000
9.652279	5.903278	1.444451	0.500000
1.333387	8.154029	0.574923	0.500000
1.448770	3.010314	0.665832	0.500000
5.701279	11.948482	1.456270	0.500000
0.532569	2.350367	0.515572	0.500000
5.458461	3.243589	0.508717	0.500000
3.107466	12.110290	1.446359	0.500000
9.754321	2.692738	0.528186	0.500000
3.824537	9.693229	0.504464	0.500000
9.788332	3.544099	1.427486	0.500000
7.907065	3.276948	0.501937	0.500000
8.024922	6.214731	1.380758	0.500000
4.737781	10.661922	0.520208	0.500000
8.270782	4.234087	0.712880	0.500000
3.709539	5.971814	0.547911	0.500000
8.838383	5.573998	0.725188	0.500000
11.247624	0.652361	1.474997	0.500000
6.250945	2.706212	1.152059	0.500000
6.451782	7.620558	0.757364	0.500000
2.373884	9.055641	0.506525	0.500000
1.936440	11.778778	0.670443	0.500000
1.796896	4.511932	1.458290	0.500000
9.925222	7.035167	0.531139	0.500000
5.356573	10.408117	1.363274	0.500000
1.550347	9.705863	0.527302	0.500000
3.267090	6.492252	1.401425	0.500000
11.365493	9.355714	0.501756	0.500000
10.248507	0.541876	0.830335	0.500000
7.532610	0.229349	1.464207	0.500000
4.762528	3.753003	1.434043	0.500000
7.127376	10.504214	1.137549	0.500000
1.932833	9.403460	1.432943	0.500000
6.226589	5.837808	1.372435	0.500000
6.992659	0.770431	0.616537	0.500000
4.727639	5.844447	1.478593	0.500000
4.311674	10.075692	1.442699	0.500000
1.246828	7.483076	1.497660	0.500000
3.157279	10.816137	0.547836	0.500000
11.587087	9.909305	1.470055	0.500000
11.116252	1.942497	1.458623	0.500000
1.154853	8.673614	1.456436	0.500000
3.780693	1.457748	0.505390	0.500000
5.980030	4.499696	0.500784	0.500000
8.946804	4.579270	1.411405	0.500000
8.906843	9.064109	0.532964	0.500000
10.346787	9.562021	0.806812	0.500000
8.955639	11.181089	0.639927	0.500000
10.863502	11.839172	1.206084	0.500000
7.960809	9.511565	0.602329	0.500000
0.623654	5.259702	0.571486	0.500000
7.094527	6.281741	0.852511	0.500000
11.473576	5.635299	0.564829	0.500000
9.415850	4.643459	0.530051	0.500000
11.348513	6.369894	1.388140	0.500000
8.385908	8.209987	0.775958	0.500000
7.999836	5.090719	1.336164	0.500000
3.934338	3.613575	0.592698	0.500000
10.312543	3.977129	0.563348	0.500000
4.029258	8.409580	0.529844	0.500000
5.833797	0.879377	0.963094	0.500000
5.168128	0.200610	0.573300	0.500000
3.796682	4.679650	0.551953	0.500000
5.668984	9.735824	0.618764	0.500000
3.317795	3.097246	1.259723	0.500000
7.165035	2.616523	0.749360	0.500000
9.776503	10.820303	1.370035	0.500000
11.709368	8.792619	1.494553	0.500000
5.987139	6.458099	0.504485	0.500000
1.470647	11.184362	1.357563	0.500000
7.391540	3.492996	1.453168	0.500000
4.793933	4.292635	0.527317	0.500000
9.918104	2.339046	1.457738	0.500000
7.935401	2.327947	1.493263	0.500000
10.753537	5.340417	1.465589	0.500000
7.258741	8.538719	0.520439	0.500000
9.837858	8.672010	0.680586	0.500000
3.658570	2.460034	0.532362	0.500000
7.862427	1.423806	0.510004	0.500000
6.262652	0.055841	0.501526	0.500000
0.371709	6.401738	0.646134	0.500000
9.016459	1.249892	0.614033	0.500000
7.739823	5.591891	0.506725	0.500000
0.121433	1.775006	1.235302	0.500000
4.491397	7.081753	1.473474	0.500000
5.663558	7.077529	1.420902	0.500000
1.003052	1.363385	1.476234	0.500000
2.559433	3.872809	0.647425	0.500000
6.728719	9.816897	0.508434	0.500000
7.086234	1.460363	1.436799	0.500000
9.470688	0.823087	1.438219	0.500000
1.325658	4.426143	0.557257	0.500000
4.779353	7.597567	0.528423	0.500000
1.115693	10.050362	1.382682	0.500000
6.342949	3.826036	1.470379	0.500000
7.171895	4.362321	0.677496	0.500000
4.964961	8.098891	1.396382	0.500000
6.596269	5.466395	0.509887	0.500000
4.681177	2.435012	0.505555	0.500000
2.571102	2.833524	0.560944	0.500000
2.534159	0.954968	1.485880	0.500000
10.528546	4.965718	0.558822	0.500000
11.887173	2.928469	1.480084	0.500000
0.695592	3.488360	1.344354	0.500000
8.456335	2.302547	0.540043	0.500000
2.012072	0.674680	0.565306	0.500000
2.582502	7.241130	1.492892	0.500000
11.767500	8.174026	0.658228	0.500000
11.739912	0.073592	0.537668	0.500000
1.600914	5.644685	0.622912	0.500000
6.509951	8.434301	1.360137	0.500000
3.196508	0.636218	0.636639	0.500000
4.099900	0.683088	1.476706	0.500000
3.735281	7.833217	1.385970	0.500000
5.118290	2.812836	1.382323	0.500000
4.749040	6.585673	0.521064	0.500000
0.372052	3.978075	0.521984	0.500000
1.076984	5.293446	1.490726	0.500000
6.530280	0.311023	1.482665	0.500000
8.140436	10.557332	0.571826	0.500000
10.276417	7.463336	1.481779	0.500000
8.188662	6.811880	0.551444	0.500000
9.200565	7.993056	1.346812	0.500000
5.686226	11.286915	0.586753	0.500000
3.745591	10.910376	1.420520	0.500000
10.051890	1.533098	0.587002	0.500000
7.303004	9.426199	1.375858	0.500000
2.726864	1.917179	1.267919	0.500000
3.924967	12.128613	0.747491	0.500000
2.869946	4.623548	1.431342	0.500000
8.151127	1.186725	1.498670	0.500000
5.893260	1.861544	0.552037	0.500000
0.467393	0.727667	0.550028	0.500000
1.517286	7.155115	0.591599	0.500000
6.770249	4.939216	1.480797	0.500000
9.648006	11.927899	0.551624	0.500000
12.227685	0.415943	1.466383	0.500000
7.265165	7.187557	1.378255	0.500000
11.678192	2.330610	0.687281	0.500000
2.451207	6.369614	0.583536	0.500000
1.060845	0.229170	1.445227	0.500000
10.552400	8.754326	1.414740	0.500000
4.609366	11.636406	1.454126	0.500000
5.555187	9.025526	1.470327	0.500000
8.712805	2.951341	1.373218	0.500000
10.666869	10.310448	1.472398	0.500000
7.206843	11.464148	0.791729	0.500000
9.515493	9.219784	1.481205	0.500000
