200

8.177013	10.271446	1.492220	0.500000
2.766849	6.942941	1.437914	0.500000
11.531775	2.271319	1.457807	0.500000
0.745505	6.311147	1.486421	0.500000
2.998857	3.094436	1.495961	0.500000
6.818572	3.856016	0.531226	0.500000
10.027884	3.751312	1.478278	0.500000
11.771426	2.903708	0.578764	0.500000
7.381758	1.299861	0.523071	0.500000
5.908627	2.932916	0.554758	0.500000
11.893329	1.907620	0.571593	0.500000
1.034478	0.786112	1.341652	0.500000
6.719243	9.860019	1.466461	0.500000
8.865588	4.008666	1.383925	0.500000
3.185876	6.658453	0.505990	0.500000
3.233916	10.309622	0.525241	0.500000
6.629272	3.344626	1.396923	0.500000
4.384147	9.958649	0.651300	0.500000
11.756979	5.456172	1.485483	0.500000
3.424308	4.100898	1.365919	0.500000
2.045581	11.492113	1.489403	0.500000
2.857556	4.170105	0.513401	0.500000
8.423646	7.492686	0.586721	0.500000
0.495976	11.490456	0.546522	0.500000
10.628222	9.145164	1.387959	0.500000
9.830129	10.830305	0.682526	0.500000
7.142706	11.432464	0.501764	0.500000
4.110297	1.916908	1.309958	0.500000
1.017865	5.667750	0.529003	0.500000
1.433599	2.128144	0.612624	0.500000
0.798661	8.186061	1.326252	0.500000
5.139941	5.236668	0.614022	0.500000
3.051852	1.859569	1.140690	0.500000
8.650270	9.047565	1.432516	0.500000
5.669095	2.396207	1.470104	0.500000
9.582617	7.868367	0.561326	0.500000
6.861414	2.045438	1.461971	0.500000
0.505336	3.158910	0.677583	0.500000
6.015888	11.470664	0.615853	0.500000
7.344394	6.829394	0.580904	0.500000
2.923499	5.280310	1.239792	0.500000
11.981950	11.223595	1.386356	0.500000
10.183487	1.649118	0.521303	0.500000
0.658287	3.878956	1.496597	0.500000
1.092005	11.978589	1.328984	0.500000
0.336237	9.120037	1.335380	0.500000
5.939094	1.348504	0.506041	0.500000
6.816208	8.864632	1.488508	0.500000
7.700341	5.135810	0.511282	0.500000
10.728045	4.806571	1.253801	0.500000
10.285144	7.190181	1.486078	0.500000
2.250478	10.544941	0.659672	0.500000
0.117292	10.264174	0.669205	0.500000
5.326937	6.240227	0.566205	0.500000
12.152488	7.549819	1.490056	0.500000
9.704418	9.259834	0.603571	0.500000
4.079635	3.002611	1.329973	0.500000
1.870336	4.451107	0.518194	0.500000
10.930810	1.386805	1.380362	0.500000
0.665661	1.369128	0.525011	0.500000
10.426606	6.051520	1.497547	0.500000
2.428892	9.056437	0.614747	0.500000
9.468320	2.353253	0.593097	0.500000
3.820454	3.596752	0.549123	0.500000
9.714437	4.783583	1.470557	0.500000
12.039247	3.902857	0.683619	0.500000
11.639902	4.448045	1.496293	0.500000
5.773052	0.721413	1.493224	0.500000
10.613805	12.227453	0.596101	0.500000
3.112068	0.310040	0.554741	0.500000
8.377131	2.190813	0.531119	0.500000
6.141015	10.862668	1.460362	0.500000
1.005467	9.068234	0.519174	0.500000
4.605975	0.244597	1.458244	0.500000
10.978323	8.631766	0.570067	0.500000
8.851081	5.007680	0.703081	0.500000
10.803795	11.351049	1.266031	0.500000
4.143463	0.019971	0.594072	0.500000
5.151452	10.314338	1.479920	0.500000
8.059734	8.066347	1.437832	0.500000
11.231480	10.590236	0.557086	0.500000
10.478818	0.492017	1.496989	0.500000
5.062092	1.588470	1.495198	0.500000
5.619578	7.797187	1.326450	0.500000
3.374236	9.499960	1.200901	0.500000
11.118519	3.542700	1.453286	0.500000
10.650825	9.736985	0.536256	0.500000
5.546618	10.129559	0.509226	0.500000
6.413807	6.442569	0.581962	0.500000
5.053275	9.211935	0.541694	0.500000
12.205997	5.686514	0.517933	0.500000
0.035450	8.341897	0.671588	0.500000
10.688450	3.001560	0.542292	0.500000
4.638276	9.283068	1.472707	0.500000
12.013407	1.209177	1.379832	0.500000
4.737391	2.152842	0.566521	0.500000
9.994316	8.368280	1.483089	0.500000
8.718476	5.727272	1.387789	0.500000
7.510172	9.844521	0.640557	0.500000
9.076855	0.169524	1.402216	0.500000
11.570942	11.811438	0.569249	0.500000
8.780894	9.872239	0.665751	0.500000
7.293629	7.855781	0.737497	0.500000
2.256460	3.737647	1.299514	0.500000
10.677758	5.650411	0.515250	0.500000
11.577999	8.713628	1.460736	0.500000
8.669945	3.313254	0.682986	0.500000
6.522964	4.360821	1.459793	0.500000
10.775022	4.067763	0.565090	0.500000
9.094019	10.771756	1.367952	0.500000
0.569355	5.293437	1.398619	0.500000
5.015114	4.513997	1.322818	0.500000
4.230413	4.737471	0.717746	0.500000
8.107713	6.710591	1.283125	0.500000
7.963048	1.817234	1.374946	0.500000
5.798000	9.028877	1.463492	0.500000
1.396942	3.098992	1.493904	0.500000
7.738350	2.930692	1.346209	0.500000
0.232013	0.326405	0.866711	0.500000
11.477183	4.960509	0.508331	0.500000
7.817987	3.914917	0.619421	0.500000
1.762582	0.145871	0.528035	0.500000
4.833553	3.641694	0.500227	0.500000
7.272950	2.500386	0.519479	0.500000
1.199862	10.287942	0.504853	0.500000
9.363643	11.736925	0.509961	0.500000
8.778611	8.548372	0.500589	0.500000
4.697155	11.101762	0.503776	0.500000
7.390569	10.938085	1.495046	0.500000
6.854815	0.881712	1.304695	0.500000
9.190852	1.684665	1.390979	0.500000
6.340507	7.495163	0.571608	0.500000
6.989567	7.246742	1.476127	0.500000
2.061720	2.242328	1.463216	0.500000
9.658666	4.168196	0.503480	0.500000
0.570814	4.653290	0.522919	0.500000
5.816575	5.400210	1.477451	0.500000
8.190070	0.373374	0.556160	0.500000
3.849328	6.620086	1.467164	0.500000
5.940959	6.794601	1.411245	0.500000
2.988958	10.683483	1.476543	0.500000
3.455350	12.193231	1.495652	0.500000
6.604629	5.426107	0.762084	0.500000
5.444977	3.609294	1.475922	0.500000
8.161998	6.036605	0.510268	0.500000
4.213114	8.210437	1.458015	0.500000
5.249468	7.286607	0.544872	0.500000
7.060380	6.069525	1.395747	0.500000
1.903787	1.244299	0.764789	0.500000
4.253527	5.877835	0.543946	0.500000
3.584406	2.505772	0.544125	0.500000
4.808043	5.671983	1.480629	0.500000
3.614423	1.200538	0.588096	0.500000
0.137173	6.808661	0.520204	0.500000
4.048212	8.718299	0.554537	0.500000
9.551647	5.815976	0.612312	0.500000
9.699300	0.854771	0.903317	0.500000
6.455717	12.040561	1.453320	0.500000
7.676503	8.814969	0.581783	0.500000
1.934015	6.245319	1.415380	0.500000
1.086495	10.965276	1.242431	0.500000
1.718524	6.633103	0.518498	0.500000
2.416014	0.523547	1.240827	0.500000
0.772273	2.135965	1.472139	0.500000
7.539352	4.599333	1.492571	0.500000
3.208740	8.507204	1.250098	0.500000
2.742901	7.918374	0.574048	0.500000
2.176445	8.432461	1.427763	0.500000
11.394783	6.380335	0.580969	0.500000
5.732145	4.389960	0.562645	0.500000
5.046598	0.889039	0.649156	0.500000
11.209992	0.871172	0.538226	0.500000
6.016993	8.564061	0.548770	0.500000
10.407657	6.870910	0.504449	0.500000
6.545104	10.513973	0.503282	0.500000
5.264405	12.129239	0.776829	0.500000
2.625622	2.790712	0.593962	0.500000
10.247370	2.577680	1.407427	0.500000
6.281463	0.227525	0.547494	0.500000
10.968406	7.672496	0.883978	0.500000
1.797499	9.516383	1.375470	0.500000
1.559506	5.142122	1.258364	0.500000
9.042465	7.837943	1.413848	0.500000
9.947712	10.007460	1.359520	0.500000
4.012117	10.606529	1.413568	0.500000
1.640273	8.037397	0.558239	0.500000
7.624344	12.143905	1.258337	0.500000
11.651257	9.386775	0.668640	0.500000
11.486170	0.255383	1.498555	0.500000
4.166105	7.496677	0.594176	0.500000
11.874019	6.542313	1.462310	0.500000
2.463983	5.917077	0.599534	0.500000
1.773783	3.354007	0.507815	0.500000
11.551315	10.020767	1.468003	0.500000
2.798761	11.557465	0.727273	0.500000
8.194332	11.368356	0.559715	0.500000
1.700744	7.326949	1.262583	0.500000
9.258677	6.794521	0.696935	0.500000
6.598322	9.396985	0.506696	0.500000
9.223317	3.026655	1.480196	0.500000
