200

1.023836	8.602070	1.354104	0.500000
2.752957	10.682239	0.651981	0.500000
0.326500	7.096023	0.584658	0.500000
8.702688	0.253478	1.487804	0.500000
6.695936	6.898718	0.679372	0.500000
7.392640	11.570468	1.372404	0.500000
1.769947	11.234302	0.501259	0.500000
0.587499	5.510151	1.498762	0.500000
1.574160	5.029362	1.403534	0.500000
5.545089	9.266159	1.428118	0.500000
5.798957	5.524298	0.519912	0.500000
5.672923	7.299709	0.557285	0.500000
6.254856	7.495635	1.499508	0.500000
0.861027	11.700042	0.611068	0.500000
5.531496	0.729251	1.462185	0.500000
7.903205	3.897662	0.625468	0.500000
10.456930	10.936285	1.434041	0.500000
2.061776	2.561526	1.473078	0.500000
9.295770	4.762689	1.471861	0.500000
6.503235	4.096639	1.423222	0.500000
3.743828	7.068274	1.361628	0.500000
2.630554	6.951020	1.437344	0.500000
2.986872	4.057587	0.588636	0.500000
8.566104	11.473612	1.321851	0.500000
10.714540	7.272042	1.396108	0.500000
4.114253	6.480951	0.505295	0.500000
8.757579	8.228641	1.420895	0.500000
3.875616	10.092022	1.442815	0.500000
12.141149	12.012074	0.603252	0.500000
1.266510	7.573840	0.562942	0.500000
3.509428	1.702237	0.677336	0.500000
3.193936	2.341228	1.454666	0.500000
7.298063	2.229368	1.330096	0.500000
6.492652	8.645463	1.452009	0.500000
10.423667	4.780124	0.517144	0.500000
1.270037	5.593619	0.630910	0.500000
2.008199	1.694057	0.783888	0.500000
10.561900	3.008874	1.458118	0.500000
11.051561	8.944590	0.677427	0.500000
9.834851	6.615607	1.499299	0.500000
10.987360	5.855978	0.567010	0.500000
7.499080	8.109158	0.767707	0.500000
11.306708	10.367219	0.510886	0.500000
3.411389	4.408222	1.488301	0.500000
12.033335	3.826745	0.632025	0.500000
1.236298	4.409314	0.586557	0.500000
4.836664	7.169122	1.484185	0.500000
1.642268	0.173637	0.568904	0.500000
4.384006	5.147528	1.488578	0.500000
3.125059	9.146889	0.721790	0.500000
1.051877	2.443976	1.294020	0.500000
2.790654	2.392332	0.508686	0.500000
12.223255	6.824871	1.498704	0.500000
8.090307	1.523587	1.483748	0.500000
1.673134	9.678721	1.489617	0.500000
10.665178	3.674073	0.554923	0.500000
6.164746	0.259177	0.591690	0.500000
0.123672	2.334177	0.676644	0.500000
7.018793	4.404599	0.597373	0.500000
4.094801	11.135927	1.469337	0.500000
9.164840	0.564621	0.602760	0.500000
2.777254	8.135576	1.399008	0.500000
9.621572	11.637786	1.223092	0.500000
8.817417	3.242732	1.220377	0.500000
8.743021	6.833862	1.498841	0.500000
4.711097	0.100418	0.606602	0.500000
9.203436	5.813647	1.471694	0.500000
4.236160	3.414687	1.479814	0.500000
9.679557	2.499414	1.423403	0.500000
2.988073	3.407720	1.449624	0.500000
5.811940	4.105840	0.612005	0.500000
7.298771	7.195037	1.452031	0.500000
1.240202	9.255041	0.523109	0.500000
10.761930	9.744149	1.242164	0.500000
0.353109	4.914747	0.620356	0.500000
11.565542	6.714727	0.659493	0.500000
2.739644	11.927411	0.584562	0.500000
2.101107	0.673490	1.409271	0.500000
0.988332	6.981859	1.364814	0.500000
9.400012	10.440575	1.497894	0.500000
12.003506	1.539217	1.408429	0.500000
6.033137	12.012292	1.490465	0.500000
7.542067	4.231090	1.496576	0.500000
8.337610	9.036847	0.849046	0.500000
1.835742	11.741907	1.405259	0.500000
6.993444	6.093856	1.428768	0.500000
8.170738	6.046319	1.156930	0.500000
5.698336	4.818554	1.326275	0.500000
4.869116	10.442189	1.456541	0.500000
1.891273	7.655544	1.417722	0.500000
2.777304	9.997022	1.476550	0.500000
0.940381	10.395707	0.575064	0.500000
0.628767	1.167297	0.754693	0.500000
0.372028	8.313145	0.528409	0.500000
3.971798	2.685803	0.540865	0.500000
7.902486	2.493907	0.509984	0.500000
10.077874	0.612667	1.454769	0.500000
6.704518	9.951659	1.395229	0.500000
9.553778	9.801347	0.739642	0.500000
6.441014	10.683948	0.588083	0.500000
11.825829	11.574758	1.454098	0.500000
6.336155	9.293453	0.542691	0.500000
2.473749	5.895311	1.426932	0.500000
8.213283	4.813856	0.999847	0.500000
10.348064	6.652777	0.615364	0.500000
11.504043	4.839422	0.533203	0.500000
1.950542	6.555314	0.787587	0.500000
8.123495	7.106705	0.632454	0.500000
10.724085	4.820482	1.481535	0.500000
5.791742	2.859070	0.566997	0.500000
10.668906	12.013376	1.414353	0.500000
2.103621	8.712154	0.903754	0.500000
6.634353	3.047359	1.465566	0.500000
3.050151	1.242179	1.469699	0.500000
4.709200	4.912126	0.551408	0.500000
4.871588	8.745521	0.666326	0.500000
2.241026	5.266730	0.650386	0.500000
6.929568	2.839865	0.518524	0.500000
8.114855	12.195132	0.518859	0.500000
9.659007	7.705380	1.470387	0.500000
7.377302	9.201659	1.270348	0.500000
2.799747	11.337494	1.454583	0.500000
6.522087	7.980408	0.526309	0.500000
4.930035	3.443820	0.536084	0.500000
9.882298	10.942137	0.526195	0.500000
7.464357	10.985932	0.517504	0.500000
9.862132	3.898077	1.320971	0.500000
7.381010	9.902875	0.537814	0.500000
10.489762	7.850012	0.565018	0.500000
0.627402	4.199991	1.402391	0.500000
4.900354	4.171133	1.245587	0.500000
5.668424	11.458407	0.736296	0.500000
9.267158	4.155978	0.519945	0.500000
4.943321	11.854452	1.480905	0.500000
10.369149	2.365826	0.568427	0.500000
11.922035	4.603106	1.475182	0.500000
3.590767	5.247814	0.561619	0.500000
5.857488	10.644703	1.454170	0.500000
10.813591	1.904035	1.474531	0.500000
0.295132	3.137846	1.436974	0.500000
7.623419	10.363864	1.467856	0.500000
7.723231	3.175142	1.348365	0.500000
11.306113	0.787009	1.443972	0.500000
11.337630	2.030530	0.573358	0.500000
4.069417	9.527267	0.559510	0.500000
1.877443	10.739737	1.496695	0.500000
5.289316	6.397958	0.794712	0.500000
10.666662	0.333434	0.565985	0.500000
3.822295	8.270632	0.921372	0.500000
9.408558	5.332983	0.528073	0.500000
5.958994	1.789752	1.447907	0.500000
5.335224	3.244493	1.494479	0.500000
11.835210	10.494212	1.384527	0.500000
9.620962	3.152744	0.543479	0.500000
2.293992	4.205378	1.309401	0.500000
3.467347	5.673914	1.499165	0.500000
7.461253	1.408648	0.608731	0.500000
4.849348	2.355985	1.375364	0.500000
3.040728	6.393534	0.622662	0.500000
10.737528	8.270403	1.466694	0.500000
12.129562	9.765762	0.676229	0.500000
0.223571	6.001201	0.692716	0.500000
5.508457	9.913659	0.611158	0.500000
3.571390	0.102772	1.475865	0.500000
5.668457	1.234250	0.529994	0.500000
3.096461	7.411850	0.528850	0.500000
2.973352	0.707643	0.559847	0.500000
4.544172	6.176227	1.434815	0.500000
10.059355	1.241095	0.613504	0.500000
11.540461	5.786017	1.478068	0.500000
7.676920	0.313924	1.481871	0.500000
3.630939	11.187540	0.546345	0.500000
11.589878	8.062754	0.544125	0.500000
9.103483	7.584293	0.570122	0.500000
9.115959	6.509652	0.552123	0.500000
6.978664	1.177193	1.473258	0.500000
5.304217	8.254882	1.481389	0.500000
11.485079	3.652021	1.473490	0.500000
8.565259	9.889041	1.388546	0.500000
0.738768	3.435340	0.549850	0.500000
4.641408	10.671411	0.506130	0.500000
6.548964	1.887456	0.550472	0.500000
9.331018	1.380460	1.460831	0.500000
4.014725	4.086007	0.755905	0.500000
11.863652	8.813111	1.382216	0.500000
0.258909	7.872389	1.420275	0.500000
7.483518	5.538412	0.631437	0.500000
0.893536	0.289628	1.415381	0.500000
10.895462	11.341165	0.573761	0.500000
6.740087	5.123290	1.443878	0.500000
1.500507	3.614316	1.455939	0.500000
4.564489	7.705971	0.501232	0.500000
1.987657	3.312045	0.538326	0.500000
0.573305	9.996534	1.461182	0.500000
4.457670	1.071384	1.308275	0.500000
2.176055	9.807848	0.552141	0.500000
8.904622	1.771695	0.546320	0.500000
9.503335	8.495750	0.700722	0.500000
8.430964	10.655349	0.695242	0.500000
4.223313	9.107625	1.480627	0.500000
