100

2.993856	1.257509	0.602661	0.500000
3.681693	9.011164	0.531941	0.500000
0.062455	5.970731	0.522568	0.500000
5.441924	4.968264	0.530790	0.500000
0.057569	10.479830	0.555374	0.500000
5.940678	10.675735	0.532638	0.500000
7.859347	10.168899	0.695507	0.500000
3.399382	11.303420	0.650332	0.500000
5.122848	11.477208	0.547057	0.500000
12.046574	7.129634	0.630095	0.500000
1.952486	1.642102	0.687832	0.500000
5.606225	0.349022	0.568529	0.500000
7.663436	2.355123	0.562845	0.500000
7.826513	9.174698	0.583642	0.500000
4.086582	9.933164	0.505795	0.500000
11.315997	1.621086	0.590525	0.500000
2.876561	6.120681	0.516886	0.500000
1.066682	10.648197	0.567538	0.500000
9.905386	9.557153	0.647607	0.500000
2.397753	0.044213	0.657707	0.500000
4.754778	8.775544	0.606811	0.500000
8.269889	11.185482	0.640715	0.500000
3.103152	10.173045	0.637901	0.500000
9.090177	5.326471	0.690121	0.500000
6.506761	3.288138	0.618757	0.500000
1.487750	3.085130	0.600918	0.500000
4.529601	7.441255	0.530124	0.500000
9.755374	1.362723	0.659817	0.500000
3.473321	3.226703	0.503604	0.500000
2.717741	9.238286	0.692037	0.500000
2.154535	7.286707	0.690076	0.500000
6.600001	5.421553	0.529205	0.500000
10.154235	5.467277	0.537600	0.500000
5.785410	1.465240	0.613033	0.500000
11.989043	0.258700	0.653007	0.500000
6.951062	11.004978	0.503363	0.500000
0.705017	11.616731	0.541288	0.500000
8.982332	2.367667	0.534293	0.500000
0.854168	4.935209	0.568172	0.500000
7.379324	1.288237	0.542425	0.500000
6.787934	6.608116	0.504027	0.500000
2.270876	11.054327	0.554405	0.500000
8.720669	6.854449	0.542239	0.500000
1.319524	0.589258	0.604766	0.500000
6.707335	9.908370	0.540624	0.500000
0.353415	1.284900	0.586883	0.500000
10.870449	3.203366	0.514788	0.500000
7.749973	0.122779	0.615754	0.500000
8.931218	12.014079	0.516357	0.500000
6.312541	4.361731	0.660872	0.500000
8.851974	9.838193	0.519578	0.500000
0.816906	2.254713	0.572420	0.500000
6.700484	0.087878	0.599946	0.500000
11.227097	5.231280	0.629048	0.500000
6.028577	8.662557	0.637925	0.500000
3.895084	1.898767	0.580605	0.500000
2.942867	4.147754	0.607528	0.500000
5.503678	9.677857	0.640989	0.500000
7.946588	4.588399	0.609699	0.500000
11.086337	7.519071	0.661071	0.500000
10.507827	10.745595	0.595525	0.500000
6.694130	2.109149	0.622177	0.500000
4.629227	6.360212	0.592341	0.500000
3.340724	5.092994	0.518903	0.500000
1.276149	8.132761	0.528353	0.500000
2.713926	8.124126	0.698474	0.500000
4.452968	5.086160	0.666789	0.500000
1.885552	4.179132	0.540422	0.500000
6.817623	7.995424	0.642335	0.500000
10.064895	4.371151	0.516287	0.500000
10.963638	9.843189	0.552463	0.500000
9.021701	4.158337	0.554246	0.500000
11.006224	0.579869	0.593317	0.500000
4.719976	3.897174	0.668240	0.500000
2.874629	2.400727	0.624197	0.500000
1.043461	7.162992	0.625880	0.500000
2.226798	5.220092	0.555156	0.500000
9.637614	6.339515	0.527713	0.500000
9.783254	3.216359	0.689850	0.500000
11.928595	2.844257	0.598410	0.500000
9.450918	10.816468	0.618017	0.500000
3.439529	7.304963	0.685317	0.500000
11.912630	9.374916	0.687969	0.500000
11.361929	11.416556	0.549408	0.500000
4.467705	1.046693	0.592229	0.500000
8.445362	1.157479	0.679243	0.500000
5.707060	7.581704	0.642459	0.500000
5.688331	6.329474	0.601699	0.500000
0.013737	8.228960	0.691201	0.500000
10.216068	2.308022	0.511927	0.500000
8.952440	8.695352	0.663336	0.500000
10.927290	6.189057	0.622140	0.500000
4.918882	2.177039	0.647357	0.500000
1.663484	6.208325	0.661339	0.500000
4.216753	12.043949	0.686777	0.500000
9.817532	8.013749	0.579003	0.500000
10.147880	11.727808	0.658098	0.500000
0.550483	3.626357	0.686586	0.500000
7.866652	7.700111	0.542272	0.500000
0.919137	9.115649	0.628145	0.500000
