100

3.068182	0.988712	0.647719	0.500000
4.885486	11.856679	0.688787	0.500000
0.369494	9.198848	0.661494	0.500000
6.197250	4.243352	0.689205	0.500000
1.341786	8.397617	0.527973	0.500000
5.788967	0.244244	0.691799	0.500000
4.928038	9.268340	0.678801	0.500000
4.571013	10.879017	0.556966	0.500000
4.116233	1.500509	0.682702	0.500000
12.034265	4.835444	0.538011	0.500000
2.308387	2.067431	0.522293	0.500000
7.836945	3.049297	0.669913	0.500000
7.890968	6.233667	0.635860	0.500000
9.240965	10.338767	0.658873	0.500000
6.540717	1.285194	0.528867	0.500000
11.907601	3.113917	0.603139	0.500000
3.083734	6.107158	0.656175	0.500000
1.335020	0.625474	0.617439	0.500000
11.544009	7.893571	0.692255	0.500000
2.692880	11.531578	0.686722	0.500000
6.320510	9.011978	0.543831	0.500000
7.205134	2.071593	0.632942	0.500000
3.975750	8.940510	0.576547	0.500000
5.133279	8.219055	0.562415	0.500000
8.057261	5.008394	0.565094	0.500000
10.814326	4.267226	0.658354	0.500000
4.578533	6.841850	0.528786	0.500000
11.179254	1.473313	0.694080	0.500000
3.505405	0.071881	0.691948	0.500000
4.140810	9.961520	0.651805	0.500000
2.621936	7.505281	0.589739	0.500000
5.590545	6.332824	0.572870	0.500000
7.769407	7.322082	0.516347	0.500000
3.773374	4.094230	0.650842	0.500000
2.750806	3.184843	0.610396	0.500000
7.262931	9.358631	0.696692	0.500000
11.706989	10.307810	0.620392	0.500000
8.915872	0.774080	0.503038	0.500000
8.776897	2.741040	0.513010	0.500000
5.947307	2.192408	0.544484	0.500000
7.009069	5.226932	0.526359	0.500000
3.036971	10.571523	0.617589	0.500000
5.595334	5.264007	0.672096	0.500000
1.704325	10.845582	0.654556	0.500000
7.090813	0.035614	0.533882	0.500000
10.101718	3.381568	0.531730	0.500000
9.840087	2.328076	0.594477	0.500000
8.251173	11.605364	0.586296	0.500000
0.669219	10.638041	0.568932	0.500000
6.823111	3.207231	0.633682	0.500000
9.778068	11.544404	0.562877	0.500000
11.014934	5.806635	0.592525	0.500000
7.371035	11.128445	0.510179	0.500000
10.567755	8.313827	0.566408	0.500000
7.468865	8.334249	0.516415	0.500000
3.741377	2.782638	0.613266	0.500000
2.195346	5.299990	0.555265	0.500000
8.212931	10.430937	0.611061	0.500000
9.106505	5.881559	0.621828	0.500000
11.962577	6.255634	0.584487	0.500000
0.770880	11.818693	0.644396	0.500000
7.489467	0.954780	0.644189	0.500000
0.873382	5.927294	0.577141	0.500000
4.539380	3.432181	0.641450	0.500000
1.393393	9.487238	0.589218	0.500000
3.904248	7.663800	0.516531	0.500000
5.074380	4.272710	0.524150	0.500000
1.654315	6.901728	0.528049	0.500000
9.301117	8.710470	0.679703	0.500000
8.217977	3.990252	0.689945	0.500000
11.397595	9.302920	0.622277	0.500000
8.328617	1.754053	0.630857	0.500000
10.973145	2.593326	0.563870	0.500000
5.747289	3.173199	0.655247	0.500000
0.829410	2.280976	0.509791	0.500000
8.495304	8.028463	0.694173	0.500000
0.957089	4.498634	0.517674	0.500000
6.956856	6.699756	0.597181	0.500000
9.949097	0.644028	0.663726	0.500000
2.007383	4.167499	0.617119	0.500000
10.375265	10.724761	0.570171	0.500000
1.116184	3.283227	0.593591	0.500000
0.510722	7.338441	0.631603	0.500000
0.160292	1.451164	0.662987	0.500000
5.056955	0.969596	0.602085	0.500000
4.865638	2.209842	0.648533	0.500000
4.661020	5.778542	0.654270	0.500000
6.135431	7.706991	0.658134	0.500000
10.883830	6.950676	0.571136	0.500000
11.643600	11.348444	0.657441	0.500000
10.153835	9.292718	0.516289	0.500000
9.238840	4.499984	0.620608	0.500000
6.682254	10.396225	0.694683	0.500000
2.461773	9.546460	0.627786	0.500000
5.558456	10.121550	0.615093	0.500000
8.395991	9.361964	0.516157	0.500000
11.179663	0.464771	0.636764	0.500000
9.820016	6.887582	0.507555	0.500000
8.806109	6.889486	0.526575	0.500000
3.557845	5.097560	0.516808	0.500000
