100

2.221244	1.050304	0.633739	0.500000
4.618912	1.366231	0.507380	0.500000
0.494506	5.213717	0.642083	0.500000
5.022209	6.092021	0.664196	0.500000
1.598137	6.713399	0.576881	0.500000
6.883427	3.928044	0.690390	0.500000
6.639487	7.267665	0.625444	0.500000
8.315076	11.002294	0.564822	0.500000
1.703174	3.086525	0.539232	0.500000
3.790300	6.494359	0.587836	0.500000
3.890116	11.579646	0.656419	0.500000
10.232055	2.288425	0.509127	0.500000
5.523002	4.383745	0.504552	0.500000
2.597033	6.176118	0.503944	0.500000
3.469195	9.739295	0.509393	0.500000
6.654285	10.488220	0.515567	0.500000
10.830559	1.383000	0.504303	0.500000
10.074674	10.352043	0.574621	0.500000
2.367912	8.286188	0.687090	0.500000
8.820664	11.946998	0.525010	0.500000
3.575646	0.851574	0.578486	0.500000
1.652463	10.517804	0.512816	0.500000
4.510425	9.145481	0.648471	0.500000
7.266667	6.443427	0.536576	0.500000
0.898687	9.632548	0.501780	0.500000
0.405738	2.271680	0.544010	0.500000
4.490626	4.878639	0.604545	0.500000
2.260183	9.522328	0.537956	0.500000
4.948905	2.374409	0.528129	0.500000
11.930032	3.936641	0.648822	0.500000
1.541628	5.220809	0.579072	0.500000
7.114615	5.428457	0.531293	0.500000
11.251856	10.096723	0.631264	0.500000
4.612546	0.219693	0.687716	0.500000
0.188394	12.011949	0.560637	0.500000
11.319309	6.950174	0.620053	0.500000
3.096085	4.006578	0.633298	0.500000
6.712218	11.611414	0.578049	0.500000
8.537264	9.224625	0.650757	0.500000
4.154864	3.858658	0.565066	0.500000
6.046537	5.897132	0.509685	0.500000
10.080522	6.182558	0.616552	0.500000
9.028835	10.277702	0.693116	0.500000
0.782117	11.013901	0.544710	0.500000
7.069252	9.187153	0.594749	0.500000
10.114938	0.439674	0.607007	0.500000
10.820274	11.165014	0.642825	0.500000
11.301830	8.022661	0.641598	0.500000
9.468742	1.639235	0.614198	0.500000
7.462709	2.493164	0.629928	0.500000
9.793456	4.399471	0.621719	0.500000
2.010343	4.326600	0.666708	0.500000
8.220259	3.179791	0.577975	0.500000
11.801630	10.966621	0.528403	0.500000
7.594304	0.106658	0.633310	0.500000
0.965344	0.814682	0.519827	0.500000
3.102022	5.194906	0.627800	0.500000
8.194286	5.780443	0.634219	0.500000
6.189270	3.131957	0.527571	0.500000
8.759787	0.880160	0.691696	0.500000
7.793295	8.131601	0.645408	0.500000
5.594671	8.944653	0.651457	0.500000
3.164254	7.290785	0.551462	0.500000
3.352574	2.897132	0.614564	0.500000
4.289872	10.342448	0.663250	0.500000
6.689824	1.842390	0.609269	0.500000
10.842470	5.293078	0.524557	0.500000
2.541983	11.858161	0.619897	0.500000
0.336677	8.012926	0.617395	0.500000
11.815812	1.219925	0.684523	0.500000
9.694889	11.317130	0.568368	0.500000
9.339583	5.417484	0.509604	0.500000
11.217991	0.147371	0.529368	0.500000
0.073270	9.032609	0.544563	0.500000
3.726671	8.307903	0.541282	0.500000
8.794274	4.160095	0.667654	0.500000
6.384472	8.246350	0.666273	0.500000
5.065492	3.361972	0.668908	0.500000
3.258861	1.864926	0.606902	0.500000
10.202414	3.420299	0.541213	0.500000
10.899493	9.088090	0.680976	0.500000
5.573014	11.286322	0.527701	0.500000
8.826134	7.961523	0.676625	0.500000
2.767207	10.781502	0.594847	0.500000
8.437304	2.162040	0.634857	0.500000
9.227991	2.863369	0.641642	0.500000
5.027358	7.606815	0.648329	0.500000
2.196654	2.118237	0.528128	0.500000
9.377921	7.030457	0.681331	0.500000
10.827670	4.244776	0.618244	0.500000
1.340739	7.797753	0.582816	0.500000
1.494245	11.894140	0.531467	0.500000
11.288424	3.148662	0.531737	0.500000
5.988867	0.348756	0.547688	0.500000
0.471969	6.951847	0.583208	0.500000
5.434119	10.257497	0.558046	0.500000
9.557278	8.756630	0.521000	0.500000
11.776270	5.933195	0.608572	0.500000
7.746276	4.483388	0.678775	0.500000
0.894005	3.893268	0.550614	0.500000
