100

3.159506	0.393820	0.510890	0.500000
3.923089	11.183932	0.546324	0.500000
0.692050	9.706005	0.639902	0.500000
7.890665	3.595290	0.574150	0.500000
1.969253	10.109354	0.663549	0.500000
5.586761	9.984538	0.602217	0.500000
6.651194	8.998678	0.688844	0.500000
4.604744	10.312109	0.608613	0.500000
2.439019	3.473647	0.504360	0.500000
0.615070	5.838402	0.644113	0.500000
0.500466	0.509213	0.578432	0.500000
7.328319	4.961541	0.688444	0.500000
9.882023	4.898306	0.698860	0.500000
9.621080	11.303429	0.660976	0.500000
5.859339	0.420978	0.561714	0.500000
11.421098	3.020392	0.610118	0.500000
2.229545	7.752947	0.624072	0.500000
2.142976	0.237059	0.671113	0.500000
10.523708	5.900443	0.578704	0.500000
2.482599	2.419307	0.649747	0.500000
7.321151	8.105265	0.520468	0.500000
5.094997	2.580720	0.598954	0.500000
6.196301	8.008562	0.663352	0.500000
5.036572	7.813509	0.565316	0.500000
7.994896	2.416501	0.657791	0.500000
10.972623	4.356481	0.555210	0.500000
3.014908	6.787671	0.593624	0.500000
9.139338	1.292109	0.594690	0.500000
2.932251	11.410452	0.609923	0.500000
5.243461	9.018610	0.600524	0.500000
3.052991	8.905540	0.526664	0.500000
5.590845	6.198271	0.545752	0.500000
7.786725	6.529241	0.671355	0.500000
3.862833	6.251888	0.604767	0.500000
2.310015	1.241528	0.698119	0.500000
9.147967	0.136384	0.693642	0.500000
11.265285	9.147349	0.600215	0.500000
6.236886	2.162268	0.619930	0.500000
9.272265	2.715514	0.563192	0.500000
4.345057	1.759563	0.581832	0.500000
6.694207	5.929425	0.552160	0.500000
3.360858	10.007063	0.502535	0.500000
6.008298	3.573914	0.597188	0.500000
0.366775	10.651121	0.673769	0.500000
4.245055	0.144687	0.616799	0.500000
9.639980	3.876704	0.614879	0.500000
7.768418	0.045896	0.660238	0.500000
7.295099	11.077387	0.672613	0.500000
10.116115	9.937929	0.687580	0.500000
6.953071	3.032985	0.657757	0.500000
10.237229	1.652582	0.526428	0.500000
11.943442	5.008528	0.534863	0.500000
6.457941	11.625126	0.697540	0.500000
11.178474	7.947114	0.661762	0.500000
8.730166	7.918888	0.577903	0.500000
3.651955	2.532610	0.556184	0.500000
2.996240	5.642690	0.560659	0.500000
8.445155	11.055122	0.681440	0.500000
8.721258	6.900063	0.622760	0.500000
10.693807	6.911914	0.638886	0.500000
1.125917	11.445038	0.654003	0.500000
7.064061	1.572336	0.510300	0.500000
1.751321	6.872944	0.549155	0.500000
3.453535	3.654962	0.552828	0.500000
11.328356	10.396431	0.665285	0.500000
4.053923	7.511753	0.656336	0.500000
5.056280	4.490993	0.519093	0.500000
1.196695	8.800318	0.637459	0.500000
9.540671	9.010214	0.596342	0.500000
8.399989	5.615330	0.505796	0.500000
12.011719	7.087038	0.622831	0.500000
8.025437	1.300819	0.559883	0.500000
0.864626	3.578789	0.637384	0.500000
4.724604	3.533501	0.541377	0.500000
0.818227	4.576591	0.557716	0.500000
8.526582	9.440977	0.580647	0.500000
1.937009	4.766914	0.530388	0.500000
5.901535	5.031460	0.569449	0.500000
10.430619	0.520353	0.506061	0.500000
3.789696	4.722199	0.629233	0.500000
11.825027	11.665525	0.600371	0.500000
1.367058	2.656918	0.624827	0.500000
0.694145	7.841464	0.686117	0.500000
11.324761	1.895818	0.556523	0.500000
5.423914	1.433419	0.609594	0.500000
3.340337	1.559209	0.650936	0.500000
4.747040	5.520316	0.527664	0.500000
6.802786	6.952108	0.670561	0.500000
11.518300	6.170289	0.551649	0.500000
0.315179	1.743011	0.614336	0.500000
10.665716	11.543671	0.641103	0.500000
8.704818	4.239360	0.578405	0.500000
5.531660	11.020979	0.636140	0.500000
4.053865	9.000141	0.539091	0.500000
6.590781	10.361439	0.569448	0.500000
7.479791	9.597586	0.503991	0.500000
11.476493	0.713165	0.634610	0.500000
9.988306	7.962594	0.545854	0.500000
9.508659	6.285820	0.699611	0.500000
1.912314	5.835812	0.675935	0.500000
