100

0.373868	1.593949	0.606563	0.500000
2.783898	1.140282	0.655931	0.500000
6.752945	1.327043	0.689872	0.500000
2.345252	5.406111	0.507688	0.500000
1.910940	4.282550	0.650259	0.500000
10.372781	11.502735	0.584578	0.500000
9.015894	11.928126	0.638985	0.500000
9.683039	6.584761	0.573725	0.500000
2.241683	9.934641	0.594939	0.500000
4.977136	6.443599	0.510367	0.500000
0.403714	10.931671	0.645252	0.500000
9.142433	9.719572	0.543127	0.500000
8.204305	6.268603	0.553262	0.500000
5.905095	0.141100	0.621744	0.500000
10.048145	7.516215	0.513671	0.500000
9.150055	3.522906	0.697730	0.500000
0.235729	8.262200	0.655854	0.500000
4.151732	0.791142	0.600483	0.500000
2.501843	8.814352	0.551780	0.500000
10.613536	3.801083	0.608541	0.500000
3.542255	10.364780	0.648050	0.500000
1.334208	9.022806	0.650431	0.500000
6.977373	4.107314	0.544713	0.500000
7.825507	1.790651	0.534020	0.500000
6.864101	2.482533	0.602898	0.500000
1.885507	3.183892	0.584718	0.500000
12.031816	4.964221	0.577660	0.500000
11.396348	1.614066	0.686312	0.500000
2.119658	7.631999	0.543510	0.500000
2.693467	6.606385	0.539074	0.500000
3.204833	7.993735	0.663868	0.500000
9.920280	9.077375	0.589212	0.500000
2.770284	11.338653	0.602862	0.500000
1.889709	2.168651	0.502325	0.500000
6.686592	10.872660	0.556687	0.500000
1.396614	10.635296	0.593168	0.500000
3.379727	1.982536	0.561650	0.500000
9.210823	1.473940	0.575688	0.500000
10.166716	0.530332	0.635129	0.500000
4.938003	11.614295	0.519353	0.500000
7.382092	5.222379	0.619799	0.500000
8.836658	8.610479	0.601705	0.500000
11.104362	7.275115	0.521337	0.500000
5.808995	10.176970	0.530994	0.500000
1.347982	0.964235	0.663347	0.500000
6.147885	8.473057	0.631416	0.500000
7.746610	10.080332	0.623632	0.500000
0.805953	4.227959	0.638908	0.500000
3.303109	3.721800	0.590790	0.500000
4.872653	4.317562	0.674846	0.500000
6.082099	4.736654	0.687507	0.500000
6.459552	7.187195	0.658378	0.500000
12.053128	6.027444	0.592418	0.500000
4.575275	5.441660	0.640059	0.500000
3.326488	0.205091	0.669740	0.500000
0.952353	2.492405	0.698188	0.500000
5.748401	1.736303	0.547464	0.500000
3.786078	9.297461	0.512415	0.500000
4.417859	8.461298	0.666716	0.500000
4.719399	10.565641	0.606004	0.500000
10.367360	10.077673	0.678242	0.500000
8.729544	7.500513	0.602460	0.500000
3.894959	11.434685	0.686275	0.500000
4.105528	2.686042	0.679971	0.500000
6.960372	6.209752	0.543989	0.500000
11.691454	9.224826	0.687467	0.500000
9.632101	10.767628	0.668534	0.500000
1.031571	11.956660	0.619607	0.500000
10.222060	1.747201	0.600898	0.500000
4.284152	7.405605	0.580824	0.500000
5.427666	7.469915	0.593955	0.500000
0.659431	9.935471	0.558404	0.500000
11.501556	0.424205	0.605049	0.500000
10.144521	2.808547	0.696142	0.500000
7.332901	0.454439	0.593204	0.500000
1.529689	6.559691	0.557621	0.500000
10.774270	4.824979	0.517631	0.500000
7.859134	9.084847	0.591235	0.500000
3.891428	6.302064	0.594749	0.500000
0.261706	7.068975	0.550609	0.500000
5.114324	9.418490	0.679643	0.500000
0.028847	3.061633	0.626189	0.500000
3.303671	4.778453	0.540496	0.500000
1.061298	5.239518	0.544965	0.500000
2.237346	0.277508	0.629286	0.500000
7.986468	4.179978	0.588819	0.500000
8.349290	2.912459	0.592568	0.500000
9.916706	5.524972	0.553749	0.500000
9.594388	4.531797	0.507226	0.500000
10.847051	8.427525	0.693581	0.500000
8.436503	0.711031	0.570337	0.500000
1.095867	7.632457	0.699356	0.500000
11.476507	10.293189	0.521415	0.500000
5.645313	5.642234	0.641364	0.500000
5.911103	3.706953	0.602487	0.500000
7.974436	11.628115	0.592924	0.500000
11.473075	11.295826	0.587969	0.500000
8.688729	5.095607	0.541231	0.500000
6.839893	9.380988	0.538047	0.500000
5.146268	3.029666	0.558537	0.500000
