100

0.599800	3.933218	0.534154	0.500000
5.334558	10.409664	0.513959	0.500000
3.085298	1.212932	0.642354	0.500000
5.785817	2.950755	0.562937	0.500000
2.841690	7.799787	0.647654	0.500000
2.010806	8.622406	0.665695	0.500000
5.950214	8.635142	0.687514	0.500000
10.747693	0.395674	0.518533	0.500000
2.834241	4.036534	0.546047	0.500000
6.852050	8.229074	0.516122	0.500000
0.507094	9.259926	0.617629	0.500000
7.810143	3.781793	0.511280	0.500000
3.078034	5.183137	0.673715	0.500000
7.341604	1.713585	0.559484	0.500000
11.433833	8.377563	0.667957	0.500000
6.434318	5.659575	0.650761	0.500000
0.302870	7.522879	0.560895	0.500000
4.943963	4.625800	0.548691	0.500000
1.057519	10.261200	0.608815	0.500000
11.553907	2.262883	0.637833	0.500000
7.195902	6.369154	0.578488	0.500000
8.283262	5.685998	0.670232	0.500000
7.266510	9.205334	0.518766	0.500000
3.631583	8.755701	0.698814	0.500000
9.245042	10.964580	0.602124	0.500000
4.534607	3.641054	0.615844	0.500000
5.228667	6.724176	0.501173	0.500000
0.707375	0.175477	0.580131	0.500000
9.552805	2.477646	0.614284	0.500000
10.409652	7.892586	0.624117	0.500000
1.856467	1.388989	0.544510	0.500000
8.426079	9.089620	0.546650	0.500000
7.315757	5.103554	0.638853	0.500000
5.254849	7.891917	0.510893	0.500000
7.608901	11.488362	0.553812	0.500000
3.597831	0.062102	0.521872	0.500000
9.850035	3.720308	0.650260	0.500000
4.639090	2.583794	0.628105	0.500000
8.485462	4.535835	0.574576	0.500000
4.006560	7.809948	0.539287	0.500000
11.430211	6.865973	0.641610	0.500000
3.611680	2.170027	0.545551	0.500000
8.524430	6.780902	0.655020	0.500000
3.283206	9.948536	0.539821	0.500000
2.160155	9.773078	0.547583	0.500000
6.960141	10.530866	0.554264	0.500000
10.582318	2.703300	0.616086	0.500000
6.773022	0.622114	0.683855	0.500000
0.724098	2.870957	0.594287	0.500000
9.237473	5.311604	0.647257	0.500000
8.664308	3.226624	0.581262	0.500000
6.381271	11.712767	0.569726	0.500000
6.004888	9.638300	0.504198	0.500000
1.280346	7.856268	0.559183	0.500000
1.503329	6.824378	0.688139	0.500000
4.229372	5.377737	0.631569	0.500000
3.549574	3.328729	0.673327	0.500000
8.348739	0.180203	0.600823	0.500000
9.436964	6.308928	0.694227	0.500000
10.478336	6.041995	0.649288	0.500000
6.548332	3.762150	0.670543	0.500000
8.544537	1.636884	0.645162	0.500000
4.211122	6.709779	0.612667	0.500000
2.569966	2.330990	0.570534	0.500000
10.446349	1.690259	0.604703	0.500000
2.801861	11.038537	0.517819	0.500000
6.889728	2.641045	0.686008	0.500000
11.493292	9.533611	0.580746	0.500000
8.003389	10.572110	0.688502	0.500000
2.110166	5.782640	0.521093	0.500000
0.474317	11.168637	0.693674	0.500000
5.666641	0.714355	0.589249	0.500000
9.354969	0.390049	0.535975	0.500000
6.191277	1.759092	0.587359	0.500000
10.701156	4.506244	0.682400	0.500000
10.522264	9.067657	0.549995	0.500000
6.012412	4.701764	0.679334	0.500000
2.658964	6.651398	0.551365	0.500000
11.760593	1.006443	0.534223	0.500000
5.410480	5.705780	0.640249	0.500000
6.333510	7.372645	0.696393	0.500000
1.899353	4.562269	0.653064	0.500000
1.071156	5.674121	0.523412	0.500000
10.346676	10.084998	0.583494	0.500000
4.746542	11.715159	0.647444	0.500000
4.599856	0.937506	0.506525	0.500000
4.193063	10.690385	0.520295	0.500000
9.230620	7.909441	0.529700	0.500000
11.700071	4.224487	0.695637	0.500000
0.012812	5.343603	0.699543	0.500000
9.480274	8.916198	0.558285	0.500000
0.290552	6.346507	0.577237	0.500000
5.011238	9.299490	0.537424	0.500000
1.511841	11.307891	0.532002	0.500000
11.407221	10.805928	0.603117	0.500000
10.151585	11.630512	0.698455	0.500000
2.013412	3.413974	0.650759	0.500000
2.143432	0.384108	0.548472	0.500000
7.875329	8.050454	0.515120	0.500000
0.771826	1.289533	0.660672	0.500000
