100

1.722486	10.111532	0.671374	0.500000
1.745760	9.111005	0.654143	0.500000
11.757000	11.265096	0.507045	0.500000
0.531000	3.271035	0.588651	0.500000
6.779242	3.006767	0.696862	0.500000
6.449648	8.262883	0.670448	0.500000
8.443338	9.239963	0.615701	0.500000
8.646350	6.789141	0.513898	0.500000
0.695538	8.186469	0.551339	0.500000
10.983606	5.696810	0.524401	0.500000
7.565446	10.610447	0.606512	0.500000
6.481801	6.369429	0.623505	0.500000
1.505336	2.993799	0.603159	0.500000
6.602299	11.205251	0.568709	0.500000
11.675861	4.748199	0.626300	0.500000
0.985894	4.452199	0.670703	0.500000
4.633557	5.248848	0.662199	0.500000
6.707547	0.345622	0.612087	0.500000
0.849295	5.438746	0.565063	0.500000
10.284155	9.664289	0.542313	0.500000
1.873978	7.983862	0.509225	0.500000
2.931954	8.409560	0.683263	0.500000
6.366081	4.281800	0.531491	0.500000
11.655712	1.423381	0.611359	0.500000
9.533418	1.456073	0.644889	0.500000
10.475727	4.757301	0.611672	0.500000
9.383665	4.802474	0.636955	0.500000
9.001620	2.412305	0.638903	0.500000
11.461536	10.046530	0.564263	0.500000
11.579041	8.617002	0.500273	0.500000
3.517672	7.551202	0.533231	0.500000
0.297277	6.484437	0.634101	0.500000
6.004520	9.962476	0.552333	0.500000
11.355791	0.466443	0.573353	0.500000
5.393671	11.982734	0.644277	0.500000
1.560282	6.738464	0.549241	0.500000
4.136146	4.226996	0.567816	0.500000
4.112660	1.397395	0.628618	0.500000
0.619796	10.572635	0.694112	0.500000
10.631113	11.423582	0.698354	0.500000
5.192526	4.313093	0.586097	0.500000
7.380138	8.637013	0.552243	0.500000
12.058492	7.438748	0.574495	0.500000
10.870676	7.037537	0.519089	0.500000
4.970471	2.313914	0.535526	0.500000
2.761143	6.826831	0.602747	0.500000
9.787130	10.580206	0.576612	0.500000
2.290908	4.267170	0.621117	0.500000
3.608587	6.237911	0.693026	0.500000
7.770560	0.046278	0.503413	0.500000
6.281203	1.861087	0.681197	0.500000
4.075791	8.526035	0.617397	0.500000
3.540645	5.029827	0.654081	0.500000
2.231147	5.325863	0.697787	0.500000
7.075817	9.659626	0.577798	0.500000
0.890864	1.312994	0.691274	0.500000
7.869612	2.109745	0.571097	0.500000
5.613373	5.715415	0.559196	0.500000
0.656578	9.307029	0.555055	0.500000
4.543057	7.509922	0.655766	0.500000
8.829060	10.240420	0.618042	0.500000
7.897456	5.780778	0.512193	0.500000
4.711111	6.390970	0.663593	0.500000
2.506793	11.913949	0.519692	0.500000
6.593071	5.358617	0.656823	0.500000
1.473432	11.603947	0.595492	0.500000
5.610350	7.447939	0.540182	0.500000
1.976172	0.881873	0.597290	0.500000
2.526633	10.746834	0.694796	0.500000
5.739152	2.959551	0.560194	0.500000
7.178338	7.392174	0.501267	0.500000
1.722583	1.976046	0.524772	0.500000
9.944458	0.431618	0.610379	0.500000
0.535826	0.011786	0.614623	0.500000
8.834532	0.303524	0.650765	0.500000
9.431515	7.525901	0.626042	0.500000
2.956927	2.318242	0.592420	0.500000
9.405015	8.969617	0.683687	0.500000
5.333217	0.942357	0.648699	0.500000
9.673624	6.351802	0.514633	0.500000
3.730198	9.569358	0.645362	0.500000
10.631822	1.569158	0.603442	0.500000
3.017199	3.410259	0.682528	0.500000
7.939475	3.136661	0.668138	0.500000
5.272047	8.402303	0.534951	0.500000
10.123966	2.866974	0.687624	0.500000
10.791145	3.805400	0.532323	0.500000
11.216904	2.428377	0.683646	0.500000
8.430542	4.163995	0.653864	0.500000
9.771030	3.871215	0.547843	0.500000
8.551307	11.346226	0.515365	0.500000
7.489813	4.652538	0.685666	0.500000
4.430331	0.268042	0.559925	0.500000
7.872087	1.054142	0.541698	0.500000
3.725160	11.203220	0.588866	0.500000
4.732198	10.720010	0.583830	0.500000
10.521975	8.299648	0.632976	0.500000
8.441549	7.874128	0.571864	0.500000
4.071321	2.834235	0.655083	0.500000
3.017088	0.791416	0.681573	0.500000
