100

3.814921	8.984282	0.605079	0.500000
3.412092	0.988462	0.573463	0.500000
1.367499	10.645609	0.518910	0.500000
0.145004	10.744501	0.670700	0.500000
7.296908	2.958907	0.558922	0.500000
7.915927	8.242539	0.695613	0.500000
6.707099	5.701467	0.654658	0.500000
11.271516	7.685311	0.534792	0.500000
1.908870	9.710074	0.511114	0.500000
9.410315	5.279887	0.611310	0.500000
7.324369	9.152027	0.502002	0.500000
7.413561	6.550596	0.673617	0.500000
10.803486	1.675625	0.617261	0.500000
4.177357	11.106760	0.516589	0.500000
10.955795	2.799665	0.538442	0.500000
1.899023	4.141466	0.557919	0.500000
6.750145	0.329760	0.619713	0.500000
0.800724	9.673821	0.613217	0.500000
1.095852	6.111211	0.589255	0.500000
7.762223	1.015319	0.650952	0.500000
1.193810	7.129248	0.514197	0.500000
11.614713	5.840215	0.508566	0.500000
9.066704	3.123663	0.539436	0.500000
11.641257	0.852441	0.681290	0.500000
10.276530	0.641794	0.576819	0.500000
12.024819	4.328095	0.572157	0.500000
6.116131	4.848281	0.559576	0.500000
8.513602	11.943436	0.683891	0.500000
0.368149	7.935299	0.518659	0.500000
11.724555	9.815806	0.563659	0.500000
10.651775	6.845038	0.561758	0.500000
8.966877	8.211700	0.549113	0.500000
6.362320	10.299545	0.623098	0.500000
2.165869	2.523752	0.610456	0.500000
5.559043	0.715245	0.587187	0.500000
0.452108	5.206216	0.617787	0.500000
9.759872	6.236331	0.586324	0.500000
3.446369	11.937631	0.567253	0.500000
11.222476	11.341458	0.692557	0.500000
1.333331	11.786701	0.642461	0.500000
5.676140	8.202144	0.551148	0.500000
5.381632	6.243205	0.503224	0.500000
9.856585	10.411381	0.664973	0.500000
8.864259	4.152973	0.563239	0.500000
2.425040	6.417224	0.632235	0.500000
1.229463	8.638835	0.566842	0.500000
9.303678	9.231896	0.547422	0.500000
4.881715	4.198694	0.533602	0.500000
2.071190	7.701583	0.629691	0.500000
6.066913	2.805815	0.587358	0.500000
2.433630	0.235759	0.644095	0.500000
4.705164	5.331556	0.634464	0.500000
8.337365	9.462707	0.661661	0.500000
2.991735	9.571962	0.673102	0.500000
8.585803	7.244022	0.686535	0.500000
0.118598	1.893370	0.542828	0.500000
4.841341	2.697798	0.642780	0.500000
7.888880	3.924270	0.559093	0.500000
10.005800	7.685258	0.695069	0.500000
4.698583	7.969022	0.612523	0.500000
4.623765	6.870177	0.683763	0.500000
6.114564	11.269407	0.620782	0.500000
6.437169	7.068033	0.597211	0.500000
3.537841	5.775077	0.518213	0.500000
6.734370	8.128006	0.639269	0.500000
2.827848	3.486535	0.591937	0.500000
10.446848	9.313580	0.632179	0.500000
9.202554	1.509462	0.519187	0.500000
1.882364	1.136808	0.650411	0.500000
7.442113	11.481158	0.672020	0.500000
9.814621	2.438464	0.550525	0.500000
1.134964	2.128441	0.514203	0.500000
0.866250	3.783220	0.590537	0.500000
2.718087	8.598911	0.519349	0.500000
11.565959	8.673177	0.588964	0.500000
5.697651	1.763754	0.695459	0.500000
1.497710	5.093265	0.624728	0.500000
3.870851	10.114056	0.533791	0.500000
4.386881	0.673308	0.640866	0.500000
4.889844	11.834130	0.683429	0.500000
3.026761	7.253039	0.576596	0.500000
5.138564	10.679928	0.607337	0.500000
2.889551	4.865139	0.504814	0.500000
8.842491	10.491544	0.668231	0.500000
0.150330	6.770143	0.665264	0.500000
8.376936	5.425685	0.513689	0.500000
10.027309	11.494335	0.615563	0.500000
3.926782	3.854024	0.643967	0.500000
7.009166	1.690716	0.657774	0.500000
10.689322	4.144644	0.689787	0.500000
2.590107	10.959622	0.500900	0.500000
8.344555	2.180966	0.597291	0.500000
0.247008	2.968669	0.538210	0.500000
7.553330	10.451760	0.528807	0.500000
0.706587	0.841732	0.657076	0.500000
5.166514	9.410061	0.513071	0.500000
10.891722	10.398211	0.556818	0.500000
6.837011	4.131668	0.513443	0.500000
5.831000	3.831581	0.511851	0.500000
3.165137	2.059037	0.603160	0.500000
