100

1.812650	2.454548	0.686738	0.500000
4.724313	1.566496	0.590574	0.500000
3.220821	11.699931	0.627943	0.500000
7.829173	5.344775	0.641143	0.500000
3.469679	8.258636	0.696220	0.500000
3.846682	0.902209	0.592891	0.500000
4.917624	10.046881	0.530944	0.500000
2.033513	11.625518	0.598564	0.500000
2.196676	3.987384	0.644120	0.500000
5.893106	9.762342	0.519651	0.500000
10.167263	8.247190	0.511663	0.500000
9.548729	1.434463	0.527956	0.500000
1.378320	7.810069	0.558930	0.500000
8.906574	0.654424	0.561905	0.500000
7.583524	8.140439	0.517645	0.500000
5.549932	4.591709	0.555321	0.500000
0.367564	8.451535	0.544019	0.500000
3.091044	3.270100	0.678233	0.500000
2.828386	9.501363	0.509256	0.500000
9.575532	4.042573	0.503770	0.500000
6.758485	7.113154	0.533576	0.500000
7.580365	3.877120	0.605097	0.500000
8.544743	8.366199	0.693920	0.500000
2.287664	8.388102	0.503700	0.500000
7.612872	11.524124	0.606625	0.500000
2.911134	1.631823	0.621551	0.500000
5.657394	7.307688	0.568591	0.500000
11.464044	1.050723	0.577580	0.500000
11.396760	3.096914	0.653856	0.500000
5.518619	8.297741	0.621668	0.500000
1.631244	1.052224	0.569402	0.500000
4.431770	7.756373	0.601909	0.500000
6.085784	6.298205	0.533875	0.500000
4.629332	8.870320	0.657452	0.500000
8.468191	1.740276	0.559747	0.500000
0.709174	11.245643	0.534911	0.500000
10.959908	7.045205	0.504535	0.500000
5.026446	2.602130	0.613359	0.500000
8.600110	3.643395	0.602293	0.500000
4.693278	0.112131	0.579488	0.500000
9.216453	7.248435	0.618358	0.500000
0.808968	0.361200	0.579942	0.500000
8.710980	4.672310	0.643324	0.500000
2.672791	10.484874	0.611112	0.500000
10.388427	0.702300	0.638705	0.500000
9.609566	9.364825	0.639786	0.500000
10.596759	2.177339	0.664384	0.500000
5.950560	1.242419	0.628791	0.500000
11.825995	0.058720	0.663622	0.500000
10.651259	5.111367	0.655086	0.500000
9.581620	3.033963	0.677868	0.500000
7.520699	10.120701	0.501849	0.500000
5.252293	11.089583	0.587280	0.500000
1.604388	9.299449	0.699421	0.500000
0.111239	7.420783	0.685890	0.500000
4.575598	4.924898	0.686064	0.500000
4.658982	6.750513	0.594248	0.500000
7.658540	2.877295	0.612476	0.500000
7.927523	6.997568	0.562244	0.500000
11.472818	6.164913	0.669004	0.500000
4.110404	3.735179	0.593808	0.500000
6.973997	1.642681	0.692703	0.500000
3.351782	7.167728	0.636617	0.500000
2.719643	6.213519	0.645287	0.500000
12.011564	2.092861	0.551083	0.500000
4.247619	10.957927	0.587413	0.500000
6.574280	5.196692	0.573029	0.500000
0.532520	10.169123	0.560601	0.500000
6.747750	10.810155	0.644106	0.500000
1.706492	6.238856	0.624135	0.500000
11.752125	9.356306	0.584731	0.500000
6.531821	3.998232	0.624526	0.500000
10.907098	3.968775	0.665492	0.500000
7.730122	0.843255	0.628911	0.500000
0.602362	4.468589	0.595504	0.500000
10.685168	9.439679	0.606388	0.500000
2.496941	5.221942	0.665945	0.500000
2.307107	7.170667	0.643871	0.500000
9.437380	11.654412	0.698366	0.500000
5.326395	5.603880	0.620688	0.500000
3.838685	9.641403	0.605980	0.500000
1.362278	5.217473	0.693907	0.500000
0.729777	6.009817	0.683778	0.500000
11.113060	11.271810	0.606720	0.500000
6.133063	2.472270	0.604298	0.500000
5.390551	3.557691	0.610553	0.500000
4.051664	2.338878	0.575337	0.500000
6.564146	8.184484	0.564900	0.500000
9.496781	6.183917	0.675904	0.500000
11.876584	5.089281	0.608079	0.500000
6.674060	0.533877	0.524624	0.500000
11.470646	8.141147	0.696711	0.500000
5.874476	11.881648	0.584194	0.500000
2.653999	0.645819	0.642045	0.500000
10.092492	10.562520	0.658053	0.500000
8.670694	10.855371	0.578545	0.500000
0.725557	2.977745	0.639530	0.500000
11.611924	10.346986	0.658294	0.500000
7.228680	6.150618	0.584922	0.500000
3.913342	5.998867	0.632174	0.500000
