100

3.783802	8.613052	0.523555	0.500000
3.138705	1.412292	0.695541	0.500000
0.866898	10.654782	0.605190	0.500000
1.138277	11.754647	0.624362	0.500000
7.798768	2.820698	0.542212	0.500000
7.625156	6.755952	0.586443	0.500000
5.561331	5.319670	0.614919	0.500000
10.240007	8.596633	0.652350	0.500000
1.777111	8.884802	0.657524	0.500000
10.372513	5.566741	0.502102	0.500000
6.462610	9.361276	0.682320	0.500000
8.208974	5.889920	0.575931	0.500000
10.687329	2.168126	0.552877	0.500000
4.324523	11.758597	0.673656	0.500000
10.439250	3.526928	0.548487	0.500000
2.690212	2.751149	0.573463	0.500000
8.710584	2.268313	0.500645	0.500000
0.317784	9.459390	0.602384	0.500000
1.614514	5.120202	0.696000	0.500000
8.964200	11.694742	0.587985	0.500000
1.293668	6.094018	0.643556	0.500000
11.283685	6.309476	0.636821	0.500000
8.757890	3.920210	0.516924	0.500000
10.900483	0.621606	0.660099	0.500000
9.706713	0.660684	0.528665	0.500000
10.774492	4.516533	0.581944	0.500000
5.332604	6.593979	0.619849	0.500000
10.024300	11.420519	0.522612	0.500000
0.622811	6.887109	0.504780	0.500000
11.168473	9.291740	0.686959	0.500000
11.349912	7.306933	0.571925	0.500000
9.921584	9.624748	0.546500	0.500000
6.232387	10.578854	0.647047	0.500000
1.781667	1.721745	0.664598	0.500000
5.026383	1.725565	0.631330	0.500000
0.531845	4.943170	0.697977	0.500000
10.235946	6.577291	0.679888	0.500000
5.427289	0.544134	0.630969	0.500000
11.838432	0.220122	0.645431	0.500000
2.073477	0.506180	0.646823	0.500000
5.583560	8.117621	0.543740	0.500000
4.584708	7.545911	0.660791	0.500000
9.122091	10.517420	0.552970	0.500000
8.241250	4.793819	0.501215	0.500000
2.563284	6.672748	0.661064	0.500000
1.025327	8.136681	0.643744	0.500000
8.895864	9.497440	0.574495	0.500000
3.500827	4.724548	0.668016	0.500000
1.684752	7.171781	0.561875	0.500000
7.698974	1.699775	0.540907	0.500000
3.303247	12.013439	0.694611	0.500000
6.166378	7.232581	0.681303	0.500000
8.048141	8.233216	0.671539	0.500000
3.049294	10.290698	0.640261	0.500000
9.121307	7.541152	0.586562	0.500000
11.686285	2.136909	0.595920	0.500000
5.562980	2.613849	0.651399	0.500000
7.126482	5.013760	0.561649	0.500000
10.326881	7.582678	0.662665	0.500000
4.901349	8.942233	0.558763	0.500000
4.058931	6.344832	0.517680	0.500000
7.127844	0.850429	0.540426	0.500000
6.695535	6.095996	0.514562	0.500000
4.536945	5.407982	0.673910	0.500000
6.848292	8.358190	0.521694	0.500000
1.676047	2.851625	0.572270	0.500000
10.833823	10.424752	0.625068	0.500000
9.715673	1.740120	0.665306	0.500000
0.634157	0.906494	0.687925	0.500000
7.288505	11.912687	0.691982	0.500000
9.612250	2.966982	0.667679	0.500000
0.474415	3.181952	0.588065	0.500000
1.095051	4.072914	0.546808	0.500000
2.746557	9.328334	0.665960	0.500000
11.705441	8.247321	0.533362	0.500000
6.784765	2.143198	0.612836	0.500000
2.671370	5.658363	0.524670	0.500000
4.323228	9.951244	0.556471	0.500000
4.329811	0.896903	0.503869	0.500000
6.239250	11.845023	0.684982	0.500000
2.926893	8.093458	0.533953	0.500000
5.075897	10.996155	0.635671	0.500000
2.314001	4.383388	0.526963	0.500000
7.455112	10.810173	0.641605	0.500000
0.230798	5.939184	0.562881	0.500000
9.175156	5.497016	0.505825	0.500000
11.292988	11.339732	0.654534	0.500000
4.055567	3.345070	0.518504	0.500000
6.188511	1.327854	0.684148	0.500000
9.609209	4.563810	0.534051	0.500000
2.402788	11.413260	0.588124	0.500000
8.463368	0.581716	0.646007	0.500000
11.840496	3.919148	0.659243	0.500000
7.768232	9.453991	0.544213	0.500000
0.676138	2.137366	0.540736	0.500000
5.351642	9.929659	0.656020	0.500000
11.901869	10.443817	0.508647	0.500000
4.872779	4.364058	0.638665	0.500000
6.770425	3.535042	0.515980	0.500000
4.037969	2.218813	0.650177	0.500000
