400

10.994793	3.215079	2.496698	0.500000
2.026821	8.724073	0.547252	0.500000
4.413639	9.985709	2.347559	0.500000
2.795241	0.734233	1.514130	0.500000
2.527300	0.131091	0.673620	0.500000
3.825407	0.785824	0.730077	0.500000
3.780351	9.841897	0.515752	0.500000
7.967764	0.143083	1.480211	0.500000
6.459331	0.137121	1.054705	0.500000
11.149850	3.516422	1.514627	0.500000
0.683695	0.595707	1.510520	0.500000
2.003826	1.084120	2.338354	0.500000
1.568259	9.633052	0.502593	0.500000
3.872842	3.959489	0.688692	0.500000
5.684395	0.656304	1.425158	0.500000
4.808720	3.644943	2.515192	0.500000
6.004665	2.717804	0.513808	0.500000
10.210810	8.727869	0.588835	0.500000
6.935627	1.718193	0.521050	0.500000
7.064262	9.409587	1.522786	0.500000
9.561908	9.526963	0.722130	0.500000
10.880442	0.667925	1.461958	0.500000
10.919014	1.468383	0.556820	0.500000
1.726002	1.435150	0.811548	0.500000
4.401290	2.336664	1.440769	0.500000
3.420013	7.090401	0.542309	0.500000
7.592180	5.272551	1.483336	0.500000
7.533628	0.677657	0.631361	0.500000
8.967221	4.271396	2.531881	0.500000
1.101586	1.535513	1.719779	0.500000
1.342397	3.144740	0.539077	0.500000
2.875999	3.446458	2.083968	0.500000
4.027762	2.723937	0.524667	0.500000
3.815699	3.292389	2.524154	0.500000
6.236308	4.734160	0.698265	0.500000
4.139339	3.586545	1.616416	0.500000
6.864735	3.346539	0.631394	0.500000
7.911263	1.388046	1.639003	0.500000
8.943967	2.044319	0.608194	0.500000
1.754692	3.037322	2.160372	0.500000
10.693418	3.340482	0.531543	0.500000
1.484765	4.024550	2.523421	0.500000
2.778272	1.134736	0.581726	0.500000
4.830262	5.419554	0.866648	0.500000
5.735724	6.263432	0.639237	0.500000
8.388204	2.440288	1.378554	0.500000
5.902177	3.325690	2.464083	0.500000
8.857384	5.193578	1.573702	0.500000
9.875274	0.654037	1.530209	0.500000
8.447718	3.080825	0.538592	0.500000
9.577453	5.922869	1.441705	0.500000
0.667246	6.389550	1.601671	0.500000
3.737408	8.176761	0.563455	0.500000
6.239919	6.212391	1.599209	0.500000
4.873173	3.224084	0.731635	0.500000
6.229532	5.639634	2.419198	0.500000
9.103640	6.874189	1.598798	0.500000
10.447702	4.885673	3.248921	0.500000
9.700318	3.065804	0.578783	0.500000
11.288779	8.390581	0.619819	0.500000
11.117669	2.443754	1.850987	0.500000
3.391200	5.945500	0.593152	0.500000
4.988739	8.857391	1.509259	0.500000
5.024018	7.112179	2.436712	0.500000
6.705401	9.216688	0.554117	0.500000
6.363041	7.038238	0.558269	0.500000
8.511539	7.298586	2.466776	0.500000
7.312150	4.907126	0.586125	0.500000
9.399972	4.897503	0.645825	0.500000
9.546946	5.332614	2.481902	0.500000
10.110509	7.015578	1.395868	0.500000
10.199576	7.785046	3.453657	0.500000
0.803993	8.817461	0.727668	0.500000
4.478531	6.284973	0.509526	0.500000
4.343115	7.423699	0.827113	0.500000
5.460537	9.815839	0.768612	0.500000
4.633957	9.047891	0.562309	0.500000
9.607401	7.296129	2.409959	0.500000
1.058063	7.583123	1.476063	0.500000
1.454768	8.566613	1.768061	0.500000
10.446169	7.621244	0.650196	0.500000
11.510504	7.026405	1.272340	0.500000
11.121183	5.613064	0.808663	0.500000
0.363486	1.356983	0.530472	0.500000
2.967566	9.190588	0.529484	0.500000
5.550443	8.060296	2.412386	0.500000
8.405224	5.354942	2.460347	0.500000
9.128117	9.886607	1.616027	0.500000
10.419785	9.713254	1.331796	0.500000
8.639638	8.980071	0.507721	0.500000
0.869268	5.988274	2.510758	0.500000
2.386176	6.957795	0.585525	0.500000
11.054986	4.514955	1.515827	0.500000
3.366485	7.289909	2.608388	0.500000
0.473534	9.762357	0.569176	0.500000
6.571257	1.293446	1.376023	0.500000
6.008070	9.252374	1.451458	0.500000
0.064816	9.771988	1.521989	0.500000
4.922162	0.614363	0.578011	0.500000
9.763377	8.654993	3.211925	0.500000
10.435334	2.548702	1.127216	0.500000
1.505975	2.412653	1.340031	0.500000
1.634654	9.456618	2.453757	0.500000
4.969877	8.935669	2.591651	0.500000
4.313529	8.150370	2.483128	0.500000
7.809302	9.193914	2.654243	0.500000
4.324153	1.229629	1.482419	0.500000
7.372774	2.301677	1.481776	0.500000
11.020658	9.437458	0.540915	0.500000
0.030519	1.887387	2.608478	0.500000
3.201801	9.660772	1.392883	0.500000
4.671650	1.808333	3.480213	0.500000
3.457178	2.764058	1.566218	0.500000
6.098634	1.056392	0.521392	0.500000
9.729995	1.317423	2.510216	0.500000
7.578012	3.345788	1.479444	0.500000
8.072774	3.359645	2.624545	0.500000
11.333164	2.460927	0.621663	0.500000
10.047917	3.867930	1.184125	0.500000
2.950455	1.190608	2.665580	0.500000
2.899238	4.516212	0.574563	0.500000
4.134027	7.340428	1.885152	0.500000
3.098826	3.127446	0.597128	0.500000
4.176488	1.736417	0.612558	0.500000
5.935575	3.764441	0.754613	0.500000
8.892558	0.952854	1.456896	0.500000
8.906918	4.007164	0.532967	0.500000
6.967205	3.622972	2.446431	0.500000
10.337733	2.419228	2.481428	0.500000
11.416670	4.181739	0.561294	0.500000
4.637854	9.874992	1.335600	0.500000
3.481442	1.764312	1.800500	0.500000
3.215541	2.093975	0.699785	0.500000
4.313083	2.247718	2.446619	0.500000
3.570305	5.369421	1.495403	0.500000
7.791015	3.870892	0.517261	0.500000
7.762752	8.544679	0.973001	0.500000
8.622479	3.501904	1.653128	0.500000
11.399974	1.566115	1.457421	0.500000
10.127350	6.406320	2.583077	0.500000
2.160032	2.382665	0.523755	0.500000
2.102278	3.839151	0.508567	0.500000
2.335879	5.293523	2.595672	0.500000
3.299868	2.434776	2.562501	0.500000
2.541944	5.307144	1.506447	0.500000
4.968321	4.709625	2.616520	0.500000
8.385202	3.967233	3.384056	0.500000
9.468998	2.912794	1.589285	0.500000
9.957579	4.083323	2.237639	0.500000
2.190439	3.663106	3.197802	0.500000
11.357048	0.511023	0.570943	0.500000
11.410583	5.901587	2.562020	0.500000
4.933107	4.273556	0.500894	0.500000
6.288984	5.545037	3.485986	0.500000
5.653859	7.020155	1.467795	0.500000
6.592125	5.198979	1.513770	0.500000
8.168457	7.274231	1.445357	0.500000
5.535314	5.116093	1.652284	0.500000
0.430521	4.352533	1.760759	0.500000
0.463814	4.969045	2.630488	0.500000
10.220011	5.151090	1.428611	0.500000
1.103072	5.760538	0.519773	0.500000
1.545037	5.742927	1.473087	0.500000
1.374905	8.874189	3.258870	0.500000
3.660314	4.394870	2.452352	0.500000
7.392956	6.441159	1.448940	0.500000
5.071054	4.042621	1.484974	0.500000
7.448575	7.144416	0.617047	0.500000
9.604592	6.917119	0.523921	0.500000
0.357210	7.561871	0.504683	0.500000
1.454626	0.688078	3.333327	0.500000
4.134720	6.398268	2.606083	0.500000
4.113701	7.597092	3.310191	0.500000
3.075855	6.292075	1.603955	0.500000
6.938437	9.670723	3.436138	0.500000
6.707412	7.237048	1.690284	0.500000
7.415984	5.566955	2.467631	0.500000
9.028919	6.426910	2.541157	0.500000
8.550134	6.859205	0.554380	0.500000
2.126589	6.734397	1.531335	0.500000
2.184043	9.209662	1.485578	0.500000
10.974472	6.153739	1.694833	0.500000
2.260202	6.594830	3.301683	0.500000
3.159873	7.478899	1.616913	0.500000
3.012997	8.526215	1.323034	0.500000
4.970112	7.801800	1.549640	0.500000
5.480385	9.810035	2.318332	0.500000
8.389206	7.858520	0.525864	0.500000
6.935907	6.794045	3.354539	0.500000
7.593328	0.270083	2.891017	0.500000
1.256475	0.347242	2.345724	0.500000
2.717961	7.940125	0.565997	0.500000
6.900721	6.438353	2.324722	0.500000
6.775382	8.219291	0.719977	0.500000
5.825351	8.671074	0.562892	0.500000
4.797682	0.318559	3.475856	0.500000
7.048109	0.593591	1.964866	0.500000
10.747533	8.799910	1.577740	0.500000
10.334216	0.462281	0.536423	0.500000
11.249161	9.540610	3.337495	0.500000
0.220105	9.873794	2.541441	0.500000
2.296511	8.353066	2.470277	0.500000
3.376381	0.201432	2.557357	0.500000
3.968530	1.104290	2.488531	0.500000
4.153166	9.479989	3.468364	0.500000
6.154158	0.529635	2.416359	0.500000
5.004711	0.930907	2.570967	0.500000
7.734063	9.501769	0.572181	0.500000
8.522278	0.210106	2.524582	0.500000
11.209080	8.940903	2.474147	0.500000
0.149964	3.558188	3.414758	0.500000
5.218070	1.670467	0.520947	0.500000
3.815901	0.386672	1.673747	0.500000
2.855704	9.162269	2.287697	0.500000
7.548979	2.604258	0.541936	0.500000
7.973995	4.418961	2.498997	0.500000
7.788898	2.468489	3.299798	0.500000
10.759232	3.784326	3.447321	0.500000
8.392039	1.195043	0.516813	0.500000
9.988014	1.861854	0.524054	0.500000
1.037868	2.288608	2.437794	0.500000
1.113603	4.230079	0.513068	0.500000
2.487300	4.317156	2.402771	0.500000
0.871989	1.431764	2.957358	0.500000
4.054363	8.449938	1.506224	0.500000
5.366916	2.739855	1.716970	0.500000
6.889137	2.037644	3.396349	0.500000
9.037221	5.958719	0.596236	0.500000
0.911754	2.194583	0.526623	0.500000
9.438786	0.908269	0.501304	0.500000
3.253246	3.405068	3.422548	0.500000
3.836983	5.003204	0.546302	0.500000
2.273866	3.075896	1.254737	0.500000
2.463961	1.711112	1.620002	0.500000
5.248047	1.661838	1.679666	0.500000
5.335648	2.063056	2.771049	0.500000
8.739983	8.330731	1.393766	0.500000
8.461842	1.226859	2.540544	0.500000
6.422713	3.310088	1.554298	0.500000
8.999885	9.205747	2.344553	0.500000
9.735390	4.107716	3.463641	0.500000
0.380400	4.949392	0.899861	0.500000
3.134731	6.074575	2.604655	0.500000
1.896556	6.184697	2.364346	0.500000
5.862800	6.458863	3.294692	0.500000
4.130094	5.811007	3.417192	0.500000
7.938451	4.962998	3.496375	0.500000
9.407837	3.316447	2.586150	0.500000
8.364723	6.108319	1.445237	0.500000
10.747292	5.873601	3.480848	0.500000
10.864030	6.580908	0.582448	0.500000
2.896886	7.553314	3.465837	0.500000
1.589140	7.794416	0.547037	0.500000
1.863387	5.620982	3.472184	0.500000
5.279273	5.307938	3.439751	0.500000
6.729321	5.855867	0.751364	0.500000
5.228644	4.094303	3.414740	0.500000
5.097421	6.150233	1.678086	0.500000
8.270840	4.406215	1.361160	0.500000
9.063402	5.037722	3.396142	0.500000
1.065124	9.596872	1.445663	0.500000
0.029041	6.414745	3.449615	0.500000
1.315702	4.927640	2.037769	0.500000
3.905240	5.378501	2.529405	0.500000
6.337705	7.709102	3.277047	0.500000
9.378338	6.846048	3.493465	0.500000
4.094292	6.295244	1.596322	0.500000
10.548478	8.183123	2.400588	0.500000
7.736381	5.937098	0.578674	0.500000
6.969250	4.661754	2.276837	0.500000
0.214555	5.418846	1.770651	0.500000
1.099050	0.596225	0.593983	0.500000
3.286956	8.231539	2.265124	0.500000
2.394000	8.634859	3.434138	0.500000
1.865996	7.597205	3.310993	0.500000
7.149742	8.371130	1.996152	0.500000
10.158018	5.808076	0.620590	0.500000
8.226566	9.178477	1.691767	0.500000
10.750962	8.673845	3.373752	0.500000
10.915782	7.795498	1.517923	0.500000
8.620704	8.762124	3.238007	0.500000
10.720203	6.905598	3.447513	0.500000
6.035379	8.067736	1.513076	0.500000
5.182546	5.965235	2.679794	0.500000
6.027184	7.103113	2.461705	0.500000
6.816229	0.874285	3.395237	0.500000
10.346301	1.573606	1.619848	0.500000
5.551514	7.698914	0.502956	0.500000
8.111332	8.264298	2.254618	0.500000
9.368246	8.166826	0.610309	0.500000
9.732900	0.184943	2.548344	0.500000
1.171886	3.557024	1.472215	0.500000
2.303433	0.090494	2.119496	0.500000
1.356996	6.729789	0.589069	0.500000
4.629219	8.586427	3.474169	0.500000
8.704030	0.051538	0.633262	0.500000
7.990925	1.414980	3.454855	0.500000
8.177898	9.698606	3.444016	0.500000
9.832053	7.956545	1.615789	0.500000
10.729866	5.139910	2.299850	0.500000
1.731644	0.564775	1.369044	0.500000
2.173482	7.965040	1.412638	0.500000
11.334413	1.469757	3.484014	0.500000
2.355900	7.155949	2.477222	0.500000
5.364668	9.328238	3.458271	0.500000
6.319186	1.767278	2.394060	0.500000
9.179689	9.750467	3.301477	0.500000
6.172209	8.855119	2.386055	0.500000
9.183139	1.913054	1.710600	0.500000
10.789304	1.216325	2.677988	0.500000
0.317323	0.589248	3.288892	0.500000
0.656760	9.620141	3.490897	0.500000
10.720257	0.048807	2.388174	0.500000
6.023827	2.559374	3.475257	0.500000
6.929667	2.597596	2.505596	0.500000
7.299827	3.392824	3.499096	0.500000
10.166806	1.888145	3.446087	0.500000
10.913219	2.608170	3.479719	0.500000
9.700778	0.728921	3.442526	0.500000
0.367206	3.251255	0.937470	0.500000
2.835623	0.567483	3.451008	0.500000
3.376769	4.476073	3.495272	0.500000
2.154087	2.087675	2.530761	0.500000
5.117214	2.997592	3.353584	0.500000
3.937531	9.098822	2.334306	0.500000
9.071887	1.541782	3.371355	0.500000
9.986918	3.017747	3.494254	0.500000
0.472208	2.348481	3.410592	0.500000
1.498936	2.204864	3.498878	0.500000
9.344486	2.325318	2.718861	0.500000
2.325191	1.636540	3.422320	0.500000
2.400436	5.955903	0.737718	0.500000
4.377146	4.805061	1.730658	0.500000
6.911068	4.178177	1.193410	0.500000
4.351615	4.734148	3.436908	0.500000
6.304217	3.644036	3.480054	0.500000
8.978457	2.939481	3.491883	0.500000
8.076099	2.187892	2.337423	0.500000
1.202848	3.182984	3.279149	0.500000
10.433891	4.571588	0.575431	0.500000
2.211362	4.360499	1.407762	0.500000
2.538234	2.617217	3.331845	0.500000
2.253193	4.634336	3.433849	0.500000
4.263699	3.705293	3.413731	0.500000
3.265368	4.174695	1.480461	0.500000
6.252212	2.294831	1.401297	0.500000
11.381997	4.166047	2.545380	0.500000
8.362358	5.013665	0.539091	0.500000
0.513833	2.353263	1.558609	0.500000
7.439901	5.928068	3.447699	0.500000
0.543039	3.244880	2.248288	0.500000
0.658429	5.569324	3.441000	0.500000
4.097607	2.719431	3.489489	0.500000
5.194230	7.674546	3.355871	0.500000
3.021640	5.578302	3.497846	0.500000
7.938536	6.435598	2.406402	0.500000
6.105143	4.301282	1.772924	0.500000
7.092763	7.512062	2.622359	0.500000
9.716555	5.841075	3.396654	0.500000
1.069782	4.379083	3.378799	0.500000
10.715544	7.195488	2.348463	0.500000
9.712448	8.965914	1.569043	0.500000
1.994424	4.967050	0.525451	0.500000
0.743439	8.991194	2.491479	0.500000
6.775426	9.708535	2.438620	0.500000
6.187387	8.759407	3.415013	0.500000
6.967972	4.528511	3.383412	0.500000
7.968130	7.013024	3.267691	0.500000
1.135716	6.525949	3.495442	0.500000
0.216546	8.612275	1.576956	0.500000
3.499007	6.698618	3.461168	0.500000
0.596608	7.556766	3.475546	0.500000
0.330732	6.402212	0.519607	0.500000
3.618600	8.588219	3.237149	0.500000
3.894464	0.827623	3.453808	0.500000
10.056019	9.258862	2.469356	0.500000
8.505929	6.041122	3.478294	0.500000
8.930545	7.812552	3.404350	0.500000
11.578157	4.611991	3.443884	0.500000
0.176074	8.578268	3.468833	0.500000
10.696879	0.471611	3.469959	0.500000
4.843888	6.670702	3.340738	0.500000
1.331969	7.098543	2.416983	0.500000
2.028811	9.689350	3.499072	0.500000
7.364386	1.510645	2.618666	0.500000
5.858501	0.216648	3.346675	0.500000
7.953842	8.051001	3.493558	0.500000
0.342676	6.939182	2.481710	0.500000
0.083856	0.941304	2.235394	0.500000
10.197806	9.540838	3.442805	0.500000
0.198496	7.992185	2.380701	0.500000
2.996048	9.414098	3.257453	0.500000
3.501438	1.893458	3.400365	0.500000
1.227539	8.081117	2.638650	0.500000
7.134315	8.572414	3.081373	0.500000
6.013456	4.460449	2.767734	0.500000
5.931589	1.376244	3.310779	0.500000
9.186745	8.214167	2.486044	0.500000
8.671839	0.604197	3.460306	0.500000
11.184358	7.743465	3.151889	0.500000
