100

0.000000	0.000000	0.750000	0.500000
0.835543	0.000000	0.750000	0.500000
1.671086	0.000000	0.750000	0.500000
2.506628	0.000000	0.750000	0.500000
3.342171	0.000000	0.750000	0.500000
4.177714	0.000000	0.750000	0.500000
5.013257	0.000000	0.750000	0.500000
5.848799	0.000000	0.750000	0.500000
6.684342	0.000000	0.750000	0.500000
7.519885	0.000000	0.750000	0.500000
0.000000	0.835543	0.750000	0.500000
0.835543	0.835543	0.750000	0.500000
1.671086	0.835543	0.750000	0.500000
2.506628	0.835543	0.750000	0.500000
3.342171	0.835543	0.750000	0.500000
4.177714	0.835543	0.750000	0.500000
5.013257	0.835543	0.750000	0.500000
5.848799	0.835543	0.750000	0.500000
6.684342	0.835543	0.750000	0.500000
7.519885	0.835543	0.750000	0.500000
0.000000	1.671086	0.750000	0.500000
0.835543	1.671086	0.750000	0.500000
1.671086	1.671086	0.750000	0.500000
2.506628	1.671086	0.750000	0.500000
3.342171	1.671086	0.750000	0.500000
4.177714	1.671086	0.750000	0.500000
5.013257	1.671086	0.750000	0.500000
5.848799	1.671086	0.750000	0.500000
6.684342	1.671086	0.750000	0.500000
7.519885	1.671086	0.750000	0.500000
0.000000	2.506628	0.750000	0.500000
0.835543	2.506628	0.750000	0.500000
1.671086	2.506628	0.750000	0.500000
2.506628	2.506628	0.750000	0.500000
3.342171	2.506628	0.750000	0.500000
4.177714	2.506628	0.750000	0.500000
5.013257	2.506628	0.750000	0.500000
5.848799	2.506628	0.750000	0.500000
6.684342	2.506628	0.750000	0.500000
7.519885	2.506628	0.750000	0.500000
0.000000	3.342171	0.750000	0.500000
0.835543	3.342171	0.750000	0.500000
1.671086	3.342171	0.750000	0.500000
2.506628	3.342171	0.750000	0.500000
3.342171	3.342171	0.750000	0.500000
4.177714	3.342171	0.750000	0.500000
5.013257	3.342171	0.750000	0.500000
5.848799	3.342171	0.750000	0.500000
6.684342	3.342171	0.750000	0.500000
7.519885	3.342171	0.750000	0.500000
0.000000	4.177714	0.750000	0.500000
0.835543	4.177714	0.750000	0.500000
1.671086	4.177714	0.750000	0.500000
2.506628	4.177714	0.750000	0.500000
3.342171	4.177714	0.750000	0.500000
4.177714	4.177714	0.750000	0.500000
5.013257	4.177714	0.750000	0.500000
5.848799	4.177714	0.750000	0.500000
6.684342	4.177714	0.750000	0.500000
7.519885	4.177714	0.750000	0.500000
0.000000	5.013257	0.750000	0.500000
0.835543	5.013257	0.750000	0.500000
1.671086	5.013257	0.750000	0.500000
2.506628	5.013257	0.750000	0.500000
3.342171	5.013257	0.750000	0.500000
4.177714	5.013257	0.750000	0.500000
5.013257	5.013257	0.750000	0.500000
5.848799	5.013257	0.750000	0.500000
6.684342	5.013257	0.750000	0.500000
7.519885	5.013257	0.750000	0.500000
0.000000	5.848799	0.750000	0.500000
0.835543	5.848799	0.750000	0.500000
1.671086	5.848799	0.750000	0.500000
2.506628	5.848799	0.750000	0.500000
3.342171	5.848799	0.750000	0.500000
4.177714	5.848799	0.750000	0.500000
5.013257	5.848799	0.750000	0.500000
5.848799	5.848799	0.750000	0.500000
6.684342	5.848799	0.750000	0.500000
7.519885	5.848799	0.750000	0.500000
0.000000	6.684342	0.750000	0.500000
0.835543	6.684342	0.750000	0.500000
1.671086	6.684342	0.750000	0.500000
2.506628	6.684342	0.750000	0.500000
3.342171	6.684342	0.750000	0.500000
4.177714	6.684342	0.750000	0.500000
5.013257	6.684342	0.750000	0.500000
5.848799	6.684342	0.750000	0.500000
6.684342	6.684342	0.750000	0.500000
7.519885	6.684342	0.750000	0.500000
0.000000	7.519885	0.750000	0.500000
0.835543	7.519885	0.750000	0.500000
1.671086	7.519885	0.750000	0.500000
2.506628	7.519885	0.750000	0.500000
3.342171	7.519885	0.750000	0.500000
4.177714	7.519885	0.750000	0.500000
5.013257	7.519885	0.750000	0.500000
5.848799	7.519885	0.750000	0.500000
6.684342	7.519885	0.750000	0.500000
7.519885	7.519885	0.750000	0.500000
