100

8.629126	9.595250	0.820051	0.500000
9.659015	9.370262	0.582282	0.500000
2.486757	9.608667	0.752105	0.500000
1.518035	9.946752	0.530252	0.500000
2.885539	8.690640	0.653164	0.500000
4.380878	7.809086	0.627051	0.500000
4.854888	6.686912	0.924134	0.500000
6.551150	0.020081	0.525495	0.500000
6.690206	8.992659	0.648211	0.500000
8.384965	7.627721	0.911049	0.500000
8.231747	0.549968	0.876189	0.500000
0.836435	9.091199	0.925267	0.500000
3.473274	9.644672	0.993154	0.500000
1.818155	8.847721	0.955545	0.500000
3.996268	8.747980	0.702718	0.500000
5.316142	7.589826	0.980964	0.500000
5.105068	8.553471	0.521273	0.500000
5.985932	0.982105	0.515499	0.500000
5.781327	9.463259	0.946708	0.500000
7.930567	8.868772	0.600072	0.500000
7.798988	1.589480	0.534498	0.500000
0.482264	0.099239	0.721429	0.500000
0.880005	1.118078	0.979727	0.500000
2.800970	1.533764	0.519503	0.500000
4.717347	9.477591	0.940190	0.500000
5.197017	0.379666	0.669409	0.500000
4.822684	1.265802	0.949543	0.500000
5.595753	2.030289	0.758144	0.500000
6.759636	1.671023	0.689955	0.500000
7.525634	9.729880	0.979644	0.500000
9.516260	0.455071	0.964074	0.500000
9.960772	1.269051	0.518933	0.500000
1.925757	0.751427	0.993904	0.500000
3.040538	0.542068	0.806756	0.500000
4.208658	0.368435	0.912025	0.500000
3.804312	1.241634	0.631780	0.500000
5.334463	3.002872	0.706670	0.500000
6.320096	2.725236	0.912344	0.500000
7.242913	0.756140	0.535546	0.500000
8.917917	1.290043	0.818815	0.500000
9.587947	2.164204	0.890100	0.500000
0.715837	2.060596	0.673587	0.500000
1.775712	1.671096	0.559596	0.500000
1.389034	2.744012	0.982987	0.500000
3.619449	2.258599	0.832477	0.500000
4.614935	2.201237	0.585945	0.500000
4.298424	3.164400	0.576972	0.500000
7.311205	5.296627	0.847602	0.500000
7.326110	2.486967	0.996965	0.500000
8.488797	2.212925	0.990300	0.500000
0.198777	2.946110	0.543015	0.500000
0.802610	3.666413	0.899809	0.500000
2.564792	2.409093	0.946473	0.500000
3.268493	3.233211	0.741159	0.500000
5.666765	4.615606	0.566633	0.500000
4.891719	3.993573	0.804305	0.500000
6.088382	3.673505	0.631021	0.500000
7.090284	3.470295	0.811718	0.500000
8.020681	3.175438	0.563704	0.500000
9.027918	3.147525	0.554237	0.500000
2.019566	6.148415	0.971879	0.500000
1.219088	5.548193	0.966992	0.500000
2.235100	3.375709	0.746817	0.500000
2.833346	4.185090	0.747245	0.500000
3.852673	4.061832	0.801412	0.500000
7.786960	4.377601	0.542286	0.500000
6.643051	4.494500	0.824253	0.500000
9.793151	4.180827	0.793258	0.500000
9.113956	5.133143	0.518144	0.500000
0.799257	4.712241	0.525341	0.500000
2.993478	6.313645	0.536739	0.500000
1.647317	4.246674	0.798539	0.500000
3.194685	5.299056	0.835981	0.500000
4.062314	5.914117	0.979784	0.500000
4.547377	4.963960	0.899076	0.500000
6.919958	6.250196	0.600451	0.500000
8.729862	4.098328	0.770023	0.500000
0.265187	7.219773	0.992822	0.500000
0.118312	5.479437	0.549796	0.500000
0.032293	8.388733	0.789542	0.500000
9.321975	7.434211	0.548644	0.500000
2.071063	7.908119	0.616260	0.500000
2.462688	7.053790	0.958510	0.500000
0.630509	6.343033	0.654584	0.500000
2.107727	5.250000	0.514301	0.500000
5.310808	5.629905	0.807856	0.500000
6.282269	5.462475	0.595418	0.500000
8.368178	5.631473	0.995611	0.500000
7.222053	8.035635	0.636422	0.500000
9.604373	6.345945	0.733911	0.500000
9.000538	8.460341	0.932255	0.500000
1.049541	7.919745	0.976898	0.500000
1.442505	7.029104	0.554097	0.500000
3.332865	7.757243	0.502829	0.500000
3.817956	6.885608	0.793740	0.500000
6.679610	7.243865	0.989816	0.500000
5.880629	6.592233	0.897458	0.500000
6.214693	8.124436	0.818544	0.500000
7.608885	7.013437	0.643642	0.500000
8.548881	6.620137	0.523681	0.500000
