100

8.588710	9.685570	0.899243	0.500000
9.509651	9.487584	0.518355	0.500000
2.400921	9.617304	0.940406	0.500000
1.428167	9.865600	0.752232	0.500000
2.817408	8.666780	0.511767	0.500000
4.462864	7.650014	0.919497	0.500000
4.724504	6.759702	0.536674	0.500000
6.553580	0.025070	0.598514	0.500000
6.918424	9.056462	0.976171	0.500000
8.467880	7.729704	0.987283	0.500000
8.160431	0.784579	0.687949	0.500000
0.506005	9.119074	0.835867	0.500000
3.502327	9.501702	0.863681	0.500000
1.755262	8.861296	0.730766	0.500000
4.040572	8.543245	0.763331	0.500000
5.439452	7.397803	0.931525	0.500000
5.150212	8.480068	0.618811	0.500000
6.044768	0.921899	0.590272	0.500000
5.876313	9.167875	0.774032	0.500000
7.945438	8.670681	0.633686	0.500000
7.590910	1.880328	0.858486	0.500000
0.209524	0.193703	0.885627	0.500000
1.051258	1.030317	0.700531	0.500000
2.897878	1.457590	0.951258	0.500000
4.601871	9.370947	0.991467	0.500000
5.327908	0.132402	0.763856	0.500000
4.906045	1.087915	0.878556	0.500000
5.581051	1.917837	0.740027	0.500000
6.600929	1.751753	0.977095	0.500000
7.655586	9.881945	0.550500	0.500000
9.117433	0.640692	0.947067	0.500000
0.004443	1.215071	0.535077	0.500000
2.130260	0.675417	0.698250	0.500000
3.101332	0.391512	0.550493	0.500000
4.206848	0.236913	0.520249	0.500000
3.809264	1.162288	0.560999	0.500000
5.316637	2.863750	0.984956	0.500000
6.313565	2.718871	0.909855	0.500000
7.193898	0.898162	0.941891	0.500000
8.853172	1.575928	0.519262	0.500000
9.677254	2.082425	0.966423	0.500000
0.658846	2.006993	0.688330	0.500000
1.851049	1.768602	0.984650	0.500000
1.443595	2.665602	0.726493	0.500000
3.528019	2.213519	0.636595	0.500000
4.546031	2.054616	0.685543	0.500000
4.292272	2.990582	0.978663	0.500000
7.148355	5.360868	0.628973	0.500000
7.715194	2.980862	0.533618	0.500000
8.604291	2.498301	0.945689	0.500000
0.468812	3.073869	0.817564	0.500000
1.313786	3.670115	0.549979	0.500000
2.484948	2.393715	0.509507	0.500000
3.242423	3.142800	0.996738	0.500000
5.520048	4.789992	0.556430	0.500000
4.955779	3.895560	0.991322	0.500000
5.954215	3.666320	0.882088	0.500000
6.920888	3.605236	0.550582	0.500000
8.427095	3.603890	0.890306	0.500000
9.420639	3.168499	0.641705	0.500000
2.010821	6.284714	0.618320	0.500000
1.151226	5.348739	0.525716	0.500000
2.212075	3.376214	0.919368	0.500000
2.935333	4.107151	0.556514	0.500000
3.916507	3.958544	0.897395	0.500000
7.668167	4.337624	0.681210	0.500000
6.523963	4.519797	0.843718	0.500000
9.595695	4.178149	0.784037	0.500000
9.033845	5.438318	0.993390	0.500000
0.595908	4.415250	0.916244	0.500000
2.982957	6.141275	0.846261	0.500000
1.956821	4.477866	0.547617	0.500000
3.424472	5.014517	0.540823	0.500000
4.102836	5.984742	0.652222	0.500000
4.492376	4.878938	0.509332	0.500000
7.099060	6.322332	0.984515	0.500000
8.668082	4.520768	0.505009	0.500000
0.387437	6.981395	0.516533	0.500000
0.216334	5.391896	0.905216	0.500000
9.884811	8.374566	0.507422	0.500000
9.540932	7.429693	0.923484	0.500000
2.255617	7.883344	0.936659	0.500000
2.654657	7.048905	0.500134	0.500000
0.947578	6.250209	0.994008	0.500000
2.243657	5.339065	0.991416	0.500000
5.032199	5.680779	0.963687	0.500000
6.193644	5.601848	0.863296	0.500000
8.148659	5.989348	0.610223	0.500000
7.095269	8.124243	0.624174	0.500000
9.553624	6.386269	0.917964	0.500000
8.968473	8.675013	0.971230	0.500000
0.931512	8.067750	0.994444	0.500000
1.395580	7.148426	0.584131	0.500000
3.286194	7.849572	0.992866	0.500000
3.715180	6.902896	0.902274	0.500000
6.520421	7.184625	0.737625	0.500000
5.668991	6.428679	0.596672	0.500000
6.094516	8.135870	0.724385	0.500000
7.530428	7.197161	0.524649	0.500000
8.701667	6.831608	0.516399	0.500000
