100

8.858228	0.223362	0.936430	0.500000
0.278500	9.001383	0.982195	0.500000
2.749845	0.389459	0.610821	0.500000
1.582565	0.479614	0.941150	0.500000
3.087918	9.312115	0.700103	0.500000
4.578905	8.210533	0.674962	0.500000
5.044739	7.266157	0.693596	0.500000
6.601113	0.759545	0.948422	0.500000
6.979706	9.472339	0.859735	0.500000
8.585039	8.437637	0.953403	0.500000
8.268962	1.093468	0.562564	0.500000
0.865907	9.841117	0.535800	0.500000
3.817038	0.225666	0.915566	0.500000
2.017157	9.627364	0.592868	0.500000
4.171084	9.285080	0.512895	0.500000
5.830286	8.043262	0.953476	0.500000
5.126154	9.090042	0.885570	0.500000
6.213832	1.584925	0.523041	0.500000
5.886060	9.959900	0.913531	0.500000
8.032636	9.434834	0.523579	0.500000
7.943501	2.196670	0.958470	0.500000
9.919760	0.075733	0.878456	0.500000
0.660091	0.940188	0.912842	0.500000
2.904787	2.250827	0.810206	0.500000
4.852756	0.100736	0.952874	0.500000
5.478362	0.852829	0.605929	0.500000
5.045201	1.789099	0.819322	0.500000
5.804464	2.544839	0.703550	0.500000
6.873832	2.353726	0.916284	0.500000
7.522510	0.379242	0.816128	0.500000
9.453787	1.049333	0.833879	0.500000
0.027353	1.871946	0.585589	0.500000
2.263257	1.237786	0.974785	0.500000
3.383121	1.278844	0.704521	0.500000
4.441438	1.012338	0.548582	0.500000
3.995371	2.137407	0.871148	0.500000
5.591668	3.538387	0.726999	0.500000
6.610476	3.425130	0.738996	0.500000
7.305863	1.388425	0.517192	0.500000
8.978387	1.959914	0.835572	0.500000
9.635129	2.772079	0.976653	0.500000
0.565681	2.756074	0.567449	0.500000
1.548655	1.810878	0.528975	0.500000
1.544724	3.078501	0.730696	0.500000
3.663893	3.162040	0.594355	0.500000
4.753059	2.794968	0.821049	0.500000
4.543147	3.783364	0.935130	0.500000
7.610357	5.922121	0.536065	0.500000
7.602659	3.145424	0.938139	0.500000
8.569174	2.903364	0.619336	0.500000
0.273745	3.677899	0.853416	0.500000
1.039180	4.403809	0.703717	0.500000
2.658614	3.229516	0.881071	0.500000
3.290719	4.067057	0.845887	0.500000
5.851702	5.405652	0.526837	0.500000
5.184474	4.553161	0.737152	0.500000
6.167065	4.348584	0.874589	0.500000
7.176655	4.321199	0.533375	0.500000
8.206670	3.984480	0.797475	0.500000
9.231805	3.706847	0.632099	0.500000
1.251514	6.792431	0.674208	0.500000
0.941956	5.425342	0.534568	0.500000
2.015743	3.987353	0.557415	0.500000
2.759618	5.071177	0.567913	0.500000
4.179423	4.748371	0.753523	0.500000
7.879452	4.972137	0.900731	0.500000
6.713827	5.192799	0.992038	0.500000
8.927064	4.717618	0.874451	0.500000
9.616360	5.480556	0.935183	0.500000
0.051496	4.622236	0.589760	0.500000
2.233769	6.783331	0.968662	0.500000
1.771181	5.046849	0.984822	0.500000
3.582779	5.537416	0.953840	0.500000
4.252791	6.603004	0.568709	0.500000
4.795547	5.549762	0.952684	0.500000
7.297355	6.877047	0.526751	0.500000
8.606485	5.689411	0.744518	0.500000
9.985643	7.322599	0.908020	0.500000
0.309990	6.197904	0.759440	0.500000
0.892601	7.914841	0.990103	0.500000
9.714046	8.314360	0.504427	0.500000
2.551942	8.508807	0.976448	0.500000
2.957894	7.483449	0.564878	0.500000
1.999232	5.901595	0.503385	0.500000
3.075839	6.398068	0.559232	0.500000
5.433597	6.321648	0.848478	0.500000
6.613209	6.247108	0.979136	0.500000
8.332172	6.671154	0.974825	0.500000
7.517809	8.540465	0.720334	0.500000
9.338561	6.510631	0.860686	0.500000
9.238152	9.205818	0.791007	0.500000
1.481535	8.766113	0.918184	0.500000
1.854707	7.637066	0.606165	0.500000
3.532685	8.357577	0.564310	0.500000
3.928287	7.489528	0.945493	0.500000
6.844754	7.800894	0.993064	0.500000
6.117808	7.147170	0.583247	0.500000
6.099126	9.037569	0.507916	0.500000
7.997351	7.614946	0.543185	0.500000
9.033376	7.576469	0.571999	0.500000
