100

8.702524	8.698893	0.948725	0.500000
9.727495	8.551582	0.947486	0.500000
2.699313	9.037764	0.985454	0.500000
1.166310	0.001361	0.928174	0.500000
2.795161	7.949986	0.922111	0.500000
3.561710	5.770085	0.991673	0.500000
4.244276	6.455117	0.547635	0.500000
6.692141	8.120196	0.590183	0.500000
6.951085	9.465286	0.598230	0.500000
8.236376	6.874841	0.936661	0.500000
8.358827	9.711302	0.757109	0.500000
0.722215	9.125771	0.589460	0.500000
3.605978	8.583270	0.970845	0.500000
1.959654	9.518979	0.504772	0.500000
3.377931	6.987018	0.947889	0.500000
5.946812	6.558534	0.995481	0.500000
4.992483	7.120395	0.920139	0.500000
6.025246	8.936086	0.940855	0.500000
4.936100	8.250091	0.924510	0.500000
7.940988	7.783220	0.581440	0.500000
8.023384	0.679147	0.704146	0.500000
0.243304	0.259574	0.538714	0.500000
1.890191	1.101241	0.545172	0.500000
3.464753	0.675152	0.655862	0.500000
4.060286	7.592691	0.511051	0.500000
4.412079	9.041378	0.518421	0.500000
5.245907	9.730117	0.534319	0.500000
6.421690	1.195517	0.554607	0.500000
7.076779	0.456048	0.961322	0.500000
7.642492	8.797064	0.986036	0.500000
9.522239	9.629395	0.904571	0.500000
9.731603	1.172423	0.919544	0.500000
2.598191	0.251146	0.934163	0.500000
3.508338	9.564237	0.546223	0.500000
4.349593	0.176731	0.833608	0.500000
4.655553	1.190488	0.612245	0.500000
5.449987	1.910877	0.502936	0.500000
6.348329	2.093050	0.993818	0.500000
6.160132	9.971151	0.946376	0.500000
9.039204	0.519811	0.507729	0.500000
0.318905	2.053190	0.761013	0.500000
0.812368	1.025433	0.987752	0.500000
1.474371	2.022206	0.870831	0.500000
9.929287	3.092882	0.990943	0.500000
3.785892	1.686571	0.987122	0.500000
5.500902	0.741612	0.907151	0.500000
4.462202	2.430115	0.980225	0.500000
7.494434	4.210227	0.855391	0.500000
7.394201	1.469024	0.867825	0.500000
9.289807	2.199195	0.621615	0.500000
8.570918	1.493359	0.951701	0.500000
9.659010	4.019661	0.619394	0.500000
2.796792	1.621979	0.771448	0.500000
3.317158	2.492580	0.569741	0.500000
5.691112	3.966701	0.921889	0.500000
4.855171	3.252607	0.529985	0.500000
5.794357	2.896046	0.698398	0.500000
7.127302	2.574431	0.511740	0.500000
8.090490	2.297694	0.548955	0.500000
8.905310	3.121232	0.695115	0.500000
1.373922	4.586774	0.513596	0.500000
0.901760	5.549607	0.983784	0.500000
2.296282	2.525988	0.517069	0.500000
2.833692	3.506827	0.647141	0.500000
3.865448	3.242003	0.954259	0.500000
7.868135	3.266527	0.659773	0.500000
6.716896	3.500067	0.776515	0.500000
8.931565	5.065262	0.978084	0.500000
9.735343	5.669140	0.948842	0.500000
0.770701	3.912418	0.976988	0.500000
2.278270	4.335666	0.997977	0.500000
0.855987	3.006263	0.546619	0.500000
3.329829	4.308152	0.998211	0.500000
4.327487	5.197144	0.562095	0.500000
4.509090	4.201158	0.917204	0.500000
7.100538	5.446558	0.940731	0.500000
8.525641	4.130003	0.858062	0.500000
1.232431	7.345255	0.965131	0.500000
0.366786	4.815393	0.518658	0.500000
0.200937	7.228497	0.926552	0.500000
9.226625	6.668823	0.958303	0.500000
1.751856	8.476334	0.873261	0.500000
1.960288	5.310099	0.932115	0.500000
1.587102	6.270219	0.597343	0.500000
1.791824	3.487775	0.551772	0.500000
5.392827	4.826769	0.500285	0.500000
6.510600	4.512837	0.676572	0.500000
8.050629	5.090420	0.502534	0.500000
6.691921	7.079046	0.520971	0.500000
0.571491	6.371058	0.505148	0.500000
9.358186	7.721393	0.520978	0.500000
0.575069	8.134759	0.526705	0.500000
2.161388	7.266083	0.512933	0.500000
2.592374	6.345058	0.664397	0.500000
2.899384	5.144113	0.513230	0.500000
6.011736	5.631085	0.514806	0.500000
5.141608	5.877317	0.976600	0.500000
5.735464	7.714978	0.547238	0.500000
7.411493	6.328989	0.577924	0.500000
8.612785	5.999881	0.514992	0.500000
