100

8.629736	9.540173	0.999688	0.500000
9.737533	9.073114	0.534505	0.500000
2.385067	9.548266	0.779711	0.500000
1.362613	9.768838	0.867233	0.500000
2.814693	8.585154	0.911643	0.500000
4.352545	7.440498	0.743509	0.500000
4.776467	6.502271	0.526863	0.500000
6.632790	9.812048	0.869055	0.500000
7.111986	8.777242	0.871471	0.500000
8.338230	7.491047	0.611746	0.500000
8.161713	0.689492	0.717852	0.500000
0.691730	8.979089	0.969350	0.500000
3.454236	9.360103	0.682853	0.500000
1.719130	8.789697	0.905729	0.500000
3.829588	8.294995	0.516506	0.500000
5.424232	7.299250	0.956574	0.500000
5.046405	8.227867	0.557885	0.500000
5.808701	0.678991	0.895559	0.500000
5.659670	9.021157	0.845303	0.500000
8.148306	8.668347	0.600017	0.500000
8.062783	1.687952	0.543527	0.500000
0.232134	9.983667	0.873298	0.500000
1.907650	1.461844	0.900836	0.500000
2.945704	1.388321	0.558196	0.500000
4.453309	9.057758	0.764527	0.500000
5.131973	9.922610	0.698903	0.500000
4.880098	0.926968	0.505238	0.500000
5.505592	1.744719	0.956522	0.500000
6.386942	1.395726	0.505596	0.500000
7.576760	9.684382	0.514289	0.500000
9.270200	0.348064	0.884014	0.500000
9.888098	1.123330	0.735317	0.500000
1.989061	0.539099	0.501148	0.500000
3.105541	0.334767	0.782144	0.500000
4.146923	0.100765	0.977407	0.500000
3.966299	1.311498	0.818970	0.500000
5.168053	2.942398	0.946652	0.500000
6.165810	2.480253	0.754503	0.500000
7.181415	0.722060	0.949009	0.500000
8.938738	1.330300	0.972774	0.500000
0.562211	1.842285	0.961158	0.500000
1.036180	0.900053	0.625251	0.500000
1.413451	2.469516	0.932848	0.500000
0.377662	2.991601	0.655796	0.500000
3.531252	2.202007	0.509822	0.500000
4.565898	2.089856	0.574410	0.500000
4.108454	2.958091	0.844393	0.500000
7.065043	5.033898	0.570367	0.500000
7.173282	1.916036	0.956548	0.500000
9.718856	2.204678	0.522669	0.500000
8.757784	2.373883	0.977088	0.500000
9.356268	3.279870	0.952028	0.500000
2.405279	2.252782	0.506142	0.500000
3.099064	3.225917	0.925027	0.500000
5.386891	4.513815	0.843367	0.500000
4.739290	3.817131	0.505934	0.500000
5.947738	3.540547	0.575104	0.500000
6.960197	3.196745	0.605285	0.500000
7.816289	2.850551	0.999312	0.500000
8.425452	3.647805	0.524143	0.500000
1.718751	5.912620	0.520796	0.500000
0.898111	4.837754	0.602211	0.500000
2.121051	3.282243	0.582933	0.500000
2.558329	4.136092	0.930974	0.500000
3.735553	4.024541	0.925565	0.500000
7.469554	4.011578	0.999461	0.500000
6.393110	4.387102	0.976959	0.500000
9.088111	4.339206	0.879209	0.500000
8.822706	5.466025	0.728571	0.500000
0.147676	4.051554	0.765773	0.500000
2.927312	5.916096	0.798741	0.500000
1.189820	3.821637	0.567808	0.500000
3.373168	5.042277	0.550437	0.500000
4.043807	5.827890	0.637295	0.500000
4.330502	4.746101	0.552385	0.500000
6.817438	6.130898	0.645868	0.500000
8.117399	4.744049	0.755333	0.500000
0.455250	7.093462	0.878000	0.500000
9.783405	5.160768	0.732696	0.500000
0.188422	8.115742	0.900557	0.500000
9.452301	7.362694	0.736889	0.500000
2.145975	7.888212	0.522833	0.500000
2.407274	6.825111	0.981683	0.500000
0.738110	6.001998	0.954944	0.500000
2.269259	5.042475	0.533390	0.500000
5.133435	5.559063	0.785655	0.500000
6.085985	5.309311	0.574894	0.500000
7.843900	5.742917	0.903695	0.500000
7.423386	7.755682	0.934318	0.500000
9.510066	6.213617	0.977474	0.500000
9.120868	8.349167	0.866215	0.500000
1.148406	7.895620	0.687023	0.500000
1.410010	6.932528	0.550773	0.500000
3.105304	7.555321	0.523042	0.500000
3.569678	6.728727	0.910479	0.500000
6.661005	7.222812	0.511459	0.500000
5.823302	6.450427	0.536338	0.500000
6.077895	8.070775	0.999354	0.500000
7.600304	6.759569	0.947312	0.500000
8.607377	6.527300	0.583937	0.500000
