100

9.183641	7.246335	0.551654	0.500000
11.188223	7.760186	0.573577	0.500000
1.826961	3.317470	0.514468	0.500000
2.503349	8.295992	0.556041	0.500000
8.030054	2.528641	0.545231	0.500000
7.436226	5.744585	0.536111	0.500000
5.827943	10.580959	0.530557	0.500000
10.059713	1.510220	0.532357	0.500000
10.679034	0.585642	0.543256	0.500000
0.342969	8.076805	0.592074	0.500000
0.523395	4.998754	0.574220	0.500000
3.640329	7.870687	0.515559	0.500000
3.705457	0.121758	0.500622	0.500000
7.064679	10.281249	0.508426	0.500000
6.076728	8.120905	0.557540	0.500000
5.017081	5.415694	0.533113	0.500000
4.854909	0.083361	0.556194	0.500000
11.638236	1.350908	0.504881	0.500000
8.237224	4.210106	0.540436	0.500000
1.387501	9.876915	0.510435	0.500000
8.091729	9.813266	0.571570	0.500000
4.621827	8.517578	0.561615	0.500000
3.359978	9.064720	0.529337	0.500000
2.944633	3.136794	0.597214	0.500000
4.412649	4.260550	0.541671	0.500000
6.068305	5.583095	0.578483	0.500000
7.496314	0.414334	0.599164	0.500000
10.527678	2.861186	0.540559	0.500000
1.427185	8.376043	0.534322	0.500000
2.826833	7.267763	0.518657	0.500000
9.754386	5.037442	0.594490	0.500000
0.819678	2.950375	0.526479	0.500000
3.931806	2.780447	0.551521	0.500000
8.973151	1.752565	0.519294	0.500000
6.148034	0.808632	0.537676	0.500000
7.039186	4.822621	0.598557	0.500000
6.945357	3.784030	0.529068	0.500000
8.729798	3.301229	0.526055	0.500000
4.864128	7.371317	0.509910	0.500000
2.458546	1.006105	0.581516	0.500000
10.459986	6.981975	0.569165	0.500000
0.573104	9.220867	0.521907	0.500000
8.022754	7.667326	0.537317	0.500000
4.506158	9.996747	0.519228	0.500000
5.319896	6.472198	0.536314	0.500000
2.341678	2.021488	0.538905	0.500000
9.123785	10.248905	0.556642	0.500000
12.000487	4.750124	0.556320	0.500000
6.328837	6.706566	0.505596	0.500000
10.395357	5.824238	0.584915	0.500000
10.986686	4.573930	0.550961	0.500000
9.550112	2.590932	0.593848	0.500000
4.569994	1.969442	0.533341	0.500000
6.946047	2.505128	0.536775	0.500000
3.226977	10.079851	0.544650	0.500000
11.925506	10.707215	0.528497	0.500000
0.072309	3.924016	0.560970	0.500000
3.970871	6.844815	0.598765	0.500000
10.837874	9.434491	0.569707	0.500000
10.406283	10.371955	0.568565	0.500000
2.510571	10.792739	0.509456	0.500000
1.358884	4.323724	0.500098	0.500000
0.727741	10.658947	0.595747	0.500000
10.247686	3.895618	0.503182	0.500000
5.160871	1.047005	0.523637	0.500000
5.416457	9.452304	0.513793	0.500000
8.576359	5.157942	0.561634	0.500000
3.613433	1.155250	0.587867	0.500000
5.729328	2.869018	0.573677	0.500000
2.031848	5.874716	0.518721	0.500000
1.734278	6.894994	0.535524	0.500000
9.781248	8.990815	0.583826	0.500000
7.427239	8.555687	0.513782	0.500000
10.156060	8.033530	0.526654	0.500000
2.369319	4.892132	0.509986	0.500000
9.100802	6.237292	0.569752	0.500000
11.509003	3.575011	0.521507	0.500000
8.589126	8.773768	0.506742	0.500000
9.720520	0.261358	0.564089	0.500000
7.303240	1.457075	0.505002	0.500000
0.055382	2.079409	0.522066	0.500000
0.882501	6.203160	0.555277	0.500000
1.167537	0.774142	0.574747	0.500000
11.529771	6.549122	0.570041	0.500000
12.233797	5.835971	0.582442	0.500000
1.235419	1.891638	0.516683	0.500000
7.015927	7.512141	0.517555	0.500000
11.995774	8.683185	0.572797	0.500000
12.087902	9.709678	0.505198	0.500000
3.868077	5.174139	0.558354	0.500000
8.522725	0.461561	0.585868	0.500000
11.702620	2.547756	0.523595	0.500000
3.100786	5.953048	0.589777	0.500000
6.455889	9.062183	0.570386	0.500000
6.067950	1.827289	0.571533	0.500000
9.250155	4.167534	0.522589	0.500000
12.369241	7.178968	0.515460	0.500000
5.890377	3.960201	0.503187	0.500000
8.136107	6.541923	0.560904	0.500000
2.364827	9.366026	0.520113	0.500000
