200

10.242610	1.272021	0.608518	0.500000
2.796561	1.056510	0.510271	0.500000
4.389722	9.195462	1.477194	0.500000
2.185694	10.396220	0.507102	0.500000
6.860388	1.759171	1.479577	0.500000
7.014376	0.731861	0.561614	0.500000
7.942888	2.027597	1.482736	0.500000
8.088355	8.494814	0.516381	0.500000
9.339330	0.427372	1.345893	0.500000
9.113714	2.389907	1.452368	0.500000
5.723313	7.676174	1.354134	0.500000
2.843180	8.612043	0.612482	0.500000
8.570510	1.766220	0.555608	0.500000
6.965729	6.442651	0.602421	0.500000
3.128318	3.029065	1.361599	0.500000
8.723216	6.980965	1.397485	0.500000
3.834942	1.219720	0.756590	0.500000
3.743977	2.197689	1.333412	0.500000
1.184571	9.970206	0.594629	0.500000
5.443870	2.261641	0.562486	0.500000
8.184061	3.028192	1.475779	0.500000
9.617557	2.173144	0.550683	0.500000
0.111279	9.886170	0.520193	0.500000
9.764605	4.901230	0.563040	0.500000
3.802849	0.528544	1.480942	0.500000
5.159777	1.191959	0.569190	0.500000
4.139029	3.189282	1.404404	0.500000
5.134167	3.319352	1.495166	0.500000
1.123856	2.756807	0.565198	0.500000
10.208802	6.968381	1.453981	0.500000
7.907599	9.625279	1.413239	0.500000
0.349376	4.329628	1.393575	0.500000
2.202709	6.400439	0.631307	0.500000
0.857313	1.616550	0.520701	0.500000
3.489159	3.957680	1.452508	0.500000
2.524103	0.349684	1.346062	0.500000
4.374648	4.900218	0.606843	0.500000
9.167395	3.470125	1.401131	0.500000
8.394079	5.072557	0.573994	0.500000
8.382003	9.526219	0.502967	0.500000
9.906097	10.026500	1.483088	0.500000
8.140289	3.692635	0.597095	0.500000
0.553026	7.961318	0.572976	0.500000
3.116510	1.347063	1.484563	0.500000
4.508680	4.234700	1.401982	0.500000
4.433600	2.005588	0.587174	0.500000
5.598969	4.248836	1.381538	0.500000
1.194539	6.076126	0.546987	0.500000
8.325726	5.925628	1.483015	0.500000
6.636230	2.472632	0.615315	0.500000
9.103797	4.116361	0.536580	0.500000
8.505317	4.255176	1.451593	0.500000
3.321153	8.891435	1.469139	0.500000
2.882773	5.607216	1.495543	0.500000
0.104538	2.483855	0.579148	0.500000
5.355635	9.460926	1.477009	0.500000
4.830843	2.339678	1.477613	0.500000
3.669017	2.803415	0.529789	0.500000
5.327671	6.467980	1.449674	0.500000
7.503778	4.000326	1.497122	0.500000
0.659937	7.288793	1.436260	0.500000
0.371233	6.219416	1.466841	0.500000
0.197209	6.851818	0.509522	0.500000
5.083256	3.978701	0.509019	0.500000
6.017393	10.227804	1.458919	0.500000
3.379448	4.764832	0.515851	0.500000
4.844309	5.337974	1.446879	0.500000
3.708787	5.039213	1.478730	0.500000
10.021743	7.739792	0.657495	0.500000
7.307796	4.509470	0.599833	0.500000
1.574501	8.091979	0.518819	0.500000
10.153441	5.372244	1.492037	0.500000
7.438390	8.741577	1.450347	0.500000
10.408936	4.056617	0.536264	0.500000
7.219191	9.289495	0.508675	0.500000
7.652055	10.321103	0.585018	0.500000
6.505227	5.421641	0.610783	0.500000
8.032137	0.770384	0.564408	0.500000
7.678944	6.947374	1.458146	0.500000
9.089300	5.828467	0.511002	0.500000
2.242332	8.633182	1.491863	0.500000
4.709241	5.910496	0.506268	0.500000
1.317069	4.880040	0.536817	0.500000
5.744380	1.589889	1.409482	0.500000
4.196806	9.885884	0.519483	0.500000
3.872380	8.808463	0.628230	0.500000
5.883551	5.467208	1.472399	0.500000
9.124347	8.498345	0.615938	0.500000
6.982825	7.725079	1.430319	0.500000
8.689487	7.575125	0.577195	0.500000
6.974102	3.501871	0.554060	0.500000
6.299861	1.505042	0.531707	0.500000
3.949880	8.090659	1.468698	0.500000
3.398827	0.119480	0.541596	0.500000
5.469135	10.077701	0.548649	0.500000
6.732679	9.455577	1.423836	0.500000
6.801990	8.358814	0.628971	0.500000
6.158153	8.627702	1.388247	0.500000
0.948991	8.878204	0.655837	0.500000
0.587487	0.321879	0.586632	0.500000
0.245872	1.565526	1.423567	0.500000
9.964656	0.287610	0.560122	0.500000
0.440380	10.117857	1.488262	0.500000
3.255236	6.763726	0.550027	0.500000
5.960720	0.522659	0.500139	0.500000
2.502503	5.298653	0.528820	0.500000
6.641662	10.291801	0.580511	0.500000
10.274647	3.498645	1.450614	0.500000
0.069402	8.112844	1.471561	0.500000
1.537434	10.465682	1.453869	0.500000
2.415542	7.401997	0.530670	0.500000
5.957571	2.652985	1.451904	0.500000
2.003897	9.199270	0.567668	0.500000
1.005607	0.801996	1.429962	0.500000
2.122915	3.588953	1.481137	0.500000
3.186441	9.597733	0.684963	0.500000
5.769635	6.133186	0.505142	0.500000
7.327513	1.684242	0.516416	0.500000
4.040715	3.864882	0.505772	0.500000
8.911962	9.829381	1.359258	0.500000
10.147328	2.403954	1.468754	0.500000
1.563545	6.528143	1.425938	0.500000
6.055109	9.264465	0.618470	0.500000
8.554582	1.189593	1.453970	0.500000
4.285294	6.898850	0.507783	0.500000
7.110801	2.876866	1.411977	0.500000
7.229647	0.027061	1.479445	0.500000
4.533400	0.322298	0.535136	0.500000
3.013062	3.768084	0.588060	0.500000
1.009431	3.903910	0.592112	0.500000
9.787927	3.239703	0.607956	0.500000
8.858968	2.862498	0.566134	0.500000
4.799453	10.298069	1.457356	0.500000
7.532483	5.616295	0.501043	0.500000
4.940750	9.172982	0.583964	0.500000
5.444792	0.604135	1.422576	0.500000
6.633765	4.644775	1.493835	0.500000
6.294749	4.380437	0.529704	0.500000
9.574602	9.440254	0.517289	0.500000
9.641070	1.521050	1.494255	0.500000
1.810744	7.585093	1.398294	0.500000
0.914508	3.461960	1.486894	0.500000
0.811041	5.262481	1.496772	0.500000
3.484305	7.803976	0.501077	0.500000
8.776128	10.509727	0.524262	0.500000
4.741303	3.015802	0.543668	0.500000
2.856063	2.128947	0.629433	0.500000
7.777372	2.605108	0.629624	0.500000
8.096452	7.908208	1.489234	0.500000
9.669772	4.388831	1.474019	0.500000
1.403660	4.335212	1.417339	0.500000
4.083449	6.171800	1.498469	0.500000
2.545497	4.520136	1.344578	0.500000
2.951921	7.871449	1.408967	0.500000
1.933653	1.203930	1.488870	0.500000
9.272606	1.052554	0.500796	0.500000
2.263266	2.384719	1.409884	0.500000
1.178293	2.121327	1.361603	0.500000
9.464867	6.253863	1.483411	0.500000
6.414494	3.607159	1.433077	0.500000
0.295833	4.979760	0.526578	0.500000
1.119562	8.311373	1.499512	0.500000
4.719926	7.338729	1.347118	0.500000
1.841101	1.848265	0.589146	0.500000
4.664596	8.133489	0.580589	0.500000
8.004101	6.507341	0.563899	0.500000
7.160642	5.973895	1.491653	0.500000
5.393768	5.178430	0.528255	0.500000
7.778885	5.019107	1.485184	0.500000
2.402748	9.687360	1.473962	0.500000
0.360059	9.076522	1.469275	0.500000
9.261246	7.935944	1.446487	0.500000
6.383093	7.377072	0.619784	0.500000
5.298561	7.093524	0.517104	0.500000
4.630606	1.272891	1.430326	0.500000
1.765589	5.466219	1.266384	0.500000
10.433052	8.751399	0.569023	0.500000
8.989522	5.167233	1.423485	0.500000
9.483704	6.829957	0.637943	0.500000
2.034157	3.991837	0.523657	0.500000
10.227945	5.958421	0.521875	0.500000
1.267353	7.083993	0.601969	0.500000
6.396633	6.822560	1.476085	0.500000
3.626857	7.078141	1.472666	0.500000
2.247038	2.957819	0.552685	0.500000
7.568222	0.984515	1.435913	0.500000
3.686840	5.834663	0.615688	0.500000
5.751070	8.243419	0.524855	0.500000
9.821276	9.020055	1.475656	0.500000
7.475081	7.365210	0.504461	0.500000
1.703534	0.797184	0.576746	0.500000
10.458501	0.485186	1.493888	0.500000
1.405623	9.350015	1.473528	0.500000
2.578891	6.817248	1.492690	0.500000
3.741999	9.981385	1.452159	0.500000
5.123999	8.473343	1.463492	0.500000
6.422468	0.846684	1.482245	0.500000
8.594221	8.787539	1.442984	0.500000
8.305581	0.145615	1.490764	0.500000
5.831015	3.282291	0.659267	0.500000
