200

11.547037	2.713926	1.913943	0.500000
6.243872	4.198374	0.967095	0.500000
7.161596	5.411787	1.938108	0.500000
10.580753	6.943790	1.489869	0.500000
4.295217	8.306595	0.748784	0.500000
3.584421	9.492132	0.754532	0.500000
6.297440	2.272098	0.700387	0.500000
4.841555	0.782645	1.765382	0.500000
5.515589	2.737410	1.262155	0.500000
0.832006	8.803885	1.936194	0.500000
7.720326	9.009448	1.938935	0.500000
7.861403	1.588956	0.544685	0.500000
2.239986	5.640573	1.840275	0.500000
0.509816	6.925955	1.056203	0.500000
10.346286	3.006731	0.767684	0.500000
3.467019	8.110319	1.296587	0.500000
7.304191	8.534402	1.021383	0.500000
2.612673	1.308711	1.883668	0.500000
9.716718	2.820801	1.863882	0.500000
2.241917	3.599204	0.604438	0.500000
2.614900	3.781554	1.931035	0.500000
7.626683	6.443764	1.239066	0.500000
4.114366	5.331148	0.712508	0.500000
6.361873	8.941513	0.576347	0.500000
3.580919	0.336817	1.697540	0.500000
0.327060	0.491159	1.848989	0.500000
9.090536	5.048333	0.544253	0.500000
10.183340	0.831478	0.914774	0.500000
4.537127	2.371155	1.627756	0.500000
7.972765	5.160783	0.645465	0.500000
2.614462	0.147928	1.472364	0.500000
0.750444	4.402164	0.582353	0.500000
7.670244	0.681189	1.979384	0.500000
3.698320	7.442548	0.575800	0.500000
2.578377	6.669503	0.806189	0.500000
10.544240	9.326379	1.912689	0.500000
1.349212	0.704014	1.807054	0.500000
0.947827	6.448179	1.878506	0.500000
10.627372	2.314673	1.605322	0.500000
4.264669	7.468760	1.853892	0.500000
3.483229	4.390949	1.865339	0.500000
7.451434	0.506733	0.946708	0.500000
9.081077	9.436871	0.527862	0.500000
9.740242	5.835608	0.503500	0.500000
1.087268	9.782241	1.852630	0.500000
4.863852	4.310088	0.817493	0.500000
1.881771	2.662966	0.513240	0.500000
8.121632	7.295770	0.522895	0.500000
8.328598	0.053307	0.553093	0.500000
6.858389	1.372094	1.052114	0.500000
11.347095	6.460190	1.982341	0.500000
4.891950	7.305896	0.671585	0.500000
10.132758	6.835096	0.575297	0.500000
3.147202	6.090960	1.804386	0.500000
4.444816	0.190213	1.048321	0.500000
8.556456	5.042570	1.604006	0.500000
7.533254	3.666881	0.672297	0.500000
11.593070	3.559989	0.546330	0.500000
8.460833	6.108895	1.948558	0.500000
9.950478	8.672230	0.634071	0.500000
11.325604	6.644176	0.782066	0.500000
11.181407	0.278337	0.607571	0.500000
9.988022	0.133060	1.723051	0.500000
1.143181	1.709389	1.872051	0.500000
2.781743	8.522493	1.978757	0.500000
9.909313	7.939283	1.322755	0.500000
10.816092	7.907905	0.819147	0.500000
2.437798	1.568543	0.860991	0.500000
4.959272	5.972097	0.798773	0.500000
11.332649	2.594225	0.630366	0.500000
1.879603	8.496891	0.589930	0.500000
4.467713	5.382634	1.663646	0.500000
2.912752	8.680161	0.629565	0.500000
9.089548	9.606739	1.559825	0.500000
9.209916	0.944685	0.702655	0.500000
10.550774	3.996263	0.611085	0.500000
7.153197	2.722071	1.908035	0.500000
8.381100	1.106642	1.418331	0.500000
2.425426	7.698068	0.869516	0.500000
2.433693	5.539282	0.820773	0.500000
8.197599	10.010276	1.873298	0.500000
7.447593	3.714645	1.973930	0.500000
6.777397	9.898043	0.507335	0.500000
3.195643	0.212715	0.537648	0.500000
2.887717	2.794582	0.734936	0.500000
9.785996	2.088156	0.850657	0.500000
5.646240	5.229088	0.816903	0.500000
1.670913	7.021597	0.532735	0.500000
11.059130	3.488780	1.493987	0.500000
0.151556	4.501393	1.597363	0.500000
1.100315	4.994286	1.376544	0.500000
7.540284	2.522786	0.786716	0.500000
2.592974	2.321268	1.875530	0.500000
9.673977	8.782078	1.885474	0.500000
6.078969	7.050421	1.908623	0.500000
9.106026	7.139730	0.635829	0.500000
1.675467	8.011152	1.833263	0.500000
1.620058	6.128148	1.119712	0.500000
4.397247	3.354399	0.546207	0.500000
4.580028	1.262842	0.606106	0.500000
9.546018	7.056147	1.952954	0.500000
0.909763	7.774268	0.590666	0.500000
0.494096	2.184586	0.529516	0.500000
1.781352	0.434397	0.566847	0.500000
10.460725	5.065514	0.587043	0.500000
11.338919	7.483186	1.885717	0.500000
8.773069	1.968182	0.731892	0.500000
2.796912	4.571041	0.602608	0.500000
1.797990	2.895813	1.589216	0.500000
2.217812	7.147927	1.745213	0.500000
5.296287	0.534753	0.609012	0.500000
4.004536	6.457521	1.285311	0.500000
11.002039	5.547047	1.597951	0.500000
6.535592	3.238795	0.539455	0.500000
5.265667	1.733326	1.892560	0.500000
5.434869	5.366486	1.940761	0.500000
5.310987	7.783616	1.716209	0.500000
3.415763	1.359873	0.649153	0.500000
0.806894	3.588482	1.974153	0.500000
0.895019	3.160705	0.956997	0.500000
4.809564	4.313622	1.864329	0.500000
5.710791	7.904212	0.573175	0.500000
7.724080	9.412907	0.611640	0.500000
5.005096	2.263676	0.508850	0.500000
9.025474	0.433168	1.984443	0.500000
6.326817	0.637829	0.616404	0.500000
7.270419	7.368539	1.779624	0.500000
3.343256	9.365096	1.982895	0.500000
8.826559	3.128935	0.757706	0.500000
6.655348	0.647174	1.825051	0.500000
7.136758	9.708624	1.455536	0.500000
5.219605	8.755453	0.897043	0.500000
11.429171	8.744798	1.694674	0.500000
3.977239	2.322070	0.508630	0.500000
9.933576	5.680096	1.808495	0.500000
6.228123	5.990761	1.730390	0.500000
7.076591	4.705229	0.501664	0.500000
3.418979	6.077910	0.511138	0.500000
0.163270	1.186614	0.694442	0.500000
10.826136	4.475337	1.928090	0.500000
7.726274	1.721969	1.940013	0.500000
1.852679	8.997299	1.972446	0.500000
4.565038	9.409263	0.507505	0.500000
1.827883	4.636842	1.974432	0.500000
2.350009	9.636456	0.602095	0.500000
3.263957	5.232173	1.300028	0.500000
0.534128	7.810942	1.621507	0.500000
1.736636	4.720832	0.524355	0.500000
9.704294	4.626889	1.240098	0.500000
8.997359	8.295944	1.032076	0.500000
3.814843	4.370089	0.920783	0.500000
8.885789	4.110619	1.866163	0.500000
5.282312	8.764146	1.982158	0.500000
0.824975	0.406986	0.984129	0.500000
4.039032	3.449233	1.530287	0.500000
0.242623	9.617943	1.267596	0.500000
0.181300	5.503841	1.981922	0.500000
10.587514	8.270381	1.995669	0.500000
6.825187	5.996577	0.760444	0.500000
4.935116	6.703969	1.748095	0.500000
11.382790	8.722058	0.645275	0.500000
9.252966	6.287072	1.302867	0.500000
1.099115	9.722791	0.532638	0.500000
6.088363	9.332540	1.772722	0.500000
0.679152	8.732371	0.928974	0.500000
1.399096	3.992105	1.226842	0.500000
3.289908	7.169911	1.949567	0.500000
6.329511	8.129635	1.733310	0.500000
9.470074	1.738949	1.972658	0.500000
10.870865	1.278768	1.841163	0.500000
10.862643	1.520498	0.500172	0.500000
9.531042	3.822730	0.513491	0.500000
8.424821	4.096881	0.845958	0.500000
8.382360	6.280324	0.520072	0.500000
11.291778	5.624190	0.508842	0.500000
5.393343	3.460093	0.560969	0.500000
3.570591	2.593294	1.910930	0.500000
7.560272	4.534062	1.410966	0.500000
4.312191	9.044508	1.966952	0.500000
5.813709	4.285094	1.995064	0.500000
6.427266	3.407823	1.633124	0.500000
0.506948	5.808992	0.761991	0.500000
8.692039	2.774859	1.744007	0.500000
9.884442	3.846467	1.878626	0.500000
8.329882	8.167742	1.983234	0.500000
3.591424	1.547249	1.979195	0.500000
4.842916	9.966496	1.948596	0.500000
6.274613	2.150223	1.744500	0.500000
10.647253	9.438082	0.846530	0.500000
5.813152	1.389099	1.127285	0.500000
6.895761	7.495170	0.548387	0.500000
11.027035	0.185570	1.702743	0.500000
1.435164	1.623258	0.537694	0.500000
5.757266	0.186334	1.625770	0.500000
11.439350	4.560229	0.578809	0.500000
5.972785	6.683577	0.819412	0.500000
5.019828	3.325291	1.909894	0.500000
0.163824	1.639205	1.614631	0.500000
8.446960	7.102329	1.745731	0.500000
5.744749	9.767013	0.583823	0.500000
