100

0.000000	0.000000	0.500000	0.500000
1.000486	0.000000	0.500000	0.500000
2.000972	0.000000	0.500000	0.500000
3.001458	0.000000	0.500000	0.500000
4.001944	0.000000	0.500000	0.500000
5.002431	0.000000	0.500000	0.500000
6.002917	0.000000	0.500000	0.500000
7.003403	0.000000	0.500000	0.500000
8.003889	0.000000	0.500000	0.500000
9.004375	0.000000	0.500000	0.500000
0.000000	1.000486	0.500000	0.500000
1.000486	1.000486	0.500000	0.500000
2.000972	1.000486	0.500000	0.500000
3.001458	1.000486	0.500000	0.500000
4.001944	1.000486	0.500000	0.500000
5.002431	1.000486	0.500000	0.500000
6.002917	1.000486	0.500000	0.500000
7.003403	1.000486	0.500000	0.500000
8.003889	1.000486	0.500000	0.500000
9.004375	1.000486	0.500000	0.500000
0.000000	2.000972	0.500000	0.500000
1.000486	2.000972	0.500000	0.500000
2.000972	2.000972	0.500000	0.500000
3.001458	2.000972	0.500000	0.500000
4.001944	2.000972	0.500000	0.500000
5.002431	2.000972	0.500000	0.500000
6.002917	2.000972	0.500000	0.500000
7.003403	2.000972	0.500000	0.500000
8.003889	2.000972	0.500000	0.500000
9.004375	2.000972	0.500000	0.500000
0.000000	3.001458	0.500000	0.500000
1.000486	3.001458	0.500000	0.500000
2.000972	3.001458	0.500000	0.500000
3.001458	3.001458	0.500000	0.500000
4.001944	3.001458	0.500000	0.500000
5.002431	3.001458	0.500000	0.500000
6.002917	3.001458	0.500000	0.500000
7.003403	3.001458	0.500000	0.500000
8.003889	3.001458	0.500000	0.500000
9.004375	3.001458	0.500000	0.500000
0.000000	4.001944	0.500000	0.500000
1.000486	4.001944	0.500000	0.500000
2.000972	4.001944	0.500000	0.500000
3.001458	4.001944	0.500000	0.500000
4.001944	4.001944	0.500000	0.500000
5.002431	4.001944	0.500000	0.500000
6.002917	4.001944	0.500000	0.500000
7.003403	4.001944	0.500000	0.500000
8.003889	4.001944	0.500000	0.500000
9.004375	4.001944	0.500000	0.500000
0.000000	5.002431	0.500000	0.500000
1.000486	5.002431	0.500000	0.500000
2.000972	5.002431	0.500000	0.500000
3.001458	5.002431	0.500000	0.500000
4.001944	5.002431	0.500000	0.500000
5.002431	5.002431	0.500000	0.500000
6.002917	5.002431	0.500000	0.500000
7.003403	5.002431	0.500000	0.500000
8.003889	5.002431	0.500000	0.500000
9.004375	5.002431	0.500000	0.500000
0.000000	6.002917	0.500000	0.500000
1.000486	6.002917	0.500000	0.500000
2.000972	6.002917	0.500000	0.500000
3.001458	6.002917	0.500000	0.500000
4.001944	6.002917	0.500000	0.500000
5.002431	6.002917	0.500000	0.500000
6.002917	6.002917	0.500000	0.500000
7.003403	6.002917	0.500000	0.500000
8.003889	6.002917	0.500000	0.500000
9.004375	6.002917	0.500000	0.500000
0.000000	7.003403	0.500000	0.500000
1.000486	7.003403	0.500000	0.500000
2.000972	7.003403	0.500000	0.500000
3.001458	7.003403	0.500000	0.500000
4.001944	7.003403	0.500000	0.500000
5.002431	7.003403	0.500000	0.500000
6.002917	7.003403	0.500000	0.500000
7.003403	7.003403	0.500000	0.500000
8.003889	7.003403	0.500000	0.500000
9.004375	7.003403	0.500000	0.500000
0.000000	8.003889	0.500000	0.500000
1.000486	8.003889	0.500000	0.500000
2.000972	8.003889	0.500000	0.500000
3.001458	8.003889	0.500000	0.500000
4.001944	8.003889	0.500000	0.500000
5.002431	8.003889	0.500000	0.500000
6.002917	8.003889	0.500000	0.500000
7.003403	8.003889	0.500000	0.500000
8.003889	8.003889	0.500000	0.500000
9.004375	8.003889	0.500000	0.500000
0.000000	9.004375	0.500000	0.500000
1.000486	9.004375	0.500000	0.500000
2.000972	9.004375	0.500000	0.500000
3.001458	9.004375	0.500000	0.500000
4.001944	9.004375	0.500000	0.500000
5.002431	9.004375	0.500000	0.500000
6.002917	9.004375	0.500000	0.500000
7.003403	9.004375	0.500000	0.500000
8.003889	9.004375	0.500000	0.500000
9.004375	9.004375	0.500000	0.500000
