500

7.037817	3.701912	1.470477	0.500000
8.104254	5.737496	2.819438	0.500000
1.533892	3.209678	4.384881	0.500000
10.536151	9.202588	2.682543	0.500000
8.770927	8.660392	2.946779	0.500000
6.917571	2.671488	1.455360	0.500000
10.543511	10.156250	3.419326	0.500000
7.268999	10.749017	1.821895	0.500000
11.415338	11.139075	0.541969	0.500000
1.434486	1.516431	0.620895	0.500000
2.027918	3.682338	2.886428	0.500000
6.010201	8.893014	1.125854	0.500000
6.638334	4.796863	1.374229	0.500000
9.254838	10.572229	0.933907	0.500000
10.678682	3.144456	0.518860	0.500000
1.770041	2.717910	3.544633	0.500000
2.225567	3.633325	1.441832	0.500000
5.220615	1.076699	3.349896	0.500000
9.684422	8.306836	4.490459	0.500000
1.071854	0.712359	3.551985	0.500000
9.242307	7.785354	2.588319	0.500000
0.741293	4.740176	1.528423	0.500000
4.574803	10.794944	2.977747	0.500000
2.769612	3.579557	3.559419	0.500000
6.648556	1.811259	2.062180	0.500000
8.739726	1.268367	1.141489	0.500000
0.648232	10.097263	3.256364	0.500000
6.159194	2.791355	4.409659	0.500000
8.606115	0.093446	4.482830	0.500000
9.212694	4.547705	0.548780	0.500000
4.034629	4.648383	3.579606	0.500000
7.862697	3.580788	3.212969	0.500000
8.990318	0.262091	0.521012	0.500000
5.755260	6.352487	3.488964	0.500000
9.839199	1.816438	2.518817	0.500000
0.047349	3.359515	3.381819	0.500000
0.563449	2.868852	2.307584	0.500000
2.642745	2.532041	1.572595	0.500000
10.522969	5.463159	2.689939	0.500000
2.035367	8.478890	0.638606	0.500000
4.064556	3.126026	4.196252	0.500000
5.109539	0.954290	4.482573	0.500000
3.288158	7.645899	0.712577	0.500000
4.562168	6.457783	4.204575	0.500000
1.645592	2.262549	1.460763	0.500000
7.069704	5.749221	4.258469	0.500000
2.602210	6.453651	0.532527	0.500000
0.569461	2.066474	0.817674	0.500000
2.150258	1.917317	2.744128	0.500000
3.595634	1.029558	0.513775	0.500000
3.229284	9.587653	2.874538	0.500000
0.211968	1.984588	1.813091	0.500000
3.881384	10.099713	0.646837	0.500000
3.042997	3.522585	2.280957	0.500000
6.080051	4.094871	0.504215	0.500000
3.354925	5.578938	0.536217	0.500000
1.845119	9.231819	3.545496	0.500000
8.483962	10.511326	3.337043	0.500000
1.035106	4.952218	0.559567	0.500000
10.190697	6.187118	3.580087	0.500000
1.925075	6.099165	4.175403	0.500000
8.725251	5.896400	0.586893	0.500000
0.287648	5.849600	1.850647	0.500000
3.076135	11.150168	3.582994	0.500000
3.325041	11.179526	0.701124	0.500000
3.180897	8.497445	2.280082	0.500000
7.399905	0.325773	2.405779	0.500000
7.027728	5.730022	1.801452	0.500000
2.408225	6.369342	2.613458	0.500000
0.723673	6.871250	0.664265	0.500000
8.115362	7.126738	2.577669	0.500000
5.040742	1.407558	2.148961	0.500000
9.917880	1.279531	1.538937	0.500000
0.341390	10.584084	4.439028	0.500000
0.534430	1.643698	2.974230	0.500000
0.733162	9.563515	1.117321	0.500000
5.039026	7.203070	1.359353	0.500000
10.390825	11.107724	0.508196	0.500000
2.617819	10.163693	3.435513	0.500000
9.500663	8.141020	3.505657	0.500000
4.521229	7.836243	3.386457	0.500000
4.526355	7.352519	0.508737	0.500000
11.193014	9.304964	3.460337	0.500000
8.124127	3.219562	1.508903	0.500000
8.494622	3.640189	0.555693	0.500000
10.828526	3.115116	2.151318	0.500000
3.537797	4.972909	4.494685	0.500000
1.602822	6.917852	1.374306	0.500000
10.937956	4.082057	2.813145	0.500000
2.879397	5.665434	3.282536	0.500000
11.011589	11.228180	1.491725	0.500000
11.352738	9.746765	1.690433	0.500000
5.475644	1.931169	1.319232	0.500000
1.040044	0.074288	0.557046	0.500000
1.884010	9.099135	2.486270	0.500000
7.742975	2.246521	1.884077	0.500000
9.911774	0.162539	1.353382	0.500000
5.974366	10.476038	3.486688	0.500000
9.645019	7.826730	0.751575	0.500000
8.842806	7.540010	4.383986	0.500000
4.317589	5.390189	1.992707	0.500000
6.431996	5.576297	3.496888	0.500000
2.319584	7.021791	4.439637	0.500000
7.554471	4.549096	1.693091	0.500000
6.348778	6.552348	1.310090	0.500000
2.680812	0.359618	4.468379	0.500000
5.844947	1.226007	0.679424	0.500000
4.029823	6.410657	0.515769	0.500000
0.768410	2.656229	3.354329	0.500000
7.664250	10.376274	2.765755	0.500000
8.265636	10.941922	1.921366	0.500000
11.394406	8.936189	0.884951	0.500000
7.127523	4.825652	3.211309	0.500000
6.047625	11.025424	1.763577	0.500000
2.910115	4.624378	3.596535	0.500000
6.729071	2.604480	2.721782	0.500000
2.370566	5.171939	4.263855	0.500000
7.437224	3.216090	2.300731	0.500000
4.682920	2.377750	2.470464	0.500000
11.439795	3.961081	1.780052	0.500000
3.898408	1.023163	2.502444	0.500000
10.551732	8.288659	0.673482	0.500000
9.585954	10.546714	3.503263	0.500000
8.877673	9.632502	0.566605	0.500000
9.572192	1.849087	4.425016	0.500000
8.999871	4.989119	2.712393	0.500000
6.709799	4.380832	2.338434	0.500000
10.246259	3.404888	3.087300	0.500000
2.866692	1.854229	3.511039	0.500000
11.187529	5.018356	1.192043	0.500000
1.733725	0.879556	2.675859	0.500000
0.165273	7.605438	4.492325	0.500000
1.923953	4.454985	3.519340	0.500000
7.733617	3.306601	4.461138	0.500000
9.593627	3.475620	0.563601	0.500000
6.184207	6.203723	4.485508	0.500000
4.877943	1.582020	0.518663	0.500000
0.164328	4.813930	2.374234	0.500000
10.558862	6.312340	0.598463	0.500000
0.445663	4.008764	0.555730	0.500000
2.744023	1.521104	1.563899	0.500000
3.616787	7.590595	3.767117	0.500000
1.178890	1.905230	4.429829	0.500000
6.820043	7.422520	1.130164	0.500000
6.219831	5.483881	0.650440	0.500000
9.268700	3.296167	3.345085	0.500000
1.829169	3.017109	2.166441	0.500000
9.487223	1.923114	0.720748	0.500000
7.056267	7.447412	2.604490	0.500000
10.259735	7.384010	2.308350	0.500000
8.239133	4.338738	4.308104	0.500000
4.864770	9.994497	0.890508	0.500000
3.977703	4.605944	0.659375	0.500000
3.117744	5.893538	4.304767	0.500000
1.076438	10.405446	0.589111	0.500000
9.281744	6.916967	0.520268	0.500000
0.137060	7.912450	0.644426	0.500000
6.591547	10.396629	2.502423	0.500000
9.724025	8.874956	0.741108	0.500000
0.237394	8.333008	3.446759	0.500000
1.236434	4.273698	4.331862	0.500000
1.732610	10.090920	1.403448	0.500000
11.414021	11.281697	3.592215	0.500000
6.220715	7.406436	3.336123	0.500000
7.921446	6.315243	3.619195	0.500000
5.016008	4.858060	3.585801	0.500000
0.604767	7.320059	3.480632	0.500000
6.933536	6.663538	3.775598	0.500000
10.157767	6.954500	1.288067	0.500000
11.215279	6.177367	3.255350	0.500000
6.455322	8.222861	0.513550	0.500000
10.469009	10.364245	1.603960	0.500000
10.602275	7.814767	4.390046	0.500000
4.664126	2.878454	3.358721	0.500000
2.924606	0.993341	2.941246	0.500000
3.755828	6.034297	1.434954	0.500000
8.108496	8.524521	4.228397	0.500000
9.384895	6.945479	3.152684	0.500000
8.861694	3.189884	4.319519	0.500000
4.375802	6.994173	2.081282	0.500000
6.901001	10.025374	3.462521	0.500000
3.123504	10.431631	1.431413	0.500000
1.112118	11.032806	2.433945	0.500000
8.220789	6.787553	0.544556	0.500000
9.526071	10.047536	1.940580	0.500000
0.010907	11.106000	2.415581	0.500000
3.299457	6.607140	3.444595	0.500000
3.717600	8.640355	3.304062	0.500000
7.267280	7.683824	3.578569	0.500000
0.221808	1.973008	4.071410	0.500000
8.313400	9.855925	4.257888	0.500000
9.347491	7.060399	1.865280	0.500000
4.951029	11.059104	1.726752	0.500000
0.568054	1.086678	4.422428	0.500000
6.545267	0.694694	1.797614	0.500000
9.870430	0.866687	0.549149	0.500000
3.875158	9.448760	4.033179	0.500000
8.610355	6.326831	4.356782	0.500000
0.479254	10.643999	1.393344	0.500000
7.764924	9.388494	2.215186	0.500000
6.525581	1.792458	3.478101	0.500000
4.173423	3.396074	0.587078	0.500000
0.579482	4.384321	3.407842	0.500000
3.128420	2.011426	2.482879	0.500000
1.390249	9.165789	4.445211	0.500000
1.322150	10.130385	4.111334	0.500000
10.832251	4.067214	3.818722	0.500000
5.495596	10.463107	2.576900	0.500000
8.104924	9.345582	3.298079	0.500000
4.677468	0.340166	2.504191	0.500000
3.789601	1.454645	3.411412	0.500000
9.917183	11.247698	4.282831	0.500000
5.626946	10.714388	0.890385	0.500000
3.564766	7.485120	2.528893	0.500000
2.539706	0.544436	1.832380	0.500000
8.074289	10.735611	0.649502	0.500000
5.678829	5.289966	4.399523	0.500000
9.298783	10.969624	2.536880	0.500000
4.714882	4.718055	1.357983	0.500000
8.119453	5.081054	3.630606	0.500000
11.105809	2.355757	3.106970	0.500000
1.944064	8.282526	4.423873	0.500000
6.030806	2.200568	0.500726	0.500000
8.381094	7.148168	1.517922	0.500000
0.617370	5.455650	3.001438	0.500000
6.854875	3.863508	3.263287	0.500000
6.910271	8.691077	2.293467	0.500000
9.829493	4.114665	2.388013	0.500000
10.878494	3.101104	4.477121	0.500000
9.512056	10.324382	4.482942	0.500000
4.579252	9.747716	1.898977	0.500000
3.049598	8.991253	4.489126	0.500000
1.199517	6.243465	2.789668	0.500000
5.195438	7.996260	2.554948	0.500000
1.627720	1.237854	1.605205	0.500000
6.006653	8.412466	3.055714	0.500000
1.509871	1.687200	3.505460	0.500000
6.701693	3.750581	4.322110	0.500000
8.232332	1.144764	4.230261	0.500000
10.808435	1.398371	4.299377	0.500000
11.301840	6.584784	1.274658	0.500000
0.378812	2.986763	1.265910	0.500000
2.248720	2.221931	4.301242	0.500000
7.173340	4.187824	0.501912	0.500000
5.558939	4.745097	2.631315	0.500000
7.415769	1.327516	2.553321	0.500000
6.087676	4.614303	3.731546	0.500000
11.243453	7.334919	2.482186	0.500000
2.841892	4.442291	0.519819	0.500000
5.219518	2.848271	0.628761	0.500000
6.001185	5.726523	2.468427	0.500000
7.608968	2.098168	3.227367	0.500000
6.287304	6.683595	2.646746	0.500000
5.860615	9.833511	1.551550	0.500000
5.517929	2.902066	1.992427	0.500000
7.820356	8.045737	1.609697	0.500000
5.791521	8.795875	2.155204	0.500000
6.252730	0.715942	3.694724	0.500000
5.905595	7.194214	0.626499	0.500000
4.990729	9.965109	3.549295	0.500000
8.652658	9.845937	2.393260	0.500000
4.732648	8.895325	4.430034	0.500000
7.854893	9.673386	0.515256	0.500000
5.527243	0.612037	1.554145	0.500000
4.703235	8.991024	0.574452	0.500000
2.518470	7.440439	1.624086	0.500000
5.038254	3.924019	3.151868	0.500000
9.642855	2.864295	2.240580	0.500000
4.854934	8.658982	1.606480	0.500000
10.761875	7.289633	0.533403	0.500000
0.942885	8.623309	0.539291	0.500000
10.616415	4.622713	1.932132	0.500000
9.572836	8.882196	2.338517	0.500000
3.930895	5.793685	3.628720	0.500000
6.133080	7.744152	2.213125	0.500000
5.507067	7.000408	4.243808	0.500000
6.058641	3.494376	1.373730	0.500000
11.250185	6.585161	4.429226	0.500000
3.013507	5.298651	2.357930	0.500000
5.918815	0.208556	0.605203	0.500000
10.613910	2.159960	1.815776	0.500000
2.412097	4.007448	4.444175	0.500000
8.708393	9.114238	1.672925	0.500000
3.149363	1.574674	4.467725	0.500000
7.356459	8.826044	0.731470	0.500000
8.821580	2.320523	1.642493	0.500000
3.466038	6.993406	1.498983	0.500000
10.193519	4.611541	4.417739	0.500000
4.571217	3.008668	1.505915	0.500000
0.781286	0.280093	1.674447	0.500000
11.232812	8.749715	4.306837	0.500000
8.074044	11.422632	3.603319	0.500000
4.541779	5.533242	0.574203	0.500000
6.668815	10.801543	0.619044	0.500000
7.667609	10.736915	4.372681	0.500000
7.204180	9.674757	4.358292	0.500000
3.744052	10.317524	3.519025	0.500000
2.447878	9.339065	0.947996	0.500000
10.799899	5.099531	3.703889	0.500000
9.165896	0.385608	3.673716	0.500000
10.832671	0.276056	4.423175	0.500000
7.156407	6.370329	0.642177	0.500000
4.646869	11.213822	0.688288	0.500000
10.892778	0.647668	0.687560	0.500000
10.062220	1.211817	3.394909	0.500000
2.710447	9.639280	1.978946	0.500000
2.339264	1.992501	0.540477	0.500000
5.674407	0.065684	2.910355	0.500000
1.590997	6.350026	0.500917	0.500000
6.523745	7.522358	4.326404	0.500000
8.461413	2.119737	4.484872	0.500000
4.232005	8.274137	2.350109	0.500000
3.962887	11.187907	1.544110	0.500000
1.329364	4.715870	2.375828	0.500000
11.236143	0.764975	1.648751	0.500000
0.879505	7.977413	2.470692	0.500000
6.818558	11.194405	3.420011	0.500000
8.383687	2.952560	2.616797	0.500000
3.682975	2.585922	1.871115	0.500000
3.901702	3.634047	3.246864	0.500000
10.410050	10.868218	2.587348	0.500000
9.254875	4.184120	4.192101	0.500000
0.466190	0.883653	0.708999	0.500000
1.368492	2.822144	0.602580	0.500000
0.150706	8.689845	2.067291	0.500000
5.177808	3.912469	0.981514	0.500000
10.447794	0.399536	2.192243	0.500000
11.384325	10.042121	0.649944	0.500000
0.477094	0.549009	2.687675	0.500000
1.185501	2.082334	2.340819	0.500000
0.961177	7.850125	1.285834	0.500000
4.501879	0.350884	3.653228	0.500000
5.559688	4.018672	4.414279	0.500000
9.447472	0.801951	2.532648	0.500000
5.030222	5.709258	3.034999	0.500000
5.877295	3.457092	3.520053	0.500000
7.571128	7.836637	0.610900	0.500000
3.497147	3.981962	4.272168	0.500000
2.057850	11.045871	0.536810	0.500000
9.920884	3.365061	4.258583	0.500000
8.779860	1.743772	3.482997	0.500000
0.254141	4.890821	4.363181	0.500000
2.030269	5.503561	2.274409	0.500000
4.095416	2.126509	4.238865	0.500000
6.323987	1.568478	4.489749	0.500000
8.345746	8.735773	0.534717	0.500000
4.337089	9.392413	2.959636	0.500000
6.471793	10.665294	4.420387	0.500000
10.664704	4.264613	0.597471	0.500000
2.639820	10.222661	0.505571	0.500000
6.990276	8.495450	4.393960	0.500000
3.631449	2.557631	3.190369	0.500000
3.983762	2.350989	0.543417	0.500000
6.830053	8.843229	3.431030	0.500000
9.811958	4.869912	3.516487	0.500000
9.881784	0.814338	4.498767	0.500000
7.457055	1.800134	4.318170	0.500000
6.719066	1.537656	1.090276	0.500000
9.539464	5.148354	1.673626	0.500000
0.394301	5.748435	0.785953	0.500000
1.498146	7.258997	3.032463	0.500000
4.416084	4.553630	2.586397	0.500000
10.310404	9.285709	1.460779	0.500000
6.126747	9.574001	2.954113	0.500000
7.647476	3.094685	0.598465	0.500000
3.431682	4.449827	2.741293	0.500000
7.000381	0.507042	4.358008	0.500000
5.743528	2.571124	2.996555	0.500000
5.345329	9.014707	3.536640	0.500000
11.031813	8.009363	1.559419	0.500000
2.181864	0.362981	3.444951	0.500000
0.669920	6.997045	1.992212	0.500000
3.217975	10.413467	4.370041	0.500000
10.389718	7.288230	3.542470	0.500000
1.782454	5.502478	3.259533	0.500000
6.330127	9.799720	0.641129	0.500000
5.980686	8.588044	4.402086	0.500000
8.239313	0.945973	3.084011	0.500000
11.412198	0.917427	3.564947	0.500000
1.675081	10.204953	2.667992	0.500000
4.808519	10.509109	4.416155	0.500000
5.322414	7.010480	2.835027	0.500000
9.422839	6.233131	1.248399	0.500000
5.383992	4.941093	0.561806	0.500000
3.311366	4.712640	1.507892	0.500000
0.371186	9.580253	4.407545	0.500000
7.083788	9.718494	1.504039	0.500000
2.250049	9.746825	4.384690	0.500000
7.075670	6.063877	2.787465	0.500000
8.464501	7.664749	3.401254	0.500000
8.077650	0.289472	1.080848	0.500000
8.858452	6.112760	2.276437	0.500000
1.449781	8.179998	3.432688	0.500000
5.055882	6.417547	0.621775	0.500000
7.268809	5.361940	0.779263	0.500000
8.248806	10.056657	1.382271	0.500000
5.499022	7.908617	3.824107	0.500000
0.620649	6.312771	3.844317	0.500000
3.620873	0.711701	4.151427	0.500000
9.119504	9.636346	3.285574	0.500000
4.155103	0.749310	1.305003	0.500000
3.766787	10.288098	2.307363	0.500000
2.154505	7.471221	0.622453	0.500000
10.105616	2.373535	3.567583	0.500000
7.853069	8.395634	2.633203	0.500000
1.897476	8.024359	2.247235	0.500000
8.842651	3.841030	2.539758	0.500000
3.703306	9.253700	1.465791	0.500000
5.181116	3.084741	4.450226	0.500000
1.032373	9.616149	2.105583	0.500000
9.142801	3.268121	1.441461	0.500000
1.756337	0.042721	1.462326	0.500000
2.416023	4.373405	2.155151	0.500000
10.469185	0.276730	3.342627	0.500000
5.710319	9.959850	4.382506	0.500000
6.955764	0.423730	0.788352	0.500000
5.321630	8.102573	0.614245	0.500000
3.106121	3.025696	4.476288	0.500000
10.967032	2.017148	0.633286	0.500000
6.161487	3.532271	2.493217	0.500000
1.509498	8.867077	1.521866	0.500000
4.313104	1.749074	1.520902	0.500000
9.860597	6.188676	2.370171	0.500000
3.484261	0.030563	2.400566	0.500000
1.768810	3.894999	0.511674	0.500000
2.070474	1.207575	4.358504	0.500000
2.809985	10.738141	2.542693	0.500000
1.209994	3.608777	1.366223	0.500000
8.228817	2.752023	3.679182	0.500000
0.593590	2.865794	4.408235	0.500000
10.002465	8.307789	1.624100	0.500000
0.848498	8.926319	2.862188	0.500000
0.894691	8.289339	4.374387	0.500000
8.093370	4.727311	0.583997	0.500000
5.209326	3.935763	2.091628	0.500000
7.594689	1.142523	1.573832	0.500000
1.890273	4.774629	1.355480	0.500000
6.963459	2.852651	3.745363	0.500000
10.026048	2.747097	1.244842	0.500000
10.089184	5.116891	0.644956	0.500000
2.571441	7.336418	3.234980	0.500000
5.703930	0.104926	4.297443	0.500000
2.979189	7.922691	4.464063	0.500000
4.027710	3.963293	1.766195	0.500000
1.156253	11.148401	3.577953	0.500000
8.939103	0.285677	1.728651	0.500000
2.096300	10.824684	4.356065	0.500000
1.298814	5.669941	1.263925	0.500000
8.982145	9.074855	4.115567	0.500000
6.624915	3.139413	0.514123	0.500000
0.289003	3.808018	4.249533	0.500000
5.306772	6.221987	1.908582	0.500000
4.144898	11.270759	4.469657	0.500000
7.283269	0.653176	3.359811	0.500000
8.549006	1.679719	2.427354	0.500000
9.926563	3.898736	1.413900	0.500000
3.596647	6.245502	2.536896	0.500000
9.395655	5.269025	4.482746	0.500000
8.661467	2.577228	0.599988	0.500000
8.936487	8.066048	1.625748	0.500000
9.023528	6.010203	3.303068	0.500000
10.909239	1.299793	2.450158	0.500000
2.662241	2.832298	2.896847	0.500000
8.151077	6.016740	1.431072	0.500000
4.555276	5.446011	4.462874	0.500000
10.476699	5.700415	1.445000	0.500000
2.805367	8.401110	1.353381	0.500000
3.319929	6.877058	4.410384	0.500000
8.043754	4.555045	2.657212	0.500000
10.631405	8.242545	2.977439	0.500000
9.996411	9.009075	3.610068	0.500000
4.350778	6.778959	3.280115	0.500000
2.754591	3.336009	0.636834	0.500000
6.020469	1.016238	2.663048	0.500000
2.253405	5.486359	0.730509	0.500000
10.314326	10.000327	0.610636	0.500000
2.463955	6.182166	1.554949	0.500000
5.661990	5.249895	1.649215	0.500000
7.669788	7.357779	4.452533	0.500000
10.919570	6.295369	2.300576	0.500000
2.449613	0.801640	0.504776	0.500000
4.459787	3.360491	2.446789	0.500000
3.272921	8.718546	0.522581	0.500000
11.260408	10.144843	2.662044	0.500000
8.576045	4.720478	1.794833	0.500000
7.244498	4.684685	4.436768	0.500000
4.005190	8.320294	1.115069	0.500000
4.555357	4.436772	4.451324	0.500000
7.417287	6.750612	1.898773	0.500000
10.452664	5.732322	4.450978	0.500000
5.380325	2.033476	4.085760	0.500000
10.340915	9.402538	4.493763	0.500000
1.340412	5.292373	4.414161	0.500000
1.421889	0.276808	4.490885	0.500000
9.840503	6.807725	4.460765	0.500000
4.386693	7.419085	4.437366	0.500000
7.664687	1.479220	0.594965	0.500000
10.800304	10.328886	4.414174	0.500000
1.320931	6.992915	4.295377	0.500000
2.732348	8.378583	3.254267	0.500000
