300

10.332636	0.303587	1.454552	0.500000
5.261023	1.348905	2.738930	0.500000
3.769494	5.807968	2.657016	0.500000
10.317657	6.535819	1.651723	0.500000
0.390853	2.392424	1.244876	0.500000
5.933660	7.743656	0.764733	0.500000
1.076504	6.388872	1.065766	0.500000
9.245128	2.829134	1.596056	0.500000
6.411752	10.254023	0.665087	0.500000
5.758345	6.745350	2.922084	0.500000
6.960550	4.777589	2.603505	0.500000
8.759265	4.030301	1.521960	0.500000
4.852096	7.431154	2.983195	0.500000
8.686258	9.599038	2.961423	0.500000
10.377162	8.912084	0.581021	0.500000
2.625597	1.633769	0.588843	0.500000
5.076484	8.429366	0.723846	0.500000
3.687768	3.941492	0.509570	0.500000
4.253006	3.103922	1.517869	0.500000
5.950957	4.767958	2.942884	0.500000
1.482680	3.489323	2.987858	0.500000
10.042290	9.547387	1.414755	0.500000
4.974712	0.400789	2.970215	0.500000
6.785638	5.342271	1.651013	0.500000
0.705846	3.379708	1.541232	0.500000
1.471494	3.715491	0.851484	0.500000
6.137673	8.605950	1.257848	0.500000
6.920051	10.589992	2.906539	0.500000
5.720868	1.700599	0.575233	0.500000
0.158050	4.864465	2.371949	0.500000
9.517082	5.588388	2.823036	0.500000
6.922460	3.783516	2.838599	0.500000
1.322753	10.381383	2.808018	0.500000
7.607572	2.906582	2.995526	0.500000
6.962218	4.695646	0.604014	0.500000
9.785310	4.534879	2.619154	0.500000
2.867517	0.385628	0.886658	0.500000
8.608376	7.057429	2.983038	0.500000
3.459633	5.543265	1.469782	0.500000
0.313961	9.678092	2.018558	0.500000
6.181952	2.741344	0.690249	0.500000
0.370231	3.581778	0.602265	0.500000
10.452572	6.488037	2.736788	0.500000
3.880620	0.873486	0.815122	0.500000
6.624815	4.222036	1.579575	0.500000
1.714226	4.309479	1.737989	0.500000
0.922948	0.086901	1.568249	0.500000
6.877959	1.766138	0.505141	0.500000
8.548492	6.373928	0.727917	0.500000
8.387586	3.767732	0.556315	0.500000
4.072820	8.182833	0.610923	0.500000
2.123714	5.709411	1.546780	0.500000
1.712708	2.388746	2.889618	0.500000
7.740711	4.021523	2.239281	0.500000
3.083377	4.853710	2.874956	0.500000
3.227951	1.424261	1.558440	0.500000
8.159449	8.651551	2.945971	0.500000
0.164329	0.515648	0.519532	0.500000
9.143975	0.087197	2.940287	0.500000
0.351854	5.685923	1.690886	0.500000
8.649139	5.916395	1.688966	0.500000
5.173792	9.791307	2.201848	0.500000
2.706373	8.971214	1.271871	0.500000
3.006949	8.466086	2.953430	0.500000
6.023290	0.558272	2.991122	0.500000
9.219656	7.319511	0.554354	0.500000
5.139031	8.947030	2.892092	0.500000
1.198434	8.430554	2.907888	0.500000
10.352271	3.982212	1.566382	0.500000
4.205065	1.124503	2.961544	0.500000
0.456731	7.338125	0.603901	0.500000
1.450497	7.615087	2.262577	0.500000
3.434986	4.542086	1.315559	0.500000
0.728596	9.281240	1.118943	0.500000
0.752664	4.383428	1.428314	0.500000
0.737065	2.070209	2.410036	0.500000
6.112706	2.060954	1.422283	0.500000
1.190862	1.241206	1.643690	0.500000
7.729577	8.324192	1.088198	0.500000
4.745680	6.461750	1.301795	0.500000
5.608062	9.349361	0.512988	0.500000
0.060899	10.106813	0.622973	0.500000
6.309087	5.841977	0.533599	0.500000
4.569246	7.075581	0.520724	0.500000
8.742730	8.004910	1.147750	0.500000
0.099194	8.557478	1.489593	0.500000
1.670606	6.866541	2.944469	0.500000
5.042514	3.810075	0.571764	0.500000
7.392909	3.243154	0.565859	0.500000
10.442335	8.785886	2.503750	0.500000
7.493381	7.138822	1.445433	0.500000
5.564015	10.097221	1.217763	0.500000
10.125981	1.396115	0.598575	0.500000
9.479694	7.007916	2.452203	0.500000
8.554647	10.218717	2.046145	0.500000
9.326379	8.803523	0.687071	0.500000
1.899521	0.704353	2.418462	0.500000
2.565607	4.824784	2.008700	0.500000
8.665631	0.830383	0.515337	0.500000
3.187919	8.296786	1.852211	0.500000
0.969333	4.358795	2.858342	0.500000
9.157247	8.105528	2.602408	0.500000
2.965195	9.780086	0.638186	0.500000
4.984927	0.803049	1.489912	0.500000
4.117860	9.536488	1.966971	0.500000
9.999531	0.606132	2.985095	0.500000
9.560826	0.398985	0.629845	0.500000
1.385646	2.207403	1.425757	0.500000
7.373489	5.753414	2.961266	0.500000
3.330444	2.490751	0.519780	0.500000
6.050494	3.301141	1.849466	0.500000
2.586994	3.704103	0.652043	0.500000
3.878374	9.250800	0.663855	0.500000
3.867429	4.112069	2.873538	0.500000
9.934009	7.508940	1.494616	0.500000
8.554836	1.190008	2.645125	0.500000
3.343584	10.259232	1.891510	0.500000
6.264623	1.768875	2.973473	0.500000
5.204778	2.739039	1.779392	0.500000
9.509015	8.972979	2.987537	0.500000
4.718639	2.224029	2.735045	0.500000
2.534841	3.800184	2.052664	0.500000
5.968195	4.760303	1.030508	0.500000
6.228260	3.875634	0.632837	0.500000
7.946313	4.913088	2.771764	0.500000
0.826783	6.500605	2.373573	0.500000
7.833096	6.412628	2.194983	0.500000
6.855585	9.080839	0.524454	0.500000
6.524571	7.685173	2.021140	0.500000
2.759463	2.669610	2.781407	0.500000
6.059467	0.745633	1.134559	0.500000
3.807100	7.578310	1.454834	0.500000
3.042475	8.146168	0.534441	0.500000
7.191240	1.204379	1.415286	0.500000
9.023899	9.813021	0.685770	0.500000
8.931351	1.603646	1.708237	0.500000
2.086159	8.362456	2.003937	0.500000
0.258579	0.172490	2.350351	0.500000
9.247861	3.119279	0.552047	0.500000
5.240965	9.081608	1.485127	0.500000
8.799407	4.890344	2.109249	0.500000
6.240742	5.819607	2.378260	0.500000
3.933290	5.118546	0.586711	0.500000
7.011663	1.937778	2.159014	0.500000
2.981855	6.655811	2.945339	0.500000
6.635043	2.844898	2.641911	0.500000
8.098785	0.115537	2.966820	0.500000
9.604816	4.778754	1.490784	0.500000
5.741373	10.160474	2.990974	0.500000
5.467922	8.238483	2.040908	0.500000
1.342596	5.281937	2.092567	0.500000
4.133642	8.468639	2.612261	0.500000
0.620597	1.417725	0.550484	0.500000
4.944552	1.772359	1.813824	0.500000
4.675382	6.418818	2.988736	0.500000
0.507740	2.950039	2.986061	0.500000
10.125525	6.783105	0.594289	0.500000
5.538580	0.154176	2.131449	0.500000
8.636509	3.330101	2.666617	0.500000
3.313462	3.272105	1.194245	0.500000
3.802516	10.577603	2.848531	0.500000
9.641443	1.772691	2.998335	0.500000
9.114510	1.923371	0.525458	0.500000
4.475436	5.656728	1.840849	0.500000
1.611975	1.547171	0.676461	0.500000
0.636516	7.175832	1.575281	0.500000
1.397357	9.815251	1.889463	0.500000
7.784806	0.465524	1.742676	0.500000
10.552304	1.433566	2.714585	0.500000
2.841029	6.000941	0.510593	0.500000
0.955102	8.822594	1.986930	0.500000
7.050772	7.774730	0.540457	0.500000
2.326991	1.748198	2.367534	0.500000
4.868453	5.411355	2.747442	0.500000
7.243439	9.250339	2.769594	0.500000
2.121516	10.039736	1.117110	0.500000
7.703049	1.865176	2.966018	0.500000
2.017303	4.665205	0.834708	0.500000
9.735867	8.538674	1.830842	0.500000
8.012669	1.983628	1.997755	0.500000
9.843136	1.951245	1.409435	0.500000
9.709424	5.767755	1.856402	0.500000
6.726864	6.821484	0.600861	0.500000
1.869946	0.299257	0.508999	0.500000
7.983356	9.169369	2.039965	0.500000
8.557403	7.265084	1.961636	0.500000
7.664838	4.233677	1.253192	0.500000
0.563334	5.571377	2.954391	0.500000
4.419568	4.742460	1.384786	0.500000
5.460285	5.489990	1.518291	0.500000
6.676248	10.448553	1.661060	0.500000
0.745993	9.573773	2.937245	0.500000
4.721595	9.826408	0.509536	0.500000
8.275757	3.095300	1.508368	0.500000
7.771191	5.412494	1.848257	0.500000
1.976885	8.123009	0.817058	0.500000
7.873983	5.107837	0.533628	0.500000
7.080986	3.246149	1.767798	0.500000
6.998667	8.190914	2.884380	0.500000
10.581727	3.881715	2.715817	0.500000
4.997838	2.566279	0.793996	0.500000
1.762368	9.261009	0.539305	0.500000
3.538299	3.235284	2.332063	0.500000
3.670415	7.499614	2.990086	0.500000
4.069887	0.566301	1.850424	0.500000
8.431636	10.580888	1.101454	0.500000
7.218635	9.519477	1.455773	0.500000
5.635221	2.628420	2.911382	0.500000
7.920239	1.557712	0.713666	0.500000
8.557897	5.849318	2.997343	0.500000
6.228050	8.910348	2.923003	0.500000
9.896897	5.598651	0.747827	0.500000
7.403847	6.000601	0.675586	0.500000
1.740110	6.964934	0.565358	0.500000
3.505942	9.378696	2.993091	0.500000
7.432236	7.315029	2.526138	0.500000
1.013221	4.791063	0.532468	0.500000
4.483854	8.388055	1.672688	0.500000
10.391301	7.837310	2.949072	0.500000
4.068556	6.932425	2.251259	0.500000
6.772111	6.571964	1.900090	0.500000
5.935705	7.889064	2.892093	0.500000
5.489931	6.445815	0.516503	0.500000
5.651478	4.620529	1.992850	0.500000
4.942430	5.278406	0.665113	0.500000
4.910647	4.355476	2.635568	0.500000
3.924883	4.905054	2.250747	0.500000
5.920443	3.608223	2.871167	0.500000
5.121240	6.923095	2.146906	0.500000
9.041016	9.327336	1.904240	0.500000
2.146833	4.485255	2.977796	0.500000
8.259899	2.590341	0.532557	0.500000
7.086602	8.574245	1.865737	0.500000
9.901784	1.062028	2.051486	0.500000
1.148081	10.085797	0.522838	0.500000
6.775948	6.565370	2.956084	0.500000
5.124347	7.551607	1.325272	0.500000
2.923134	3.667924	2.998024	0.500000
7.519350	10.132238	0.598193	0.500000
4.716207	3.275299	2.503866	0.500000
9.512079	3.617597	2.154695	0.500000
2.542041	7.364308	2.141668	0.500000
2.365797	10.478193	2.036119	0.500000
5.169649	0.301830	0.639260	0.500000
3.870612	10.469958	0.678576	0.500000
4.467012	9.807494	2.987534	0.500000
10.160351	2.480757	0.514748	0.500000
8.019117	8.151826	2.073064	0.500000
2.651166	10.119207	2.953281	0.500000
3.886386	6.141610	0.687159	0.500000
4.118244	1.792463	1.179257	0.500000
7.317359	0.927095	2.917018	0.500000
0.161477	1.429952	1.580161	0.500000
2.201122	0.966458	1.372203	0.500000
1.824080	6.753738	1.689727	0.500000
9.565956	10.316104	2.048986	0.500000
1.679294	5.852116	2.960467	0.500000
7.536914	10.144365	2.174242	0.500000
5.819737	6.539933	1.515269	0.500000
9.615734	4.084068	0.539994	0.500000
2.085157	7.893727	2.989558	0.500000
3.315382	6.588582	1.430333	0.500000
2.142711	2.520943	0.720482	0.500000
9.480861	2.880151	2.976639	0.500000
3.566675	7.204014	0.501814	0.500000
10.509698	4.702903	0.691533	0.500000
1.842019	5.607171	0.506820	0.500000
2.599457	9.372139	2.193397	0.500000
2.596260	2.407995	1.619190	0.500000
1.793114	9.409809	2.952558	0.500000
9.333740	6.638740	1.452496	0.500000
1.071924	2.776647	0.505283	0.500000
10.404435	9.967988	2.885771	0.500000
1.296945	1.435460	2.982904	0.500000
1.553095	3.037210	2.037968	0.500000
10.176880	7.873654	0.552133	0.500000
6.242872	9.493998	1.858523	0.500000
8.687701	2.228319	2.983823	0.500000
0.751738	7.352284	2.929437	0.500000
7.295588	2.364097	1.194062	0.500000
0.421376	5.859835	0.521094	0.500000
6.920117	0.638903	0.528292	0.500000
2.623017	7.239999	1.026617	0.500000
2.706031	5.742435	2.444607	0.500000
3.721239	2.129452	2.178320	0.500000
8.837167	4.307082	2.977654	0.500000
8.346804	9.052616	0.728486	0.500000
6.096092	1.205789	2.042739	0.500000
0.969246	8.188341	1.146988	0.500000
4.974758	3.854163	1.676176	0.500000
7.939500	7.228023	0.522277	0.500000
10.114695	2.724125	2.083427	0.500000
2.914439	0.633409	2.519077	0.500000
2.949010	4.936691	0.511492	0.500000
4.170471	3.061697	0.508361	0.500000
8.884282	5.075034	0.612749	0.500000
4.529161	10.303758	1.437404	0.500000
3.169776	1.491771	2.987380	0.500000
9.030998	0.572253	1.679444	0.500000
4.818836	1.241384	0.544383	0.500000
