300

2.103208	7.565938	1.434084	0.500000
3.220546	10.563304	0.595771	0.500000
4.333339	7.630940	2.984645	0.500000
0.534991	9.297989	0.555459	0.500000
0.656222	2.674985	1.113123	0.500000
9.084794	7.076336	2.871053	0.500000
6.021293	6.352352	1.931643	0.500000
10.126820	3.862929	2.929730	0.500000
8.177089	2.778837	0.789107	0.500000
9.163261	7.327402	1.544157	0.500000
6.460408	7.245204	1.530546	0.500000
9.282218	2.321322	0.640156	0.500000
10.109336	7.722850	1.764527	0.500000
6.040815	0.178519	2.937061	0.500000
6.626227	5.158556	2.200127	0.500000
6.218362	9.131594	1.814964	0.500000
5.055165	2.348099	0.505855	0.500000
2.559320	6.844209	2.112661	0.500000
9.952902	1.058306	0.506713	0.500000
3.821912	2.343560	1.589542	0.500000
3.107413	4.012778	1.977510	0.500000
1.880259	0.630897	0.868550	0.500000
3.488843	9.944159	2.904826	0.500000
2.871658	5.711335	0.510690	0.500000
9.399980	9.287449	2.962511	0.500000
8.239856	3.305473	2.014270	0.500000
5.939646	4.795927	0.536760	0.500000
6.669401	7.990441	2.415830	0.500000
5.024512	3.533081	0.591014	0.500000
0.070523	0.400991	2.007972	0.500000
9.440819	6.518239	2.098894	0.500000
6.538563	3.575933	1.295067	0.500000
9.867873	10.077566	1.833056	0.500000
4.362648	3.690072	2.890745	0.500000
2.147378	8.658926	2.904616	0.500000
0.369125	1.754983	1.883252	0.500000
4.420112	10.170111	1.790694	0.500000
1.471465	7.250586	0.713855	0.500000
0.574077	7.454019	1.390527	0.500000
1.259465	10.345717	1.001683	0.500000
3.740273	5.593968	2.983638	0.500000
0.242976	4.680430	2.602543	0.500000
8.125013	6.323394	2.974795	0.500000
4.215809	10.350173	0.571467	0.500000
2.417941	3.943737	0.817528	0.500000
1.913303	5.188710	2.052861	0.500000
10.042310	5.547985	2.993741	0.500000
5.537649	7.381748	1.993253	0.500000
9.635992	9.041316	1.854100	0.500000
2.476352	3.268240	2.523432	0.500000
0.707937	10.132979	2.289253	0.500000
1.311827	7.127054	1.994947	0.500000
3.928517	0.571674	1.753279	0.500000
3.381026	2.407102	0.504851	0.500000
10.027253	4.441262	0.535493	0.500000
1.332045	7.977843	2.897618	0.500000
6.645757	8.301448	0.565203	0.500000
9.351776	1.465296	1.239271	0.500000
9.205188	2.907337	1.484921	0.500000
0.615815	3.829241	2.974134	0.500000
9.385866	5.303702	0.553113	0.500000
5.013348	6.313933	1.775955	0.500000
5.648919	7.861124	0.547178	0.500000
3.241616	7.024735	1.383765	0.500000
5.854942	8.216621	1.520658	0.500000
7.498742	3.806083	0.665415	0.500000
5.491071	4.734120	2.900846	0.500000
1.502464	9.994539	2.973830	0.500000
3.137620	0.446949	2.950536	0.500000
0.766413	7.121145	2.845433	0.500000
0.913546	9.037922	2.858795	0.500000
2.994011	8.833173	0.665661	0.500000
2.895013	4.971100	2.426472	0.500000
1.260521	3.528360	2.102424	0.500000
10.461623	3.154731	0.514514	0.500000
7.440410	6.162147	2.185307	0.500000
3.972789	0.723100	0.722245	0.500000
0.842198	0.270268	2.996524	0.500000
8.394524	3.882881	1.200445	0.500000
2.544339	6.975707	0.658926	0.500000
5.118752	0.605928	2.446151	0.500000
7.216630	9.563779	1.985627	0.500000
5.448059	5.650983	0.718673	0.500000
8.106640	9.935526	1.374016	0.500000
9.490906	6.205184	1.079405	0.500000
8.468745	6.430141	1.877535	0.500000
10.314313	5.377749	1.130492	0.500000
6.902694	4.805308	0.864868	0.500000
7.640188	2.104335	1.706633	0.500000
10.454601	8.935688	2.597415	0.500000
9.287832	3.927864	2.173342	0.500000
10.250401	2.055359	1.001110	0.500000
1.563645	4.352890	1.614391	0.500000
4.296977	6.576731	2.791582	0.500000
7.673378	0.951862	0.702396	0.500000
7.576642	9.363540	0.668044	0.500000
3.219834	4.174856	2.989448	0.500000
9.096783	8.156887	0.664087	0.500000
6.008425	1.811902	0.511626	0.500000
5.361880	9.118346	2.983767	0.500000
7.953390	7.312208	0.542443	0.500000
6.963257	10.140582	2.791783	0.500000
3.964668	1.917751	2.999533	0.500000
2.044314	9.235382	0.512920	0.500000
6.680397	6.717525	2.609856	0.500000
4.302663	4.077868	1.136643	0.500000
6.024612	3.084469	0.512209	0.500000
10.513382	3.541534	2.041773	0.500000
4.949916	4.443856	1.940631	0.500000
8.688103	1.076721	2.091455	0.500000
0.002183	0.825002	2.917269	0.500000
3.230125	9.176863	2.203659	0.500000
5.280972	10.165808	0.517889	0.500000
9.819658	2.088891	2.959555	0.500000
5.866487	2.405005	1.371000	0.500000
7.056720	8.492531	1.617607	0.500000
2.802082	5.914333	1.606812	0.500000
8.796548	2.067519	1.944147	0.500000
2.195359	9.169482	1.779778	0.500000
4.634856	9.129026	0.506806	0.500000
1.506008	2.022734	1.656155	0.500000
7.411616	1.120069	1.672209	0.500000
1.864620	6.421665	1.232966	0.500000
1.646469	4.647524	0.593757	0.500000
2.350491	5.717517	2.973322	0.500000
2.465216	9.677496	2.866771	0.500000
3.870522	5.437343	0.568496	0.500000
9.999263	2.545397	1.987956	0.500000
8.122110	8.984691	1.971032	0.500000
1.082049	9.248611	1.749613	0.500000
6.176258	1.199075	2.952561	0.500000
4.919547	8.384827	2.163558	0.500000
9.846865	3.753973	1.327135	0.500000
0.849095	2.527926	2.302767	0.500000
2.932114	0.412288	1.447915	0.500000
6.117098	10.516016	1.137537	0.500000
9.671933	0.531651	1.848442	0.500000
8.840208	1.521223	2.993912	0.500000
10.434185	5.770155	2.053918	0.500000
1.459720	3.051665	2.973927	0.500000
5.836053	6.626601	0.891550	0.500000
2.377142	1.862136	0.604610	0.500000
0.222548	10.320600	0.667837	0.500000
3.496381	7.315274	2.331961	0.500000
3.995197	4.794172	1.920750	0.500000
1.395616	3.591116	0.719300	0.500000
9.131310	5.360173	1.901153	0.500000
10.528112	7.488153	0.535345	0.500000
1.148686	1.263117	2.900354	0.500000
8.990967	4.839205	2.883346	0.500000
1.043244	0.625447	1.888511	0.500000
1.665786	10.141111	1.970478	0.500000
0.437871	3.990669	0.547943	0.500000
5.468429	3.708779	2.890841	0.500000
7.165874	5.521705	2.993242	0.500000
4.151200	3.354578	1.837302	0.500000
2.167317	8.240448	0.586614	0.500000
7.506820	4.897448	1.782709	0.500000
7.900845	2.505553	2.949707	0.500000
2.728383	4.758485	1.427139	0.500000
5.506385	1.380529	1.612834	0.500000
5.958042	4.345873	2.006713	0.500000
8.371068	0.572128	2.944318	0.500000
4.935214	2.907075	2.586917	0.500000
2.864705	0.960635	0.501553	0.500000
3.450696	8.325335	2.894438	0.500000
4.215314	9.165062	1.756614	0.500000
8.257968	9.555400	2.941171	0.500000
8.615322	8.614918	2.849897	0.500000
2.371737	1.340011	2.989839	0.500000
0.258015	6.229502	2.974187	0.500000
4.266362	9.110173	2.891811	0.500000
0.122683	2.911080	2.976342	0.500000
4.938220	4.626392	0.531928	0.500000
6.657413	1.779293	1.311745	0.500000
8.350371	8.222833	1.355603	0.500000
7.428658	3.868947	1.830866	0.500000
4.990137	5.783204	2.700763	0.500000
9.601764	0.662897	2.865378	0.500000
8.090590	4.637345	0.522254	0.500000
4.572027	10.277067	2.841871	0.500000
8.357537	1.700899	1.074994	0.500000
8.653778	10.387603	0.608624	0.500000
3.052939	1.268871	2.229500	0.500000
8.865450	9.705507	1.997121	0.500000
6.819504	7.094562	0.515466	0.500000
3.550528	2.960761	2.875761	0.500000
8.488479	3.810010	2.896846	0.500000
6.105884	5.791123	2.777442	0.500000
2.837902	8.215495	1.697695	0.500000
6.502630	5.978986	0.501750	0.500000
3.856874	8.226993	1.411082	0.500000
4.178307	0.944204	2.893275	0.500000
4.645778	5.308323	1.357457	0.500000
10.505261	6.276654	0.518491	0.500000
5.647138	6.961865	2.999116	0.500000
7.980087	10.400471	2.402876	0.500000
5.013196	1.602201	2.840151	0.500000
9.909773	8.055924	2.747938	0.500000
0.105067	9.510207	1.551360	0.500000
3.396061	9.671174	1.275480	0.500000
1.416522	2.336199	0.541005	0.500000
2.335749	10.028548	1.059356	0.500000
8.928545	9.072273	1.095269	0.500000
4.235909	2.936807	0.770509	0.500000
0.111795	4.453331	1.428193	0.500000
6.523406	0.925076	0.531813	0.500000
0.282970	0.711775	0.850734	0.500000
8.333662	5.491910	1.281503	0.500000
7.562070	8.820776	2.897345	0.500000
4.921470	0.558827	1.465604	0.500000
2.667848	7.583811	2.926350	0.500000
9.001439	2.683501	2.963216	0.500000
4.490181	4.896624	2.889955	0.500000
0.837803	6.183979	1.726370	0.500000
3.517270	6.482217	0.504371	0.500000
4.156164	7.366621	0.629111	0.500000
7.551673	4.384781	2.683113	0.500000
2.065967	3.254112	1.518057	0.500000
4.430469	7.304049	1.877629	0.500000
9.119435	10.288707	2.893599	0.500000
6.946073	5.675364	1.368869	0.500000
3.835870	6.059054	1.931915	0.500000
4.492922	1.401918	1.845539	0.500000
2.793936	2.271982	2.593545	0.500000
2.051918	0.802501	1.841296	0.500000
0.278128	1.805640	2.948939	0.500000
6.311619	0.627145	2.005045	0.500000
4.501089	6.342891	0.895534	0.500000
7.202960	0.102366	1.648042	0.500000
0.963999	1.446885	1.030744	0.500000
9.742606	9.794045	0.565657	0.500000
4.906536	2.567157	1.603687	0.500000
7.544487	7.233517	2.784232	0.500000
1.466087	4.897082	2.958631	0.500000
7.721411	1.397645	2.908615	0.500000
6.382282	8.858841	2.947998	0.500000
9.851425	4.797347	2.332918	0.500000
7.011799	2.910091	0.604818	0.500000
0.838291	5.160322	1.850775	0.500000
8.875384	0.771147	0.556296	0.500000
10.294830	7.121530	2.818531	0.500000
1.415682	8.299287	1.953736	0.500000
5.891136	2.134202	2.427701	0.500000
4.212505	1.712998	0.558239	0.500000
5.534321	3.376262	1.761748	0.500000
9.973199	1.444333	2.143802	0.500000
1.167409	5.844639	2.675119	0.500000
8.562756	6.289454	0.700416	0.500000
7.535092	5.523750	0.500546	0.500000
2.133686	4.117441	2.932413	0.500000
8.089967	5.363204	2.587132	0.500000
3.397257	1.505779	1.208327	0.500000
2.550228	2.114981	1.625868	0.500000
3.052511	3.012848	1.553519	0.500000
9.982392	8.796432	0.594817	0.500000
8.272606	7.760535	2.290747	0.500000
0.930002	6.363764	0.609571	0.500000
7.451262	3.406917	2.968587	0.500000
2.764338	10.214275	2.074950	0.500000
6.406113	4.094026	2.916178	0.500000
1.779347	5.664395	0.537463	0.500000
2.349816	2.959285	0.527847	0.500000
8.436719	4.438395	2.049706	0.500000
1.018812	8.327314	0.811859	0.500000
5.895938	10.113777	2.042515	0.500000
6.565243	9.717532	0.526396	0.500000
9.043481	5.849245	2.911756	0.500000
6.803833	2.668627	2.063634	0.500000
10.539146	9.963170	2.968332	0.500000
9.308953	7.185457	0.518426	0.500000
7.173623	0.056516	0.605319	0.500000
9.562521	0.111217	0.944348	0.500000
3.115638	7.815975	0.573358	0.500000
5.740587	7.963997	2.906086	0.500000
10.266335	6.766665	1.441224	0.500000
7.487060	1.998153	0.524877	0.500000
6.869994	2.157102	2.933285	0.500000
5.686482	5.350382	1.907690	0.500000
3.428931	4.457408	0.506459	0.500000
1.872711	6.976336	2.912327	0.500000
5.393304	0.955416	0.534427	0.500000
3.215163	6.453298	2.809610	0.500000
0.845236	5.276868	0.812470	0.500000
0.219108	8.520593	1.390402	0.500000
7.231624	0.580424	2.534698	0.500000
7.451624	7.558334	1.551380	0.500000
2.023891	0.295094	2.984597	0.500000
0.342222	8.014556	2.515906	0.500000
9.270752	4.574136	1.271128	0.500000
9.078889	3.488310	0.522514	0.500000
3.272513	3.401995	0.643039	0.500000
4.849503	8.230814	1.092551	0.500000
8.174918	0.367588	1.584642	0.500000
1.755807	2.120058	2.654844	0.500000
7.654164	6.433724	1.170182	0.500000
5.275321	9.158653	1.475431	0.500000
5.044144	7.236980	1.080707	0.500000
6.253004	3.068546	2.873966	0.500000
5.731228	9.057620	0.521848	0.500000
