300

9.556150	9.723313	0.509473	0.500000
4.004795	3.118903	2.703381	0.500000
4.499473	5.170614	2.054672	0.500000
9.711005	5.477042	2.967699	0.500000
0.816949	3.280035	2.073803	0.500000
8.391729	7.167983	0.533558	0.500000
3.970243	5.889563	2.996887	0.500000
10.541324	0.875595	2.374728	0.500000
4.493438	10.537011	0.549241	0.500000
5.941375	9.786814	2.978762	0.500000
7.586757	5.391477	2.940750	0.500000
9.400598	4.373774	2.891122	0.500000
6.238912	6.976109	1.339758	0.500000
8.883873	9.487179	2.903338	0.500000
0.633375	0.660912	0.510818	0.500000
3.554419	1.710433	1.165105	0.500000
6.760228	0.588851	1.345588	0.500000
3.200608	4.462392	0.900844	0.500000
4.169456	2.660648	0.527467	0.500000
4.914714	5.116655	2.987461	0.500000
10.440508	4.292383	2.598515	0.500000
10.577854	10.087294	0.587882	0.500000
6.228893	9.403379	1.467166	0.500000
6.336508	4.916594	2.778225	0.500000
8.442968	3.393351	1.315503	0.500000
1.820118	3.550838	0.708360	0.500000
6.956705	9.038114	0.513852	0.500000
4.879752	9.686456	2.991084	0.500000
8.337645	2.640786	2.042201	0.500000
8.412173	4.753483	2.995916	0.500000
7.988365	5.917327	0.805276	0.500000
7.260306	3.393650	1.552296	0.500000
0.433181	0.183726	2.998363	0.500000
7.359206	3.387590	2.645823	0.500000
7.322645	4.524238	2.367158	0.500000
10.558453	1.772605	2.942875	0.500000
3.799480	9.437685	1.488408	0.500000
9.647814	6.515522	2.856141	0.500000
2.969352	6.034247	2.916118	0.500000
0.396360	8.129691	2.944514	0.500000
5.415052	5.446601	1.654412	0.500000
10.190750	2.575021	2.392320	0.500000
9.013180	5.031997	2.226694	0.500000
6.985057	9.489602	2.510683	0.500000
5.959375	3.359650	0.565331	0.500000
1.566278	5.249250	2.094423	0.500000
10.270902	9.629215	1.443579	0.500000
4.442520	1.697915	0.529470	0.500000
9.465892	7.127485	1.956581	0.500000
9.351996	2.795051	1.708169	0.500000
4.395963	7.714864	0.621179	0.500000
3.483261	5.063445	2.501045	0.500000
3.903501	4.197183	2.037048	0.500000
6.494690	2.726028	2.026893	0.500000
1.986598	4.201328	2.909434	0.500000
2.470817	0.563267	2.276673	0.500000
7.835844	10.090715	2.963766	0.500000
1.665594	0.612268	0.600426	0.500000
8.849966	8.420846	2.711854	0.500000
1.678957	7.085078	1.661442	0.500000
7.011078	3.673248	0.517061	0.500000
4.827749	8.179077	2.308543	0.500000
4.299481	9.285360	0.539098	0.500000
1.717057	9.305010	1.628260	0.500000
4.664438	10.489516	2.425253	0.500000
8.475270	9.883428	0.578700	0.500000
4.176585	8.852555	2.936670	0.500000
1.680049	6.987781	2.953413	0.500000
7.850528	2.965301	0.629863	0.500000
6.337981	3.811314	2.581711	0.500000
1.199861	6.594028	0.504276	0.500000
3.297878	7.585929	1.598784	0.500000
0.793864	5.298271	2.967010	0.500000
1.359176	1.652156	0.679886	0.500000
10.003237	4.996215	1.692548	0.500000
0.873490	4.259998	2.896320	0.500000
5.205828	3.013931	1.521449	0.500000
3.670476	0.881694	0.503338	0.500000
8.281862	8.371130	1.735070	0.500000
3.381330	6.331336	1.640388	0.500000
6.210541	0.879153	0.522076	0.500000
2.176655	10.300047	0.584613	0.500000
6.672108	4.911537	0.563923	0.500000
5.809637	4.374023	0.534284	0.500000
6.003029	10.095234	0.527844	0.500000
0.076065	8.632849	1.884573	0.500000
1.313800	7.720127	0.510358	0.500000
3.830828	3.712491	0.623533	0.500000
6.033644	1.986032	0.502986	0.500000
9.178261	10.515720	2.211174	0.500000
7.638270	7.380456	2.933634	0.500000
6.748236	0.925891	2.818528	0.500000
9.783672	0.107485	0.518018	0.500000
9.288558	5.625325	1.384016	0.500000
8.293567	10.181173	1.772720	0.500000
6.990120	10.041529	1.628083	0.500000
2.125837	1.296623	2.872777	0.500000
3.622913	5.265125	1.513334	0.500000
7.253611	10.212832	0.641750	0.500000
3.994706	7.728443	2.799730	0.500000
0.355686	2.991112	2.946345	0.500000
9.881555	8.755902	2.787698	0.500000
5.729505	0.332480	1.211832	0.500000
1.931230	1.253777	1.402582	0.500000
3.347598	10.467524	0.903520	0.500000
8.046476	9.295911	2.364347	0.500000
8.556083	0.779388	1.819104	0.500000
9.520071	1.595943	0.509769	0.500000
8.201825	5.583071	1.736586	0.500000
0.649829	2.521791	0.540753	0.500000
4.856713	2.600302	2.971865	0.500000
3.067912	5.519499	0.594674	0.500000
3.927024	8.425147	1.208936	0.500000
4.363496	4.247249	2.997284	0.500000
1.358955	4.263019	1.767350	0.500000
7.947021	9.209860	1.122149	0.500000
2.056145	10.278567	1.812308	0.500000
7.197134	1.768629	2.160911	0.500000
4.433404	2.334799	1.580660	0.500000
1.156006	8.603662	2.133323	0.500000
2.463549	3.128675	2.971353	0.500000
0.658812	3.522975	0.678414	0.500000
6.135228	6.717921	2.765046	0.500000
5.824857	3.860835	1.589643	0.500000
7.948259	6.502314	2.530606	0.500000
1.096465	6.315321	2.362418	0.500000
8.974948	7.771868	1.136959	0.500000
7.091670	8.843705	1.493006	0.500000
6.310473	8.607527	2.686832	0.500000
1.964843	2.165116	2.276303	0.500000
4.921986	3.685656	0.577073	0.500000
5.164949	6.686681	1.683727	0.500000
4.849684	6.816298	2.906294	0.500000
7.659666	0.250055	2.272368	0.500000
8.908181	0.741636	0.735210	0.500000
8.575636	1.666795	2.305425	0.500000
1.505537	8.018032	2.979037	0.500000
0.991792	9.741011	0.841943	0.500000
9.732286	3.837632	1.545606	0.500000
6.009953	0.929275	2.081953	0.500000
9.246328	3.750382	0.661993	0.500000
6.417266	5.867073	2.015716	0.500000
2.255911	6.255725	0.529045	0.500000
4.884389	3.903493	2.015789	0.500000
3.498621	6.813594	2.525843	0.500000
5.877934	2.827373	2.815671	0.500000
6.794272	2.365890	2.918326	0.500000
10.347902	3.979119	0.748355	0.500000
4.978140	0.891448	1.704246	0.500000
8.125579	8.221818	0.558409	0.500000
9.820727	3.463554	2.727900	0.500000
2.804528	9.303281	1.690018	0.500000
1.622739	2.730912	1.516096	0.500000
6.133952	10.373883	2.108524	0.500000
7.403918	6.438998	1.463043	0.500000
3.994566	1.998422	2.632911	0.500000
0.150505	8.860942	0.576448	0.500000
5.524857	0.476401	2.996588	0.500000
9.335155	1.153932	2.816908	0.500000
2.833348	3.456018	0.500066	0.500000
2.614487	10.035894	2.913470	0.500000
9.275045	2.270863	2.912359	0.500000
9.046157	2.660070	0.560770	0.500000
4.180474	5.270324	0.516539	0.500000
2.067528	2.537705	0.604616	0.500000
2.754811	7.369573	2.955825	0.500000
0.660751	9.828923	1.824436	0.500000
5.299807	9.961122	1.483722	0.500000
0.246339	1.649009	0.983726	0.500000
3.340698	7.661238	0.535291	0.500000
0.169030	7.645515	0.650563	0.500000
8.844439	5.446234	0.503055	0.500000
0.789507	1.140232	2.960968	0.500000
5.532361	5.852320	2.660538	0.500000
7.668943	7.451278	1.430980	0.500000
2.035772	9.260207	0.633297	0.500000
7.780786	1.199335	2.886766	0.500000
2.079110	5.286430	0.803943	0.500000
9.007045	8.898351	0.673997	0.500000
8.928607	1.890536	1.305336	0.500000
9.096917	10.430889	1.210815	0.500000
9.565871	4.692673	0.561024	0.500000
7.829993	4.899991	0.595780	0.500000
4.253420	10.338760	1.505720	0.500000
9.281991	9.600595	1.740056	0.500000
8.447333	7.228064	2.035119	0.500000
0.155931	4.146656	1.649561	0.500000
8.603035	5.881100	2.964341	0.500000
6.497097	4.706778	1.622399	0.500000
6.052047	5.924068	1.024729	0.500000
7.017932	1.619186	0.687457	0.500000
10.206935	9.756387	2.733168	0.500000
5.286296	1.776463	1.213246	0.500000
7.876966	2.271100	2.987017	0.500000
7.266765	5.366450	1.441320	0.500000
2.518841	8.326073	0.582882	0.500000
7.011296	5.940309	0.508702	0.500000
6.766644	2.713389	0.707207	0.500000
5.040992	8.484816	0.584790	0.500000
1.166142	2.369440	2.855078	0.500000
3.070278	2.459688	0.637170	0.500000
0.787957	7.872811	1.430197	0.500000
3.262039	1.458994	2.183231	0.500000
5.655945	7.620361	0.766808	0.500000
5.006306	1.472699	2.659237	0.500000
7.658827	1.149033	1.380398	0.500000
7.540535	0.573409	0.524419	0.500000
3.096379	3.687203	1.624709	0.500000
10.140986	2.773044	0.503195	0.500000
8.845468	7.308164	2.971744	0.500000
3.283127	9.052191	0.595519	0.500000
0.096972	6.372780	0.582681	0.500000
8.121784	3.923462	0.505133	0.500000
1.545950	6.021298	1.427722	0.500000
4.813653	8.901981	1.523979	0.500000
6.579927	7.657787	2.968042	0.500000
0.375176	5.323986	1.659005	0.500000
3.674471	9.728692	2.941329	0.500000
0.117676	6.802564	2.826621	0.500000
5.673795	7.505012	2.276477	0.500000
7.758424	4.288640	1.432337	0.500000
6.599972	7.813263	1.905154	0.500000
5.236743	5.262781	0.585683	0.500000
5.563024	2.156770	2.104411	0.500000
4.487187	4.551189	1.143201	0.500000
3.372405	2.544273	2.044477	0.500000
3.247851	3.848380	2.880047	0.500000
5.349906	4.093524	2.921404	0.500000
5.207809	6.334691	0.530491	0.500000
9.795945	7.759911	2.986662	0.500000
8.658150	4.725476	1.219394	0.500000
8.069338	1.741612	0.519822	0.500000
5.699437	8.305950	1.665771	0.500000
9.970465	0.171357	2.865794	0.500000
1.316560	0.309210	1.527120	0.500000
8.887530	6.285190	2.040634	0.500000
7.083792	6.966788	0.641837	0.500000
1.423094	3.343695	2.912171	0.500000
6.427953	1.770675	1.508501	0.500000
2.183775	3.424898	2.002413	0.500000
10.232510	1.758877	1.793299	0.500000
3.396925	8.512692	2.085795	0.500000
0.490119	9.202313	2.965590	0.500000
3.998592	3.239070	1.628857	0.500000
6.020959	8.689742	0.683649	0.500000
4.303385	0.796117	2.974803	0.500000
10.566736	5.781881	2.481747	0.500000
9.597822	8.536908	1.599739	0.500000
1.182683	10.118226	2.676793	0.500000
3.439460	6.589630	0.562902	0.500000
2.976955	2.035078	2.998381	0.500000
6.006160	1.731350	2.961389	0.500000
1.549809	0.435201	2.927835	0.500000
2.973857	0.792326	1.251707	0.500000
2.229229	8.386584	2.240317	0.500000
10.192387	0.028386	1.694505	0.500000
1.898906	5.941854	2.845731	0.500000
6.703990	10.514128	2.954267	0.500000
7.073326	6.264945	2.973125	0.500000
1.009466	4.455168	0.845587	0.500000
5.534247	9.256717	2.220407	0.500000
4.302048	7.465637	1.698211	0.500000
2.235042	4.338274	1.187296	0.500000
8.734635	3.414222	2.969722	0.500000
2.264016	7.291053	0.686933	0.500000
0.921369	5.621734	0.500325	0.500000
1.839755	8.181668	1.312239	0.500000
0.834699	7.365714	2.311777	0.500000
1.167214	1.474865	2.091921	0.500000
2.940678	8.806067	2.986010	0.500000
9.032694	6.541524	1.072487	0.500000
0.016288	3.163925	1.418304	0.500000
1.144281	8.726468	0.602561	0.500000
1.529224	9.098235	2.958033	0.500000
2.638067	2.075737	1.488516	0.500000
9.922768	8.204496	0.555529	0.500000
6.742074	7.938691	0.553037	0.500000
10.231628	0.826077	1.052910	0.500000
10.286362	7.694427	1.810356	0.500000
7.585930	2.160452	1.314762	0.500000
10.166503	6.100737	1.455077	0.500000
9.597188	0.911053	1.830558	0.500000
2.366328	6.627092	2.232466	0.500000
2.567409	5.111827	2.948675	0.500000
2.405477	1.402226	0.533249	0.500000
8.583553	4.082633	2.136606	0.500000
7.636570	8.376529	2.691755	0.500000
5.083672	0.855851	0.638685	0.500000
0.317949	6.846986	1.561169	0.500000
4.280673	6.226586	1.165473	0.500000
9.815681	7.211236	0.909818	0.500000
0.498935	2.347711	1.766049	0.500000
3.279857	0.446887	2.944999	0.500000
2.627642	5.624028	1.925167	0.500000
2.697570	4.517862	2.127539	0.500000
10.502773	5.344853	0.771905	0.500000
3.282138	10.363332	2.127839	0.500000
3.911629	0.784320	1.659483	0.500000
8.577409	0.485857	2.953588	0.500000
5.227889	2.674680	0.516504	0.500000
