300

1.972401	7.587439	1.495982	0.500000
3.417512	0.191251	1.227429	0.500000
4.807331	8.057390	2.925530	0.500000
1.186363	8.738371	0.607298	0.500000
0.669873	2.915906	1.557563	0.500000
9.355859	6.794943	2.990995	0.500000
4.899373	6.995737	2.220045	0.500000
0.103381	4.687923	2.952179	0.500000
8.377638	3.224513	0.555471	0.500000
8.424886	7.837856	2.918805	0.500000
5.799191	7.041078	1.489605	0.500000
9.935427	2.667258	0.517735	0.500000
9.744567	7.867275	1.187990	0.500000
6.078802	0.590539	2.889224	0.500000
6.641801	5.009726	2.388424	0.500000
6.138342	9.852217	1.322855	0.500000
6.103817	2.173305	0.528004	0.500000
2.509166	6.264965	1.618426	0.500000
10.122907	1.376858	0.520089	0.500000
3.658977	2.231090	2.060735	0.500000
2.263474	3.872739	2.019024	0.500000
1.444243	0.385765	0.613901	0.500000
4.026589	9.760783	2.939674	0.500000
2.859811	5.435830	0.774574	0.500000
10.287345	8.904684	1.668536	0.500000
8.346437	2.997620	2.525300	0.500000
5.583930	4.247846	1.065358	0.500000
6.603217	7.425156	1.957963	0.500000
5.590537	3.406058	0.511419	0.500000
0.646047	10.513184	2.084781	0.500000
9.263154	5.768527	1.908593	0.500000
6.542947	4.274928	1.672062	0.500000
9.403001	9.954265	1.636332	0.500000
3.969539	4.047678	2.848203	0.500000
2.001124	9.230186	2.944395	0.500000
0.538263	1.095904	2.217730	0.500000
4.483339	9.763961	1.669126	0.500000
2.067990	6.625130	0.754359	0.500000
0.261745	6.606021	1.490346	0.500000
0.830957	9.515621	1.315969	0.500000
4.522371	5.703546	2.968214	0.500000
0.753256	4.994618	2.146135	0.500000
8.303374	6.883433	2.637306	0.500000
4.371471	10.571564	0.501077	0.500000
1.956746	3.585728	0.903988	0.500000
1.705469	5.585295	2.237148	0.500000
9.939505	5.808102	2.975418	0.500000
4.807150	7.652478	1.419671	0.500000
9.291634	8.731380	1.747169	0.500000
1.858994	3.534618	2.988076	0.500000
1.145443	9.876189	2.948738	0.500000
1.148660	7.791384	2.151989	0.500000
4.031495	0.385184	2.101484	0.500000
2.615585	2.105786	1.059499	0.500000
1.096096	4.620039	0.580751	0.500000
1.420400	8.405685	2.926286	0.500000
7.673797	7.826261	0.523804	0.500000
9.236057	0.902089	0.603711	0.500000
9.088096	2.707631	1.102575	0.500000
0.222950	3.686854	2.671611	0.500000
9.194923	4.917140	1.053172	0.500000
3.632769	6.791616	2.001348	0.500000
6.528705	8.079691	0.615472	0.500000
3.300279	7.541304	1.258407	0.500000
5.925696	8.197494	1.468689	0.500000
7.508561	3.736374	0.579348	0.500000
5.742492	5.107666	2.940350	0.500000
1.727349	9.627224	2.025127	0.500000
3.582102	0.104420	2.954039	0.500000
0.888105	6.682379	2.852392	0.500000
0.588249	8.998208	2.802368	0.500000
2.837269	9.547963	0.524780	0.500000
2.568032	5.152743	1.855447	0.500000
1.159430	3.738940	2.246549	0.500000
10.556716	3.565261	0.548440	0.500000
7.396575	5.703399	1.570291	0.500000
3.997703	0.928462	0.673507	0.500000
1.043910	0.430320	2.993935	0.500000
8.111249	3.860358	1.822330	0.500000
3.038461	6.662475	0.506683	0.500000
5.134720	0.603261	2.346174	0.500000
6.680372	9.143087	1.866913	0.500000
5.442811	5.214999	0.585781	0.500000
7.105633	10.441266	1.336470	0.500000
9.861610	6.722572	1.113980	0.500000
8.806817	7.363327	1.760366	0.500000
10.042511	4.453134	0.513533	0.500000
6.411808	5.272597	1.362486	0.500000
8.312660	2.439838	1.680074	0.500000
0.013896	10.111855	2.834802	0.500000
9.083508	3.597781	1.957443	0.500000
0.482986	1.870735	1.441452	0.500000
1.597896	4.614129	1.543520	0.500000
4.104834	7.017181	2.996225	0.500000
7.948917	0.732793	0.912811	0.500000
7.588150	8.925390	0.566595	0.500000
3.338159	5.067201	2.733566	0.500000
9.082661	8.355582	0.600595	0.500000
6.114416	1.161913	0.535480	0.500000
4.921631	9.163993	2.731619	0.500000
7.696281	6.603625	0.531744	0.500000
6.311737	9.851154	2.956566	0.500000
4.644802	2.152815	2.327365	0.500000
1.858925	9.662342	0.936445	0.500000
7.376122	6.648307	2.978410	0.500000
3.919614	3.013496	1.237981	0.500000
6.591680	3.272979	0.500722	0.500000
0.628980	3.982735	1.372711	0.500000
4.763687	4.181490	1.721819	0.500000
8.518503	1.008140	1.871104	0.500000
10.364759	0.496448	2.640640	0.500000
3.705989	8.593651	1.570637	0.500000
5.440973	10.062055	0.618416	0.500000
10.090333	1.402721	1.943282	0.500000
6.159434	2.843391	1.338176	0.500000
7.201570	8.290370	1.406298	0.500000
3.379733	5.819235	1.938605	0.500000
9.294810	1.655372	1.308382	0.500000
2.630362	10.005083	1.481089	0.500000
5.493807	8.186510	0.520748	0.500000
1.530645	1.842461	1.601046	0.500000
7.462768	1.652830	1.629420	0.500000
1.310539	6.698032	1.938689	0.500000
2.321195	4.486133	0.514418	0.500000
2.383145	5.336308	2.999642	0.500000
2.812727	9.943742	2.994915	0.500000
3.824032	5.247359	0.531104	0.500000
9.970883	2.974496	1.764353	0.500000
7.671687	9.479176	1.399741	0.500000
1.418168	8.690227	1.642767	0.500000
6.344237	1.725971	2.978210	0.500000
5.572015	7.743651	2.334554	0.500000
10.113826	4.092147	1.970584	0.500000
0.617609	1.974596	2.838349	0.500000
2.965377	0.335757	2.187766	0.500000
6.340615	10.456873	2.146458	0.500000
9.544478	0.511281	1.892476	0.500000
9.157498	1.725326	2.358332	0.500000
10.184555	5.817401	1.430713	0.500000
0.986078	2.983476	2.977328	0.500000
5.992642	6.258390	0.728153	0.500000
2.294178	1.097899	1.609780	0.500000
0.175169	9.347035	0.512510	0.500000
3.183653	7.734053	2.985416	0.500000
3.781140	4.001836	1.823787	0.500000
1.745346	2.530115	0.744965	0.500000
10.248620	5.111382	2.139263	0.500000
10.592208	7.199335	0.503907	0.500000
1.607376	2.034634	2.984028	0.500000
9.262653	5.029473	2.989692	0.500000
1.086420	0.949824	1.374131	0.500000
1.733017	0.236348	1.809536	0.500000
1.035615	3.587156	0.510928	0.500000
5.388069	3.788872	2.966030	0.500000
7.611371	5.698658	2.692970	0.500000
4.716022	3.128249	2.092292	0.500000
2.321126	8.531948	1.208867	0.500000
8.276199	5.381053	1.160558	0.500000
8.222691	1.875420	2.937936	0.500000
3.441904	4.288177	0.878445	0.500000
5.300228	1.457701	1.230745	0.500000
5.697762	4.762988	1.965495	0.500000
8.299117	10.320911	2.376259	0.500000
5.388613	2.778913	2.922191	0.500000
2.839194	1.181414	0.576378	0.500000
2.876314	8.692149	2.934963	0.500000
4.913854	8.628294	1.696113	0.500000
7.951257	9.571160	2.966359	0.500000
8.914169	8.926170	2.956624	0.500000
2.588647	1.386746	2.823420	0.500000
9.874787	6.621664	2.126798	0.500000
3.836971	8.752652	2.653513	0.500000
10.474644	2.751535	2.831555	0.500000
4.651482	4.391310	0.640284	0.500000
6.497951	1.849930	1.410342	0.500000
8.260167	8.381009	1.218090	0.500000
7.068952	3.244441	1.704652	0.500000
5.343726	6.298263	2.990267	0.500000
9.425467	0.901555	2.930192	0.500000
8.418763	4.345954	0.741805	0.500000
5.324004	10.317825	2.974933	0.500000
8.405991	1.890753	0.812464	0.500000
7.966573	10.252112	0.593369	0.500000
3.785502	1.854048	2.986455	0.500000
8.557715	9.426959	1.901211	0.500000
6.766130	6.927686	0.798082	0.500000
3.180366	3.389436	2.507516	0.500000
8.634385	4.009228	2.940689	0.500000
6.524044	5.892602	2.958041	0.500000
2.644793	7.154956	2.122284	0.500000
6.939234	5.687752	0.551775	0.500000
2.630688	9.170727	2.048479	0.500000
4.314112	0.838716	2.952226	0.500000
5.030766	5.433932	1.624228	0.500000
9.726037	5.804445	0.506836	0.500000
6.071860	6.902099	2.632581	0.500000
7.219403	9.932827	2.290792	0.500000
5.304452	1.507652	2.822842	0.500000
10.252194	8.589180	2.705482	0.500000
10.435983	9.995381	1.402284	0.500000
3.792120	9.692586	0.848511	0.500000
0.564337	2.613314	0.570857	0.500000
2.378760	0.031362	0.556120	0.500000
8.494041	9.372844	0.525871	0.500000
3.614287	2.197595	0.543978	0.500000
0.262786	4.908310	1.258282	0.500000
6.210642	0.147993	0.783831	0.500000
0.825048	10.170043	0.501964	0.500000
7.561682	4.835319	0.507808	0.500000
7.065525	8.711563	2.876319	0.500000
4.988743	0.075331	1.442694	0.500000
1.883076	7.496148	2.960359	0.500000
9.483329	2.734189	2.975543	0.500000
4.737136	4.836974	2.499286	0.500000
0.361506	5.957741	2.274944	0.500000
3.975871	6.600537	0.948965	0.500000
4.115131	7.972819	0.539524	0.500000
7.567751	4.487994	2.626741	0.500000
1.667450	2.748101	2.249286	0.500000
4.067867	7.856611	2.190093	0.500000
9.637356	9.509811	2.506176	0.500000
7.025439	6.505534	2.051342	0.500000
4.029237	4.996334	1.772962	0.500000
4.394328	1.371728	1.686134	0.500000
4.092904	2.826838	2.882491	0.500000
1.582251	1.136322	2.437202	0.500000
10.173127	1.656708	2.986958	0.500000
6.038512	0.787924	1.817307	0.500000
4.665730	5.853742	0.542423	0.500000
7.589786	0.519558	1.937565	0.500000
0.578364	1.028106	0.514680	0.500000
9.532725	9.342886	0.851426	0.500000
4.953299	2.604795	1.181332	0.500000
7.493826	7.773688	2.501234	0.500000
1.621132	4.507584	2.915671	0.500000
8.423469	0.892594	2.916977	0.500000
5.961900	8.777963	2.488576	0.500000
9.635828	3.814511	2.875153	0.500000
7.566400	2.651945	0.906970	0.500000
0.942306	5.874945	1.376296	0.500000
9.191109	10.299102	0.598226	0.500000
9.394461	7.976586	2.670106	0.500000
2.282076	8.182626	2.284118	0.500000
5.712011	2.105173	2.020104	0.500000
4.545541	1.848371	0.666690	0.500000
5.704061	3.448247	2.080516	0.500000
0.057140	0.724325	1.385100	0.500000
1.005481	5.551601	2.973417	0.500000
8.765355	6.085433	0.599810	0.500000
6.464162	4.291840	0.503090	0.500000
2.674497	4.226356	2.935064	0.500000
8.360099	5.190972	2.148933	0.500000
3.300882	1.313669	1.680181	0.500000
2.422490	2.075242	2.104134	0.500000
2.729666	3.054445	1.523290	0.500000
10.253039	8.477349	0.537011	0.500000
7.911418	8.662164	2.141171	0.500000
1.062340	6.629000	0.608565	0.500000
7.418238	3.461754	2.989996	0.500000
3.524420	9.991963	2.100985	0.500000
6.332270	4.130391	2.934187	0.500000
1.816629	5.639835	0.933376	0.500000
1.443090	1.561443	0.550249	0.500000
7.558608	4.676251	1.549891	0.500000
1.397830	7.721867	0.510293	0.500000
5.497205	9.740511	2.106358	0.500000
6.863592	9.709948	0.597151	0.500000
8.659348	5.877222	2.927238	0.500000
7.494928	2.442079	2.407618	0.500000
9.147686	10.503283	2.932996	0.500000
8.696705	7.302673	0.760454	0.500000
6.872568	0.888990	1.250942	0.500000
10.454622	0.113582	0.528352	0.500000
2.534387	7.632357	0.530016	0.500000
6.490853	7.839246	2.896743	0.500000
10.415604	7.482786	1.939520	0.500000
7.332888	1.526534	0.612351	0.500000
7.297704	1.408264	2.676839	0.500000
5.900978	5.944797	1.921783	0.500000
4.527523	3.361796	0.500043	0.500000
2.080924	6.489381	2.735259	0.500000
5.271092	0.584305	0.594180	0.500000
3.057616	6.719923	2.959287	0.500000
0.306827	5.720197	0.606761	0.500000
0.446973	8.186090	1.236746	0.500000
7.522955	0.155735	2.906288	0.500000
7.646457	7.110412	1.471061	0.500000
2.093138	0.096459	2.751790	0.500000
0.383290	7.567940	2.955374	0.500000
9.247145	4.614211	2.068885	0.500000
9.455445	3.617176	0.757409	0.500000
2.925181	2.978361	0.503550	0.500000
3.230966	8.599090	0.646145	0.500000
8.617710	10.580667	1.373512	0.500000
2.702556	2.541743	2.949954	0.500000
8.461653	6.359163	1.689559	0.500000
4.716998	9.257474	0.507308	0.500000
5.121363	6.998012	0.718357	0.500000
6.469911	2.808478	2.843416	0.500000
5.957837	9.090492	0.562919	0.500000
