300

10.315215	10.111335	2.950092	0.500000
3.232238	1.134175	1.809348	0.500000
2.985207	5.923300	2.520281	0.500000
10.462216	7.108367	1.271732	0.500000
0.841860	4.389508	1.892910	0.500000
7.052984	9.336290	0.546426	0.500000
1.471743	8.197642	1.511417	0.500000
7.480742	4.080676	0.608391	0.500000
4.720975	0.733259	1.123795	0.500000
1.619252	8.090299	2.994118	0.500000
6.638087	4.899657	2.114290	0.500000
9.452266	5.249029	1.966235	0.500000
2.002823	8.831661	2.184430	0.500000
8.487120	10.089814	2.898787	0.500000
9.917018	10.119568	0.578569	0.500000
0.317162	3.445750	2.209894	0.500000
3.750925	9.860490	0.523190	0.500000
2.410538	4.418250	1.220838	0.500000
5.193847	4.494986	0.585231	0.500000
6.122909	3.316930	2.884008	0.500000
1.870270	4.746645	2.033717	0.500000
8.972022	9.494136	0.519645	0.500000
5.148354	1.510139	1.911765	0.500000
5.962455	8.921334	2.251989	0.500000
2.077981	0.162542	2.501702	0.500000
1.259397	5.424740	1.575066	0.500000
3.451582	6.684236	0.548987	0.500000
5.894852	10.189530	2.495052	0.500000
6.074117	3.943532	0.508744	0.500000
9.832544	7.107146	2.165239	0.500000
0.563937	6.334410	1.545861	0.500000
9.349901	4.648344	2.963114	0.500000
0.965825	1.087529	2.915500	0.500000
6.510351	2.382733	2.963584	0.500000
7.745683	5.852891	0.563152	0.500000
0.269247	5.289504	1.698995	0.500000
3.768626	1.883998	0.686135	0.500000
8.863926	4.143036	2.201616	0.500000
3.014185	6.422867	1.588611	0.500000
9.662921	0.228944	2.201117	0.500000
7.025429	5.012210	0.520046	0.500000
1.161901	6.068372	0.771253	0.500000
10.494081	6.640242	2.909846	0.500000
4.633248	2.730641	0.525242	0.500000
5.469648	2.514255	2.873926	0.500000
2.596687	3.470498	1.833250	0.500000
3.374865	2.669251	2.062068	0.500000
8.225366	0.750466	1.900404	0.500000
7.706446	6.909090	0.536536	0.500000
9.155704	4.130785	0.841864	0.500000
3.709762	8.252483	1.331886	0.500000
1.712330	4.347101	2.995674	0.500000
0.121758	1.686616	2.947471	0.500000
6.015164	4.027690	2.128616	0.500000
2.032021	2.814929	1.285696	0.500000
2.971311	2.433310	2.981442	0.500000
5.753984	7.703829	0.753677	0.500000
0.017609	2.414331	1.918373	0.500000
9.447104	9.686429	2.417736	0.500000
2.259056	6.681538	0.656333	0.500000
8.152386	6.663422	1.406884	0.500000
4.936943	8.418659	2.879608	0.500000
3.921576	0.149037	2.906569	0.500000
3.225890	9.378369	1.321335	0.500000
4.832073	0.725900	2.912773	0.500000
8.941890	8.194196	1.554846	0.500000
3.847839	9.957248	2.115580	0.500000
1.048350	8.898712	2.823580	0.500000
0.203975	4.599638	0.910495	0.500000
5.545201	0.574116	2.143286	0.500000
0.120093	8.049364	0.706287	0.500000
3.268643	8.803591	0.502099	0.500000
2.580878	5.383645	1.670135	0.500000
1.312922	10.400289	1.796158	0.500000
9.668252	4.973828	0.623557	0.500000
3.498074	3.997167	1.519988	0.500000
6.173319	4.704401	1.165561	0.500000
0.990657	10.507755	2.742064	0.500000
8.115736	9.794028	1.111267	0.500000
5.104360	7.158046	1.408279	0.500000
4.829274	10.176543	0.500660	0.500000
10.392622	0.304401	1.185025	0.500000
6.766542	3.823167	1.360123	0.500000
3.787567	5.744357	0.778443	0.500000
9.857838	6.299014	0.708520	0.500000
0.793926	0.200026	0.512144	0.500000
0.817713	6.105693	2.511434	0.500000
6.350530	5.818001	2.829557	0.500000
10.048903	4.384664	1.568996	0.500000
2.713848	9.579717	2.161861	0.500000
9.165064	6.753438	2.964969	0.500000
3.853951	1.367070	2.994567	0.500000
8.064920	8.706055	0.566754	0.500000
7.463647	6.462335	2.912908	0.500000
9.028195	10.538236	0.861540	0.500000
1.520857	7.099864	1.212992	0.500000
2.386674	1.598875	2.903059	0.500000
2.149544	7.649059	2.056699	0.500000
8.871714	2.159740	0.552024	0.500000
2.245990	8.742835	1.084627	0.500000
1.229948	2.067949	2.881818	0.500000
7.462813	7.607230	2.973238	0.500000
1.920436	0.632484	0.522036	0.500000
4.923620	1.625135	0.671628	0.500000
4.279609	8.729296	2.143388	0.500000
8.685246	10.446024	1.832453	0.500000
9.171557	1.232942	1.727011	0.500000
1.486049	1.891663	1.582291	0.500000
7.549496	4.513308	2.264575	0.500000
4.301487	3.734550	0.581800	0.500000
2.842041	4.489882	2.224031	0.500000
2.149279	2.020116	0.569980	0.500000
5.884062	9.856937	0.592470	0.500000
4.380940	2.819761	1.536039	0.500000
9.799575	7.576997	0.532153	0.500000
9.026022	0.374090	2.960208	0.500000
2.888481	0.021590	1.911464	0.500000
7.375768	10.167260	2.995244	0.500000
5.817274	1.982581	1.240804	0.500000
10.535993	9.133364	0.641853	0.500000
5.206220	3.607036	1.109609	0.500000
4.510869	4.331853	1.422473	0.500000
6.774588	6.194073	0.739713	0.500000
5.954508	4.837788	2.947531	0.500000
8.420981	5.109556	2.052110	0.500000
1.044284	7.284196	2.077234	0.500000
7.860411	5.964918	2.139785	0.500000
4.361389	7.586458	0.635825	0.500000
6.873528	8.425835	2.118396	0.500000
3.588677	4.704568	2.985270	0.500000
6.853399	3.260097	0.514496	0.500000
5.492622	5.650921	0.613333	0.500000
2.823474	7.889979	2.886484	0.500000
8.292754	1.828156	1.641184	0.500000
0.434211	9.982280	1.050306	0.500000
5.875351	1.457495	2.712031	0.500000
0.518730	8.681653	1.516383	0.500000
10.233042	9.714355	1.729685	0.500000
7.786057	1.939237	0.624433	0.500000
5.363501	9.240567	1.509202	0.500000
10.001967	3.722435	2.895444	0.500000
7.691648	3.573400	1.856479	0.500000
4.609700	4.440432	2.963981	0.500000
5.568500	10.465646	1.389488	0.500000
2.503094	5.155761	2.979510	0.500000
4.813620	1.736470	2.924609	0.500000
7.500940	10.273242	1.783320	0.500000
9.083822	3.324497	2.851024	0.500000
5.000580	8.213452	1.210118	0.500000
5.300819	8.997131	0.503580	0.500000
2.891921	2.012272	1.437086	0.500000
4.855065	10.000129	1.946807	0.500000
0.412024	2.105668	0.939577	0.500000
3.103770	3.910796	0.561252	0.500000
3.748278	4.919262	1.916242	0.500000
0.525720	2.784283	2.933602	0.500000
0.617947	6.872542	0.503990	0.500000
7.894796	0.179046	0.875818	0.500000
8.801837	2.856553	1.456695	0.500000
3.094970	2.736095	0.545739	0.500000
4.204318	0.926472	2.143439	0.500000
9.683921	1.185533	2.880734	0.500000
1.207380	2.841136	2.062452	0.500000
7.426274	5.451478	2.959584	0.500000
0.093482	0.713925	2.549294	0.500000
9.956637	8.103875	1.378123	0.500000
0.629737	9.494626	2.130386	0.500000
9.484819	1.328578	0.644420	0.500000
8.346340	1.641436	2.945491	0.500000
4.227833	3.629133	2.254094	0.500000
8.961962	6.450734	2.004416	0.500000
6.264165	8.824289	0.915386	0.500000
4.499011	5.582330	1.936872	0.500000
5.171449	5.536056	2.966177	0.500000
6.710902	9.211740	2.929575	0.500000
2.901920	8.916364	2.912608	0.500000
8.947180	8.815998	2.991086	0.500000
1.638306	5.153875	0.566307	0.500000
9.248548	7.262877	1.322679	0.500000
7.439980	2.606073	1.475712	0.500000
0.534067	3.532643	1.093265	0.500000
9.797776	5.693232	2.945139	0.500000
8.825508	6.472659	0.642651	0.500000
1.184473	1.561258	0.547025	0.500000
7.701573	7.764742	1.264119	0.500000
8.986507	7.875928	2.540431	0.500000
5.851593	2.752507	0.575673	0.500000
8.755810	5.762255	2.976517	0.500000
6.782376	5.828602	1.723790	0.500000
8.627734	7.795299	0.543730	0.500000
7.504715	1.121208	1.294886	0.500000
10.448888	8.839667	2.880044	0.500000
3.816119	0.827104	0.607786	0.500000
9.968821	3.251839	1.714640	0.500000
7.556623	5.205707	1.484003	0.500000
1.210230	7.839154	0.557628	0.500000
8.462531	4.968041	0.553829	0.500000
6.348654	0.721874	1.484472	0.500000
4.508784	7.555075	2.124396	0.500000
2.181928	0.768027	1.517823	0.500000
6.760310	2.257073	0.797609	0.500000
3.977733	0.061796	1.277433	0.500000
4.054095	2.489394	2.811534	0.500000
1.580425	6.958019	2.912805	0.500000
1.798623	9.885349	2.921087	0.500000
7.927507	0.439507	2.943693	0.500000
7.957304	9.130021	2.965672	0.500000
6.775734	1.762267	1.995906	0.500000
7.949787	3.047716	0.522912	0.500000
7.649915	3.736671	2.922443	0.500000
6.106844	8.186640	2.947223	0.500000
0.249351	5.674074	0.506131	0.500000
6.475902	9.769936	1.714093	0.500000
4.647301	5.243961	1.000104	0.500000
4.959007	10.314630	2.961286	0.500000
6.093951	6.841185	1.557637	0.500000
1.857596	5.987015	2.916195	0.500000
3.609185	6.919370	2.977173	0.500000
9.934157	7.806464	2.992313	0.500000
4.711197	6.517913	2.891225	0.500000
6.579709	7.130567	2.744197	0.500000
4.074417	9.316379	2.946054	0.500000
6.775809	7.298920	0.536508	0.500000
5.667666	6.496775	2.400777	0.500000
5.594293	6.711251	0.579053	0.500000
4.875670	3.422049	2.999493	0.500000
6.760778	4.188611	2.824960	0.500000
6.286692	2.913934	1.469930	0.500000
2.584656	6.908520	2.597307	0.500000
7.489608	9.267712	1.860454	0.500000
1.089917	5.162051	2.870593	0.500000
9.149068	2.221733	2.268390	0.500000
6.667885	10.490245	0.853002	0.500000
0.268310	10.474275	1.981234	0.500000
0.304940	1.081101	0.560643	0.500000
5.735711	7.739468	1.971042	0.500000
3.281494	7.735348	0.520854	0.500000
5.337193	4.767637	1.849988	0.500000
8.448923	1.078202	0.681653	0.500000
3.488816	3.358496	2.997018	0.500000
8.024270	2.658057	2.422436	0.500000
3.077259	0.156333	0.839683	0.500000
2.980087	0.774068	2.961035	0.500000
7.344036	1.713769	2.836713	0.500000
2.341482	10.026421	1.219002	0.500000
4.274635	9.397659	1.371082	0.500000
10.086286	3.871871	0.540380	0.500000
8.237240	7.059913	2.433842	0.500000
1.098152	8.857491	0.563055	0.500000
4.473479	6.514756	0.510240	0.500000
3.845110	4.618587	0.724288	0.500000
5.432458	9.429854	2.998884	0.500000
1.011701	0.830526	1.600581	0.500000
10.326492	1.363974	1.795981	0.500000
2.663102	5.571119	0.570178	0.500000
8.081305	8.264562	2.253972	0.500000
0.720725	4.221762	2.920743	0.500000
7.143079	0.732631	2.204856	0.500000
3.378653	7.434273	1.815529	0.500000
8.299445	4.313239	1.365652	0.500000
4.032830	5.650437	2.976682	0.500000
2.923524	8.582188	1.864054	0.500000
2.790356	1.167924	0.700927	0.500000
9.872270	2.145818	1.211023	0.500000
3.904518	6.581557	2.045042	0.500000
1.171500	4.213367	0.622011	0.500000
1.844820	6.281433	1.748223	0.500000
3.023061	10.144451	2.974665	0.500000
1.562063	3.683883	1.594246	0.500000
10.577253	8.030151	2.255219	0.500000
7.193897	6.720744	1.929189	0.500000
10.273806	2.866541	0.610824	0.500000
9.618563	8.576535	2.191987	0.500000
2.245545	2.316777	2.216344	0.500000
2.058048	3.612295	0.537074	0.500000
9.979692	6.123353	1.980910	0.500000
6.565121	7.858073	1.341677	0.500000
9.845539	2.595864	2.886305	0.500000
0.686508	7.644922	2.984029	0.500000
7.066853	3.007499	2.399164	0.500000
2.293040	7.704328	0.735865	0.500000
7.115597	8.273561	0.564059	0.500000
1.634936	10.218027	0.509530	0.500000
5.301253	7.475683	2.868396	0.500000
4.213513	1.793697	1.635785	0.500000
0.086114	5.115928	2.792821	0.500000
9.365803	8.509650	0.665868	0.500000
5.286256	3.099694	1.975560	0.500000
1.545579	9.432877	1.524848	0.500000
2.493594	3.646587	2.980997	0.500000
8.739566	5.722719	1.305594	0.500000
9.226865	3.169696	0.503500	0.500000
6.549173	0.542360	2.993694	0.500000
1.205165	2.732732	0.502868	0.500000
5.731322	5.671004	1.604777	0.500000
8.246880	4.670531	2.992711	0.500000
3.901482	8.227071	2.982633	0.500000
1.874398	2.855293	2.994701	0.500000
8.892248	9.276214	1.524031	0.500000
6.513024	1.209168	0.602177	0.500000
