300

9.513444	8.514929	0.813481	0.500000
7.668186	7.868129	1.525377	0.500000
11.169812	4.730973	1.856770	0.500000
4.336051	1.516711	2.065111	0.500000
2.115478	9.707551	2.946158	0.500000
1.255860	9.794684	0.514310	0.500000
5.800566	0.536451	2.174119	0.500000
7.742505	0.882027	2.004764	0.500000
0.821422	9.450469	1.846142	0.500000
10.318946	9.549146	0.668902	0.500000
6.688803	8.470427	2.243895	0.500000
8.282430	2.711277	1.292892	0.500000
5.366092	3.123682	1.130139	0.500000
8.446007	1.191042	0.506895	0.500000
11.214964	3.403415	0.555082	0.500000
9.410234	9.564693	2.990475	0.500000
8.633186	1.462219	2.144244	0.500000
8.523128	7.931746	0.510835	0.500000
11.292536	7.748970	1.424599	0.500000
1.026915	4.650306	1.707053	0.500000
0.817997	3.010315	0.733669	0.500000
0.598618	8.681864	0.537986	0.500000
2.240292	5.025899	2.161618	0.500000
1.355412	4.140455	0.610059	0.500000
8.762410	5.102742	0.511004	0.500000
2.419500	8.547955	2.882174	0.500000
3.408039	5.058810	1.452574	0.500000
5.882092	9.242995	0.714123	0.500000
6.747455	8.844228	1.086803	0.500000
0.842171	0.015227	2.895591	0.500000
3.651394	1.733441	0.864225	0.500000
2.002844	7.105283	2.974263	0.500000
0.498742	5.876886	1.944026	0.500000
2.882704	9.478577	0.555702	0.500000
7.772691	4.369344	2.086879	0.500000
11.184115	3.391813	2.094038	0.500000
10.993419	1.898272	1.256830	0.500000
11.274437	8.865551	1.225919	0.500000
8.984781	3.693045	2.984249	0.500000
2.790572	2.510800	2.775427	0.500000
11.233618	9.679551	2.357503	0.500000
0.350435	4.944062	2.799183	0.500000
3.122498	3.600346	2.941232	0.500000
3.258141	9.301469	2.963906	0.500000
3.944776	2.808162	1.214798	0.500000
7.809324	5.134265	1.303549	0.500000
10.870938	6.491042	1.702953	0.500000
2.705503	4.083670	1.496682	0.500000
0.473287	1.948294	0.641958	0.500000
8.733719	0.561826	1.578401	0.500000
2.256599	0.566282	0.500593	0.500000
0.949107	7.834471	1.127848	0.500000
6.991674	0.201108	2.236592	0.500000
3.835644	6.023992	2.945511	0.500000
7.372786	2.876930	2.972630	0.500000
6.138685	7.691193	2.655080	0.500000
9.695940	4.428984	1.893218	0.500000
2.891144	2.625313	0.990143	0.500000
5.261324	6.107936	2.541651	0.500000
9.117339	1.707126	2.988331	0.500000
0.801919	3.521980	2.102656	0.500000
4.878947	8.961683	0.508353	0.500000
8.535746	6.332983	1.613038	0.500000
6.047634	4.974945	1.224173	0.500000
7.750285	8.405461	2.999134	0.500000
8.537351	7.389007	1.697874	0.500000
8.127196	4.948555	2.841751	0.500000
1.011739	2.272642	1.451312	0.500000
2.308604	4.260868	2.966534	0.500000
5.428424	9.629589	2.834200	0.500000
5.272186	1.472372	0.571532	0.500000
4.960751	5.604180	1.383784	0.500000
0.395203	6.879531	1.535388	0.500000
2.567598	8.294661	0.523152	0.500000
4.023276	4.790344	2.990948	0.500000
1.884586	2.005405	2.969244	0.500000
5.147822	4.083309	2.896511	0.500000
2.961086	9.520928	1.989374	0.500000
6.259161	5.988106	2.774279	0.500000
5.235813	5.044884	0.551846	0.500000
10.657206	6.813938	0.699281	0.500000
5.182783	1.714158	2.950150	0.500000
5.155049	7.403675	1.026573	0.500000
6.843328	5.350744	1.963103	0.500000
4.586704	2.368701	0.553685	0.500000
8.650530	4.524587	1.564823	0.500000
10.158919	5.460396	2.949496	0.500000
7.982061	8.955160	0.569706	0.500000
10.040896	9.554627	2.086812	0.500000
9.441903	9.416564	1.273444	0.500000
2.643998	1.071900	1.399124	0.500000
0.322662	7.408863	2.516078	0.500000
3.965764	9.772740	1.105384	0.500000
5.052373	9.179235	1.955229	0.500000
9.989854	3.447440	2.945687	0.500000
4.648124	6.771725	1.814132	0.500000
1.247315	6.855163	2.193192	0.500000
5.724247	4.088587	0.541516	0.500000
1.583373	5.705750	1.623493	0.500000
1.654322	5.780388	0.617057	0.500000
2.607003	5.870087	1.437931	0.500000
6.114947	3.406988	2.937293	0.500000
2.940514	5.536949	2.741747	0.500000
4.360438	1.004871	0.524277	0.500000
8.521728	3.437895	0.523633	0.500000
4.407195	5.039631	2.021685	0.500000
5.881828	2.166191	2.010381	0.500000
3.308049	3.111903	1.936106	0.500000
9.622625	0.756153	2.159230	0.500000
11.171457	1.885963	2.995627	0.500000
0.603018	0.919316	0.516246	0.500000
3.128662	4.536274	2.352042	0.500000
6.859396	6.955397	0.693878	0.500000
2.250179	7.003783	1.604631	0.500000
9.578789	7.417331	1.644735	0.500000
0.604214	6.192064	0.656141	0.500000
0.599428	5.035633	0.599747	0.500000
4.455535	7.964915	0.557018	0.500000
6.200603	9.446483	1.780568	0.500000
1.960293	9.750684	1.285616	0.500000
8.961241	6.990137	0.635528	0.500000
3.786791	2.484322	2.861806	0.500000
10.886796	6.549999	2.883305	0.500000
4.298627	5.728994	0.636481	0.500000
2.823430	5.507814	0.521820	0.500000
7.155509	5.309557	2.919788	0.500000
8.990490	5.734316	2.281320	0.500000
7.458354	3.057897	1.969175	0.500000
7.524548	2.024798	1.928931	0.500000
7.401099	7.973345	0.555631	0.500000
1.515440	1.488915	0.531231	0.500000
1.412702	6.584145	1.161652	0.500000
8.906599	0.630584	2.984392	0.500000
6.328959	1.515774	0.528041	0.500000
1.954116	1.818060	1.394971	0.500000
2.109165	0.437946	2.125646	0.500000
0.467126	0.984036	2.608354	0.500000
0.597761	6.270408	2.971520	0.500000
3.279329	0.534732	0.709769	0.500000
2.662550	6.767443	0.587848	0.500000
6.539997	0.489212	1.365084	0.500000
1.355252	5.243548	2.900163	0.500000
2.050696	3.268202	2.950942	0.500000
4.263861	3.578494	2.970887	0.500000
2.344578	8.707108	1.805903	0.500000
3.554178	3.637188	0.573204	0.500000
8.872167	2.259169	0.554076	0.500000
9.430292	4.170297	0.500066	0.500000
10.333453	7.196774	2.313569	0.500000
10.570244	0.413091	1.532635	0.500000
7.043732	2.612077	0.538031	0.500000
11.067494	4.452100	0.742587	0.500000
4.671589	0.778968	1.464481	0.500000
0.139397	3.952703	2.945876	0.500000
7.932174	6.938771	0.564594	0.500000
5.725395	5.290512	2.116785	0.500000
3.524760	8.267144	2.929420	0.500000
6.731127	6.883374	2.398392	0.500000
9.187026	3.602306	1.289231	0.500000
6.655328	2.176527	1.374998	0.500000
3.631190	8.587926	0.736696	0.500000
2.177529	3.512946	0.575644	0.500000
4.865830	0.653069	2.879164	0.500000
1.237963	4.153893	2.952390	0.500000
2.326533	2.656870	1.888738	0.500000
3.766589	8.824139	2.133979	0.500000
6.015017	5.813150	0.557845	0.500000
6.674422	1.267400	2.011872	0.500000
10.175599	1.493486	2.932303	0.500000
8.488793	6.329926	2.929091	0.500000
8.383379	6.037308	0.603379	0.500000
4.390824	3.179659	2.031153	0.500000
8.498579	7.494868	2.990004	0.500000
4.443975	7.839137	2.867030	0.500000
4.045883	7.568858	1.674944	0.500000
9.804517	6.420013	1.933716	0.500000
6.103332	2.406944	2.988126	0.500000
1.400135	2.706900	2.342885	0.500000
0.565041	3.870380	1.179907	0.500000
6.411327	3.299285	1.559544	0.500000
0.538514	2.897274	2.973033	0.500000
1.088571	7.843064	2.995138	0.500000
4.600175	8.384052	1.477750	0.500000
5.663075	8.503918	2.998867	0.500000
10.132506	1.446316	1.515915	0.500000
5.967323	4.161790	2.049927	0.500000
9.468034	6.858063	2.864930	0.500000
7.546398	3.715755	1.214427	0.500000
10.603550	0.589132	2.878284	0.500000
1.328048	8.757485	1.259859	0.500000
2.839097	6.514017	2.992613	0.500000
3.518085	7.244352	2.884634	0.500000
10.609373	2.683114	2.553651	0.500000
3.305544	7.603014	0.569715	0.500000
8.481431	8.487645	1.357535	0.500000
5.798720	0.596000	0.638021	0.500000
9.746799	7.982611	2.937667	0.500000
4.024666	0.035899	2.334789	0.500000
3.192755	8.056043	1.472861	0.500000
6.846815	4.060172	2.516717	0.500000
5.129229	7.099389	2.934498	0.500000
6.783781	9.237906	2.878378	0.500000
7.653322	0.563097	0.501472	0.500000
6.060365	4.927803	2.998365	0.500000
4.611333	3.923854	0.559706	0.500000
7.668641	9.833958	1.531479	0.500000
3.716011	6.687271	0.562268	0.500000
3.156440	1.956356	1.748055	0.500000
7.626243	8.781937	2.080506	0.500000
0.329522	8.916462	2.969525	0.500000
8.689498	8.817846	2.996151	0.500000
8.600582	9.675994	2.341132	0.500000
0.887797	1.887059	2.972053	0.500000
10.949599	1.310154	2.201602	0.500000
6.198606	1.091506	2.989772	0.500000
9.797019	6.094389	0.738855	0.500000
9.155543	1.486221	1.162373	0.500000
8.453668	2.438089	2.582728	0.500000
9.874715	7.594796	0.524604	0.500000
10.307742	8.911997	2.935797	0.500000
3.861876	5.940503	1.611092	0.500000
6.440273	7.577027	1.520144	0.500000
9.669703	0.575577	0.642396	0.500000
2.716940	1.652173	0.514701	0.500000
1.766315	2.592183	0.560964	0.500000
6.011441	2.582799	0.544039	0.500000
8.644186	0.025085	0.514542	0.500000
9.285269	4.740029	2.797010	0.500000
10.404241	3.821643	1.177256	0.500000
7.172004	0.833423	2.992401	0.500000
3.943080	1.158222	2.934743	0.500000
0.036805	9.558094	0.501380	0.500000
11.178453	5.570364	0.940651	0.500000
7.016045	1.914909	2.859444	0.500000
6.330443	7.951138	0.586868	0.500000
10.582863	2.808505	1.171822	0.500000
10.622016	4.265615	2.590496	0.500000
9.928855	3.310868	1.923688	0.500000
7.907715	3.844530	2.957973	0.500000
7.281295	1.343353	1.101414	0.500000
7.582445	6.777275	1.857311	0.500000
2.030834	6.144377	2.509509	0.500000
3.676585	0.889545	1.633939	0.500000
7.861696	5.764317	2.109351	0.500000
6.843606	4.414978	1.533683	0.500000
6.780365	3.660384	0.537128	0.500000
2.878251	4.412233	0.519574	0.500000
9.540946	2.594574	2.660124	0.500000
7.486128	6.291040	2.972640	0.500000
1.289763	0.716983	1.376685	0.500000
1.487613	1.366438	2.169810	0.500000
1.636395	7.925231	2.135826	0.500000
7.977647	4.386654	0.588522	0.500000
2.727484	7.698938	2.392035	0.500000
4.361021	9.137348	2.944059	0.500000
3.012124	0.535890	2.615025	0.500000
9.928937	1.944982	0.596752	0.500000
10.330470	8.224519	1.986144	0.500000
8.403721	3.515638	2.050346	0.500000
2.859991	1.518333	2.918041	0.500000
3.266246	6.835606	1.878502	0.500000
10.064335	5.128252	0.576313	0.500000
1.359306	8.829205	2.875887	0.500000
5.784803	6.503803	1.744134	0.500000
9.165779	8.306037	2.110694	0.500000
5.513605	3.245596	2.125146	0.500000
1.783079	7.366622	0.604069	0.500000
9.395559	5.237278	1.361042	0.500000
5.010704	5.095364	2.836922	0.500000
0.180279	2.440518	2.091831	0.500000
0.199174	0.354901	1.281813	0.500000
5.210030	7.782590	2.167425	0.500000
2.132743	4.814635	1.117324	0.500000
4.042616	4.759030	0.545641	0.500000
4.886192	0.147069	0.693862	0.500000
9.248710	2.581017	1.668666	0.500000
7.501551	7.400143	2.840214	0.500000
5.517735	1.306896	1.586574	0.500000
0.331282	7.253333	0.590489	0.500000
6.750250	6.169464	1.378840	0.500000
10.862439	7.841127	2.946695	0.500000
10.718369	1.068946	0.558923	0.500000
1.818302	3.745509	2.092018	0.500000
6.802553	9.775954	0.522429	0.500000
4.988885	2.693800	2.802404	0.500000
4.946467	2.157397	1.590167	0.500000
5.007976	4.143737	1.768066	0.500000
5.807695	8.550841	1.433587	0.500000
7.376165	6.061884	0.536927	0.500000
7.762057	0.006937	2.970322	0.500000
7.956336	1.573974	2.932378	0.500000
10.828061	8.139147	0.601616	0.500000
0.554861	8.393788	2.026290	0.500000
0.473755	1.326089	1.613014	0.500000
7.866262	2.031605	0.579702	0.500000
5.150487	6.471341	0.512613	0.500000
9.809150	3.111764	0.551854	0.500000
7.044511	4.956173	0.595290	0.500000
3.860416	4.027098	1.476828	0.500000
10.283122	5.547753	1.828522	0.500000
