300

1.656995	5.375990	0.506010	0.500000
5.085520	2.117894	0.537984	0.500000
2.996764	5.997911	1.516898	0.500000
3.549722	0.586055	0.651931	0.500000
8.347789	2.275281	2.039025	0.500000
8.046826	8.373175	2.943319	0.500000
6.216675	6.166463	0.501947	0.500000
6.285865	6.738940	2.088405	0.500000
7.917386	0.386009	1.686507	0.500000
6.682370	8.306458	0.514551	0.500000
7.392048	10.575006	0.895683	0.500000
10.360045	1.295868	1.286551	0.500000
2.419833	9.595677	1.951078	0.500000
6.948483	0.569775	2.943751	0.500000
2.771021	6.215938	2.961671	0.500000
4.414026	10.083764	1.764770	0.500000
6.179165	5.628585	1.865784	0.500000
2.882749	10.392280	1.213868	0.500000
10.105958	0.480449	1.820423	0.500000
6.177825	2.576407	2.245251	0.500000
2.897100	9.244428	2.969655	0.500000
0.374367	9.206223	0.532551	0.500000
0.419068	7.473483	2.957399	0.500000
5.288561	5.543236	0.538420	0.500000
7.557457	9.198362	2.632491	0.500000
8.834318	4.476276	0.815519	0.500000
7.481612	7.326256	1.451904	0.500000
9.169273	6.351222	2.986615	0.500000
6.280120	4.995950	2.903251	0.500000
1.012372	2.124083	1.293955	0.500000
9.569393	10.111733	0.577896	0.500000
9.820240	4.450803	0.573563	0.500000
5.577430	9.689353	2.753876	0.500000
5.230454	2.316470	2.685430	0.500000
2.392199	0.479186	0.568439	0.500000
5.610733	1.399042	2.486730	0.500000
9.824403	3.128151	0.635280	0.500000
9.126720	4.999766	1.656978	0.500000
3.553327	6.333313	0.546763	0.500000
1.437873	7.046998	0.547551	0.500000
3.020992	5.118259	2.917505	0.500000
9.770376	5.525770	0.527163	0.500000
1.046409	6.931325	2.132046	0.500000
2.328368	10.555426	2.261233	0.500000
2.143955	2.683393	2.730809	0.500000
3.799480	1.363353	2.132281	0.500000
7.328183	5.397091	2.968570	0.500000
5.430797	9.566187	1.534888	0.500000
7.040988	7.216854	0.502673	0.500000
4.763811	1.755335	1.993361	0.500000
10.329934	5.120848	1.771002	0.500000
0.766989	6.004572	0.551307	0.500000
4.571527	8.095740	0.507498	0.500000
2.963634	3.440594	1.406786	0.500000
1.480124	3.469251	2.725267	0.500000
1.845358	7.422880	1.515799	0.500000
6.297905	8.969362	1.178920	0.500000
8.787286	1.987530	0.501015	0.500000
0.257476	2.975302	1.981196	0.500000
9.049015	4.957121	2.755479	0.500000
9.995695	3.304170	2.436840	0.500000
6.759253	5.342380	0.772967	0.500000
3.668372	8.990253	2.080379	0.500000
1.663643	6.526741	2.986961	0.500000
5.355482	6.822062	2.509937	0.500000
7.750519	4.946450	0.903127	0.500000
6.377267	7.910700	1.416584	0.500000
9.962682	1.420602	2.199385	0.500000
1.224602	0.377479	0.540805	0.500000
1.918127	6.051493	2.035618	0.500000
2.614958	6.980754	0.615359	0.500000
1.217610	9.331176	1.108228	0.500000
4.422584	5.602107	1.717796	0.500000
10.512226	2.171600	0.702304	0.500000
1.397207	2.137437	2.263244	0.500000
5.691557	8.342040	2.073375	0.500000
1.982190	8.948286	0.543915	0.500000
9.806149	8.570292	1.696091	0.500000
0.451371	3.599230	2.941277	0.500000
4.182258	7.168837	0.548579	0.500000
4.779090	0.239917	1.149536	0.500000
6.347023	8.986080	2.477685	0.500000
6.875257	9.576090	1.793057	0.500000
0.899699	8.150171	1.923360	0.500000
10.021515	7.079566	2.945978	0.500000
7.833748	3.118665	2.756044	0.500000
0.844940	5.938841	2.943350	0.500000
7.523960	8.952508	0.623406	0.500000
4.698970	1.365066	2.939408	0.500000
6.188943	0.185391	1.094545	0.500000
0.688339	6.140247	1.633129	0.500000
3.084739	1.785738	0.532145	0.500000
0.812407	4.017019	0.504316	0.500000
6.451106	10.164417	2.641374	0.500000
5.997071	1.497751	0.801600	0.500000
7.393902	8.336722	1.453782	0.500000
4.561736	6.248603	0.808430	0.500000
8.802848	9.244312	1.731007	0.500000
5.918832	2.689083	0.564385	0.500000
10.370908	9.180015	2.875962	0.500000
8.007986	6.869724	0.593582	0.500000
8.079822	0.972848	0.547761	0.500000
6.962585	0.078612	1.809095	0.500000
2.064243	9.988442	0.639342	0.500000
3.635749	7.808725	2.301596	0.500000
3.632519	5.947331	2.428728	0.500000
4.253119	3.531877	1.395892	0.500000
9.311206	6.343939	1.481387	0.500000
8.596674	4.052296	2.962182	0.500000
9.079875	0.448995	1.942280	0.500000
8.187910	6.683828	1.980702	0.500000
2.536185	1.490370	2.287184	0.500000
5.126385	1.072364	0.506005	0.500000
0.768134	2.494712	2.960865	0.500000
5.649370	2.225236	1.434876	0.500000
7.858038	7.977559	0.569173	0.500000
6.458225	3.654435	0.518881	0.500000
9.684428	1.470007	0.501943	0.500000
1.622328	10.211603	1.536699	0.500000
1.775103	8.592222	1.486698	0.500000
3.809572	0.655468	2.902155	0.500000
4.644868	9.223190	0.571312	0.500000
0.018100	3.731246	1.208092	0.500000
2.627809	5.850309	0.507911	0.500000
1.668461	4.329817	1.798467	0.500000
0.399371	10.401983	0.632366	0.500000
5.280027	6.157762	1.625563	0.500000
10.305378	2.143198	2.987286	0.500000
7.980268	0.636939	2.731233	0.500000
0.313777	0.325214	2.965175	0.500000
5.771496	3.197911	2.982603	0.500000
2.746646	8.423546	2.084147	0.500000
0.424174	4.373217	1.860425	0.500000
0.981328	4.439328	2.814965	0.500000
1.895073	8.768952	2.481132	0.500000
4.251821	5.306766	0.609571	0.500000
1.043456	3.581677	1.464247	0.500000
7.807261	2.596702	0.505113	0.500000
6.976233	6.368581	1.128664	0.500000
0.323059	1.865651	2.007789	0.500000
6.509692	9.868212	0.659632	0.500000
0.412107	3.045959	0.551686	0.500000
1.568638	1.332496	2.955656	0.500000
0.523507	7.305970	1.280742	0.500000
7.656288	7.420872	2.592340	0.500000
3.986305	4.079475	2.353897	0.500000
9.986024	8.081494	2.763579	0.500000
9.870842	7.782901	0.705932	0.500000
1.994822	2.862825	1.463194	0.500000
0.065933	4.971952	2.988948	0.500000
2.582642	4.521054	1.279329	0.500000
4.009138	8.464802	2.989655	0.500000
1.967941	6.361013	1.062344	0.500000
3.801195	4.039032	0.602975	0.500000
7.261173	5.015692	1.794677	0.500000
6.140515	4.219314	1.781454	0.500000
1.268082	8.072374	0.788745	0.500000
7.874011	5.917253	1.336993	0.500000
8.751502	7.235027	2.703915	0.500000
2.411610	3.639529	2.252274	0.500000
3.525737	10.228892	2.795217	0.500000
2.248557	7.914934	0.547534	0.500000
8.414819	8.156418	1.754078	0.500000
3.751232	3.048134	2.148746	0.500000
3.671592	9.625168	1.272619	0.500000
2.437427	8.020813	2.981252	0.500000
2.978827	9.456659	0.523572	0.500000
5.318464	8.221426	2.996821	0.500000
7.883763	6.426104	2.931202	0.500000
9.046626	10.583794	2.927543	0.500000
8.545701	5.746721	2.344538	0.500000
7.842483	9.834708	1.397786	0.500000
1.673562	2.381138	0.566191	0.500000
4.488955	6.886388	1.915896	0.500000
7.613259	2.939979	1.555599	0.500000
6.862746	6.682133	2.976048	0.500000
5.367145	4.601287	2.773504	0.500000
3.480813	6.963902	1.474753	0.500000
9.155807	8.627129	2.526835	0.500000
9.577997	3.832212	1.343548	0.500000
0.703347	9.877887	2.962324	0.500000
1.106806	1.148949	1.989492	0.500000
2.659746	0.763234	2.970488	0.500000
4.039655	3.049903	0.509586	0.500000
8.983653	1.146948	2.829876	0.500000
9.713961	8.962544	0.588479	0.500000
3.251948	1.758406	2.996722	0.500000
9.184546	2.156314	2.727589	0.500000
4.728620	10.527041	2.774637	0.500000
3.716331	8.715637	0.521895	0.500000
0.284670	8.056104	0.521096	0.500000
10.506466	7.542377	2.092817	0.500000
4.727711	0.754635	2.118404	0.500000
2.754513	7.266393	2.216062	0.500000
1.905685	4.396871	0.507546	0.500000
7.473219	4.086206	2.961472	0.500000
6.976062	0.950360	0.702178	0.500000
4.758421	3.748781	2.974681	0.500000
10.315533	10.264624	2.488472	0.500000
1.523246	7.625384	2.816280	0.500000
1.701199	1.276632	0.500703	0.500000
2.654570	2.774286	0.571573	0.500000
0.554801	0.508759	1.356289	0.500000
8.937615	8.316182	0.674819	0.500000
4.694492	2.611457	1.382109	0.500000
1.081956	4.960290	1.256520	0.500000
4.242902	1.137689	1.249609	0.500000
10.146259	0.582961	0.547422	0.500000
8.683165	5.647019	0.693682	0.500000
6.472021	1.594774	2.956024	0.500000
4.219240	10.201345	0.552479	0.500000
9.878432	0.659542	2.895602	0.500000
8.536309	3.332209	0.541356	0.500000
4.628718	8.223938	2.114970	0.500000
9.734314	4.353086	2.234630	0.500000
3.520072	6.998465	2.889267	0.500000
4.500331	7.570478	2.972805	0.500000
7.665311	1.730789	1.087666	0.500000
8.974871	0.802193	0.994825	0.500000
2.990478	2.415918	1.910213	0.500000
7.462842	10.265124	2.696852	0.500000
7.526788	3.580674	0.637079	0.500000
4.565167	5.192956	2.951486	0.500000
1.852037	3.383051	0.532906	0.500000
1.808310	9.862549	2.970937	0.500000
0.314119	1.323802	2.851957	0.500000
1.513900	0.232313	2.851130	0.500000
6.772427	1.942075	1.570601	0.500000
6.007116	7.456226	0.563238	0.500000
4.461297	6.458669	2.945742	0.500000
9.368430	9.670197	2.464256	0.500000
0.513764	1.270523	0.615030	0.500000
3.172212	2.777564	2.972017	0.500000
5.324939	5.122141	1.673502	0.500000
3.256049	5.059910	0.567441	0.500000
5.560923	3.530562	1.196673	0.500000
4.540270	9.094835	1.592343	0.500000
6.848967	3.322233	2.730731	0.500000
8.448434	3.902840	1.585095	0.500000
10.271152	5.989114	1.269409	0.500000
8.512800	10.491678	0.792769	0.500000
10.374489	6.328572	2.219562	0.500000
9.898185	5.507630	2.614962	0.500000
6.223184	1.063864	1.685863	0.500000
3.066707	1.002753	1.534437	0.500000
5.159086	3.142089	2.107162	0.500000
6.833872	2.223110	0.585392	0.500000
9.649726	2.557660	1.729567	0.500000
0.132117	4.931710	0.829725	0.500000
7.251274	6.242009	2.115432	0.500000
6.622899	3.187127	1.456640	0.500000
4.918091	4.023101	0.548086	0.500000
5.653645	10.471048	1.934191	0.500000
3.163219	4.111550	2.997965	0.500000
3.360958	4.867101	1.876117	0.500000
1.219352	9.420425	2.110763	0.500000
4.518875	9.496682	2.839239	0.500000
2.755337	3.827286	0.501270	0.500000
5.737766	5.918210	2.796140	0.500000
9.979468	9.558582	1.362154	0.500000
7.137741	2.368057	2.851312	0.500000
4.343657	4.532731	1.481898	0.500000
1.999687	0.844862	1.521860	0.500000
10.591917	6.657859	0.546875	0.500000
2.109306	4.383437	2.963973	0.500000
8.476145	9.437991	0.542533	0.500000
8.980324	3.149905	2.490409	0.500000
9.500773	6.534159	0.502641	0.500000
6.951565	4.338856	1.086460	0.500000
0.377039	9.992968	1.757970	0.500000
8.983924	7.266224	1.010452	0.500000
4.045183	2.035240	0.744191	0.500000
8.447177	1.245546	1.952262	0.500000
5.142215	7.796572	1.293308	0.500000
5.546545	8.578065	0.628729	0.500000
9.336703	7.682426	1.917791	0.500000
9.247457	1.706071	1.372424	0.500000
8.545271	9.351218	2.961409	0.500000
8.164254	4.715966	2.281827	0.500000
4.055733	7.791148	1.374817	0.500000
2.784167	8.659369	1.102033	0.500000
5.819556	4.660384	0.821502	0.500000
0.549650	8.540578	2.787351	0.500000
1.910242	5.413888	2.989943	0.500000
8.476248	10.107496	2.146920	0.500000
5.685716	0.296972	2.843797	0.500000
7.451482	1.211290	2.086236	0.500000
2.355360	1.943779	1.225709	0.500000
0.249631	8.890637	1.737616	0.500000
10.070175	6.987398	1.378589	0.500000
5.496868	10.103380	0.626546	0.500000
1.266079	5.232816	2.226195	0.500000
3.708991	0.213033	1.936817	0.500000
7.935033	1.623869	2.905413	0.500000
2.335316	5.114733	2.086997	0.500000
6.949922	8.104418	2.844566	0.500000
4.094552	2.210580	2.643755	0.500000
6.145517	7.396102	2.833570	0.500000
7.505279	3.888871	1.938051	0.500000
3.257261	7.754918	0.669823	0.500000
