300

0.776411	10.001535	2.674256	0.500000
2.433790	1.631889	2.205883	0.500000
4.091731	6.809296	2.968931	0.500000
10.313651	6.151162	0.985011	0.500000
1.212588	3.502836	1.389650	0.500000
6.895890	9.509762	0.507929	0.500000
1.311710	7.472762	1.784366	0.500000
8.733305	3.418998	0.539569	0.500000
5.013361	10.523600	0.544352	0.500000
3.035551	9.174084	2.947519	0.500000
6.140982	4.841433	1.575189	0.500000
9.916469	4.563787	1.735505	0.500000
2.094990	8.784148	2.865766	0.500000
8.822038	0.510643	1.368576	0.500000
0.091973	0.390385	0.656166	0.500000
0.691005	2.670954	1.601010	0.500000
2.732041	8.430879	0.521903	0.500000
2.786298	4.375839	0.720955	0.500000
3.442414	4.532750	2.202385	0.500000
5.512716	4.022008	2.958754	0.500000
2.248154	4.167031	2.629472	0.500000
9.044231	9.350377	2.217169	0.500000
4.262720	1.528360	1.071790	0.500000
6.579140	7.246925	1.534779	0.500000
1.224298	1.233899	2.604117	0.500000
1.424305	5.081525	1.597001	0.500000
5.182119	7.614636	0.939119	0.500000
6.107502	9.924905	2.039877	0.500000
7.183781	3.328737	1.681829	0.500000
0.926594	6.460312	1.366775	0.500000
0.390879	5.478833	1.495458	0.500000
9.442694	5.157344	2.872638	0.500000
0.273004	1.650705	2.899188	0.500000
6.582374	1.672990	2.891847	0.500000
7.165996	4.076951	0.734638	0.500000
0.375249	4.277113	1.512930	0.500000
4.173517	0.644892	0.608536	0.500000
8.096424	5.206592	2.938848	0.500000
2.975977	6.050701	1.663299	0.500000
10.127750	10.129787	0.949408	0.500000
6.675742	5.096716	0.691959	0.500000
0.934326	5.043036	0.640171	0.500000
0.277450	6.853418	2.987009	0.500000
3.340976	1.577662	0.502392	0.500000
6.375071	2.882824	2.794463	0.500000
2.128277	3.877517	1.630119	0.500000
3.157709	2.355789	2.905104	0.500000
7.711098	1.388833	1.833073	0.500000
7.032025	6.331610	0.518892	0.500000
8.164157	4.159411	1.047868	0.500000
3.608757	9.109310	0.525065	0.500000
2.165169	5.816213	2.999113	0.500000
9.925147	1.313879	2.797748	0.500000
6.261428	3.902072	2.249183	0.500000
2.911829	3.291784	0.603517	0.500000
4.084555	2.877705	2.947986	0.500000
7.358095	8.423924	0.793381	0.500000
10.052539	2.454876	2.934053	0.500000
9.178292	0.613986	2.915889	0.500000
1.438487	5.938658	0.546714	0.500000
9.334947	7.867782	0.506702	0.500000
5.353618	8.252177	2.865882	0.500000
4.190515	10.344194	2.276755	0.500000
3.266091	10.178850	2.990413	0.500000
5.228464	1.883472	1.635957	0.500000
8.984432	8.407230	1.725856	0.500000
2.838271	9.586286	2.035603	0.500000
1.003863	8.993040	2.990675	0.500000
8.997770	5.365050	1.008910	0.500000
5.886243	0.871680	2.996353	0.500000
0.521101	7.052211	0.508003	0.500000
2.653977	8.039992	1.846289	0.500000
2.417385	5.200480	2.235269	0.500000
1.501043	10.322734	0.973938	0.500000
0.532643	3.787756	0.632280	0.500000
2.569141	2.960939	1.847955	0.500000
6.120983	4.118758	0.780449	0.500000
0.609803	0.529595	2.983247	0.500000
8.271374	0.374471	0.536384	0.500000
5.556940	6.896105	1.597992	0.500000
4.901925	9.401213	0.564923	0.500000
9.729661	0.920060	1.462755	0.500000
7.591188	4.228930	2.073043	0.500000
3.610406	7.811991	0.525287	0.500000
9.966003	7.111356	1.097658	0.500000
10.448574	9.125047	0.696858	0.500000
1.149103	5.959574	2.847881	0.500000
5.657949	5.867881	1.700816	0.500000
8.326214	5.190041	1.861665	0.500000
1.668818	9.525384	2.151134	0.500000
9.875591	6.593976	2.988189	0.500000
3.954507	0.468449	2.967329	0.500000
7.937983	9.449864	0.589083	0.500000
8.698023	6.321021	2.920640	0.500000
8.990346	10.117093	0.665958	0.500000
0.452232	8.447628	1.266284	0.500000
2.457900	0.933975	2.962682	0.500000
2.249961	7.084609	1.915653	0.500000
9.400934	2.596020	0.515916	0.500000
2.155685	9.087984	1.240099	0.500000
1.220456	3.543316	2.989242	0.500000
7.168240	8.454656	2.958363	0.500000
2.094735	10.506394	1.912148	0.500000
5.112853	1.383817	0.528193	0.500000
4.712575	8.351684	1.759556	0.500000
9.645777	10.290667	2.074468	0.500000
9.593865	0.315488	0.507145	0.500000
1.861049	0.887269	1.604821	0.500000
6.676662	4.581288	2.960310	0.500000
3.613841	2.351425	1.119257	0.500000
3.175639	3.850806	1.502511	0.500000
1.868160	2.241832	0.542067	0.500000
5.914446	9.983199	0.511273	0.500000
3.786137	3.099251	1.907922	0.500000
10.426886	8.064940	0.515528	0.500000
7.960903	0.565537	2.925166	0.500000
3.139757	10.390770	1.500226	0.500000
6.337296	10.523196	2.991871	0.500000
5.791642	2.118276	0.766718	0.500000
10.258957	9.464342	1.692347	0.500000
5.077322	4.040523	0.878954	0.500000
4.169618	4.118870	1.423957	0.500000
6.065587	5.904117	0.784118	0.500000
5.283366	5.042106	2.418635	0.500000
9.104358	5.788782	2.069513	0.500000
1.436260	6.926542	2.717553	0.500000
8.021074	6.148577	0.588266	0.500000
6.083820	7.960350	0.665155	0.500000
7.269553	7.879579	1.887547	0.500000
3.250780	3.561248	2.959899	0.500000
6.815382	2.188736	1.071981	0.500000
4.548540	5.137397	0.568797	0.500000
3.068093	7.141010	1.342753	0.500000
7.833752	2.542336	1.472975	0.500000
1.397814	9.193659	0.587504	0.500000
7.920238	1.884552	2.813731	0.500000
1.514400	8.461576	2.035846	0.500000
0.062073	10.359452	2.067349	0.500000
7.686699	3.141971	0.532852	0.500000
5.578467	8.984183	1.672899	0.500000
8.151078	3.975383	2.983021	0.500000
7.135813	3.528584	2.700981	0.500000
4.315280	5.811567	2.964508	0.500000
5.338003	0.210565	1.903266	0.500000
1.666337	4.930992	2.979894	0.500000
5.608361	2.046473	2.861130	0.500000
8.577036	0.011808	2.292733	0.500000
8.958609	4.390906	2.227759	0.500000
6.046362	9.054300	2.561533	0.500000
4.472720	8.436735	0.742153	0.500000
1.673505	2.068603	1.569405	0.500000
5.068155	9.978411	1.381693	0.500000
0.469261	1.801100	0.566742	0.500000
3.917703	3.268176	0.506160	0.500000
3.609906	5.255032	1.298272	0.500000
0.195498	3.486672	2.867237	0.500000
1.498795	7.166572	0.767061	0.500000
7.277273	10.578533	0.621667	0.500000
9.272496	3.432652	1.546654	0.500000
2.615846	1.994225	1.234210	0.500000
3.298862	1.072667	1.368216	0.500000
8.719441	1.246575	2.225758	0.500000
10.416829	2.674984	0.509397	0.500000
7.568160	6.418288	2.993222	0.500000
10.222789	0.142886	2.972847	0.500000
0.998647	8.003434	0.514778	0.500000
0.690886	9.462215	1.539963	0.500000
8.979842	1.138023	0.500199	0.500000
8.969531	1.998724	2.985169	0.500000
4.950307	4.831708	1.494310	0.500000
9.441532	6.762289	2.016862	0.500000
7.400752	9.511350	1.494844	0.500000
4.526305	4.657371	2.968839	0.500000
6.198324	5.644395	2.996955	0.500000
6.863572	9.513269	2.923394	0.500000
3.130278	0.586482	2.269008	0.500000
7.655993	10.184240	2.324500	0.500000
2.367915	5.461021	0.772693	0.500000
9.861578	7.758131	2.114933	0.500000
8.330264	3.497842	1.891944	0.500000
10.581359	1.871971	1.517605	0.500000
0.100405	5.816911	2.977221	0.500000
8.522299	8.494426	0.528738	0.500000
1.323642	0.992418	0.539671	0.500000
8.703535	8.496289	2.897684	0.500000
9.805782	8.727535	2.876355	0.500000
5.374284	3.094859	0.579128	0.500000
0.055720	6.439594	1.929698	0.500000
7.207234	5.199653	2.359048	0.500000
8.177671	7.783266	1.226012	0.500000
6.880040	0.963368	1.428756	0.500000
0.240058	8.729700	2.325952	0.500000
4.369971	0.661110	1.734650	0.500000
10.180656	3.515866	2.032182	0.500000
7.485600	5.878048	1.582828	0.500000
1.806632	8.143822	1.110668	0.500000
8.456094	6.553468	1.552661	0.500000
6.371830	1.314941	0.526342	0.500000
5.832721	8.014255	1.872617	0.500000
0.823855	2.597374	2.637749	0.500000
6.665199	3.200020	0.752805	0.500000
4.103134	9.624628	1.407000	0.500000
4.624220	2.012912	2.443771	0.500000
2.431649	6.802699	2.998161	0.500000
1.613398	0.134363	2.898116	0.500000
7.839593	0.274617	1.468448	0.500000
8.035645	9.134614	2.364458	0.500000
5.942461	1.242851	2.052610	0.500000
8.202824	2.150589	0.591878	0.500000
8.365023	2.832492	2.971794	0.500000
6.329168	7.725427	2.906631	0.500000
9.395315	6.324949	0.596481	0.500000
8.356182	9.844001	1.648376	0.500000
4.138621	6.056163	0.548157	0.500000
4.930198	0.097843	2.921878	0.500000
7.597480	6.948398	1.185074	0.500000
1.774592	6.127865	2.001472	0.500000
4.469418	7.732678	2.885557	0.500000
10.452472	7.877319	2.994787	0.500000
4.578218	7.258375	1.989903	0.500000
7.777130	7.441477	2.944168	0.500000
3.990821	9.487202	2.756594	0.500000
6.984661	7.511694	0.544181	0.500000
4.368553	5.618321	1.984422	0.500000
6.154176	6.922221	0.502290	0.500000
5.324142	3.941493	1.876342	0.500000
6.293237	6.627619	2.380052	0.500000
5.918346	3.076603	1.606183	0.500000
2.919796	7.923801	2.990053	0.500000
8.091712	8.779122	1.412079	0.500000
0.410665	4.833317	2.821313	0.500000
8.821983	1.765055	1.341048	0.500000
6.019435	0.470242	0.960752	0.500000
0.029187	0.792263	1.955748	0.500000
0.516791	9.872685	0.545822	0.500000
5.486975	7.165238	2.763965	0.500000
3.880534	7.830193	1.513987	0.500000
3.094436	5.123454	2.973301	0.500000
7.471225	1.317996	0.693467	0.500000
5.073041	3.044821	2.855985	0.500000
9.258976	3.315753	2.733434	0.500000
4.022739	10.114301	0.513863	0.500000
3.452304	1.381896	2.912948	0.500000
7.004660	0.828791	2.548200	0.500000
3.251688	0.211949	0.584049	0.500000
4.820445	9.427806	2.189635	0.500000
9.180607	4.351830	1.067460	0.500000
9.258571	7.602715	2.941392	0.500000
3.152584	8.833002	1.447070	0.500000
5.080074	6.606790	0.649683	0.500000
3.809124	4.435573	0.537544	0.500000
5.427170	9.771444	2.929058	0.500000
0.907344	1.398726	1.504818	0.500000
10.006201	1.686799	0.527237	0.500000
3.145563	6.332285	0.594110	0.500000
8.427665	9.827310	2.991269	0.500000
1.285305	4.222698	2.103091	0.500000
6.816537	10.554682	1.721024	0.500000
4.137863	7.009100	0.931817	0.500000
7.832009	5.004277	0.534306	0.500000
3.349235	6.077497	2.701588	0.500000
3.272618	7.057763	2.386418	0.500000
2.384455	0.860111	0.678937	0.500000
9.680784	2.319729	1.911299	0.500000
3.885927	6.473010	1.781073	0.500000
10.383457	4.902091	0.837288	0.500000
2.206786	6.450887	1.048058	0.500000
2.197142	9.827134	2.988478	0.500000
1.620804	3.057471	2.190978	0.500000
1.925992	7.779358	2.918563	0.500000
8.462626	7.557244	2.208016	0.500000
0.944506	2.844826	0.516979	0.500000
10.503805	9.462556	2.943597	0.500000
1.665754	2.128905	2.965195	0.500000
1.717319	4.319509	0.775179	0.500000
0.304030	7.507001	2.015523	0.500000
6.625846	8.653870	1.831123	0.500000
8.669612	2.462259	2.084424	0.500000
0.878879	7.905345	2.992430	0.500000
7.085125	2.179517	2.059228	0.500000
2.502326	7.286715	0.511070	0.500000
5.936641	8.964676	0.680185	0.500000
2.468574	10.016845	0.652240	0.500000
4.951716	6.394607	2.359352	0.500000
3.688158	2.084796	2.080570	0.500000
9.916857	4.220817	2.955344	0.500000
9.396298	8.923421	0.831359	0.500000
4.817267	2.859447	1.879286	0.500000
1.075123	0.157231	1.843974	0.500000
4.256069	3.808276	2.488755	0.500000
8.666266	7.074260	0.640588	0.500000
10.138188	3.639133	1.014243	0.500000
4.912160	1.046538	2.491727	0.500000
1.886653	3.291205	0.544163	0.500000
5.541727	4.904500	0.503758	0.500000
10.117287	5.587213	2.038651	0.500000
3.787323	8.463158	2.398265	0.500000
2.273591	2.923422	2.969378	0.500000
9.477301	9.847409	2.998828	0.500000
4.590778	2.422872	0.668866	0.500000
