200

8.791604	0.023334	1.471103	0.500000
3.364408	2.786027	0.530405	0.500000
2.383138	8.135425	1.403039	0.500000
2.175292	11.013226	0.509346	0.500000
10.539108	7.192487	1.383708	0.500000
4.556013	0.095021	0.565191	0.500000
5.940358	10.086963	1.495641	0.500000
0.828169	4.296773	1.454290	0.500000
10.719957	2.930892	0.540008	0.500000
10.571963	11.351690	0.602335	0.500000
10.008126	3.349501	1.451018	0.500000
0.740716	0.908152	1.368300	0.500000
10.728646	9.154368	0.501832	0.500000
3.084691	10.730808	1.361569	0.500000
6.557566	4.084512	0.607342	0.500000
5.505939	0.802640	1.379890	0.500000
4.164289	5.870657	0.536684	0.500000
7.027218	1.809324	0.651686	0.500000
8.333491	3.514482	0.524886	0.500000
10.375837	5.476700	1.426990	0.500000
9.730550	2.297781	0.556069	0.500000
9.597411	4.475541	1.394475	0.500000
3.586288	1.586603	1.481616	0.500000
3.428770	4.837082	0.567948	0.500000
3.228388	0.115825	0.518657	0.500000
1.895131	1.005999	1.491184	0.500000
6.250868	10.670836	0.568900	0.500000
5.196356	2.633942	0.525376	0.500000
11.322272	0.253849	1.454896	0.500000
9.001336	8.552510	1.432935	0.500000
1.307946	11.362890	1.496527	0.500000
2.830438	9.440236	1.337044	0.500000
3.198267	0.611910	1.467293	0.500000
2.091516	2.912079	1.479298	0.500000
3.998062	2.009436	0.516746	0.500000
4.193446	2.381523	1.491869	0.500000
4.498381	0.869342	1.479774	0.500000
5.964622	2.387144	1.438436	0.500000
3.262353	3.817337	0.504133	0.500000
10.853800	5.109276	0.513762	0.500000
10.489830	6.148709	0.692655	0.500000
1.191836	1.982423	1.469109	0.500000
2.988104	1.658095	0.505030	0.500000
4.661996	5.374541	1.495532	0.500000
5.127394	3.147783	1.413815	0.500000
7.461110	7.769915	0.581022	0.500000
4.458098	6.581956	1.239271	0.500000
7.452617	4.985262	0.562827	0.500000
6.818166	5.005536	1.379565	0.500000
8.862740	5.521395	1.497707	0.500000
2.689359	5.352019	1.466115	0.500000
0.296189	3.206529	0.653353	0.500000
0.313860	6.139088	0.632804	0.500000
3.857607	4.687986	1.492420	0.500000
4.248863	7.999781	0.541384	0.500000
9.059883	2.990159	1.175506	0.500000
5.342941	7.737334	0.661695	0.500000
8.692185	2.218960	0.518692	0.500000
8.625901	4.223307	1.410727	0.500000
11.169130	6.349144	1.497553	0.500000
9.537952	7.680824	1.352627	0.500000
7.419352	4.146047	1.286541	0.500000
3.842215	1.022684	0.656156	0.500000
6.678061	6.237970	1.390308	0.500000
10.682022	4.358909	1.499524	0.500000
8.029354	7.529600	1.460092	0.500000
5.497088	9.627201	0.565872	0.500000
8.271674	0.387377	0.520880	0.500000
8.799057	6.849098	1.499191	0.500000
8.516035	9.022881	0.520463	0.500000
0.402088	7.098282	1.346505	0.500000
11.197436	7.103518	0.532690	0.500000
1.209966	5.987488	1.330634	0.500000
6.016073	7.776258	1.458814	0.500000
4.305972	4.148402	0.573582	0.500000
4.989466	8.697362	0.523784	0.500000
8.712766	10.854863	0.609361	0.500000
7.417678	10.935413	0.519459	0.500000
9.998582	7.163028	0.505774	0.500000
3.398712	8.808538	0.774872	0.500000
10.568798	8.167002	0.510078	0.500000
10.366303	8.559964	1.440498	0.500000
0.157980	4.234409	0.690208	0.500000
2.059579	5.619510	0.623068	0.500000
3.817386	7.050754	0.582314	0.500000
5.774790	0.279510	0.564043	0.500000
6.947397	7.287005	1.352168	0.500000
7.723420	11.264936	1.438400	0.500000
8.144696	9.979910	0.603622	0.500000
1.838138	9.146636	1.303861	0.500000
1.035259	9.864076	1.497374	0.500000
10.867220	9.633846	1.379020	0.500000
2.173888	9.676029	0.503016	0.500000
6.858025	0.532253	0.538416	0.500000
4.995519	1.296711	0.532480	0.500000
7.153614	8.735999	0.537074	0.500000
5.755232	9.103926	1.464869	0.500000
9.559641	0.836260	0.570182	0.500000
0.923467	8.504912	1.407734	0.500000
9.713942	8.703467	0.654902	0.500000
0.310867	2.494980	1.464326	0.500000
7.463496	0.800097	1.405330	0.500000
9.207680	9.850813	0.569030	0.500000
1.664141	7.227837	1.421894	0.500000
4.190868	11.163600	1.486591	0.500000
5.985503	1.590432	0.545368	0.500000
4.334152	3.111755	0.766946	0.500000
6.543808	1.266795	1.433248	0.500000
7.948044	1.420190	0.576886	0.500000
5.364335	11.180931	1.468154	0.500000
0.008627	2.075853	0.521658	0.500000
1.293936	0.169522	0.512851	0.500000
3.964135	10.523263	0.748428	0.500000
2.328664	0.099204	1.432771	0.500000
0.100329	0.888234	0.510651	0.500000
11.255510	1.562615	1.428919	0.500000
2.459128	0.766249	0.634499	0.500000
5.045333	1.824920	1.456903	0.500000
6.958457	2.603010	1.454758	0.500000
5.550120	3.760740	0.728727	0.500000
0.119809	10.248679	0.903124	0.500000
2.985834	6.425109	0.603656	0.500000
10.479944	3.928645	0.513533	0.500000
10.728185	10.697363	1.454199	0.500000
6.186128	6.227245	0.507702	0.500000
2.123584	2.429137	0.568466	0.500000
5.878828	4.380811	1.490701	0.500000
7.318208	3.146587	0.637822	0.500000
8.528897	1.183036	1.407227	0.500000
6.432970	3.533015	1.444154	0.500000
1.107707	2.369075	0.531468	0.500000
11.199869	3.503665	1.454494	0.500000
3.574621	3.349353	1.416713	0.500000
1.331494	3.769143	0.516225	0.500000
2.937363	4.267164	1.443732	0.500000
5.216976	6.510732	0.507021	0.500000
5.002208	4.926197	0.632097	0.500000
0.172131	11.249549	0.520936	0.500000
6.427916	2.623431	0.530228	0.500000
7.907879	2.112520	1.484740	0.500000
10.285359	10.161835	0.677412	0.500000
1.453183	1.307911	0.615432	0.500000
1.339942	10.408920	0.664961	0.500000
4.846112	4.286044	1.462132	0.500000
2.314209	3.415486	0.590382	0.500000
8.178967	6.983641	0.576736	0.500000
4.281927	9.410767	0.564977	0.500000
6.378793	0.228208	1.389215	0.500000
8.678338	5.008940	0.534868	0.500000
10.511616	2.340855	1.433998	0.500000
9.713727	6.279300	1.449336	0.500000
1.512670	6.481094	0.506277	0.500000
2.056926	10.522847	1.452725	0.500000
2.584614	1.934142	1.427964	0.500000
7.856750	5.390523	1.423513	0.500000
2.445964	4.610090	0.632693	0.500000
7.762239	6.511817	1.441192	0.500000
8.624929	7.960729	0.683020	0.500000
9.490763	1.595570	1.392746	0.500000
2.368159	6.319247	1.426055	0.500000
1.782890	4.736981	1.440893	0.500000
0.071461	5.165809	1.308399	0.500000
3.523688	8.056795	1.494185	0.500000
9.087109	6.128091	0.592984	0.500000
1.109094	5.314392	0.528049	0.500000
7.165155	6.701947	0.518679	0.500000
9.670175	5.223318	0.539882	0.500000
8.081452	5.942538	0.529463	0.500000
10.185678	0.419305	1.414176	0.500000
1.069782	3.185298	1.347389	0.500000
9.255338	3.934393	0.545949	0.500000
1.503905	8.512958	0.559174	0.500000
3.651559	5.843331	1.484711	0.500000
6.781949	9.026948	1.451147	0.500000
6.095265	8.586000	0.591751	0.500000
5.822413	6.774306	1.366925	0.500000
7.679223	8.472621	1.462658	0.500000
7.159984	9.799074	0.608071	0.500000
8.698126	9.765210	1.478429	0.500000
7.729455	9.492731	1.479378	0.500000
4.671397	8.852502	1.482106	0.500000
11.268501	7.973962	1.451665	0.500000
3.086194	7.866603	0.547550	0.500000
4.736451	7.716630	1.465872	0.500000
6.274167	7.332989	0.563456	0.500000
3.161567	9.955167	0.504541	0.500000
7.895170	3.232398	1.453201	0.500000
7.163687	10.344300	1.481558	0.500000
9.394489	10.593845	1.454823	0.500000
3.879841	9.671614	1.466024	0.500000
1.070104	7.387408	0.617187	0.500000
2.997476	7.119625	1.337162	0.500000
0.312721	8.164649	0.540892	0.500000
5.738016	5.621407	1.372235	0.500000
0.414708	9.244007	0.578297	0.500000
2.082695	7.543566	0.528696	0.500000
4.779590	10.043503	1.234958	0.500000
5.240265	10.633249	0.525750	0.500000
10.603235	1.399534	0.622505	0.500000
9.798603	9.414345	1.496785	0.500000
