200

1.227300	8.014984	1.480816	0.500000
3.040193	2.330235	0.500985	0.500000
3.910105	6.743888	0.608020	0.500000
10.692567	10.831744	1.453853	0.500000
11.347504	7.711528	0.508294	0.500000
2.810006	9.235588	1.493774	0.500000
8.894124	11.257474	0.833484	0.500000
0.964193	7.303188	0.604919	0.500000
1.455284	3.834341	1.473548	0.500000
4.530602	2.696159	1.448041	0.500000
8.274423	4.124283	1.329041	0.500000
10.296135	2.732492	0.536400	0.500000
10.687959	9.673107	0.552578	0.500000
4.089280	2.879679	0.522208	0.500000
0.782165	3.569710	0.501931	0.500000
5.161192	2.941293	0.565815	0.500000
2.531121	10.685690	0.615139	0.500000
9.480914	0.595871	0.583463	0.500000
2.801960	4.103117	1.412887	0.500000
7.935073	1.318530	1.437074	0.500000
8.035177	3.242346	0.549771	0.500000
8.057634	7.359993	1.465713	0.500000
6.526765	11.244109	1.443733	0.500000
1.282316	5.400217	1.432352	0.500000
6.023363	0.853787	0.584581	0.500000
4.270010	9.147466	1.367829	0.500000
6.060199	7.947670	0.546715	0.500000
5.588069	2.496936	1.412665	0.500000
10.724804	2.520869	1.460949	0.500000
7.595882	8.260308	1.437993	0.500000
1.365116	11.230123	1.402797	0.500000
4.654098	11.071369	0.702332	0.500000
9.319381	4.027754	1.448627	0.500000
10.901397	4.444512	1.439276	0.500000
1.211747	4.548793	0.522614	0.500000
5.750886	11.271851	0.646087	0.500000
5.170264	0.196720	1.426359	0.500000
3.395025	0.689735	0.614572	0.500000
2.390797	6.242860	1.461420	0.500000
5.836554	1.442386	1.411536	0.500000
10.381801	1.616338	0.706423	0.500000
9.111658	2.837507	0.616050	0.500000
3.111344	10.374977	1.498196	0.500000
2.738800	4.742378	0.602973	0.500000
2.720440	0.213896	1.223008	0.500000
8.712968	8.168242	1.477007	0.500000
5.341798	5.134243	0.507516	0.500000
9.948305	5.037236	1.476657	0.500000
7.957309	0.211155	1.397050	0.500000
8.286270	5.732488	0.509131	0.500000
4.378362	8.516155	0.502998	0.500000
0.382185	2.251533	1.497507	0.500000
9.009996	7.043624	1.493774	0.500000
4.443473	5.652462	0.837348	0.500000
4.582731	6.647529	1.383183	0.500000
7.164360	2.745422	0.514185	0.500000
6.085810	6.948304	0.687592	0.500000
8.730963	5.080074	1.395160	0.500000
5.460232	6.087267	1.452394	0.500000
10.000872	6.759882	1.264991	0.500000
10.223496	8.513338	0.652789	0.500000
4.773308	3.913587	0.658068	0.500000
1.822630	0.321892	0.615033	0.500000
4.258755	7.686425	1.286124	0.500000
0.783524	6.569034	1.461836	0.500000
6.999981	3.871544	0.584217	0.500000
4.301638	10.306175	1.490148	0.500000
9.720747	2.201037	1.488339	0.500000
10.453950	6.052934	0.553981	0.500000
7.880849	7.712196	0.519887	0.500000
9.981073	3.283690	1.340188	0.500000
9.353840	7.812117	0.530113	0.500000
1.845913	5.486466	0.599767	0.500000
7.058287	8.419396	0.504224	0.500000
2.150777	3.922091	0.612846	0.500000
5.723566	9.374493	1.430339	0.500000
11.032183	1.396688	1.482143	0.500000
9.939836	0.071184	1.381243	0.500000
8.932057	4.141859	0.530087	0.500000
6.559281	9.967276	1.496405	0.500000
0.185701	8.041724	1.480981	0.500000
8.713391	9.561222	1.499735	0.500000
10.993101	3.504863	0.978878	0.500000
2.022989	2.797754	0.570963	0.500000
7.247243	5.902439	0.559420	0.500000
4.181480	4.720829	0.500425	0.500000
5.931264	4.957850	1.405643	0.500000
6.522963	9.221964	0.816555	0.500000
6.721251	6.179566	1.437626	0.500000
2.533977	5.218503	1.478697	0.500000
0.833877	9.445467	0.504706	0.500000
0.204496	11.326898	1.469880	0.500000
3.802774	10.447485	0.566521	0.500000
6.116144	2.646372	0.500749	0.500000
6.797932	10.634362	0.555810	0.500000
5.415215	8.973529	0.548076	0.500000
7.790240	10.091010	0.518256	0.500000
8.286600	0.701135	0.532557	0.500000
1.609952	9.239772	1.411249	0.500000
11.424641	4.740130	0.562210	0.500000
3.109398	1.480074	1.331067	0.500000
9.399122	10.609962	1.419597	0.500000
3.438843	8.363321	1.485406	0.500000
0.564554	4.585952	1.383450	0.500000
4.644476	9.780373	0.555198	0.500000
4.078842	0.820480	1.335030	0.500000
2.250663	2.103212	1.319466	0.500000
6.252627	8.309461	1.483976	0.500000
8.134773	2.226810	0.617761	0.500000
8.397164	10.513443	1.312006	0.500000
1.987130	0.847554	1.496182	0.500000
4.840383	1.720639	1.329320	0.500000
7.812831	11.098192	0.524695	0.500000
5.897510	10.156477	0.619851	0.500000
8.892941	1.514916	0.589462	0.500000
1.195577	10.153859	1.432862	0.500000
4.892654	0.725379	0.602930	0.500000
7.185579	3.431085	1.477626	0.500000
5.849439	4.242133	0.615313	0.500000
7.503045	5.229541	1.378407	0.500000
10.184154	10.605459	0.617698	0.500000
3.549274	5.971897	1.416994	0.500000
4.900686	4.838273	1.419620	0.500000
11.418880	0.867576	0.599870	0.500000
8.546204	6.961500	0.609251	0.500000
11.224969	2.190346	0.633513	0.500000
8.590406	3.119616	1.466997	0.500000
8.710972	2.009598	1.471489	0.500000
10.272874	9.878374	1.495575	0.500000
3.390060	2.518046	1.489457	0.500000
10.144144	3.810198	0.504745	0.500000
3.783790	3.906385	1.424344	0.500000
1.551588	2.826187	1.472848	0.500000
9.904853	7.890091	1.397942	0.500000
5.093571	6.365390	0.553855	0.500000
10.346383	4.825264	0.545087	0.500000
6.657996	4.875883	0.531045	0.500000
0.820294	10.573731	0.577493	0.500000
4.019511	1.824895	0.689663	0.500000
6.793147	2.133165	1.406308	0.500000
0.827940	0.153988	0.506454	0.500000
0.832192	0.675658	1.484229	0.500000
3.579407	9.477986	0.723497	0.500000
0.940918	8.429857	0.521709	0.500000
1.863079	7.140006	1.323467	0.500000
9.237941	5.189974	0.522019	0.500000
6.836736	0.922448	1.479953	0.500000
5.465919	1.830838	0.537053	0.500000
7.803081	4.552617	0.501568	0.500000
5.346646	3.535743	1.451076	0.500000
9.279979	6.274197	0.526776	0.500000
9.257064	9.221595	0.511768	0.500000
11.221366	10.661925	0.584279	0.500000
1.114448	2.317582	0.541177	0.500000
6.117869	5.832871	0.717589	0.500000
2.213520	1.276065	0.518981	0.500000
9.261304	5.988653	1.499525	0.500000
9.593557	9.069174	1.487365	0.500000
8.814068	0.776241	1.459884	0.500000
0.449683	3.318527	1.449842	0.500000
1.672143	6.478172	0.520234	0.500000
10.354379	7.447263	0.614956	0.500000
3.363425	3.698340	0.533843	0.500000
11.336031	5.782555	1.383684	0.500000
2.719383	6.730327	0.642291	0.500000
6.849085	7.320828	1.492572	0.500000
9.816443	1.145923	1.428079	0.500000
7.152327	7.009546	0.564740	0.500000
9.009771	10.211835	0.556228	0.500000
0.783830	5.586115	0.529158	0.500000
7.350151	10.614262	1.478905	0.500000
1.714260	9.989619	0.578508	0.500000
11.010198	6.896654	1.404117	0.500000
5.277393	10.534310	1.436088	0.500000
10.859268	8.924715	1.417130	0.500000
2.512235	3.111944	1.484476	0.500000
5.463272	7.119618	1.494400	0.500000
7.516132	9.402035	1.311884	0.500000
3.115427	7.103865	1.492939	0.500000
2.210168	8.215141	1.479161	0.500000
2.210811	9.074026	0.535754	0.500000
0.103172	9.935596	1.293881	0.500000
3.209283	5.717843	0.504778	0.500000
6.945223	0.219067	0.531996	0.500000
3.652122	4.953595	1.381186	0.500000
5.148170	8.362252	1.373612	0.500000
8.242204	6.248680	1.366820	0.500000
8.193395	9.067714	0.549038	0.500000
1.265513	1.747053	1.459520	0.500000
3.798368	11.292578	1.413308	0.500000
2.355741	7.665865	0.598908	0.500000
0.642300	8.944308	1.379353	0.500000
11.436904	8.830961	0.531388	0.500000
5.034438	7.611252	0.589579	0.500000
0.199316	6.424721	0.562508	0.500000
3.075307	8.563147	0.571395	0.500000
6.912832	4.415315	1.459241	0.500000
7.204002	1.614747	0.543426	0.500000
0.951757	1.184925	0.602732	0.500000
10.640122	0.227275	0.624935	0.500000
