200

2.021009	8.062978	1.430560	0.500000
3.911983	2.896809	0.561014	0.500000
4.301515	7.119062	0.557403	0.500000
0.054658	9.645298	1.305503	0.500000
0.624097	7.416296	0.602587	0.500000
2.156917	10.122177	1.395328	0.500000
8.875544	11.095287	0.504757	0.500000
1.653576	6.644104	0.501552	0.500000
1.532418	4.137462	1.468284	0.500000
4.209548	1.592464	1.455751	0.500000
7.798764	4.034593	1.498570	0.500000
11.244140	2.292675	0.574184	0.500000
10.953858	10.138963	0.555610	0.500000
5.095711	3.126237	0.559890	0.500000
2.759714	2.446896	1.446097	0.500000
6.798813	1.632996	0.575484	0.500000
0.585358	10.020116	0.516932	0.500000
8.570278	0.619483	0.504352	0.500000
3.773074	4.620923	1.476005	0.500000
8.312652	1.140834	1.422770	0.500000
8.400632	3.860786	0.685967	0.500000
9.071466	6.162863	1.238869	0.500000
5.942780	0.244581	1.346936	0.500000
3.185197	5.105676	0.743775	0.500000
5.681815	0.880476	0.523242	0.500000
4.392538	10.481506	1.447672	0.500000
6.292960	7.323639	0.547284	0.500000
5.385460	2.327709	1.437416	0.500000
0.757520	1.852985	1.402051	0.500000
9.120700	7.611435	1.492803	0.500000
1.476548	11.120517	1.491656	0.500000
2.948095	10.710746	0.582291	0.500000
10.231163	4.163246	1.368738	0.500000
11.155383	4.834523	1.493696	0.500000
2.081345	4.564768	0.542503	0.500000
4.587226	0.981993	0.643750	0.500000
5.399879	1.134857	1.459457	0.500000
2.508295	1.776838	0.690749	0.500000
2.593879	7.210493	1.465457	0.500000
7.488642	1.732977	1.480860	0.500000
9.647903	2.752683	0.564068	0.500000
8.395968	2.804897	0.698916	0.500000
3.503860	11.026668	1.379253	0.500000
3.797651	4.043724	0.599976	0.500000
2.521400	11.213080	1.440378	0.500000
8.041253	9.080279	0.525344	0.500000
5.597696	5.216161	0.515481	0.500000
9.201329	4.338617	1.477617	0.500000
8.568296	0.144543	1.497352	0.500000
8.277355	6.868567	0.573845	0.500000
5.307969	7.552159	0.524160	0.500000
0.055564	2.824259	1.488844	0.500000
10.741605	6.585915	1.467213	0.500000
3.900784	6.135248	0.627815	0.500000
4.907912	6.763757	1.477902	0.500000
6.227070	4.285038	0.659307	0.500000
4.928854	6.335903	0.540214	0.500000
8.989078	3.274917	1.392988	0.500000
5.422853	5.795114	1.367281	0.500000
10.486134	7.835788	0.673692	0.500000
10.403814	9.114600	0.551004	0.500000
4.797506	4.122608	0.601750	0.500000
1.610231	0.177832	0.531141	0.500000
5.158471	8.134610	1.476431	0.500000
2.228939	5.988572	1.388245	0.500000
7.952540	4.778078	0.537463	0.500000
5.606988	10.578833	1.452262	0.500000
9.130981	2.284942	1.430743	0.500000
11.079182	6.829915	0.546263	0.500000
9.212392	9.145766	0.561433	0.500000
1.154498	3.151169	1.480690	0.500000
0.204564	8.712407	0.541161	0.500000
2.779934	4.477057	1.492987	0.500000
8.361014	8.400299	1.443668	0.500000
2.728914	3.764259	0.541989	0.500000
4.963254	9.441881	1.384607	0.500000
10.296151	0.757550	1.489886	0.500000
9.581190	0.043187	1.487727	0.500000
9.500619	3.756741	0.680032	0.500000
6.116864	9.630610	1.170541	0.500000
0.288486	7.930535	1.438811	0.500000
8.842464	9.290439	1.494450	0.500000
10.617651	3.246246	0.614975	0.500000
1.316351	3.619844	0.544869	0.500000
7.212336	6.749769	0.701849	0.500000
5.243820	4.711961	1.335768	0.500000
7.751475	6.321909	1.454332	0.500000
7.265725	7.781696	0.611895	0.500000
7.845530	7.477656	1.403750	0.500000
3.297307	6.099978	1.448594	0.500000
1.422760	9.322494	0.549887	0.500000
10.670384	11.131889	1.369518	0.500000
2.898730	0.765017	0.586262	0.500000
7.240466	2.937943	0.599577	0.500000
5.079314	0.072779	0.503012	0.500000
5.507354	8.814769	0.592809	0.500000
6.660132	10.698672	1.292538	0.500000
7.437526	0.824631	0.522043	0.500000
0.767287	8.900126	1.428028	0.500000
0.806379	4.714384	0.559543	0.500000
1.735265	2.070857	1.431827	0.500000
8.686729	10.551825	1.457942	0.500000
4.101139	8.855087	1.467720	0.500000
1.094221	5.375657	1.476000	0.500000
4.370757	9.270838	0.586600	0.500000
3.159439	1.390774	1.411732	0.500000
1.897685	2.744929	0.521885	0.500000
7.284895	8.347380	1.491402	0.500000
8.197722	1.662723	0.561487	0.500000
7.341976	9.447506	1.477958	0.500000
2.009412	0.700165	1.437236	0.500000
5.866832	2.143464	0.576570	0.500000
7.852057	11.193383	0.581482	0.500000
3.948356	11.323409	0.516783	0.500000
9.302137	1.667969	0.572201	0.500000
1.122322	9.837880	1.420750	0.500000
3.489257	1.858605	0.512208	0.500000
6.458690	2.337216	1.482747	0.500000
6.105789	3.136941	0.520152	0.500000
6.366280	6.324262	1.485169	0.500000
10.098871	11.135559	0.528483	0.500000
3.621523	7.088595	1.358654	0.500000
7.455611	4.990848	1.475327	0.500000
10.378671	1.621936	0.547167	0.500000
9.358041	8.096157	0.582733	0.500000
0.322965	3.464748	0.655040	0.500000
10.023489	3.072330	1.487674	0.500000
7.328610	3.966247	0.613963	0.500000
9.759014	10.379632	1.491696	0.500000
4.294324	2.620091	1.462260	0.500000
10.972832	4.253579	0.531416	0.500000
6.243814	4.959461	1.432866	0.500000
2.239524	3.402342	1.459800	0.500000
9.940164	8.588089	1.445502	0.500000
4.248392	5.053248	0.565004	0.500000
10.893961	5.759896	0.546653	0.500000
7.030393	5.775973	0.867529	0.500000
0.627060	11.281420	0.559537	0.500000
4.866250	2.094065	0.542588	0.500000
7.785387	3.019085	1.468495	0.500000
0.186466	1.041205	0.516177	0.500000
11.396832	0.632219	1.452524	0.500000
1.600764	10.475506	0.556993	0.500000
2.403795	8.694144	0.571231	0.500000
1.455618	7.022307	1.491253	0.500000
9.178475	4.962516	0.594661	0.500000
7.368281	0.303046	1.436743	0.500000
6.451875	1.143309	1.412106	0.500000
8.449296	5.823564	0.512788	0.500000
5.386413	3.670474	1.486126	0.500000
10.207255	4.916054	0.660187	0.500000
9.850280	9.966149	0.585688	0.500000
10.660351	0.642522	0.537151	0.500000
0.900467	2.551630	0.652960	0.500000
6.096798	6.229408	0.500931	0.500000
1.325681	1.515596	0.622463	0.500000
9.715752	5.336231	1.477169	0.500000
10.407618	9.616040	1.497575	0.500000
9.371997	1.154078	1.458928	0.500000
0.446755	4.028607	1.496370	0.500000
1.587975	5.574539	0.543622	0.500000
9.985628	6.142420	0.822997	0.500000
4.272084	3.634898	1.474327	0.500000
0.210098	5.895927	1.485751	0.500000
2.107661	7.560026	0.532299	0.500000
6.217063	8.281054	1.406380	0.500000
10.148527	2.069884	1.496151	0.500000
8.309560	7.962438	0.531899	0.500000
8.254784	10.073574	0.630695	0.500000
0.429715	6.108303	0.512175	0.500000
7.648838	10.671497	1.470785	0.500000
2.628348	9.674644	0.625753	0.500000
9.532286	7.019042	0.655466	0.500000
4.967854	10.168210	0.561624	0.500000
10.944656	8.594484	1.399140	0.500000
3.298451	3.403019	1.367685	0.500000
6.818731	7.356663	1.455639	0.500000
6.725403	8.825022	0.684324	0.500000
2.888665	8.609882	1.487356	0.500000
3.304234	9.549773	1.400764	0.500000
3.966614	10.270951	0.538885	0.500000
0.340425	10.775938	1.489610	0.500000
2.682184	6.723453	0.575892	0.500000
5.946113	10.773530	0.508600	0.500000
4.235808	5.633487	1.440411	0.500000
4.179448	8.182131	0.534304	0.500000
8.561943	5.243590	1.390883	0.500000
7.138644	10.065679	0.524583	0.500000
0.974427	0.681209	1.122283	0.500000
4.549592	0.088631	1.412504	0.500000
3.380797	9.024526	0.510189	0.500000
1.944109	9.088451	1.401937	0.500000
1.245244	8.210484	0.648554	0.500000
5.765165	7.316225	1.484342	0.500000
0.260323	6.897686	1.428071	0.500000
3.274105	7.692426	0.535598	0.500000
6.804104	3.344757	1.444219	0.500000
6.832961	11.375112	0.522432	0.500000
11.184477	1.805947	1.450443	0.500000
9.585038	0.575697	0.517282	0.500000
