200

9.996774	0.526924	0.642562	0.500000
1.578850	0.362695	0.524315	0.500000
2.508109	9.923406	0.560077	0.500000
3.512536	0.168707	0.520819	0.500000
4.236170	9.675581	0.523548	0.500000
5.494369	1.003197	0.519239	0.500000
6.020339	9.400354	0.630787	0.500000
7.050664	9.667474	0.520062	0.500000
8.055202	9.984417	0.569871	0.500000
9.035880	0.224960	0.519229	0.500000
9.135329	1.305518	0.637651	0.500000
0.782361	1.034801	0.539298	0.500000
2.601808	0.824238	0.540128	0.500000
4.476634	0.582939	0.514851	0.500000
5.167743	10.051591	0.574687	0.500000
4.658271	1.660855	0.542434	0.500000
6.286510	0.187068	0.620772	0.500000
6.488120	1.273260	0.575341	0.500000
7.240280	0.611625	0.537393	0.500000
8.215481	0.895050	0.569076	0.500000
10.180588	1.678924	0.609613	0.500000
0.955029	2.031919	0.519083	0.500000
1.824906	1.477823	0.506406	0.500000
3.576109	1.240475	0.521695	0.500000
3.832552	2.225507	0.526992	0.500000
4.764794	2.687636	0.610597	0.500000
5.622713	2.122248	0.510379	0.500000
6.685784	2.339332	0.505959	0.500000
7.503567	1.649423	0.515588	0.500000
8.738815	2.224968	0.564723	0.500000
9.656787	2.638458	0.565726	0.500000
0.368973	2.975426	0.554650	0.500000
2.789405	1.878276	0.540901	0.500000
2.986878	2.916637	0.548131	0.500000
4.195157	3.558729	0.560739	0.500000
5.192304	3.679937	0.585132	0.500000
5.984790	3.066618	0.574241	0.500000
6.974940	3.426554	0.515157	0.500000
7.742641	2.748223	0.553690	0.500000
8.878382	3.335457	0.601289	0.500000
9.831361	3.671780	0.599732	0.500000
0.561445	3.993018	0.539292	0.500000
1.688158	2.734724	0.602234	0.500000
2.267988	3.639404	0.500207	0.500000
3.226174	4.146177	0.550859	0.500000
4.273074	4.556844	0.514860	0.500000
6.089467	4.228358	0.590080	0.500000
7.152777	4.576313	0.623993	0.500000
7.964948	3.885953	0.574557	0.500000
8.862978	4.367345	0.535421	0.500000
9.810075	4.721162	0.556002	0.500000
0.728420	5.058288	0.532194	0.500000
1.564960	4.382682	0.598649	0.500000
2.535209	4.870640	0.551024	0.500000
4.462857	5.644258	0.518541	0.500000
5.344939	4.945432	0.524631	0.500000
6.301281	5.319799	0.506721	0.500000
7.253806	5.837615	0.513493	0.500000
8.031241	5.114257	0.549630	0.500000
8.999347	5.369266	0.502449	0.500000
10.046964	5.724528	0.636272	0.500000
0.732268	6.240989	0.628124	0.500000
1.670393	5.489748	0.548357	0.500000
2.752663	5.866359	0.638880	0.500000
3.513050	5.217417	0.607403	0.500000
4.668569	6.736220	0.553656	0.500000
5.409189	6.027036	0.549846	0.500000
6.462780	6.436830	0.646696	0.500000
8.188117	6.201990	0.581804	0.500000
9.261634	6.352388	0.536538	0.500000
10.222635	6.934940	0.599368	0.500000
1.109978	7.229234	0.618343	0.500000
1.870372	6.538836	0.580159	0.500000
2.906439	7.005112	0.504872	0.500000
3.681539	6.316762	0.514771	0.500000
4.840572	7.826392	0.536285	0.500000
5.693430	7.150054	0.537997	0.500000
7.379544	6.916942	0.522420	0.500000
8.410772	7.187883	0.575018	0.500000
9.459873	7.661421	0.502317	0.500000
0.286189	7.945435	0.525279	0.500000
1.257561	8.376912	0.593623	0.500000
2.029775	7.651934	0.588931	0.500000
2.201783	8.712344	0.529232	0.500000
3.036628	8.106893	0.500030	0.500000
5.803449	8.270995	0.516009	0.500000
6.595400	7.630706	0.558074	0.500000
7.565543	7.895661	0.645560	0.500000
8.612460	8.221726	0.534067	0.500000
9.691155	8.695762	0.566557	0.500000
0.467678	8.989308	0.669821	0.500000
0.624017	10.195004	0.516378	0.500000
1.472913	9.429345	0.604172	0.500000
3.305567	9.275456	0.518863	0.500000
4.000959	8.514888	0.512414	0.500000
5.036292	9.010037	0.629260	0.500000
6.870537	8.620758	0.585929	0.500000
7.843825	8.913709	0.563214	0.500000
8.901497	9.387589	0.529479	0.500000
9.952767	9.666746	0.525215	0.500000
9.675490	10.215431	1.483102	0.500000
0.478128	0.477992	1.406037	0.500000
1.275107	10.077200	1.475321	0.500000
2.255255	0.226396	1.459502	0.500000
4.027813	0.591996	1.487662	0.500000
5.111287	0.466749	1.404282	0.500000
5.940736	9.959364	1.465400	0.500000
6.594434	9.166426	1.473978	0.500000
6.877245	0.086014	1.466511	0.500000
7.891114	0.407671	1.421113	0.500000
8.950983	0.758979	1.461041	0.500000
9.916847	1.217582	1.466833	0.500000
1.405541	0.965758	1.461886	0.500000
2.610732	1.162467	1.483977	0.500000
3.439530	1.732994	1.408319	0.500000
4.463340	2.264708	1.471820	0.500000
5.281980	1.516369	1.474281	0.500000
6.108311	0.766759	1.486186	0.500000
7.063523	1.121044	1.445689	0.500000
8.084599	1.408910	1.435255	0.500000
9.301892	2.020050	1.481905	0.500000
0.656814	1.674062	1.433756	0.500000
1.749268	2.088635	1.421559	0.500000
2.744894	2.549038	1.486669	0.500000
3.683560	2.888413	1.328510	0.500000
4.668840	3.338097	1.414006	0.500000
5.433508	2.582708	1.432123	0.500000
6.269050	1.781982	1.493815	0.500000
7.264267	2.214175	1.475611	0.500000
8.432477	2.552478	1.459248	0.500000
9.515878	3.132009	1.433402	0.500000
0.029981	2.462380	1.379091	0.500000
0.991972	2.861938	1.432193	0.500000
1.986223	3.236614	1.478328	0.500000
3.016354	3.641585	1.391668	0.500000
3.905178	4.101284	1.436327	0.500000
5.756681	3.712610	1.446596	0.500000
6.506062	2.945604	1.448641	0.500000
7.566681	3.189011	1.453145	0.500000
8.469314	3.693917	1.458474	0.500000
0.233245	3.535429	1.372492	0.500000
1.175099	3.887243	1.416396	0.500000
2.139136	4.320769	1.428389	0.500000
3.075644	4.684792	1.384289	0.500000
4.187895	5.061627	1.451600	0.500000
5.004142	4.357605	1.307025	0.500000
5.881061	4.849356	1.456840	0.500000
6.731876	4.135218	1.489831	0.500000
7.757478	4.504314	1.474788	0.500000
9.589523	4.232407	1.483269	0.500000
0.413158	4.570791	1.465834	0.500000
1.351168	4.989371	1.375596	0.500000
1.331168	6.009570	1.480034	0.500000
2.318268	5.386002	1.447326	0.500000
3.640941	5.901514	1.428897	0.500000
3.535310	6.931279	1.334359	0.500000
5.102655	5.499686	1.342747	0.500000
7.032226	5.264010	1.488296	0.500000
8.676677	4.986089	1.443782	0.500000
9.663978	5.275002	1.466973	0.500000
0.381412	5.615521	1.466040	0.500000
0.644398	6.749724	1.485452	0.500000
2.444622	6.431736	1.453687	0.500000
3.830581	7.472697	0.542445	0.500000
4.454654	7.353992	1.358535	0.500000
5.247989	6.669740	1.496797	0.500000
6.099447	5.869708	1.461680	0.500000
7.927457	5.720016	1.480672	0.500000
8.900252	5.976506	1.452791	0.500000
9.856290	6.370776	1.423857	0.500000
9.988117	7.546142	1.434669	0.500000
0.829427	7.824979	1.416609	0.500000
1.688686	7.126337	1.428542	0.500000
2.648056	7.436296	1.423597	0.500000
3.715237	8.042774	1.489619	0.500000
5.431701	7.689697	1.441523	0.500000
6.259972	6.978670	1.481988	0.500000
7.100455	6.288956	1.423651	0.500000
8.114203	6.722051	1.438476	0.500000
9.027006	7.146514	1.458400	0.500000
9.219326	8.190928	1.345527	0.500000
0.080721	8.572048	1.498932	0.500000
1.837216	8.116333	1.472932	0.500000
2.766120	8.581787	1.349784	0.500000
3.849640	9.235161	1.486054	0.500000
4.665929	8.354328	1.496691	0.500000
6.355589	8.102638	1.437079	0.500000
7.232702	7.370850	1.451948	0.500000
8.140919	7.841963	1.474229	0.500000
8.411925	8.856821	1.438740	0.500000
9.384682	9.220344	1.488541	0.500000
0.285370	9.642648	1.498609	0.500000
1.136553	9.044349	1.498213	0.500000
2.165804	9.436659	1.372266	0.500000
3.215149	10.155501	1.495188	0.500000
4.891471	9.543942	1.468756	0.500000
5.602856	8.777260	1.421097	0.500000
7.357380	8.464240	1.469875	0.500000
7.606536	9.596197	1.380029	0.500000
8.678418	9.991709	1.424016	0.500000
