300

10.827648	10.915747	2.370893	0.500000
11.134702	9.858718	2.736294	0.500000
1.436690	5.952237	2.799382	0.500000
10.144593	10.414348	2.907291	0.500000
2.268241	9.757924	2.952865	0.500000
2.577923	4.009631	2.836585	0.500000
8.951826	9.683182	0.678383	0.500000
4.748034	1.464980	2.905488	0.500000
7.273582	10.741883	1.381081	0.500000
2.571312	3.214814	1.819003	0.500000
2.972164	0.311255	1.548628	0.500000
7.834692	8.047759	1.950761	0.500000
0.104914	7.529431	2.818623	0.500000
0.480791	11.002346	2.848539	0.500000
10.013445	3.793314	2.706274	0.500000
8.572086	6.316899	2.986575	0.500000
2.735930	2.029740	0.557490	0.500000
11.226808	0.635054	2.898845	0.500000
4.422354	11.041560	1.306438	0.500000
7.971240	9.073127	1.451061	0.500000
5.196637	4.002157	1.549469	0.500000
2.217124	8.469992	2.745752	0.500000
9.269222	7.485372	2.945220	0.500000
10.774699	6.222329	0.567837	0.500000
6.547304	11.215672	2.100876	0.500000
1.816911	8.847132	1.857683	0.500000
0.926015	9.378016	2.603684	0.500000
2.906766	5.002406	0.730825	0.500000
6.629622	0.798417	2.989747	0.500000
11.241544	3.586519	2.917183	0.500000
2.613110	10.798549	2.560454	0.500000
1.394948	0.151727	2.646805	0.500000
5.572671	10.906365	0.803925	0.500000
0.447320	1.221942	1.525103	0.500000
1.619381	4.628628	1.304098	0.500000
1.163727	5.447053	0.916572	0.500000
2.762084	6.719530	0.552142	0.500000
3.030119	9.042606	0.535890	0.500000
9.105590	7.725319	0.901239	0.500000
9.877944	4.792831	2.995085	0.500000
4.584928	4.710464	1.924362	0.500000
10.641936	1.686703	1.598745	0.500000
1.499235	7.216283	2.313454	0.500000
4.703059	10.342096	0.506826	0.500000
8.949166	6.371146	0.553428	0.500000
7.224968	5.365964	0.619901	0.500000
9.859782	3.884143	1.068938	0.500000
5.216120	2.934687	2.941258	0.500000
10.344750	0.571334	0.649426	0.500000
4.500537	8.041858	0.649753	0.500000
4.011466	6.630621	2.390410	0.500000
3.241058	0.149758	2.964219	0.500000
2.825257	5.040060	2.658091	0.500000
10.483025	0.740678	1.949627	0.500000
5.578027	0.758386	2.744953	0.500000
9.458649	2.677809	2.991497	0.500000
4.105989	9.795351	2.292373	0.500000
11.050597	10.806579	0.592805	0.500000
9.149154	0.037236	0.913650	0.500000
9.579434	2.064249	1.310650	0.500000
1.035250	3.872121	1.679455	0.500000
8.905837	8.625710	2.843303	0.500000
9.957550	10.390581	0.669143	0.500000
11.162473	4.847712	2.806186	0.500000
5.691914	1.784313	2.676833	0.500000
1.436616	10.417117	2.839359	0.500000
4.735304	6.116931	2.978920	0.500000
2.308546	11.015079	0.828408	0.500000
0.339299	7.748314	1.557170	0.500000
6.556181	10.524132	0.575986	0.500000
2.755562	7.199085	2.948919	0.500000
8.016293	1.080344	0.804128	0.500000
6.385449	9.731127	2.971278	0.500000
0.720416	6.333513	0.649473	0.500000
4.213004	1.315990	0.515495	0.500000
8.035378	0.081273	0.506439	0.500000
10.185433	8.298103	2.830208	0.500000
7.138553	7.285655	1.841073	0.500000
8.319531	9.904777	1.975034	0.500000
2.345273	3.990167	0.504248	0.500000
7.132022	9.703391	1.290085	0.500000
8.680155	3.272866	2.613711	0.500000
7.513090	3.364449	2.959290	0.500000
3.468045	2.720981	0.784080	0.500000
11.074342	6.017598	2.684621	0.500000
8.456510	7.146786	2.170626	0.500000
9.925314	5.788688	2.799046	0.500000
3.426310	4.150085	0.576800	0.500000
11.323577	5.843500	1.492179	0.500000
4.999957	7.619397	1.958712	0.500000
10.450586	2.535791	2.687879	0.500000
8.904302	8.726829	1.700307	0.500000
2.312112	9.732472	0.799266	0.500000
5.125852	8.351452	2.835357	0.500000
3.401471	6.704447	1.420840	0.500000
5.266456	9.516839	2.577274	0.500000
10.101959	6.968822	0.570550	0.500000
7.139133	10.483531	2.747811	0.500000
7.356587	9.537923	2.347949	0.500000
0.270618	4.627517	1.761312	0.500000
9.656961	5.130156	1.576257	0.500000
2.401853	1.219468	1.109403	0.500000
8.177989	3.380150	0.514149	0.500000
4.342553	3.501070	2.607200	0.500000
4.487328	4.550751	0.751091	0.500000
9.300299	4.028747	1.974264	0.500000
7.173576	3.401467	1.089587	0.500000
4.915767	10.252593	1.762801	0.500000
6.090080	4.654287	0.742249	0.500000
4.695896	0.398493	0.603796	0.500000
2.468649	0.894334	2.874050	0.500000
2.958204	5.702734	1.686268	0.500000
11.162412	10.023592	1.238729	0.500000
2.042643	5.868723	0.608375	0.500000
9.211169	2.889716	0.576429	0.500000
1.634594	9.910073	1.994313	0.500000
1.636447	2.338158	0.648775	0.500000
6.114579	10.188690	2.001042	0.500000
1.127896	2.337108	2.601321	0.500000
0.911085	7.318639	0.518033	0.500000
10.334771	11.106081	1.380881	0.500000
8.132713	7.198993	1.114603	0.500000
6.248406	3.191998	0.509528	0.500000
10.594761	4.828552	1.748285	0.500000
8.548582	4.225526	2.999489	0.500000
7.992602	6.079412	0.525412	0.500000
10.144929	1.430597	2.913789	0.500000
0.622546	6.557624	2.966083	0.500000
10.677974	2.770387	1.394637	0.500000
5.373208	6.842376	0.615475	0.500000
4.856040	0.147253	2.099729	0.500000
5.498778	7.831302	0.514706	0.500000
4.524967	8.520937	1.936591	0.500000
4.024222	8.915597	0.757163	0.500000
5.783603	0.630327	1.714261	0.500000
7.565766	8.756684	2.949382	0.500000
4.166539	0.601355	2.701480	0.500000
9.445576	1.208076	0.561072	0.500000
10.544509	6.907273	2.942351	0.500000
3.189900	8.197095	2.559536	0.500000
5.176833	5.460525	0.591655	0.500000
1.000804	8.038179	2.599265	0.500000
1.041110	10.605577	1.024949	0.500000
0.860943	1.394801	2.843785	0.500000
5.156342	1.749738	0.504480	0.500000
8.556577	4.870705	1.977421	0.500000
8.209336	9.599605	2.962950	0.500000
7.777592	4.492066	0.710912	0.500000
1.379353	3.585163	2.781941	0.500000
10.005216	4.968966	0.576169	0.500000
6.699011	2.983240	2.426588	0.500000
10.833208	4.338810	0.571005	0.500000
10.342069	6.018322	1.891974	0.500000
4.618393	2.177089	2.085644	0.500000
5.639192	5.866052	2.552511	0.500000
2.566210	6.951191	1.973955	0.500000
0.176143	2.404599	0.779421	0.500000
5.686633	6.015351	1.536641	0.500000
6.283652	8.694703	2.540624	0.500000
7.245560	8.944892	0.564295	0.500000
2.653590	1.660238	2.028361	0.500000
11.142784	7.337389	0.800435	0.500000
1.386034	7.846458	1.316143	0.500000
7.828329	6.214025	2.194307	0.500000
3.399028	1.441185	2.997837	0.500000
3.507709	9.004950	1.943692	0.500000
0.086524	2.617341	2.262499	0.500000
10.018182	8.715382	1.872534	0.500000
11.159301	1.647682	2.513062	0.500000
6.501544	7.909648	0.835110	0.500000
8.805916	4.721391	0.581346	0.500000
8.056493	1.378068	2.389595	0.500000
0.750781	8.610731	0.659703	0.500000
10.259886	9.307602	2.888757	0.500000
4.980157	6.631347	2.137588	0.500000
3.090180	9.133472	2.972107	0.500000
7.857512	5.258740	2.613012	0.500000
3.575257	6.103732	0.602791	0.500000
0.300304	3.594276	0.891289	0.500000
9.520004	6.553938	1.501965	0.500000
7.737619	7.006625	2.993986	0.500000
6.004816	9.599497	1.001797	0.500000
2.672714	7.874818	1.571999	0.500000
8.255821	10.609521	2.820407	0.500000
8.259758	8.734130	0.553323	0.500000
4.278973	3.427053	1.019562	0.500000
4.926013	9.297345	1.436070	0.500000
4.453070	2.546822	0.526624	0.500000
1.879912	4.652517	2.386283	0.500000
9.432465	8.732223	0.848631	0.500000
6.780206	4.510487	2.591027	0.500000
5.418980	3.930833	0.546117	0.500000
7.199644	6.344232	1.233315	0.500000
10.243244	3.077473	0.525012	0.500000
11.236439	5.305337	0.630775	0.500000
0.706742	8.852418	1.676220	0.500000
7.450350	2.121751	2.909902	0.500000
3.439812	3.717082	1.535759	0.500000
7.780763	1.959422	1.474907	0.500000
9.110852	5.815745	2.084383	0.500000
8.875177	5.234881	2.954928	0.500000
6.910706	8.476185	1.667771	0.500000
2.186797	2.222083	2.832789	0.500000
3.698155	7.730057	1.679153	0.500000
2.894491	6.036074	2.995206	0.500000
9.423085	11.191933	2.001053	0.500000
3.224691	7.871037	0.610750	0.500000
2.230368	7.800588	0.502726	0.500000
6.652213	6.564173	2.863777	0.500000
3.994964	7.031199	0.535814	0.500000
11.114565	8.423990	1.059000	0.500000
2.449202	3.000018	0.725396	0.500000
2.620974	9.469193	2.001381	0.500000
5.660104	6.907403	2.881077	0.500000
5.277689	9.015898	0.530244	0.500000
6.141458	7.056918	1.684365	0.500000
11.150595	1.330846	0.646667	0.500000
5.608023	3.007309	2.018053	0.500000
3.640621	1.808096	1.315686	0.500000
0.265842	0.015111	1.758643	0.500000
10.224293	7.932143	1.017010	0.500000
1.021228	2.844462	1.426837	0.500000
0.896788	1.257398	0.505458	0.500000
5.234125	3.029490	0.992459	0.500000
6.891452	1.699287	2.179603	0.500000
6.505158	6.921963	0.577295	0.500000
3.708876	4.892031	1.339601	0.500000
8.456217	2.206562	0.556344	0.500000
9.060464	1.223691	2.563025	0.500000
4.518693	6.095669	1.126940	0.500000
7.819633	5.524504	1.468323	0.500000
6.008241	8.058418	1.816436	0.500000
3.458337	4.323435	2.346241	0.500000
5.818422	0.711087	0.507118	0.500000
8.477553	2.279104	2.714795	0.500000
1.774748	6.908675	0.831826	0.500000
0.785493	4.566687	0.555273	0.500000
10.548304	7.592911	2.166589	0.500000
3.270987	10.295677	1.714575	0.500000
4.815026	4.563811	2.896655	0.500000
6.439035	7.622376	2.643015	0.500000
7.449788	4.526777	1.673475	0.500000
1.848529	10.968719	1.907927	0.500000
4.398187	7.590943	2.796458	0.500000
6.257666	3.677401	1.443757	0.500000
11.021190	9.171279	1.850149	0.500000
0.493433	0.314851	0.594901	0.500000
1.746328	8.676753	0.837126	0.500000
0.003285	8.621826	2.648823	0.500000
5.627664	10.492305	2.938800	0.500000
4.661501	1.247823	1.648758	0.500000
8.090216	10.127090	0.962447	0.500000
9.834579	0.230782	2.988032	0.500000
0.828381	6.458107	1.749417	0.500000
7.653967	2.966162	2.033829	0.500000
0.851786	9.637015	0.755069	0.500000
3.273494	0.865774	0.754070	0.500000
6.481291	5.369969	1.876811	0.500000
3.970873	5.585956	2.028324	0.500000
5.740957	1.846781	1.667068	0.500000
8.637844	2.694086	1.579693	0.500000
1.738795	1.013366	2.069141	0.500000
10.225075	9.309414	1.069641	0.500000
6.213455	5.735924	0.685385	0.500000
3.739218	11.105514	0.511242	0.500000
1.509852	0.366927	0.577732	0.500000
8.805250	0.215018	2.988147	0.500000
6.689732	0.282637	0.870052	0.500000
4.016683	5.213080	2.995868	0.500000
9.768460	2.962937	1.869866	0.500000
4.299324	2.433006	2.999109	0.500000
9.187623	9.946875	2.893663	0.500000
8.352287	3.765585	1.547135	0.500000
3.782173	11.201826	2.108093	0.500000
6.531169	2.477571	1.527640	0.500000
3.318153	2.583586	2.082986	0.500000
6.817298	5.521628	2.902355	0.500000
11.160062	3.641881	1.879142	0.500000
4.336064	10.712338	2.802936	0.500000
9.206678	7.794809	1.995664	0.500000
8.931608	0.929397	1.454550	0.500000
6.965660	2.496581	0.597561	0.500000
9.013290	10.457929	1.362608	0.500000
1.126067	5.271669	1.966277	0.500000
2.719930	4.477089	1.677481	0.500000
7.544024	7.981564	0.842864	0.500000
1.943350	2.365198	1.766754	0.500000
5.872875	4.595593	2.163339	0.500000
0.947501	4.632253	2.897624	0.500000
7.190190	0.740887	2.002327	0.500000
3.377004	10.188771	2.947637	0.500000
4.312466	9.057724	2.983264	0.500000
10.220044	9.871310	1.985738	0.500000
11.223640	6.837952	1.929085	0.500000
1.872212	6.142498	1.608476	0.500000
5.839397	3.768555	2.827349	0.500000
0.677250	10.249107	2.140696	0.500000
2.854925	2.987184	2.875024	0.500000
8.435995	0.076178	1.758864	0.500000
6.890108	1.378030	0.884211	0.500000
