300

0.167695	1.800525	0.759875	0.500000
4.837829	11.266715	1.614521	0.500000
0.831898	3.974378	0.652396	0.500000
2.262499	11.177909	0.596629	0.500000
0.259951	8.674597	2.968800	0.500000
0.606305	9.116205	0.959211	0.500000
1.203598	8.856040	1.885018	0.500000
5.090899	4.592402	2.601675	0.500000
6.210416	10.394723	2.991184	0.500000
4.018003	11.000640	0.724486	0.500000
1.860148	4.204795	0.531352	0.500000
10.291179	5.172427	2.903023	0.500000
10.815780	7.084584	1.516868	0.500000
1.692927	6.444038	1.591515	0.500000
10.728949	4.182243	2.705124	0.500000
0.018679	4.976299	2.912597	0.500000
1.640107	5.308104	0.773325	0.500000
8.392533	2.452477	0.704582	0.500000
3.966552	8.306053	0.606329	0.500000
9.101312	10.227314	1.850425	0.500000
5.779766	1.973731	1.105700	0.500000
1.923616	8.911626	2.597807	0.500000
8.774843	9.128558	2.754038	0.500000
9.898161	7.234610	2.450677	0.500000
3.195393	1.556071	1.265453	0.500000
4.740572	9.545474	2.073557	0.500000
0.267506	0.978775	1.953874	0.500000
1.435318	2.587798	1.598913	0.500000
9.262313	10.107107	0.517941	0.500000
11.297210	3.362095	2.398060	0.500000
2.470744	8.037891	0.663442	0.500000
8.767575	8.536821	1.884305	0.500000
7.936456	0.711772	0.665596	0.500000
1.887387	10.738463	1.635118	0.500000
8.622578	7.034741	2.927946	0.500000
4.242406	5.506516	2.791016	0.500000
11.267427	7.223733	2.461242	0.500000
7.276793	8.627306	0.501572	0.500000
10.975810	8.916664	2.157457	0.500000
7.103273	1.419911	1.682416	0.500000
4.020657	4.134907	0.609296	0.500000
7.031839	10.570286	2.098807	0.500000
9.455497	7.242336	0.501236	0.500000
3.105362	7.923533	1.551501	0.500000
7.254582	3.119897	2.886855	0.500000
3.732325	6.119413	1.750995	0.500000
6.340546	10.213982	1.075425	0.500000
5.644617	5.274178	1.454995	0.500000
5.329284	6.938725	1.812820	0.500000
2.348909	8.584335	1.615644	0.500000
5.557535	9.489009	1.436650	0.500000
10.501789	3.912168	1.546609	0.500000
10.554177	7.947259	2.905201	0.500000
1.348438	4.332557	2.944224	0.500000
0.153900	6.063148	1.774173	0.500000
10.345607	3.126978	2.758955	0.500000
1.912264	1.855228	2.933905	0.500000
9.395773	3.028311	2.417944	0.500000
11.244272	0.111310	0.510418	0.500000
10.429242	0.912917	1.028107	0.500000
2.280441	3.015424	2.922048	0.500000
7.476219	2.032396	2.503724	0.500000
3.254029	0.577313	0.873397	0.500000
7.870290	8.573107	1.319883	0.500000
3.593698	4.691981	2.774458	0.500000
2.253368	7.865703	2.308977	0.500000
4.485405	5.612080	0.640650	0.500000
3.773929	0.821019	2.730377	0.500000
2.008398	10.017006	0.788543	0.500000
8.068110	8.218351	2.939409	0.500000
3.993048	9.487879	0.763489	0.500000
9.144832	0.874539	1.069807	0.500000
5.615072	6.321223	2.858732	0.500000
9.332300	5.989931	0.613990	0.500000
4.286500	3.960994	2.998813	0.500000
9.969622	8.957493	2.767314	0.500000
9.992918	8.026708	1.612839	0.500000
5.231628	4.260900	0.552874	0.500000
7.823570	3.961343	1.686800	0.500000
1.756895	0.474080	1.247348	0.500000
6.808480	1.477257	0.592068	0.500000
4.984301	3.142695	0.504078	0.500000
5.243157	1.292929	0.563642	0.500000
10.589048	9.091391	1.151272	0.500000
2.947690	8.740838	2.611415	0.500000
6.010286	7.720962	1.787649	0.500000
9.955834	4.359905	0.537110	0.500000
4.156033	7.629355	1.371701	0.500000
8.926173	5.749382	2.161226	0.500000
6.318121	8.098284	0.510163	0.500000
0.311665	5.941836	2.879226	0.500000
8.712812	3.220692	1.462003	0.500000
3.054363	10.344981	0.632283	0.500000
5.914528	5.259801	2.685228	0.500000
2.072204	4.464145	1.706183	0.500000
11.056603	11.078912	1.516401	0.500000
8.811232	3.986515	0.606690	0.500000
5.017522	7.704039	0.589888	0.500000
7.220167	9.508150	2.617139	0.500000
2.391342	7.015593	1.111446	0.500000
8.676561	2.174845	1.931619	0.500000
2.206463	10.556125	2.847812	0.500000
6.714488	2.353426	1.805939	0.500000
4.871502	3.109985	2.928260	0.500000
6.769799	5.469396	1.734356	0.500000
10.793027	3.093301	0.645658	0.500000
5.073160	10.379093	2.648982	0.500000
8.346743	1.675435	2.981507	0.500000
8.000389	4.634012	2.959215	0.500000
11.207428	10.843986	2.872602	0.500000
10.796652	1.655738	1.675810	0.500000
4.547267	2.123212	0.584089	0.500000
10.162284	10.558918	2.340124	0.500000
10.471716	9.890282	0.549888	0.500000
5.886981	3.519193	2.983626	0.500000
9.935039	4.648436	2.126864	0.500000
3.096793	3.806559	2.603316	0.500000
5.270864	9.171961	2.883262	0.500000
1.133455	3.929908	1.634128	0.500000
4.172160	8.616117	1.870583	0.500000
1.137528	8.299310	0.718538	0.500000
5.643549	6.765161	0.713012	0.500000
5.546950	3.226932	2.056705	0.500000
0.661077	2.934099	0.560871	0.500000
5.857390	3.275453	1.061245	0.500000
3.945736	7.634728	2.660446	0.500000
8.420587	6.836111	0.683038	0.500000
1.125371	9.835342	2.995571	0.500000
1.507121	6.408048	0.558608	0.500000
7.041388	8.694937	2.006165	0.500000
4.171107	1.175851	0.509557	0.500000
4.850541	0.346632	0.600483	0.500000
8.623562	10.465007	2.855690	0.500000
9.700209	1.031958	2.991938	0.500000
6.811022	3.928782	0.514727	0.500000
3.900965	10.625823	2.428980	0.500000
2.198610	1.561163	1.742040	0.500000
9.439121	4.130669	2.856055	0.500000
2.073905	5.676477	2.169775	0.500000
1.312441	8.072668	2.727896	0.500000
5.843451	8.228332	2.879533	0.500000
10.511595	7.899607	0.526153	0.500000
0.112709	0.567301	2.945506	0.500000
11.003019	4.285363	0.656665	0.500000
0.461871	1.795109	2.773786	0.500000
8.209925	5.033057	1.613001	0.500000
10.588924	0.245696	2.467896	0.500000
9.543909	6.187907	2.855493	0.500000
10.069385	0.987905	2.019357	0.500000
7.228308	10.379247	0.533957	0.500000
8.072705	1.613896	1.258768	0.500000
0.251305	2.453579	1.610888	0.500000
2.399708	6.759292	2.860593	0.500000
3.003949	9.999944	1.585049	0.500000
4.779694	8.249329	2.921413	0.500000
2.370907	3.115499	1.839946	0.500000
8.226875	0.421232	2.863974	0.500000
6.314082	6.030188	0.564117	0.500000
5.629222	10.977771	0.788961	0.500000
7.107236	0.286503	2.958589	0.500000
0.997823	1.093879	0.654368	0.500000
10.333046	6.442161	0.665782	0.500000
2.837660	11.203301	1.509819	0.500000
8.352188	5.605870	0.695462	0.500000
5.104384	5.824028	2.134902	0.500000
2.446078	6.053669	0.673904	0.500000
6.740093	0.234835	0.553309	0.500000
7.728902	6.567745	2.892997	0.500000
9.455144	2.165585	2.979568	0.500000
6.013254	6.177048	1.756612	0.500000
4.058953	6.666551	2.949682	0.500000
9.159481	5.130599	2.972306	0.500000
0.019440	6.704954	0.683710	0.500000
11.126426	8.179366	1.455817	0.500000
3.024968	9.977397	2.859069	0.500000
1.919956	8.956848	0.613369	0.500000
6.697128	3.363730	1.811056	0.500000
7.053152	7.567348	2.038036	0.500000
9.099126	10.951504	1.132921	0.500000
8.474045	6.596121	1.814533	0.500000
5.059065	8.119632	1.527814	0.500000
6.284953	2.104726	2.957801	0.500000
6.925574	8.035737	2.954091	0.500000
9.584360	11.153556	2.910141	0.500000
2.393770	1.221843	0.750071	0.500000
7.358707	5.840997	0.598761	0.500000
0.628043	9.937822	2.050074	0.500000
3.186321	2.465258	1.740020	0.500000
2.885463	5.616676	1.569990	0.500000
8.375985	8.958883	0.508320	0.500000
7.310904	2.478540	0.893639	0.500000
4.412587	4.010798	1.612448	0.500000
9.912801	11.157304	0.532537	0.500000
9.640932	2.115308	1.569678	0.500000
6.651960	6.370766	2.809569	0.500000
1.317314	6.193455	2.922660	0.500000
3.877800	2.972502	0.505405	0.500000
2.919012	6.734115	1.951090	0.500000
2.898139	0.664715	2.132796	0.500000
7.110211	7.340677	0.605313	0.500000
7.518408	6.196005	1.756042	0.500000
9.003573	7.986016	1.039740	0.500000
9.643820	9.513431	1.295560	0.500000
3.252370	9.026524	1.675679	0.500000
0.831278	6.742526	2.156473	0.500000
11.097757	10.042150	1.318243	0.500000
5.192284	7.230516	2.874476	0.500000
1.077553	1.700387	1.915982	0.500000
6.932153	4.234031	2.888419	0.500000
9.136352	4.997513	0.509188	0.500000
3.898600	0.335149	1.841152	0.500000
1.262951	2.793931	2.939757	0.500000
2.742920	4.818856	0.549045	0.500000
6.180457	9.524508	2.402960	0.500000
8.023192	10.431433	1.951668	0.500000
5.004678	8.904626	0.683673	0.500000
8.959272	4.240580	1.569976	0.500000
10.561456	2.105582	0.534433	0.500000
5.053429	1.218658	2.799235	0.500000
5.961543	4.293381	2.194635	0.500000
10.528348	6.155880	2.522345	0.500000
2.038859	3.088634	0.559515	0.500000
10.724208	1.251344	2.773100	0.500000
3.485268	5.831784	0.533279	0.500000
8.892375	1.173877	2.160872	0.500000
6.239101	7.310889	2.800241	0.500000
2.998098	3.612889	1.113757	0.500000
1.452113	2.267593	0.558098	0.500000
5.778127	0.609251	1.627569	0.500000
8.002003	7.491382	1.589475	0.500000
7.566534	4.778405	0.692437	0.500000
4.643542	0.272332	2.937526	0.500000
0.486366	5.088836	1.039713	0.500000
4.175732	2.357423	2.757706	0.500000
10.888976	2.246730	2.780888	0.500000
6.693261	0.454149	2.029822	0.500000
8.034173	0.606938	1.825114	0.500000
10.689579	9.803174	2.974011	0.500000
0.307875	7.713842	0.579081	0.500000
5.784011	11.236046	2.609148	0.500000
9.735668	8.628458	0.684373	0.500000
6.034943	1.120811	2.514797	0.500000
1.042382	11.298045	0.541756	0.500000
4.194895	9.558384	2.985729	0.500000
0.223385	4.457473	1.901226	0.500000
9.436223	8.009650	2.911229	0.500000
9.542056	10.052048	2.942437	0.500000
1.104291	5.381414	2.138526	0.500000
0.845029	0.059283	1.549994	0.500000
8.442092	2.740402	2.735204	0.500000
10.484686	2.826122	1.781255	0.500000
3.993890	3.193462	2.144614	0.500000
9.604542	1.659752	0.586215	0.500000
7.796999	3.604789	0.536601	0.500000
9.692094	5.342201	1.390200	0.500000
8.040254	7.919132	0.546631	0.500000
9.364852	2.957039	0.610436	0.500000
7.542228	10.528855	2.992416	0.500000
4.930214	9.966983	0.541708	0.500000
4.495699	1.392620	1.855166	0.500000
6.607612	9.370701	0.566918	0.500000
2.045797	0.144496	2.381722	0.500000
10.660880	5.493088	1.591529	0.500000
8.381408	3.774311	2.609919	0.500000
1.095434	10.892155	2.813403	0.500000
2.432748	0.906630	2.991825	0.500000
8.148800	9.982104	0.939497	0.500000
7.296022	11.236761	1.392769	0.500000
6.120919	4.745294	0.577479	0.500000
11.040647	5.613958	0.634140	0.500000
3.313431	7.386808	0.718825	0.500000
3.011800	5.713584	2.607757	0.500000
7.703369	2.945137	1.982714	0.500000
2.039376	9.652421	1.754841	0.500000
7.193696	5.454467	2.834504	0.500000
4.257603	6.606761	0.828469	0.500000
6.804953	4.384433	1.487052	0.500000
2.297391	4.843816	2.745236	0.500000
5.402459	2.273071	2.334213	0.500000
9.040590	7.543962	2.029802	0.500000
10.040478	11.284218	1.573578	0.500000
5.760030	10.553162	1.868067	0.500000
0.761476	10.090585	0.663066	0.500000
9.642371	6.341373	1.761113	0.500000
4.297870	10.286707	1.558830	0.500000
3.174601	0.008728	2.886712	0.500000
1.149857	0.571018	2.868209	0.500000
2.997483	7.615051	2.991111	0.500000
8.096677	9.429797	1.860332	0.500000
8.196480	5.680519	2.914776	0.500000
2.953766	1.990832	2.816242	0.500000
0.214408	3.521792	1.424546	0.500000
8.851707	11.259127	2.229372	0.500000
3.230101	4.572837	1.551578	0.500000
1.566329	7.543343	1.440535	0.500000
2.989953	2.239603	0.535462	0.500000
2.838234	9.369625	0.813271	0.500000
4.363148	5.072375	1.706243	0.500000
7.113943	9.570868	1.405901	0.500000
0.698930	7.914809	1.946696	0.500000
