300

2.771972	0.131757	2.658817	0.500000
10.779143	1.794190	2.951965	0.500000
7.378125	2.877869	2.650480	0.500000
2.519967	9.221345	2.117134	0.500000
8.804462	11.292674	2.803919	0.500000
4.501688	10.731607	0.564880	0.500000
4.318295	2.702258	2.999576	0.500000
8.394839	4.648693	1.590858	0.500000
7.884144	4.155313	0.748591	0.500000
6.752550	6.559500	1.877067	0.500000
10.702716	11.315227	2.746736	0.500000
0.355298	10.888447	2.972197	0.500000
6.616059	7.600538	2.960521	0.500000
1.186939	1.247462	2.437458	0.500000
0.352220	3.696551	2.654681	0.500000
9.675210	10.139508	1.381245	0.500000
6.321555	9.195032	2.740629	0.500000
3.090996	9.065938	2.963683	0.500000
11.127739	2.966364	1.107533	0.500000
3.043750	6.587208	2.159797	0.500000
4.082192	6.466489	1.963111	0.500000
6.733843	4.817063	0.792175	0.500000
1.172718	6.964652	2.805305	0.500000
2.448942	3.054562	1.478550	0.500000
8.190667	2.792007	0.516071	0.500000
7.762730	8.216373	1.839002	0.500000
7.558053	1.342717	2.051010	0.500000
2.143358	3.167145	2.855255	0.500000
2.601645	4.458818	2.895027	0.500000
5.782330	4.431996	1.640280	0.500000
7.251745	0.240995	1.908467	0.500000
9.221585	7.898344	0.526622	0.500000
3.180670	5.509353	2.521618	0.500000
5.390112	3.779830	0.953679	0.500000
10.518274	9.059650	1.585749	0.500000
5.711368	8.783685	1.478260	0.500000
9.854420	3.318880	2.040443	0.500000
8.365262	6.795480	0.519175	0.500000
8.986929	6.545029	1.903355	0.500000
2.864830	10.042070	1.531469	0.500000
7.160089	2.286550	1.558834	0.500000
10.220234	7.538473	0.659058	0.500000
3.175491	8.719854	0.500997	0.500000
3.634996	0.637883	2.966555	0.500000
9.951490	5.020103	2.806266	0.500000
4.005853	7.378627	0.521505	0.500000
2.785780	5.274865	0.524213	0.500000
0.226295	8.884115	2.949194	0.500000
5.131681	0.216756	0.575916	0.500000
2.416625	2.391533	2.267411	0.500000
0.439103	1.988315	2.871501	0.500000
3.632306	7.296180	1.626266	0.500000
1.147543	5.885124	2.467725	0.500000
2.145321	1.020307	2.217628	0.500000
6.608216	5.151234	2.796546	0.500000
6.879017	5.829249	0.581968	0.500000
0.417359	3.594182	1.597966	0.500000
2.610420	0.765876	0.983329	0.500000
0.915646	4.993877	2.983480	0.500000
8.647473	1.133319	0.676404	0.500000
0.546433	0.802288	1.176670	0.500000
1.767487	0.324356	2.986998	0.500000
5.690091	1.868587	1.682176	0.500000
4.802131	5.531003	1.763377	0.500000
5.467729	9.701176	0.573253	0.500000
5.561989	5.642939	2.860208	0.500000
10.256016	0.993344	1.950954	0.500000
11.257018	1.934506	0.526230	0.500000
2.765066	8.130402	2.769826	0.500000
2.154943	7.141248	2.919235	0.500000
7.342211	0.881798	1.107261	0.500000
1.640848	4.857405	0.857854	0.500000
4.175099	8.949788	2.590804	0.500000
3.731122	6.235703	2.974173	0.500000
1.613018	3.458179	1.957980	0.500000
9.633048	6.534347	2.890489	0.500000
2.060853	7.943063	1.888258	0.500000
4.533122	10.627442	2.933051	0.500000
4.916984	9.612205	2.923305	0.500000
6.851127	4.456035	2.033627	0.500000
4.439205	2.396522	1.109455	0.500000
3.350933	10.720082	2.087465	0.500000
2.376370	11.127203	0.585086	0.500000
1.608967	4.774279	1.969180	0.500000
6.196134	7.985434	0.531544	0.500000
6.481703	3.669279	2.597810	0.500000
9.355832	0.386884	0.941337	0.500000
7.590784	5.257000	1.365134	0.500000
1.591824	1.951895	1.648267	0.500000
1.944783	8.869640	2.961874	0.500000
0.207762	6.379636	2.789235	0.500000
7.199327	8.362511	2.662561	0.500000
4.173362	3.398404	2.229177	0.500000
5.003321	7.030199	0.523193	0.500000
6.365218	2.471807	0.546985	0.500000
10.951941	8.209150	2.080337	0.500000
7.392594	1.793002	0.687369	0.500000
7.083586	10.257456	2.252199	0.500000
10.962601	4.512725	2.999158	0.500000
9.200498	8.880910	0.807734	0.500000
4.748320	4.318448	1.738920	0.500000
9.327330	4.305978	1.924039	0.500000
5.290331	2.995790	1.618659	0.500000
10.278507	0.049709	1.314852	0.500000
0.068987	6.103182	1.833804	0.500000
1.997389	8.749347	1.175697	0.500000
5.840990	6.317552	0.529623	0.500000
10.715695	10.214630	2.844571	0.500000
9.091136	8.065415	1.617523	0.500000
9.400179	9.456420	2.879308	0.500000
3.704709	8.070576	2.366480	0.500000
3.547546	7.267818	2.948113	0.500000
0.472292	4.966388	1.780493	0.500000
10.857157	0.802568	0.559191	0.500000
4.522264	1.328625	0.511735	0.500000
6.416147	1.296407	0.894693	0.500000
3.776114	1.607918	1.385629	0.500000
9.682786	3.256045	1.028437	0.500000
5.760507	4.996926	0.532587	0.500000
4.664427	1.619251	2.097518	0.500000
5.209621	8.726864	0.540790	0.500000
7.076524	6.340515	2.854554	0.500000
5.501240	6.328522	1.847775	0.500000
1.237902	9.645338	2.761974	0.500000
2.517027	4.084242	0.607220	0.500000
4.718820	8.372991	1.873259	0.500000
10.828125	2.918390	2.905048	0.500000
4.141527	9.397848	0.658238	0.500000
4.619982	4.931492	0.941890	0.500000
9.609046	10.446122	2.723836	0.500000
8.579485	5.341675	0.704641	0.500000
5.760701	10.139788	2.348258	0.500000
0.596201	10.914521	1.944118	0.500000
8.947745	3.862393	0.528794	0.500000
1.160968	9.334852	1.079032	0.500000
9.185612	9.984659	0.507034	0.500000
4.292235	10.227134	1.507534	0.500000
9.898069	10.806695	0.519184	0.500000
1.570280	10.588071	2.922884	0.500000
8.023485	10.144412	2.790059	0.500000
3.630305	9.907515	2.744348	0.500000
6.435301	2.169367	2.936728	0.500000
10.072258	3.940938	2.982297	0.500000
10.422929	9.161050	2.870034	0.500000
3.183714	3.044360	0.799129	0.500000
0.722576	10.320671	0.926090	0.500000
2.975754	4.882688	1.577775	0.500000
10.132755	2.343708	2.010624	0.500000
0.525332	11.240873	0.517095	0.500000
9.970018	6.114188	1.886151	0.500000
2.799166	7.759551	0.541171	0.500000
0.214996	8.806928	1.471025	0.500000
0.293912	9.340375	0.507129	0.500000
10.703127	5.684783	2.964375	0.500000
0.998191	6.307379	1.459702	0.500000
10.714892	6.682911	0.881211	0.500000
0.178162	7.414516	2.824235	0.500000
4.724730	5.074425	2.987431	0.500000
8.837854	8.975575	1.981776	0.500000
0.475747	7.237966	0.675920	0.500000
1.869009	6.319173	0.600103	0.500000
9.536666	0.674974	2.976896	0.500000
4.967139	9.480422	1.685174	0.500000
7.999844	9.572121	1.511858	0.500000
1.810697	2.689572	0.588044	0.500000
4.665815	7.952674	2.952567	0.500000
3.716390	2.589141	1.783174	0.500000
11.132953	0.387089	1.866927	0.500000
7.874809	10.553917	1.677255	0.500000
10.230066	2.217533	0.644500	0.500000
2.999723	5.927843	1.365109	0.500000
3.453837	2.097061	0.568650	0.500000
8.555941	10.822359	0.754374	0.500000
10.634647	9.775171	0.742159	0.500000
1.670308	2.056249	2.904257	0.500000
5.549763	1.702340	0.566152	0.500000
9.370351	5.393265	1.489935	0.500000
3.016830	8.184910	1.539441	0.500000
9.078126	5.498929	2.709280	0.500000
7.290375	9.308154	2.977937	0.500000
5.019085	7.336354	1.760141	0.500000
2.343961	5.964715	2.918484	0.500000
5.584877	0.807667	1.513788	0.500000
7.762832	7.680333	0.560186	0.500000
11.047821	7.079877	1.853878	0.500000
1.562681	0.394502	0.512502	0.500000
3.493809	9.230337	1.885603	0.500000
3.956893	5.058688	2.077362	0.500000
10.191750	8.706673	0.596925	0.500000
10.549412	7.803822	2.907604	0.500000
4.557410	0.531031	1.387085	0.500000
5.822932	11.104308	2.853361	0.500000
10.617062	10.131339	1.848555	0.500000
6.203905	5.437719	1.585402	0.500000
0.688104	7.445683	1.736057	0.500000
7.661807	7.304427	2.934063	0.500000
2.957521	1.595064	2.687593	0.500000
1.463744	7.270378	0.869227	0.500000
8.791327	2.817605	2.287157	0.500000
6.151818	7.893827	2.042131	0.500000
9.301165	1.348699	1.543194	0.500000
4.861894	0.290257	2.990696	0.500000
0.765606	5.497477	0.874605	0.500000
8.455929	4.273621	2.550121	0.500000
6.429876	3.862053	0.865758	0.500000
7.797885	5.765816	2.249666	0.500000
1.097683	8.370463	0.706767	0.500000
3.135688	6.644060	0.595972	0.500000
0.124660	4.484677	0.620788	0.500000
10.114296	8.134476	1.469533	0.500000
0.932364	1.724002	0.540689	0.500000
8.641596	3.520325	1.433532	0.500000
8.907602	7.341811	2.850398	0.500000
7.275681	3.204199	0.979824	0.500000
11.132458	7.901721	1.021173	0.500000
3.511722	0.553818	1.705827	0.500000
6.812393	7.492946	1.248117	0.500000
5.986683	6.792023	2.606020	0.500000
8.338636	6.322206	2.921603	0.500000
7.419874	11.031559	0.651369	0.500000
8.251789	8.135356	2.949013	0.500000
2.606515	10.195477	2.804907	0.500000
0.069689	0.995577	2.953696	0.500000
4.794067	3.935747	2.952880	0.500000
3.819373	5.430805	0.548749	0.500000
5.886895	7.094562	1.265394	0.500000
0.154258	2.647671	2.115949	0.500000
11.068007	1.566452	1.802410	0.500000
1.158746	3.891011	0.983989	0.500000
9.229332	1.956318	2.773233	0.500000
5.393187	8.675915	2.909867	0.500000
6.612516	9.123625	0.551705	0.500000
3.252048	3.216876	2.731152	0.500000
9.965343	7.214375	2.178037	0.500000
9.470761	0.249598	1.994001	0.500000
6.244431	11.080794	1.913305	0.500000
8.396841	0.482276	1.573888	0.500000
5.154837	11.093904	2.067708	0.500000
9.382665	6.779166	0.878560	0.500000
2.056890	5.554005	1.504959	0.500000
3.800288	4.181213	2.951504	0.500000
8.778454	10.309188	2.066477	0.500000
9.016615	3.547666	2.993671	0.500000
9.841995	2.751300	2.977050	0.500000
7.688410	3.871894	1.797713	0.500000
5.709188	3.055187	2.979271	0.500000
1.244484	8.044518	2.987797	0.500000
6.544795	0.201834	0.549207	0.500000
0.999519	2.779333	1.552627	0.500000
5.770571	0.833696	2.653789	0.500000
10.747586	3.990385	1.574145	0.500000
4.437972	6.221764	0.885945	0.500000
1.028159	3.003952	3.000000	0.500000
9.499316	8.289404	2.557585	0.500000
6.529125	1.213967	1.915141	0.500000
2.019182	6.510401	2.096984	0.500000
5.188428	2.688985	0.511028	0.500000
6.358685	2.891727	1.668724	0.500000
8.255355	8.514432	0.854784	0.500000
7.862275	9.460956	0.519609	0.500000
7.941342	1.994649	2.932150	0.500000
1.555866	4.065181	2.813629	0.500000
3.392716	10.916537	0.779982	0.500000
4.136561	0.014763	2.273131	0.500000
6.626017	10.083716	1.025954	0.500000
4.067524	1.560696	2.959248	0.500000
3.833845	3.872324	0.802392	0.500000
5.014440	6.801042	2.921961	0.500000
5.394330	10.685317	1.115648	0.500000
2.807066	1.639287	1.663032	0.500000
0.820590	2.966667	0.513653	0.500000
5.858811	4.433418	2.960963	0.500000
0.410095	9.721756	1.970271	0.500000
8.109312	6.249568	1.322008	0.500000
6.958285	9.078015	1.654508	0.500000
2.374555	0.065611	1.659824	0.500000
2.377823	4.104650	1.849458	0.500000
2.470959	1.799209	0.571018	0.500000
8.233372	7.275948	1.944711	0.500000
1.618622	10.459715	1.820670	0.500000
7.759710	4.905024	2.964888	0.500000
11.121950	10.776621	1.249128	0.500000
1.477962	8.902388	2.047736	0.500000
10.549587	5.034191	1.646090	0.500000
5.444764	1.937290	2.686500	0.500000
10.994770	5.519781	0.671436	0.500000
10.500296	3.683139	0.600287	0.500000
1.990532	9.763559	0.673317	0.500000
4.352673	8.313483	0.869584	0.500000
3.162948	9.875684	0.552778	0.500000
2.652409	7.206292	1.374012	0.500000
8.714809	2.372416	1.364979	0.500000
9.768800	1.270834	0.501826	0.500000
1.344536	0.486171	1.807176	0.500000
3.437779	3.968852	1.836137	0.500000
6.768520	1.065748	2.987216	0.500000
7.838210	0.524227	2.890042	0.500000
9.665888	5.813559	0.540063	0.500000
9.930856	4.637669	0.541948	0.500000
7.412945	3.935642	2.998422	0.500000
