500

10.641782	8.104344	3.333171	0.500000
7.082163	4.315587	2.434677	0.500000
6.099579	10.542061	3.659984	0.500000
0.077099	9.091172	1.910762	0.500000
6.129925	5.412915	4.346418	0.500000
3.999922	4.802963	2.938835	0.500000
2.487512	10.842950	3.526992	0.500000
4.373375	6.064522	3.365371	0.500000
9.300882	1.726085	2.463895	0.500000
4.337503	3.018500	0.741461	0.500000
8.371756	0.611749	3.552193	0.500000
4.558732	6.726413	0.545166	0.500000
9.103505	9.577009	1.606144	0.500000
5.398458	3.056154	1.214434	0.500000
10.651376	3.442709	4.490439	0.500000
9.495411	0.044485	1.749512	0.500000
5.028182	11.039411	0.812502	0.500000
4.792091	2.690286	2.231683	0.500000
6.671665	11.031483	2.446511	0.500000
2.050755	3.202292	1.855517	0.500000
6.091861	1.663216	2.649284	0.500000
3.403717	5.452981	2.315636	0.500000
3.854072	9.415368	4.473490	0.500000
1.693791	0.316915	3.462340	0.500000
7.447917	10.801732	1.392896	0.500000
7.746867	9.286335	2.752284	0.500000
1.381110	10.499533	1.643122	0.500000
6.434321	9.949964	4.492354	0.500000
6.826680	10.978248	4.489373	0.500000
0.329215	3.836165	0.635826	0.500000
2.882847	5.190115	0.595110	0.500000
2.805868	3.886928	2.563487	0.500000
6.335420	9.071215	1.336868	0.500000
6.008123	7.936551	1.948037	0.500000
10.456258	1.861674	4.195125	0.500000
0.758747	5.781716	2.897756	0.500000
1.873933	1.584597	3.200285	0.500000
3.974486	4.081258	1.044192	0.500000
9.013894	0.501241	4.322656	0.500000
1.742143	10.022748	2.521616	0.500000
5.136308	9.306143	1.520869	0.500000
3.081122	3.172684	1.808950	0.500000
0.119857	8.197439	0.543736	0.500000
3.099660	8.844742	3.181102	0.500000
2.836750	4.423869	1.420497	0.500000
10.682291	4.183336	1.008238	0.500000
0.732559	6.896040	4.444937	0.500000
7.760505	0.109695	0.670120	0.500000
11.335005	2.919446	3.755678	0.500000
1.857367	4.707346	0.580077	0.500000
5.758697	11.385375	4.344367	0.500000
9.112649	9.907756	3.540962	0.500000
4.694968	1.308253	0.808725	0.500000
6.243302	6.894148	1.014859	0.500000
5.207131	2.176502	0.728439	0.500000
3.996490	8.922219	0.528338	0.500000
0.040073	7.108906	0.780533	0.500000
1.029444	1.082619	0.621159	0.500000
4.641160	5.838007	2.392061	0.500000
10.761852	10.262074	0.621813	0.500000
4.453702	8.392726	4.479280	0.500000
2.757577	10.077761	2.752137	0.500000
2.230878	5.566987	1.759393	0.500000
3.969714	7.515892	4.237002	0.500000
3.981567	4.984621	0.587019	0.500000
3.824517	3.807500	3.368435	0.500000
7.248349	5.161132	2.993698	0.500000
6.465091	7.903347	3.766275	0.500000
3.386030	9.736253	3.616601	0.500000
10.567764	3.920167	2.274778	0.500000
0.882118	1.234167	3.330112	0.500000
9.473754	10.725927	0.547920	0.500000
7.997657	9.355870	0.560859	0.500000
4.649520	1.603765	4.053586	0.500000
10.654879	9.557235	1.362260	0.500000
1.480644	2.050356	0.620991	0.500000
6.986690	9.758986	0.823204	0.500000
8.192225	1.256206	0.597307	0.500000
6.629021	0.670693	2.535643	0.500000
8.239865	8.223590	0.517540	0.500000
2.837739	3.356532	4.401758	0.500000
0.135278	9.544296	0.527445	0.500000
0.299122	7.757734	3.618822	0.500000
5.091433	5.142954	4.467969	0.500000
1.145889	10.689014	4.497257	0.500000
6.607308	3.623183	3.576890	0.500000
1.964408	10.088075	4.291997	0.500000
9.824042	4.510501	3.815371	0.500000
7.096130	3.875306	4.491534	0.500000
1.781621	6.754970	1.114696	0.500000
10.726921	4.628020	4.457613	0.500000
11.091812	5.839541	1.949452	0.500000
5.852789	2.421186	1.985623	0.500000
0.225157	10.201208	1.282976	0.500000
10.845151	10.880406	1.719009	0.500000
8.329629	4.987734	1.537416	0.500000
9.236487	0.683229	2.646746	0.500000
7.138871	9.460812	3.853456	0.500000
8.433935	10.555608	1.450803	0.500000
11.100938	9.131335	3.183696	0.500000
4.085046	4.964976	4.234058	0.500000
6.346873	5.667567	1.556409	0.500000
5.445667	7.107107	1.675232	0.500000
7.186358	4.909866	1.499222	0.500000
7.942658	10.363346	0.523567	0.500000
2.270869	7.884445	2.613619	0.500000
6.937265	0.797804	0.676084	0.500000
3.884584	8.105663	2.572715	0.500000
6.434047	8.950247	4.382867	0.500000
6.377546	7.887456	0.887449	0.500000
10.443382	6.276179	2.597438	0.500000
2.439905	10.524580	1.808506	0.500000
8.399123	5.462502	3.434536	0.500000
7.743295	7.380432	3.569282	0.500000
6.494896	6.648692	1.998309	0.500000
5.487102	8.849362	0.562720	0.500000
0.499043	5.709441	4.486091	0.500000
2.867109	4.692037	3.207669	0.500000
5.288790	0.824412	4.450871	0.500000
3.359786	5.887391	4.437716	0.500000
6.702879	1.819824	0.553981	0.500000
1.182727	7.535090	0.540659	0.500000
11.109480	0.315637	3.617557	0.500000
8.905695	9.776696	0.553914	0.500000
7.714419	0.311222	2.805663	0.500000
7.223727	7.698419	4.490777	0.500000
8.029425	7.570524	1.720767	0.500000
10.079038	5.302937	2.624826	0.500000
2.049552	8.839516	1.593418	0.500000
3.447885	5.534125	3.352236	0.500000
11.034935	10.613660	3.158629	0.500000
1.604035	7.900035	1.676914	0.500000
4.707703	1.053227	3.069495	0.500000
5.047897	3.129516	4.396644	0.500000
9.539161	4.661852	1.647378	0.500000
6.075542	7.100550	4.418330	0.500000
0.313905	1.855330	0.509345	0.500000
10.165485	8.751014	4.047787	0.500000
2.170345	2.850793	0.897315	0.500000
3.780311	4.193606	2.159654	0.500000
2.098932	11.083023	2.634997	0.500000
0.085141	4.002947	4.359163	0.500000
10.708054	10.285035	4.256054	0.500000
0.882237	6.518397	0.682701	0.500000
5.706183	8.802160	2.578152	0.500000
1.079274	1.345512	4.459785	0.500000
1.485250	7.023189	2.160916	0.500000
11.380348	0.759990	0.526909	0.500000
9.623813	2.223103	1.323473	0.500000
7.537772	3.821311	1.677244	0.500000
6.046139	1.380138	3.806962	0.500000
4.388021	2.151626	1.439527	0.500000
4.474370	3.032217	3.391025	0.500000
9.151308	7.355760	4.462514	0.500000
11.131443	1.521650	3.500712	0.500000
10.798536	3.844748	3.483378	0.500000
11.055123	0.631511	1.766235	0.500000
8.333459	8.182369	2.695646	0.500000
10.115177	5.529049	0.571237	0.500000
0.620820	7.389876	2.656329	0.500000
6.558819	4.699945	3.608423	0.500000
9.677771	9.101652	3.204433	0.500000
4.175209	10.514978	4.335034	0.500000
9.182340	6.246053	2.276108	0.500000
8.200723	8.995929	1.534609	0.500000
0.406906	6.643035	3.310911	0.500000
3.002368	8.310958	4.463409	0.500000
11.399748	11.018377	4.420149	0.500000
10.680303	8.851077	0.534932	0.500000
4.447914	5.326505	1.476606	0.500000
7.214181	8.156912	2.452989	0.500000
9.509753	8.434726	2.465686	0.500000
8.320051	2.774481	2.914518	0.500000
5.473332	3.696524	3.385883	0.500000
0.247881	10.143478	4.028684	0.500000
3.268684	8.091865	0.627044	0.500000
10.270479	5.587801	3.658122	0.500000
11.220338	1.377380	2.511125	0.500000
6.953664	1.730766	4.362937	0.500000
5.276752	6.083210	1.624111	0.500000
3.879650	10.580219	2.939399	0.500000
9.416212	8.130749	3.769510	0.500000
1.846555	9.500156	3.468424	0.500000
10.089433	5.770422	1.707444	0.500000
10.452669	2.222842	0.511512	0.500000
2.128422	1.239482	0.530296	0.500000
6.320698	5.607141	3.214561	0.500000
1.631462	8.995455	4.341721	0.500000
9.096488	1.768498	4.450749	0.500000
11.404710	8.231716	2.530704	0.500000
1.790127	6.784318	4.455384	0.500000
9.805257	9.731246	4.466499	0.500000
5.706678	10.011619	0.671077	0.500000
1.860628	11.163145	0.523099	0.500000
8.327996	0.287381	1.551572	0.500000
10.420707	1.886451	2.041563	0.500000
7.315248	8.451339	3.481267	0.500000
8.546990	11.018569	3.499242	0.500000
2.928904	0.339071	3.202296	0.500000
4.890697	8.161435	1.529017	0.500000
2.659139	2.889090	2.707749	0.500000
7.321443	2.814045	4.465404	0.500000
11.163571	5.623435	3.079332	0.500000
3.316316	2.187154	2.224148	0.500000
0.644276	7.609907	1.442097	0.500000
9.591886	3.561540	4.191509	0.500000
5.281783	9.274682	4.385305	0.500000
8.283013	6.693184	4.382110	0.500000
1.058721	9.531373	1.866938	0.500000
7.450924	1.147198	3.478337	0.500000
3.797510	0.713867	2.713973	0.500000
4.693298	9.910137	2.527298	0.500000
5.038597	0.501424	1.340638	0.500000
5.930758	4.487070	2.835502	0.500000
5.359834	3.789341	0.501311	0.500000
10.459907	11.425477	0.915535	0.500000
2.055208	5.535260	2.751546	0.500000
10.020899	9.589998	2.211622	0.500000
4.528519	7.329040	2.221736	0.500000
5.775343	4.776123	1.007140	0.500000
1.959072	4.373922	3.532378	0.500000
10.128313	7.835483	4.492150	0.500000
8.930212	8.138962	1.481266	0.500000
7.554335	8.651762	4.494041	0.500000
8.050243	9.897396	3.489340	0.500000
9.028434	5.026967	2.483981	0.500000
10.429731	11.407680	4.358255	0.500000
1.926470	5.792420	4.497286	0.500000
7.457937	4.162920	3.412234	0.500000
7.504058	6.509449	1.603013	0.500000
6.386419	3.491487	2.609362	0.500000
3.428020	6.567549	3.645751	0.500000
10.737214	8.181831	1.406600	0.500000
9.752369	7.641230	1.773354	0.500000
3.317234	1.154584	4.441576	0.500000
4.898150	4.605977	2.183132	0.500000
0.583347	2.016527	2.197904	0.500000
2.347303	6.516190	2.367972	0.500000
3.428009	2.779837	3.424049	0.500000
7.481877	4.997079	4.049791	0.500000
0.970463	8.535300	3.327428	0.500000
8.748879	3.291145	3.678260	0.500000
0.053551	9.884994	2.560600	0.500000
8.521751	2.301468	1.036799	0.500000
7.748302	2.850761	1.822147	0.500000
9.323350	1.705858	0.514811	0.500000
4.201870	1.966559	2.865468	0.500000
8.941025	9.221943	4.251911	0.500000
0.766288	4.364882	2.869647	0.500000
4.024007	8.779402	1.541409	0.500000
1.718257	2.602089	3.139690	0.500000
2.707482	1.193151	2.134261	0.500000
5.677809	6.528865	2.688648	0.500000
8.265108	5.581486	4.453425	0.500000
2.938372	0.039571	2.240734	0.500000
11.048444	6.164058	0.967568	0.500000
2.167602	8.920833	2.611148	0.500000
1.964432	8.082965	3.590154	0.500000
7.724336	9.876046	1.672396	0.500000
4.979887	7.189710	4.460881	0.500000
5.577056	0.347278	2.350357	0.500000
6.415688	7.372731	2.860245	0.500000
5.308074	5.581744	3.405364	0.500000
6.824421	10.112183	3.092410	0.500000
7.532114	8.304753	1.233433	0.500000
7.079977	6.111135	0.740102	0.500000
4.470101	3.951383	4.124866	0.500000
2.040232	4.380168	2.038032	0.500000
3.347940	7.046929	0.698866	0.500000
0.711765	6.106268	1.626736	0.500000
1.745406	3.896827	1.199775	0.500000
8.005874	0.334005	4.474769	0.500000
8.728720	7.133214	3.578906	0.500000
1.656869	8.423308	0.586598	0.500000
8.506401	7.276811	0.730191	0.500000
8.330350	7.991190	4.285810	0.500000
5.154919	1.633396	2.154150	0.500000
1.225817	8.057880	4.455511	0.500000
2.151822	9.869718	0.964768	0.500000
3.436572	10.656760	1.493411	0.500000
0.076833	3.569293	1.590588	0.500000
5.633102	5.413340	2.340103	0.500000
9.112003	2.343974	3.387371	0.500000
4.256400	1.063517	1.784187	0.500000
5.698469	9.794857	2.389295	0.500000
9.895152	10.510373	1.668001	0.500000
3.173570	9.349686	1.477769	0.500000
10.872136	6.994378	3.417430	0.500000
1.181389	5.103867	2.219559	0.500000
1.395439	2.294124	1.614807	0.500000
1.059836	10.481963	0.517685	0.500000
9.784682	4.330480	2.750157	0.500000
8.556416	3.882915	1.706894	0.500000
6.372859	10.205807	1.551292	0.500000
7.321667	1.401749	2.511419	0.500000
4.710344	10.017225	0.583261	0.500000
2.581904	9.273523	4.491835	0.500000
7.522768	10.991528	3.669277	0.500000
5.897706	4.330344	4.322744	0.500000
10.163697	11.250342	2.553591	0.500000
1.948115	2.642042	4.162191	0.500000
7.347482	0.467189	1.757177	0.500000
7.446959	2.690084	0.782871	0.500000
7.098216	3.647595	0.574045	0.500000
2.704198	1.843650	1.264640	0.500000
1.195376	9.467931	0.628952	0.500000
2.567845	7.576089	1.605113	0.500000
9.383286	10.966261	4.454187	0.500000
8.006398	5.580358	2.356708	0.500000
9.575762	5.889227	4.340302	0.500000
7.667700	1.474632	1.551884	0.500000
7.732445	6.396592	3.363235	0.500000
4.112976	0.451479	0.889179	0.500000
0.168745	1.901334	4.493414	0.500000
2.957075	7.857362	3.567950	0.500000
0.937696	9.601337	2.959829	0.500000
1.822837	0.747615	2.494875	0.500000
7.442365	3.303440	2.742741	0.500000
3.013180	3.925477	0.551252	0.500000
5.494572	2.246550	4.202226	0.500000
3.291991	2.894338	0.611025	0.500000
5.369321	0.217688	3.383087	0.500000
3.542716	1.826754	0.705806	0.500000
1.071608	3.090525	0.628181	0.500000
0.109839	3.604069	2.854991	0.500000
2.625749	6.291470	0.688095	0.500000
9.468912	3.578755	1.398522	0.500000
3.078540	10.128560	0.666322	0.500000
10.187246	1.825194	3.088454	0.500000
4.089208	2.451384	4.198963	0.500000
1.070428	3.506912	2.145491	0.500000
5.242503	1.891397	3.207846	0.500000
6.713878	2.946773	1.625265	0.500000
7.487536	2.207706	3.407716	0.500000
9.648771	6.783562	3.047863	0.500000
4.020473	10.848807	0.682641	0.500000
10.554215	7.646324	0.522359	0.500000
1.756358	3.647926	4.431546	0.500000
1.566523	5.737096	0.877484	0.500000
10.427010	7.516603	2.525193	0.500000
8.850439	2.694148	2.030000	0.500000
0.947302	3.310878	3.347576	0.500000
1.235109	8.624491	2.357025	0.500000
3.695453	1.344918	3.519694	0.500000
2.816723	1.917641	3.238241	0.500000
10.480050	6.998831	1.411810	0.500000
0.937902	4.486532	1.376518	0.500000
9.223131	1.348917	3.415608	0.500000
10.048900	3.476626	0.553187	0.500000
2.334040	0.505940	1.392501	0.500000
7.639039	10.644463	2.723256	0.500000
0.621455	2.205000	3.514462	0.500000
2.561690	8.856363	0.658231	0.500000
6.836519	2.338531	2.563698	0.500000
7.615113	4.914256	0.522627	0.500000
0.524401	1.080265	1.520963	0.500000
5.257130	10.496307	4.287841	0.500000
5.085290	8.901380	3.376968	0.500000
9.945587	6.574456	0.650866	0.500000
10.624134	4.874311	1.753233	0.500000
11.022944	9.322240	4.420346	0.500000
8.380155	4.115200	4.126744	0.500000
4.590248	3.531354	1.620486	0.500000
10.523024	8.688976	2.304510	0.500000
5.497931	6.235665	4.426025	0.500000
4.598765	3.758345	2.699666	0.500000
8.884374	1.335641	1.534234	0.500000
9.345270	5.807862	3.326342	0.500000
4.301926	6.322087	4.403842	0.500000
2.250194	7.513825	0.502509	0.500000
8.787082	9.124483	2.582159	0.500000
4.179721	6.614429	1.499537	0.500000
6.496188	0.213327	3.459671	0.500000
0.309711	2.602424	1.260445	0.500000
4.412345	9.805343	3.631686	0.500000
5.857151	0.112331	0.509077	0.500000
8.276883	6.089863	0.640784	0.500000
9.614655	0.134013	3.518629	0.500000
5.669253	10.883213	2.769118	0.500000
11.416594	11.349630	2.521816	0.500000
2.216811	7.132671	3.363119	0.500000
8.247222	10.685480	4.446900	0.500000
9.168841	3.424774	2.715247	0.500000
6.671549	9.072645	2.811872	0.500000
0.717712	0.635661	2.493837	0.500000
6.830208	10.859644	0.533310	0.500000
6.895101	8.657661	0.500738	0.500000
3.073549	7.195254	2.793620	0.500000
9.481648	7.490830	0.624371	0.500000
6.695729	6.273084	4.432707	0.500000
8.516456	2.609019	4.434371	0.500000
9.372956	8.589470	0.510770	0.500000
5.458840	6.283515	0.543018	0.500000
4.096594	8.580229	3.471965	0.500000
7.028305	7.426094	1.519868	0.500000
9.834543	8.797451	1.414476	0.500000
3.677259	7.698876	1.657001	0.500000
9.023243	4.926492	4.379690	0.500000
4.184264	11.391259	2.029450	0.500000
0.259753	11.162875	0.643818	0.500000
3.872709	3.055115	2.522467	0.500000
6.096811	9.449205	3.568575	0.500000
1.307860	0.414961	1.492828	0.500000
1.292531	5.144077	3.455866	0.500000
8.046099	6.748736	2.470733	0.500000
6.688925	6.636230	3.488989	0.500000
0.277325	4.896284	3.725421	0.500000
5.454059	8.287299	4.389761	0.500000
3.346240	4.246668	4.421046	0.500000
11.065349	3.090924	0.581642	0.500000
0.534453	0.486497	4.268788	0.500000
0.822160	3.009206	4.341161	0.500000
5.594687	3.659717	2.020555	0.500000
7.982777	9.648393	4.461161	0.500000
1.259975	6.118253	3.798132	0.500000
0.738889	10.687057	2.612807	0.500000
4.784014	10.720118	3.395469	0.500000
6.332558	3.172906	4.433418	0.500000
9.198410	5.893346	1.049972	0.500000
2.497410	6.069697	3.492770	0.500000
3.714138	9.542253	2.655933	0.500000
2.959000	8.462697	2.058914	0.500000
10.127460	6.785948	4.415224	0.500000
2.925704	10.422484	4.404516	0.500000
0.551392	5.302441	0.923296	0.500000
8.553101	6.708895	1.565165	0.500000
6.226998	3.786633	1.075000	0.500000
10.512036	2.918664	1.479314	0.500000
9.051791	3.055336	0.558907	0.500000
1.855273	3.641417	2.809471	0.500000
9.931572	9.673575	0.559997	0.500000
3.736504	11.301773	3.705710	0.500000
11.218624	2.402095	2.799224	0.500000
8.914679	4.249927	3.247321	0.500000
6.272570	4.584493	1.874037	0.500000
9.668575	4.573025	0.582757	0.500000
4.233768	7.823986	0.588550	0.500000
8.108073	1.612410	4.360912	0.500000
3.097748	0.932565	0.861305	0.500000
2.259498	1.227805	4.220074	0.500000
4.155820	7.199566	3.225286	0.500000
2.939685	2.285242	4.310979	0.500000
7.521691	7.090016	0.637238	0.500000
5.793367	1.333642	0.546059	0.500000
0.501779	11.200086	1.669676	0.500000
4.984349	4.574181	3.534486	0.500000
11.102509	8.169866	4.292988	0.500000
2.574306	5.007770	4.343711	0.500000
5.831391	2.720580	3.272532	0.500000
10.003237	0.847072	4.129582	0.500000
0.150162	4.804194	2.151866	0.500000
8.120616	3.597816	0.652574	0.500000
2.191175	11.420860	4.288199	0.500000
4.295403	0.488728	4.336328	0.500000
8.266292	1.446392	2.937175	0.500000
10.025533	3.052540	3.384278	0.500000
4.081888	9.783850	1.545204	0.500000
10.016902	10.490148	3.463251	0.500000
8.118365	4.250948	2.542188	0.500000
8.908898	7.354320	2.453315	0.500000
9.779500	2.604894	4.456722	0.500000
0.639862	11.146353	3.608468	0.500000
10.010394	0.900195	1.832725	0.500000
8.558576	4.539213	0.669325	0.500000
1.417135	10.560397	3.368038	0.500000
9.034789	0.382627	0.625229	0.500000
10.303460	0.761207	2.928132	0.500000
1.030745	4.678873	4.474989	0.500000
6.242303	2.781407	0.550202	0.500000
8.478412	11.178663	2.434332	0.500000
4.518020	8.899299	2.442811	0.500000
5.388311	7.778771	2.729149	0.500000
2.849402	11.284887	0.724806	0.500000
5.465128	7.469922	0.539798	0.500000
4.958142	5.213953	0.539911	0.500000
6.782140	0.630432	4.360321	0.500000
11.049906	0.938410	4.465506	0.500000
6.438129	5.363700	0.503501	0.500000
5.162625	6.773487	3.532241	0.500000
0.466135	8.837264	4.409733	0.500000
6.268555	0.350233	1.544234	0.500000
10.067578	0.852138	0.565899	0.500000
10.921321	1.479076	1.148265	0.500000
3.036978	7.109788	4.445866	0.500000
11.415229	6.870860	1.772247	0.500000
10.954020	6.142077	4.214252	0.500000
3.826617	6.512830	2.516881	0.500000
3.054370	6.618483	1.564418	0.500000
9.861216	2.762722	2.232514	0.500000
0.844729	8.744369	1.241403	0.500000
6.602481	1.438328	1.563425	0.500000
9.019500	10.163745	2.540368	0.500000
11.179056	7.105738	4.397152	0.500000
2.177834	2.096832	2.278240	0.500000
7.024418	6.071663	2.621003	0.500000
3.555360	5.811759	1.131474	0.500000
8.428544	8.770215	3.501202	0.500000
5.289981	10.473402	1.610896	0.500000
11.008875	5.053444	0.531347	0.500000
1.220969	7.282794	3.633370	0.500000
