500

1.071404	4.127858	2.315144	0.500000
9.332505	8.753749	2.520610	0.500000
8.778355	6.578216	0.556203	0.500000
0.662930	0.636538	1.719890	0.500000
0.859172	4.068588	0.504895	0.500000
2.531079	10.497520	3.352226	0.500000
3.237518	9.351709	3.178613	0.500000
11.419496	2.027680	0.642206	0.500000
5.293942	8.939267	3.699098	0.500000
9.487697	6.829619	1.366223	0.500000
2.451366	11.312230	1.521578	0.500000
1.775373	8.037204	3.630827	0.500000
0.977740	2.442612	0.614242	0.500000
7.882226	9.861254	3.492474	0.500000
8.643951	9.668388	4.497321	0.500000
2.008716	2.359321	3.917740	0.500000
2.664914	0.647774	3.640170	0.500000
5.268439	4.038498	2.591128	0.500000
8.886379	10.679626	2.453439	0.500000
7.801900	5.901731	0.762490	0.500000
5.450928	5.491045	1.622464	0.500000
6.913034	3.795166	1.344116	0.500000
4.290710	10.065423	0.743725	0.500000
2.038009	6.127548	0.523825	0.500000
10.005677	8.539781	0.537907	0.500000
9.408937	9.751836	2.259876	0.500000
8.993291	5.335916	0.683782	0.500000
7.537364	4.254114	2.002003	0.500000
10.003730	2.812050	1.764952	0.500000
8.315691	0.313481	0.757878	0.500000
7.956636	11.375953	1.704457	0.500000
1.727729	5.752597	2.259236	0.500000
6.209210	3.858600	3.344156	0.500000
0.998432	7.591030	2.220817	0.500000
5.362497	7.006941	4.051015	0.500000
8.130419	7.205786	4.432824	0.500000
1.985405	2.472591	2.643888	0.500000
4.505094	0.640657	2.765853	0.500000
8.855758	2.963768	4.486806	0.500000
1.209167	7.263977	3.230795	0.500000
3.773897	4.548430	0.568491	0.500000
9.897827	1.885647	4.406371	0.500000
6.779966	6.224877	0.548759	0.500000
7.366212	1.700356	3.065292	0.500000
10.644273	10.749899	3.614624	0.500000
1.082500	10.029493	0.538359	0.500000
1.437886	10.407952	3.845454	0.500000
8.438932	1.157467	3.154548	0.500000
6.466495	2.245981	3.366380	0.500000
10.966882	6.907700	3.665607	0.500000
8.432047	7.846977	1.395817	0.500000
7.537374	10.687496	0.677158	0.500000
11.068061	1.115152	1.841621	0.500000
0.658089	5.739275	2.219253	0.500000
1.973545	2.986596	0.515644	0.500000
7.441359	1.926018	1.917713	0.500000
6.160296	8.634811	4.317202	0.500000
9.671417	10.617818	0.554561	0.500000
9.990718	1.853565	2.727502	0.500000
6.132700	10.189130	1.531133	0.500000
6.395213	4.544344	1.761404	0.500000
9.853370	7.807552	2.834601	0.500000
0.082809	3.119859	2.126970	0.500000
1.792826	1.685594	0.680996	0.500000
0.062073	10.156685	0.933928	0.500000
2.078473	11.326212	4.317324	0.500000
10.710392	6.026207	4.303435	0.500000
5.513804	1.766133	2.715740	0.500000
4.520674	10.976609	2.494624	0.500000
4.536164	6.299853	1.550328	0.500000
8.974809	6.049988	3.425146	0.500000
3.579962	5.387939	3.328744	0.500000
9.287286	3.518558	1.841008	0.500000
10.862966	4.516448	1.477584	0.500000
4.375561	1.677995	4.293058	0.500000
2.890636	2.677509	3.204237	0.500000
6.943059	4.991381	4.129831	0.500000
6.649341	3.766834	2.352532	0.500000
5.185596	8.039688	4.484041	0.500000
3.354373	10.262981	2.385125	0.500000
4.725541	0.343617	1.494888	0.500000
10.321923	0.507916	0.523349	0.500000
3.038238	5.639712	2.406996	0.500000
1.487859	0.139605	3.343023	0.500000
2.177863	3.454097	3.005996	0.500000
10.269468	7.438949	0.507419	0.500000
9.697708	5.784753	4.367832	0.500000
3.323929	7.954664	3.394922	0.500000
7.566727	8.111398	2.120166	0.500000
1.609039	6.769261	2.258267	0.500000
7.749932	3.123985	4.484515	0.500000
3.355961	9.968603	1.360800	0.500000
0.274268	4.800301	2.535032	0.500000
3.148118	4.767869	1.389166	0.500000
3.042282	7.490358	4.421439	0.500000
4.717462	4.823977	1.290740	0.500000
11.374642	0.050196	0.508303	0.500000
1.526404	1.139875	2.923330	0.500000
10.246738	0.732271	2.390703	0.500000
10.621237	8.967715	4.362077	0.500000
10.628723	1.940487	3.513338	0.500000
2.937922	1.787572	0.531284	0.500000
5.354698	0.182563	2.489785	0.500000
4.240311	8.805237	3.249641	0.500000
11.301317	1.812867	4.242833	0.500000
9.613613	10.534536	3.382609	0.500000
5.432896	10.506278	2.543256	0.500000
4.131819	5.916175	2.587347	0.500000
0.352148	6.757804	2.771466	0.500000
11.189046	1.022582	0.821835	0.500000
4.156394	7.392303	1.436406	0.500000
4.767892	1.440984	3.364030	0.500000
0.669186	6.363209	3.825165	0.500000
10.838958	4.872668	4.461620	0.500000
5.737894	1.140082	4.105103	0.500000
2.902213	2.720514	4.472915	0.500000
3.166386	7.427761	1.826107	0.500000
9.441514	3.805488	3.338196	0.500000
6.523443	11.419420	2.548430	0.500000
1.835208	3.953811	0.785913	0.500000
0.653551	8.736958	1.298184	0.500000
3.646090	3.375599	3.703332	0.500000
9.567270	11.423955	2.446141	0.500000
2.674667	4.678283	2.306396	0.500000
3.699394	2.684986	1.903919	0.500000
10.525788	11.343752	4.471241	0.500000
6.339125	1.958288	4.474374	0.500000
7.494945	5.239230	1.743928	0.500000
0.100457	8.451828	3.221407	0.500000
2.809079	4.215977	0.597018	0.500000
8.466163	3.465291	3.531264	0.500000
10.554164	3.488725	2.449623	0.500000
6.523078	2.284991	2.279738	0.500000
6.277393	6.642500	1.471467	0.500000
8.436301	6.911377	3.160700	0.500000
0.837572	4.299777	3.588170	0.500000
3.402553	6.374792	3.716804	0.500000
4.345537	0.646404	0.558951	0.500000
5.716887	11.339092	4.384275	0.500000
6.620916	7.854325	2.835003	0.500000
4.133646	1.977590	2.462164	0.500000
10.606746	2.946022	3.448543	0.500000
1.146275	3.233150	1.269327	0.500000
4.796580	11.163748	0.544160	0.500000
11.242599	2.201691	2.508619	0.500000
6.516215	7.059337	3.484712	0.500000
6.117053	7.521408	4.499383	0.500000
5.897648	2.416293	0.559381	0.500000
7.975090	1.027754	1.501255	0.500000
0.384473	4.939648	1.531724	0.500000
11.215044	9.339844	1.969914	0.500000
2.777273	0.715940	2.162796	0.500000
11.423832	9.008357	0.526458	0.500000
10.313885	1.629963	0.545703	0.500000
9.046373	6.736440	4.316439	0.500000
9.859619	1.591882	1.456081	0.500000
0.127846	7.237031	1.643283	0.500000
9.213668	6.575238	2.585616	0.500000
1.244050	3.345416	3.424724	0.500000
1.869945	9.733652	2.904445	0.500000
0.648719	3.328500	4.296087	0.500000
8.125098	7.339029	0.550953	0.500000
1.181106	7.302559	1.214809	0.500000
7.132632	7.214697	4.310710	0.500000
9.914654	0.100967	3.394711	0.500000
7.931489	5.108987	3.659092	0.500000
8.072653	2.528952	3.539850	0.500000
2.992717	7.041386	0.529549	0.500000
9.765795	3.358684	0.584661	0.500000
5.468382	0.515832	0.552670	0.500000
9.975498	6.160077	3.470624	0.500000
10.944932	7.834131	4.394677	0.500000
0.132911	8.144309	2.168887	0.500000
5.776734	7.135622	0.500753	0.500000
5.274111	0.268653	3.528564	0.500000
0.323029	3.889832	1.375766	0.500000
3.021437	8.453775	1.784903	0.500000
10.549904	4.077074	3.370127	0.500000
3.050506	10.847864	4.380167	0.500000
7.334590	6.233491	1.669031	0.500000
8.644981	5.462280	4.483141	0.500000
6.183277	10.088751	4.368919	0.500000
11.038550	5.628564	1.895909	0.500000
5.453463	4.103465	1.576394	0.500000
8.549239	6.025632	1.507342	0.500000
6.741046	0.410494	4.437762	0.500000
6.612656	5.983329	3.516808	0.500000
0.886508	6.380725	0.511515	0.500000
0.893335	8.779019	2.564019	0.500000
11.342976	3.238863	0.531970	0.500000
5.788798	3.450937	0.577810	0.500000
3.565303	1.348488	1.227726	0.500000
3.018650	1.877049	2.090113	0.500000
3.493088	0.337129	1.200892	0.500000
7.625581	9.437283	4.498853	0.500000
6.980216	8.589789	1.236185	0.500000
9.841369	4.440468	1.611065	0.500000
11.249681	10.438776	1.941800	0.500000
2.102846	9.763045	4.231523	0.500000
7.493783	4.104405	4.034929	0.500000
11.412928	1.428772	3.139042	0.500000
9.847027	10.312686	4.348985	0.500000
0.474285	11.440923	2.599190	0.500000
7.639142	8.357918	4.499778	0.500000
10.615247	9.749492	0.626212	0.500000
8.406274	0.078175	4.434577	0.500000
10.844532	2.137075	1.529393	0.500000
5.407883	2.273300	4.183428	0.500000
6.461938	0.845588	0.695017	0.500000
6.260952	8.726935	3.231710	0.500000
7.768575	9.411920	0.700056	0.500000
9.320855	7.309082	3.522266	0.500000
1.102797	2.387914	4.495195	0.500000
7.932537	2.896831	2.520034	0.500000
0.134731	11.154413	3.826280	0.500000
6.961509	5.108994	2.804012	0.500000
10.114277	8.441962	3.636964	0.500000
6.926020	10.415197	3.444169	0.500000
10.832310	0.149794	1.473439	0.500000
10.434919	8.821200	2.631997	0.500000
11.037789	3.582868	4.143865	0.500000
0.281787	4.349549	4.441654	0.500000
9.622172	1.117268	3.401710	0.500000
2.352573	1.666871	3.216776	0.500000
3.880632	7.094404	2.469871	0.500000
7.505078	6.552992	3.476978	0.500000
6.984930	0.618016	1.761236	0.500000
8.244009	4.743576	1.023312	0.500000
10.181680	0.844891	4.477060	0.500000
6.013303	6.948950	2.594606	0.500000
4.625912	5.276358	4.445265	0.500000
2.421322	9.371019	0.503033	0.500000
1.867662	0.259989	2.261044	0.500000
3.380529	1.448173	4.424900	0.500000
4.730036	2.501076	3.448388	0.500000
4.701195	7.598022	0.529091	0.500000
8.462707	8.289405	2.719264	0.500000
7.870482	7.768845	3.360018	0.500000
6.647169	5.497228	1.226663	0.500000
8.874873	8.748197	0.632619	0.500000
0.796989	11.031666	0.886048	0.500000
8.160785	7.178816	2.095108	0.500000
4.864882	4.211440	0.507127	0.500000
0.857692	0.585427	0.601733	0.500000
9.039837	8.280492	3.638482	0.500000
1.938187	7.197864	0.514474	0.500000
10.657271	2.635535	4.473780	0.500000
4.608149	8.681430	0.565855	0.500000
10.032374	5.646876	2.379854	0.500000
5.031804	8.314668	1.605223	0.500000
9.093202	9.766896	0.860626	0.500000
9.259000	7.639481	1.975668	0.500000
11.379998	5.790151	2.976431	0.500000
9.198775	4.312303	0.591894	0.500000
10.521407	8.577665	1.655686	0.500000
8.893863	2.596304	1.642150	0.500000
9.166221	1.013814	4.496569	0.500000
4.582038	5.232023	3.343423	0.500000
8.268786	10.913192	3.375987	0.500000
7.922707	6.220438	2.567149	0.500000
4.822640	10.800431	3.688863	0.500000
4.328200	9.582783	2.148371	0.500000
4.384583	8.737462	4.412714	0.500000
0.727395	0.773733	3.498730	0.500000
3.726554	2.363443	3.786964	0.500000
6.378840	7.785449	1.461230	0.500000
8.377729	10.149544	1.596045	0.500000
8.772955	4.110766	4.303092	0.500000
1.432984	6.423680	4.477503	0.500000
8.105580	1.050436	4.493684	0.500000
2.482876	8.334250	0.677806	0.500000
1.983493	7.764526	2.649810	0.500000
8.351896	9.006318	3.753474	0.500000
6.235102	4.557928	0.692994	0.500000
9.074017	2.512904	3.485236	0.500000
10.727290	3.445607	1.429201	0.500000
2.745615	11.341828	2.798066	0.500000
5.364433	8.024662	2.526010	0.500000
10.513554	4.775364	2.569793	0.500000
8.056588	5.178179	2.588860	0.500000
7.663109	3.861586	2.953554	0.500000
4.567727	10.009900	3.068025	0.500000
1.670797	0.747678	1.361071	0.500000
6.916312	9.455897	3.748373	0.500000
0.045811	0.619445	4.286081	0.500000
4.507365	9.819199	4.058652	0.500000
5.641406	9.968569	3.412552	0.500000
7.821518	8.411354	0.541838	0.500000
4.878680	2.667427	0.505437	0.500000
6.459000	5.961586	2.442866	0.500000
8.468029	3.429774	1.153094	0.500000
6.708349	3.214484	4.482148	0.500000
1.831632	8.599914	1.610019	0.500000
4.294912	8.067214	2.417774	0.500000
4.808679	3.680076	3.561478	0.500000
5.459834	9.502208	0.634942	0.500000
3.020302	8.709336	4.457483	0.500000
1.027589	7.936397	4.295302	0.500000
10.491423	9.872203	2.487443	0.500000
3.142173	3.611488	2.504652	0.500000
10.600000	10.738764	0.916016	0.500000
8.530526	1.982223	4.486243	0.500000
3.431647	9.727004	4.453204	0.500000
0.931988	1.800356	3.390623	0.500000
7.350169	10.009600	2.623990	0.500000
8.909293	0.249907	3.285942	0.500000
3.831100	2.358228	0.636354	0.500000
4.411213	3.033643	4.390919	0.500000
10.239016	5.210470	3.705382	0.500000
6.401885	0.473847	3.479020	0.500000
1.470624	2.268227	1.749527	0.500000
1.920786	4.688729	1.626027	0.500000
9.284167	0.159232	0.506981	0.500000
1.057122	5.249546	0.517309	0.500000
5.152271	9.328028	1.576806	0.500000
6.457377	9.405905	0.634580	0.500000
9.083811	0.977130	2.402905	0.500000
5.823307	0.750552	1.692750	0.500000
6.010201	8.729522	1.692697	0.500000
1.415288	9.079700	0.722556	0.500000
0.889456	8.034390	0.526420	0.500000
11.258501	7.080072	0.623813	0.500000
4.707612	0.219641	4.441591	0.500000
11.167923	10.283335	4.408573	0.500000
8.413984	1.892028	2.272015	0.500000
3.257998	1.266596	3.039578	0.500000
1.085802	5.189741	3.178392	0.500000
11.134533	8.064154	0.797290	0.500000
9.558020	8.012692	4.498776	0.500000
2.509569	5.910439	4.456565	0.500000
0.061300	3.883607	3.030463	0.500000
1.671803	10.621494	1.290543	0.500000
4.134082	7.215866	3.800977	0.500000
3.939895	5.438844	1.534459	0.500000
4.749826	7.905381	3.405131	0.500000
8.536724	10.637007	0.549713	0.500000
4.001648	8.968851	1.339510	0.500000
7.666647	2.884951	1.405748	0.500000
11.399676	9.473549	3.721301	0.500000
1.156119	10.663480	2.588436	0.500000
2.528722	2.468717	1.284224	0.500000
7.107368	9.788394	1.562414	0.500000
3.782667	4.806856	2.480423	0.500000
5.687881	5.444697	3.520580	0.500000
5.114788	4.289970	4.430518	0.500000
5.424212	2.252075	1.814956	0.500000
7.575196	11.001560	2.653651	0.500000
2.927334	3.450349	1.235522	0.500000
7.049643	1.234432	3.899938	0.500000
1.794250	1.215893	3.951626	0.500000
8.225487	2.189287	0.878819	0.500000
9.736531	6.006505	0.524126	0.500000
7.748250	3.882159	0.551136	0.500000
9.498335	4.747203	2.634730	0.500000
7.679629	5.813700	4.415455	0.500000
3.956409	4.347746	3.430875	0.500000
2.615944	0.710798	0.526177	0.500000
0.292051	8.665295	4.333231	0.500000
6.670176	11.244896	0.554515	0.500000
0.176706	6.956662	4.478033	0.500000
4.962504	4.994992	2.349475	0.500000
3.747865	1.021779	2.194442	0.500000
10.907331	7.609443	2.877484	0.500000
6.255701	4.172702	4.437925	0.500000
2.149174	3.611324	1.855637	0.500000
10.148565	9.593623	1.553172	0.500000
0.450293	2.411431	1.475326	0.500000
7.131487	6.968485	2.591081	0.500000
5.681962	10.651475	0.608475	0.500000
10.776911	0.763688	3.569303	0.500000
1.803955	11.424334	0.509374	0.500000
3.393854	5.475916	0.510987	0.500000
10.323953	9.484613	3.481421	0.500000
8.770136	4.691509	1.941521	0.500000
0.333711	7.573451	3.642672	0.500000
5.031809	10.667885	1.525974	0.500000
9.521479	9.054496	4.298702	0.500000
6.941003	10.754791	4.496259	0.500000
2.908135	4.427020	3.338730	0.500000
1.610644	5.430408	4.078109	0.500000
10.643053	4.094766	0.569528	0.500000
9.263568	11.137315	1.401014	0.500000
2.480129	5.774923	1.373991	0.500000
10.579970	6.322403	1.327675	0.500000
9.377435	1.154293	0.640101	0.500000
1.842960	4.544154	3.466924	0.500000
7.193764	2.102831	0.899353	0.500000
5.887045	2.946658	2.930953	0.500000
6.069602	10.946314	3.454463	0.500000
8.888466	10.651617	4.141300	0.500000
9.223189	9.510972	3.226547	0.500000
5.782443	7.854634	3.584236	0.500000
5.928107	11.191847	1.473244	0.500000
2.014113	9.686833	1.424573	0.500000
2.577670	9.348709	2.249818	0.500000
11.409489	5.238785	0.587018	0.500000
8.708315	4.500200	3.341401	0.500000
0.134616	6.214403	1.194737	0.500000
6.301680	9.835972	2.628329	0.500000
5.314248	7.192367	1.584903	0.500000
0.083851	2.563088	3.553711	0.500000
0.860157	2.589292	2.634677	0.500000
2.210308	6.965731	1.467842	0.500000
3.616572	10.493407	3.566875	0.500000
4.495682	6.300729	4.471452	0.500000
2.514111	4.889464	4.178389	0.500000
10.733585	6.634501	2.567327	0.500000
9.374365	7.784856	0.958070	0.500000
7.101750	10.770245	1.801992	0.500000
7.802578	0.403703	3.596073	0.500000
1.564250	8.889518	4.483713	0.500000
3.552300	11.016924	0.510625	0.500000
9.721956	0.589843	1.524486	0.500000
4.152225	10.677371	4.453484	0.500000
3.582166	0.013431	2.167152	0.500000
5.761416	5.148339	4.474664	0.500000
10.841263	11.376564	2.559752	0.500000
4.838316	6.388760	3.298573	0.500000
2.136695	5.135292	0.634789	0.500000
10.066324	7.041880	4.196842	0.500000
9.519280	4.794484	4.279681	0.500000
3.873329	2.857443	2.876674	0.500000
0.036500	10.506106	3.054684	0.500000
5.798190	8.445391	0.687881	0.500000
10.173249	5.121512	0.831651	0.500000
3.387303	9.020037	0.528764	0.500000
7.366340	2.165016	4.228454	0.500000
5.313934	1.601911	0.638521	0.500000
6.703164	7.906792	0.504645	0.500000
4.509890	5.528019	0.524673	0.500000
3.928534	4.198240	4.451843	0.500000
1.017376	8.765912	3.568212	0.500000
7.268614	4.777269	0.760074	0.500000
5.936304	6.187343	4.424838	0.500000
0.897139	1.409699	4.370553	0.500000
8.594521	3.866934	2.479595	0.500000
5.443183	6.110530	2.448389	0.500000
2.446011	5.823674	3.329926	0.500000
0.956171	1.480487	1.258583	0.500000
7.014262	3.033498	0.559403	0.500000
1.197152	0.381213	4.297207	0.500000
0.397831	5.461129	4.172082	0.500000
10.467542	2.646901	0.685009	0.500000
6.829899	8.055080	3.813145	0.500000
4.582376	1.328207	1.598317	0.500000
2.730052	8.497473	2.797679	0.500000
7.669670	0.576150	2.614925	0.500000
7.910398	10.486241	4.371759	0.500000
2.266044	10.597522	2.249801	0.500000
7.056601	3.076569	3.226739	0.500000
7.399288	7.353216	1.375280	0.500000
8.402545	9.348751	2.643644	0.500000
7.517398	8.719376	2.974379	0.500000
0.719100	9.664742	3.025953	0.500000
4.501956	2.311302	1.379210	0.500000
3.963627	0.921755	3.737762	0.500000
6.190486	1.741436	1.346147	0.500000
10.074685	10.679391	1.992183	0.500000
5.412003	9.328621	2.646126	0.500000
9.506444	5.615021	1.507946	0.500000
3.636163	0.141296	3.200008	0.500000
2.689254	6.594809	2.634734	0.500000
2.519194	6.922205	3.715738	0.500000
1.282866	5.884299	1.364992	0.500000
6.108816	3.117337	1.710310	0.500000
2.056706	1.495357	2.121692	0.500000
6.670511	1.261911	2.483636	0.500000
10.617607	7.576328	1.532547	0.500000
9.819057	3.119937	4.175093	0.500000
2.910250	3.800091	4.389756	0.500000
3.699936	8.015504	0.547213	0.500000
9.338057	2.446744	0.636065	0.500000
3.611730	5.416167	4.495244	0.500000
6.006846	4.740217	2.731855	0.500000
2.396901	8.839237	3.676617	0.500000
5.132239	3.149939	1.345981	0.500000
1.647265	3.350230	4.371665	0.500000
2.497348	10.643244	0.577832	0.500000
7.883912	9.110226	1.806642	0.500000
9.518457	8.692927	1.512536	0.500000
5.617103	3.406807	4.149541	0.500000
3.851864	3.366066	0.762813	0.500000
0.765706	9.584327	4.368376	0.500000
4.894280	6.543281	0.608431	0.500000
0.765669	1.526974	2.321261	0.500000
3.935311	3.892312	1.690886	0.500000
9.537405	0.005856	4.349334	0.500000
1.398152	6.141178	3.172883	0.500000
9.642189	2.975316	2.749399	0.500000
3.397715	6.351663	1.557950	0.500000
4.872152	2.851528	2.466982	0.500000
11.254342	4.852204	3.531722	0.500000
7.660587	1.156078	0.511933	0.500000
5.702741	5.594798	0.514936	0.500000
4.285379	3.788558	2.628261	0.500000
1.838603	7.355612	4.483133	0.500000
1.369163	4.392969	4.454249	0.500000
6.856888	9.002103	2.241809	0.500000
0.982049	9.549973	1.924236	0.500000
3.841876	6.372799	0.527323	0.500000
