100

1.043774	8.644377	0.859295	0.500000
1.692130	0.403995	0.815453	0.500000
3.659689	0.725557	0.712584	0.500000
4.483517	9.349341	0.581931	0.500000
6.362459	9.609410	0.540670	0.500000
4.918481	1.780466	0.723390	0.500000
6.976246	0.440346	0.718486	0.500000
8.979925	0.415883	0.587862	0.500000
9.045973	9.385368	0.909957	0.500000
0.782629	0.866475	0.524001	0.500000
0.882333	9.800111	0.653478	0.500000
2.606601	9.975626	0.579867	0.500000
3.572257	9.722058	0.789743	0.500000
5.352308	9.929142	0.855399	0.500000
7.588559	2.186171	0.988079	0.500000
8.650778	1.483382	0.896116	0.500000
7.986752	0.326469	0.927657	0.500000
7.720032	1.276868	0.517764	0.500000
9.972880	0.084004	0.974390	0.500000
9.579221	2.415235	0.808744	0.500000
0.541619	1.788676	0.902967	0.500000
1.545955	1.517701	0.872168	0.500000
3.710781	1.865205	0.889298	0.500000
4.670008	0.777629	0.518633	0.500000
5.702009	0.964804	0.638763	0.500000
6.446327	3.866951	0.509035	0.500000
7.461922	9.405043	0.708565	0.500000
9.731405	1.227374	0.641434	0.500000
8.404980	2.861204	0.528286	0.500000
8.348294	3.866101	0.970850	0.500000
0.488080	2.782231	0.568734	0.500000
2.719469	2.043149	0.831979	0.500000
3.541224	2.951194	0.643518	0.500000
5.630721	2.970421	0.638894	0.500000
5.928532	2.048107	0.995883	0.500000
5.292066	3.881957	0.883352	0.500000
6.756019	2.906423	0.861089	0.500000
6.710211	1.482682	0.547448	0.500000
7.498011	3.528525	0.500233	0.500000
9.720985	3.432682	0.664660	0.500000
1.494767	2.573302	0.590347	0.500000
2.614063	1.044449	0.641268	0.500000
3.035091	3.985984	0.789729	0.500000
4.570575	2.793215	0.934635	0.500000
4.288917	3.769377	0.620059	0.500000
5.315607	5.480033	0.513541	0.500000
7.274351	4.470390	0.945287	0.500000
8.126936	5.064238	0.886653	0.500000
1.014646	4.741167	0.985228	0.500000
9.577460	5.261269	0.992674	0.500000
2.522581	3.115799	0.823243	0.500000
2.767761	5.229452	0.981083	0.500000
2.007226	4.552281	0.978407	0.500000
3.576677	4.844552	0.508820	0.500000
4.700932	4.763570	0.923014	0.500000
4.302894	5.617952	0.515599	0.500000
6.083910	4.778684	0.893168	0.500000
8.773582	5.774004	0.582343	0.500000
8.943573	4.597502	0.523652	0.500000
0.715086	3.726954	0.990894	0.500000
9.978604	4.426117	0.595670	0.500000
2.231916	7.294336	0.597383	0.500000
1.791456	5.481698	0.600943	0.500000
2.388767	6.296402	0.768170	0.500000
3.296567	5.945383	0.511847	0.500000
4.117607	6.677656	0.523433	0.500000
5.001801	6.401770	0.949620	0.500000
6.959231	5.498033	0.535544	0.500000
6.102664	5.891870	0.995209	0.500000
1.634710	3.612127	0.556661	0.500000
1.387397	6.486836	0.930531	0.500000
3.006405	7.942023	0.895502	0.500000
3.177038	6.911159	0.852761	0.500000
4.907189	7.416370	0.952671	0.500000
5.959919	7.016874	0.536102	0.500000
6.795789	6.609940	0.926183	0.500000
7.798176	6.188805	0.980422	0.500000
8.516033	6.748099	0.501274	0.500000
9.541033	6.386504	0.904399	0.500000
0.451542	5.744998	0.778708	0.500000
1.202237	7.567110	0.624105	0.500000
1.976496	8.271894	0.723872	0.500000
3.940999	7.694250	0.604901	0.500000
4.720028	8.404304	0.841219	0.500000
5.527042	8.935957	0.508844	0.500000
5.733179	8.017221	0.905614	0.500000
7.555711	7.231970	0.510091	0.500000
8.391534	7.792488	0.915820	0.500000
9.414534	7.382810	0.675389	0.500000
0.383661	6.943142	0.771551	0.500000
0.263364	8.013314	0.906425	0.500000
1.783021	9.322651	0.504993	0.500000
2.768279	8.950715	0.880602	0.500000
3.688915	8.676565	0.558447	0.500000
6.665675	8.729078	0.943533	0.500000
6.770596	7.701030	0.970327	0.500000
7.474615	8.251504	0.506256	0.500000
8.225700	8.789570	0.992064	0.500000
9.210650	8.399142	0.664923	0.500000
9.979503	9.136940	0.634743	0.500000
