400

3.689196	6.610595	3.984102	0.500000
3.961636	2.097700	0.948492	0.500000
3.660263	2.739248	3.898393	0.500000
0.855491	6.982219	1.631877	0.500000
3.140733	5.497277	2.888254	0.500000
4.010300	8.782493	2.688802	0.500000
1.060611	8.287344	1.706934	0.500000
9.997736	1.035313	1.562691	0.500000
0.713320	2.301088	3.165508	0.500000
2.353099	5.959196	2.337338	0.500000
9.720742	6.200938	3.756844	0.500000
11.034976	7.140738	0.507068	0.500000
11.425213	1.772487	3.442529	0.500000
2.881165	3.609901	2.349280	0.500000
1.026199	9.104729	3.848207	0.500000
5.172817	3.895763	3.941625	0.500000
6.295714	5.332774	2.837355	0.500000
0.555932	7.723017	0.619886	0.500000
0.636600	10.420611	2.218408	0.500000
3.891561	10.105282	3.739147	0.500000
2.801911	0.705830	3.664612	0.500000
9.649362	11.151928	0.588631	0.500000
5.961763	1.767358	3.784151	0.500000
11.034410	0.455882	2.991916	0.500000
4.595459	5.037959	1.433225	0.500000
8.074525	1.511885	3.982645	0.500000
3.040144	9.667832	3.274358	0.500000
4.231840	5.336280	0.525612	0.500000
2.581754	6.342076	3.803115	0.500000
4.092425	0.818824	2.840385	0.500000
4.268505	4.298409	2.138405	0.500000
11.130089	10.990127	0.547020	0.500000
8.635892	11.413260	0.989748	0.500000
2.454822	3.564192	3.454978	0.500000
10.843500	3.935505	3.634449	0.500000
4.030268	0.190122	0.550447	0.500000
7.591730	1.115616	2.315933	0.500000
5.503686	2.226044	2.893724	0.500000
6.369588	0.468028	0.771946	0.500000
5.412342	8.328354	1.601418	0.500000
10.196208	5.383826	2.991786	0.500000
2.540514	0.679279	0.527707	0.500000
4.957471	6.946040	3.743803	0.500000
10.938174	8.527018	0.647016	0.500000
3.176708	7.879243	2.746949	0.500000
3.454561	6.501887	2.928909	0.500000
11.044677	8.340284	3.943462	0.500000
8.263064	6.646029	2.859981	0.500000
2.684490	8.615416	3.970027	0.500000
7.508503	11.214937	0.554864	0.500000
11.402960	3.240559	0.502779	0.500000
9.916118	6.970908	1.586508	0.500000
7.326435	2.078850	1.979333	0.500000
0.673651	4.280275	3.721900	0.500000
3.128342	4.329579	3.980312	0.500000
0.063580	1.636851	2.464686	0.500000
0.248937	7.719085	2.444226	0.500000
10.637888	3.977994	0.590977	0.500000
3.530814	10.468812	2.873996	0.500000
11.468357	11.117476	1.798193	0.500000
9.030031	1.274709	2.937605	0.500000
4.375503	10.575579	2.036911	0.500000
0.701681	5.940527	1.233255	0.500000
6.255826	5.317285	0.778291	0.500000
8.397785	8.383920	2.958888	0.500000
3.126332	7.079721	2.125847	0.500000
1.258039	7.212257	3.927887	0.500000
4.113071	7.558942	3.229205	0.500000
10.730144	7.078226	3.766913	0.500000
5.232250	4.923205	0.576481	0.500000
10.947743	9.003226	3.067907	0.500000
4.892821	4.314521	2.999487	0.500000
11.054579	5.032860	3.948706	0.500000
10.338022	11.229367	2.630539	0.500000
3.661315	1.062885	0.929734	0.500000
7.462991	10.298396	3.932277	0.500000
3.750534	8.291170	1.645148	0.500000
4.249278	8.621337	0.573709	0.500000
9.615392	0.775464	0.610872	0.500000
9.276424	7.535855	0.581638	0.500000
7.449033	8.933225	0.754761	0.500000
6.034209	4.120260	2.926244	0.500000
8.692229	9.548277	3.800815	0.500000
1.849116	6.891479	1.334150	0.500000
4.553305	1.939419	1.779286	0.500000
1.807077	7.699525	2.112778	0.500000
7.155747	7.381694	1.177093	0.500000
0.113910	4.992955	1.518339	0.500000
0.386410	3.053377	3.780377	0.500000
5.636947	4.721254	1.527787	0.500000
3.212565	8.728866	0.638184	0.500000
5.190312	1.345432	2.364179	0.500000
1.336572	5.031597	1.579467	0.500000
9.401304	2.191699	2.494025	0.500000
6.978641	4.948186	1.370376	0.500000
3.152523	6.602419	0.696675	0.500000
7.321966	4.492577	3.265988	0.500000
7.433296	10.150701	0.560525	0.500000
10.726523	7.979599	3.029714	0.500000
6.376273	2.629057	1.326187	0.500000
8.005647	7.556768	2.526101	0.500000
0.590284	9.220828	1.866119	0.500000
6.651111	10.723002	0.852470	0.500000
8.764579	6.510960	3.988145	0.500000
10.280771	2.947425	0.701417	0.500000
11.346917	4.701125	0.541031	0.500000
3.517762	2.758929	2.520695	0.500000
10.571357	9.734987	3.899008	0.500000
9.753653	4.041352	1.844504	0.500000
8.571048	9.259975	1.243778	0.500000
1.739066	10.051157	2.815426	0.500000
2.427952	4.941193	2.254083	0.500000
11.008333	6.079730	3.749637	0.500000
7.091741	4.323177	0.542344	0.500000
1.979901	0.829238	1.536630	0.500000
7.086953	7.174011	3.089682	0.500000
5.816423	4.036358	0.790313	0.500000
8.992582	3.465953	3.738089	0.500000
11.138393	2.012774	1.438955	0.500000
6.961590	0.854451	1.517781	0.500000
9.020314	1.819057	1.570047	0.500000
5.517847	0.330751	2.822209	0.500000
7.293026	5.576066	2.519194	0.500000
5.310948	0.518988	1.445368	0.500000
6.722893	7.767201	3.841259	0.500000
9.909379	6.924152	2.626112	0.500000
1.806051	6.649291	2.897326	0.500000
5.751158	9.214917	2.895642	0.500000
3.296149	1.702237	3.937899	0.500000
8.459770	0.098091	2.796719	0.500000
5.487190	2.373088	1.801670	0.500000
0.605794	0.177506	0.576173	0.500000
9.753588	4.716053	3.956950	0.500000
11.013346	3.556976	2.717533	0.500000
6.711569	7.010727	2.102796	0.500000
2.136921	3.838332	0.514043	0.500000
0.410298	0.698604	2.361059	0.500000
0.194812	0.517590	3.842654	0.500000
10.749627	6.197452	2.474980	0.500000
3.992707	1.837671	2.811285	0.500000
7.872361	9.802351	3.063824	0.500000
8.727769	9.442048	2.326925	0.500000
6.799196	5.230521	3.905910	0.500000
5.223892	8.290256	2.639868	0.500000
6.381781	3.898249	1.983996	0.500000
10.009767	8.476264	3.619713	0.500000
5.815855	9.313435	1.458005	0.500000
7.053006	2.690238	3.686068	0.500000
0.176254	4.272845	2.567778	0.500000
8.822316	0.798795	1.647890	0.500000
4.646952	6.014779	2.941814	0.500000
5.635710	8.818683	3.996021	0.500000
4.563077	7.727369	2.077074	0.500000
9.552217	0.387978	2.560000	0.500000
1.551891	2.875869	1.981310	0.500000
8.715574	2.149481	3.412135	0.500000
3.623293	9.717412	2.196980	0.500000
8.083724	4.764688	3.980463	0.500000
8.130984	7.423198	1.410054	0.500000
1.730460	4.435771	3.917940	0.500000
1.929229	2.140007	1.331589	0.500000
0.585577	3.166391	2.528503	0.500000
2.203815	9.570657	3.873137	0.500000
9.454494	10.028519	1.748560	0.500000
6.895985	10.784662	2.135749	0.500000
11.509404	6.767746	2.973507	0.500000
6.905423	1.292362	3.650936	0.500000
1.059596	4.055301	2.048190	0.500000
4.090455	6.315057	1.049798	0.500000
2.562439	9.774552	2.096237	0.500000
6.670222	9.088898	2.145334	0.500000
1.208360	9.603138	0.900284	0.500000
2.491766	8.875395	2.984960	0.500000
4.130901	4.210838	1.073140	0.500000
8.582642	6.455574	0.623894	0.500000
7.504666	6.480695	1.704096	0.500000
7.696486	9.674273	1.828812	0.500000
9.692648	10.514936	3.972989	0.500000
1.018931	6.072075	3.179229	0.500000
7.454152	0.001460	3.779679	0.500000
8.844136	5.385077	3.654169	0.500000
5.514822	1.794568	0.534465	0.500000
3.769700	9.006435	3.687919	0.500000
3.903460	3.420756	3.180518	0.500000
9.537121	5.974085	2.089996	0.500000
0.876332	5.199619	0.503571	0.500000
8.500842	10.198501	0.780990	0.500000
9.764141	0.057499	3.952451	0.500000
5.925525	0.685121	3.911093	0.500000
2.282983	1.545236	3.361256	0.500000
8.599886	7.460579	3.625599	0.500000
6.262595	6.332640	0.696369	0.500000
10.734102	11.245403	3.616677	0.500000
3.517082	4.448595	3.027818	0.500000
2.562768	10.593624	3.990277	0.500000
2.040816	11.418649	0.976137	0.500000
5.283253	5.248913	2.785381	0.500000
2.118455	5.096595	0.759543	0.500000
5.774687	10.067273	0.586457	0.500000
4.643341	1.009331	0.730596	0.500000
11.245141	5.865725	0.685846	0.500000
2.586444	2.516562	3.882427	0.500000
5.086765	10.647589	3.854786	0.500000
2.891522	1.924191	2.487608	0.500000
10.162396	8.967794	2.245274	0.500000
8.416516	4.093373	3.120864	0.500000
10.256131	7.751280	0.853631	0.500000
10.974440	1.021830	0.514303	0.500000
5.188807	3.559812	1.739649	0.500000
5.469410	5.924906	3.705721	0.500000
0.263543	11.156100	3.116832	0.500000
4.260471	3.245301	1.347539	0.500000
2.203945	6.097297	0.645952	0.500000
11.209236	9.564053	0.503961	0.500000
4.863113	9.399055	2.361894	0.500000
9.534988	5.102533	1.521459	0.500000
1.281866	0.158580	2.572690	0.500000
6.571246	5.750516	1.837054	0.500000
4.885967	3.765575	0.520664	0.500000
5.751255	8.548613	0.535350	0.500000
10.369792	9.553763	1.327731	0.500000
7.389112	8.884038	2.928573	0.500000
6.354931	1.001177	2.781785	0.500000
9.730017	2.563320	3.529262	0.500000
1.818741	1.973706	2.361845	0.500000
8.164088	8.243346	0.507531	0.500000
6.170893	6.873647	3.768708	0.500000
5.442037	6.260322	1.809205	0.500000
1.988020	5.513392	3.282860	0.500000
8.519091	3.209841	0.535187	0.500000
2.622545	11.516318	1.945040	0.500000
4.752927	0.298872	3.771263	0.500000
1.570872	2.734136	0.564956	0.500000
8.751694	0.543813	3.956800	0.500000
8.074198	1.912016	1.213987	0.500000
1.933902	3.890565	1.511601	0.500000
0.418995	6.634677	3.915576	0.500000
10.951096	10.418930	3.033192	0.500000
1.666485	8.152237	0.686249	0.500000
0.478984	1.254355	0.693161	0.500000
3.693271	0.177373	1.623559	0.500000
7.441789	2.664559	0.520018	0.500000
9.024318	3.288577	2.270751	0.500000
2.818618	8.950682	1.549871	0.500000
9.037999	8.354680	3.975593	0.500000
5.839097	7.319840	0.724967	0.500000
6.257138	3.148338	3.016513	0.500000
7.178711	3.167916	1.851543	0.500000
9.219921	11.059703	3.194659	0.500000
0.393474	8.710836	0.882466	0.500000
1.468029	8.207638	3.757072	0.500000
11.152630	5.133894	2.400195	0.500000
7.946347	8.705189	1.832727	0.500000
0.862014	3.298967	1.317120	0.500000
6.818189	3.960914	3.995862	0.500000
7.283506	6.489483	0.631448	0.500000
10.567977	2.996223	3.905587	0.500000
10.524196	1.915127	3.875434	0.500000
4.996845	7.865410	0.713364	0.500000
1.884163	10.471528	0.545209	0.500000
9.151706	8.546433	2.049342	0.500000
1.838172	10.907842	2.208485	0.500000
0.584680	9.701719	3.015607	0.500000
3.183866	10.504933	1.709313	0.500000
0.511600	10.494305	0.686826	0.500000
10.275685	3.087359	2.109141	0.500000
9.292446	4.112499	0.636512	0.500000
10.359162	1.943124	2.855665	0.500000
10.078612	3.946765	2.872691	0.500000
8.079517	4.516982	0.568444	0.500000
3.092835	5.458720	3.913293	0.500000
10.009544	6.786227	0.582336	0.500000
1.298926	1.432293	3.056659	0.500000
9.561703	5.895182	0.507682	0.500000
3.850189	0.816007	3.856771	0.500000
2.477617	3.069885	1.107154	0.500000
3.050846	11.280586	0.847482	0.500000
5.123058	2.714548	0.849481	0.500000
10.998700	0.907487	2.009190	0.500000
3.983050	10.470090	1.017375	0.500000
2.865434	11.277644	3.201268	0.500000
11.067286	2.549413	2.435188	0.500000
2.362827	2.731235	2.907937	0.500000
1.430136	2.173372	3.882852	0.500000
2.710336	7.912652	1.651216	0.500000
10.192781	5.888662	1.313657	0.500000
10.742892	0.916124	3.981773	0.500000
9.831037	1.132463	3.585764	0.500000
6.102561	6.343405	2.669505	0.500000
8.129297	10.764478	1.582303	0.500000
4.101270	6.690170	2.117476	0.500000
1.126239	3.864783	0.517730	0.500000
4.370798	11.354556	2.884193	0.500000
5.225692	6.211841	0.691030	0.500000
5.100071	6.878851	2.674219	0.500000
9.288348	9.036134	3.130091	0.500000
8.004614	5.941974	3.629989	0.500000
5.702948	10.356048	1.979310	0.500000
2.803102	1.533896	1.215765	0.500000
8.699799	4.276454	1.451072	0.500000
6.627192	8.387230	1.395623	0.500000
11.507695	3.939599	1.615299	0.500000
6.965658	0.139516	2.707627	0.500000
11.492981	10.027289	1.420803	0.500000
4.369670	4.568637	3.815760	0.500000
9.250722	8.553501	0.754658	0.500000
1.607943	11.019940	3.297746	0.500000
9.554752	9.615952	0.721810	0.500000
8.615657	6.448532	1.669384	0.500000
11.131332	9.003656	1.957370	0.500000
10.246118	10.334902	0.544392	0.500000
3.630741	3.286158	0.507156	0.500000
0.150403	5.977692	2.146913	0.500000
7.484655	5.453870	0.546226	0.500000
3.326006	9.825512	0.575815	0.500000
4.683392	9.411902	3.722967	0.500000
0.966506	4.914933	2.565687	0.500000
2.142674	7.629985	3.206892	0.500000
9.845616	10.082354	2.984918	0.500000
8.748792	5.091602	2.405507	0.500000
4.902159	3.059326	2.752744	0.500000
7.698471	9.159529	3.935720	0.500000
10.649459	2.017539	0.513340	0.500000
4.602296	8.370697	3.696310	0.500000
3.913164	11.260331	3.946402	0.500000
0.511407	5.502781	3.938017	0.500000
2.162497	9.473809	0.588301	0.500000
6.772252	9.540978	3.828098	0.500000
4.698622	11.179165	1.301501	0.500000
1.740336	9.294913	1.709882	0.500000
8.347392	11.019250	3.869406	0.500000
9.311533	3.207889	1.264456	0.500000
8.699982	5.477756	0.924628	0.500000
6.400568	11.340029	3.641644	0.500000
0.904838	0.132214	1.635853	0.500000
1.601148	4.017111	3.009304	0.500000
6.028276	1.263987	1.708835	0.500000
4.212839	9.277889	1.449289	0.500000
7.821147	4.119121	2.073822	0.500000
9.044986	7.496097	1.987668	0.500000
11.471463	9.275986	3.970908	0.500000
10.492197	4.699571	1.398533	0.500000
10.465166	10.077635	2.192253	0.500000
5.893374	7.946593	3.300446	0.500000
3.404627	4.860390	2.045154	0.500000
0.933036	11.270368	3.995472	0.500000
3.637517	7.809317	0.511439	0.500000
0.416545	8.531208	3.233257	0.500000
3.121978	7.467410	3.658581	0.500000
4.605589	2.343399	3.585057	0.500000
9.152029	11.152162	1.841986	0.500000
6.710899	1.598547	0.822006	0.500000
6.428167	3.237767	0.533522	0.500000
0.920905	6.735386	0.529200	0.500000
1.281758	6.077088	2.046044	0.500000
7.747548	3.143065	2.709403	0.500000
6.479204	9.245623	0.641094	0.500000
0.156976	7.619251	3.657971	0.500000
4.828663	10.237257	2.919949	0.500000
11.245136	7.796445	1.368392	0.500000
4.415357	5.822401	3.936351	0.500000
6.818283	8.056652	2.409532	0.500000
10.891885	7.200373	2.118782	0.500000
1.094548	1.369351	1.674016	0.500000
6.106937	11.490765	1.996005	0.500000
8.659638	1.305315	0.583710	0.500000
3.153699	2.480185	1.575043	0.500000
10.156637	2.271715	1.457744	0.500000
7.764222	0.171534	1.640653	0.500000
0.466863	2.427063	0.519062	0.500000
8.049892	2.842263	3.841639	0.500000
4.927639	1.337465	3.594117	0.500000
7.040770	6.221868	3.604382	0.500000
7.952787	5.212919	1.700950	0.500000
6.569620	1.987287	3.011653	0.500000
8.578820	10.501154	2.440300	0.500000
1.111721	10.207232	3.798246	0.500000
9.715957	7.467213	3.784091	0.500000
4.585971	9.595003	0.526648	0.500000
1.342162	8.439788	2.748420	0.500000
2.554320	7.477787	0.565182	0.500000
3.298476	5.611208	1.280289	0.500000
10.637972	0.084254	1.459702	0.500000
8.354114	2.115299	2.453795	0.500000
0.560321	2.315662	1.627130	0.500000
9.221188	2.327328	0.515604	0.500000
7.582530	1.825842	3.104499	0.500000
5.871399	4.694726	3.860726	0.500000
3.127784	4.410033	0.706469	0.500000
0.032062	10.458678	3.901023	0.500000
7.773043	0.694516	0.751313	0.500000
1.285990	10.680501	1.338431	0.500000
1.217574	0.747479	3.949983	0.500000
5.604779	7.346613	1.747841	0.500000
5.718851	11.204237	0.670645	0.500000
9.394245	8.021137	2.961646	0.500000
2.129363	0.860053	2.629280	0.500000
6.002419	10.440132	3.445648	0.500000
8.171800	3.200096	1.649823	0.500000
3.377526	0.983413	2.132056	0.500000
