400

7.599777	9.343112	3.561535	0.500000
7.312841	8.172227	2.731267	0.500000
8.382850	2.404922	1.511830	0.500000
7.726080	7.206388	3.631365	0.500000
4.820904	0.436162	2.177087	0.500000
1.114969	0.654067	3.096107	0.500000
1.534731	11.515014	3.979028	0.500000
0.279071	11.443533	0.576184	0.500000
8.298756	0.989613	3.631027	0.500000
0.354709	6.545426	0.616856	0.500000
5.454279	6.708558	1.623388	0.500000
2.647132	4.807850	1.782197	0.500000
5.475280	2.423644	1.471789	0.500000
10.053643	4.657394	3.955941	0.500000
8.194480	6.977400	1.913866	0.500000
11.347558	5.544168	3.993835	0.500000
10.922109	6.704886	2.695845	0.500000
2.286892	2.387839	3.020979	0.500000
4.229673	0.658634	3.803972	0.500000
4.398933	10.205481	2.057204	0.500000
8.693852	2.864995	0.653349	0.500000
4.218904	10.480334	0.749497	0.500000
4.190181	10.733625	3.009993	0.500000
2.899955	1.735055	3.619071	0.500000
3.072473	10.716988	0.583591	0.500000
0.424887	2.972441	3.870448	0.500000
9.680071	11.468529	1.316214	0.500000
6.957707	1.948921	2.987627	0.500000
10.325819	0.365867	0.550260	0.500000
4.191132	11.486187	0.714605	0.500000
0.064450	0.881676	2.538439	0.500000
3.271572	11.132910	3.030901	0.500000
6.587986	9.970716	1.440576	0.500000
7.304624	2.314617	1.296358	0.500000
7.388452	4.018711	0.791062	0.500000
10.690826	2.752447	1.483980	0.500000
7.428121	10.868373	3.896048	0.500000
2.010256	1.002156	2.550583	0.500000
5.075253	6.268099	0.644552	0.500000
2.536294	9.406017	2.210316	0.500000
5.032398	3.748716	3.142112	0.500000
7.612589	5.632895	2.874319	0.500000
2.941864	2.743806	3.872380	0.500000
7.196962	7.087917	0.733976	0.500000
5.714470	0.841747	1.783902	0.500000
0.175039	9.366431	3.629879	0.500000
9.827776	7.984546	0.517809	0.500000
3.093148	5.260677	3.020277	0.500000
0.180378	0.695939	1.264836	0.500000
2.905406	0.361693	2.366285	0.500000
6.590002	10.917250	0.747253	0.500000
4.680238	7.465398	0.615367	0.500000
8.038173	4.954462	0.556912	0.500000
6.218711	9.248705	0.632149	0.500000
10.931266	3.138345	2.806697	0.500000
2.231603	6.235089	3.134185	0.500000
9.426840	8.657968	2.360326	0.500000
0.580590	3.668661	0.520407	0.500000
1.085135	3.182360	2.666573	0.500000
5.657221	5.727046	1.339704	0.500000
10.959446	0.216316	1.831566	0.500000
4.821874	4.082442	0.956862	0.500000
5.850978	5.001312	0.585827	0.500000
9.308797	10.747982	3.913310	0.500000
9.156860	6.555164	2.021903	0.500000
1.030176	4.327594	2.527013	0.500000
10.089276	0.353533	2.887545	0.500000
1.234612	6.298443	2.379203	0.500000
0.044747	4.955896	1.602609	0.500000
9.347685	0.536202	3.998314	0.500000
8.530226	9.528602	3.215740	0.500000
1.932593	8.674365	1.629745	0.500000
6.385331	6.185026	2.401221	0.500000
6.166213	7.215267	2.515901	0.500000
10.962443	7.680472	3.222034	0.500000
9.155852	3.407729	1.629359	0.500000
5.251298	7.682276	2.151105	0.500000
6.217460	0.259992	1.123736	0.500000
4.870647	3.663647	1.963896	0.500000
0.523812	7.415765	2.916109	0.500000
10.206868	2.638804	0.532963	0.500000
10.693138	8.928101	3.850832	0.500000
6.239681	4.053887	0.741436	0.500000
2.712888	0.959843	0.531774	0.500000
9.612809	9.847679	2.995376	0.500000
7.311414	10.013381	0.747586	0.500000
4.724435	7.876799	2.986689	0.500000
7.303517	5.261383	3.880496	0.500000
7.489777	3.919091	2.404158	0.500000
2.077541	5.649163	3.942755	0.500000
11.037136	1.890655	0.612955	0.500000
6.116513	4.593175	1.623827	0.500000
4.641243	2.890945	2.700856	0.500000
7.521706	6.044519	0.624452	0.500000
2.289924	6.814745	0.534666	0.500000
2.182273	7.736378	2.405398	0.500000
5.216401	10.249043	1.236670	0.500000
10.010189	6.688520	1.459516	0.500000
6.863725	7.924473	1.558626	0.500000
5.167496	8.336920	1.082878	0.500000
5.339652	3.184994	0.640253	0.500000
4.690497	5.132284	0.868050	0.500000
6.895537	5.733132	1.601726	0.500000
1.283557	7.013153	0.518698	0.500000
5.382571	9.920341	2.574191	0.500000
11.107651	2.025600	3.600824	0.500000
3.862503	1.704299	3.946749	0.500000
1.533639	3.131236	1.771295	0.500000
9.153592	1.953362	0.632351	0.500000
4.739929	9.230765	3.962556	0.500000
8.897843	7.307381	3.720136	0.500000
11.519557	10.691169	1.406112	0.500000
7.878680	11.499144	3.033732	0.500000
4.616725	1.105730	1.382136	0.500000
5.177912	6.361207	2.541342	0.500000
8.393140	5.104793	2.178579	0.500000
10.035975	1.692093	3.693306	0.500000
1.334411	2.066101	2.691454	0.500000
6.314134	8.375666	3.997374	0.500000
3.046854	6.926639	3.964440	0.500000
10.524721	10.776688	1.082625	0.500000
5.140258	4.655586	2.337185	0.500000
0.489536	4.592550	3.678045	0.500000
8.400141	6.573357	3.134244	0.500000
2.444696	3.682432	3.924648	0.500000
5.964505	1.252548	0.525318	0.500000
5.277208	4.688412	3.859745	0.500000
2.286988	3.786687	1.496135	0.500000
4.167089	4.770905	2.637052	0.500000
6.322301	2.016430	1.894582	0.500000
6.401710	7.294410	3.974058	0.500000
3.921033	4.515024	0.514126	0.500000
10.996506	9.757502	1.200064	0.500000
2.404291	7.393421	3.332506	0.500000
3.926767	0.210173	2.564760	0.500000
9.425194	3.818842	3.968015	0.500000
4.045676	6.114280	0.563455	0.500000
1.898386	3.259432	0.722572	0.500000
4.176420	11.139423	1.722793	0.500000
0.525682	1.726789	3.287071	0.500000
6.592279	10.122742	2.968087	0.500000
6.375663	6.382678	0.757834	0.500000
3.100725	5.648223	2.095820	0.500000
4.670893	5.636508	2.070890	0.500000
4.285164	2.179959	1.716174	0.500000
0.909539	7.962178	0.821954	0.500000
3.024885	6.194454	1.063075	0.500000
5.174844	5.480993	3.061391	0.500000
9.401384	0.820737	0.866152	0.500000
3.128578	8.054084	3.614613	0.500000
7.363518	0.993084	3.103925	0.500000
0.942069	11.035128	1.705885	0.500000
6.359910	4.580500	2.700954	0.500000
10.343836	4.748261	0.621105	0.500000
2.141272	10.161742	3.098811	0.500000
2.491009	4.433991	3.220487	0.500000
9.587289	2.669783	3.771515	0.500000
4.050096	3.804751	3.477109	0.500000
3.801418	8.879413	3.910726	0.500000
11.124124	6.155554	1.860179	0.500000
10.073660	5.791793	0.761871	0.500000
10.561392	10.942954	2.481251	0.500000
1.875917	11.351372	0.530251	0.500000
7.732962	3.366536	1.538535	0.500000
10.155131	7.667153	2.306525	0.500000
4.345017	6.798282	2.918351	0.500000
3.446493	3.880561	1.605749	0.500000
8.185047	8.505224	1.805234	0.500000
3.167942	9.808192	2.942579	0.500000
6.838910	1.289446	3.936569	0.500000
11.016380	1.665715	1.602651	0.500000
7.364334	3.004152	0.530506	0.500000
4.290092	9.304795	1.336800	0.500000
5.020163	0.581727	0.533819	0.500000
0.687051	4.050028	1.442738	0.500000
8.131770	5.942702	1.485367	0.500000
10.232199	9.305015	2.300246	0.500000
1.111473	10.290622	2.367227	0.500000
6.322186	2.264868	3.836967	0.500000
7.138151	4.773896	1.780235	0.500000
9.817586	7.308114	3.189356	0.500000
8.237337	4.713791	3.610623	0.500000
2.138251	0.408856	1.397553	0.500000
1.434061	10.008981	3.875462	0.500000
4.093832	8.173712	1.552127	0.500000
3.862896	10.127731	3.760019	0.500000
4.987868	1.913595	3.892442	0.500000
5.106707	1.026290	3.285580	0.500000
10.279361	6.710196	3.975345	0.500000
3.563543	8.804850	2.529161	0.500000
1.519426	6.972105	1.590827	0.500000
3.988979	5.786934	2.906039	0.500000
1.859535	8.237779	3.939674	0.500000
10.962830	8.541935	1.431535	0.500000
6.667795	3.622617	1.642983	0.500000
3.297816	4.383735	3.853636	0.500000
9.898395	2.197511	1.847227	0.500000
4.210802	7.516239	3.805363	0.500000
8.765512	11.424870	0.558046	0.500000
1.564179	4.599811	3.741914	0.500000
2.109391	10.473684	1.542109	0.500000
7.582666	10.230382	1.867247	0.500000
1.955271	7.843611	0.653874	0.500000
9.472052	6.222031	3.029542	0.500000
1.192889	5.462365	0.612215	0.500000
1.172992	8.997353	0.532357	0.500000
9.883746	8.656498	1.384425	0.500000
2.902214	9.885264	3.990718	0.500000
1.636273	1.159701	0.635493	0.500000
9.493936	4.838740	3.027735	0.500000
4.515053	9.703160	3.042687	0.500000
0.950513	10.738033	3.332055	0.500000
10.586822	7.572684	1.271709	0.500000
8.208940	2.679938	3.994885	0.500000
2.990072	2.930891	0.925362	0.500000
10.027389	5.726113	3.926239	0.500000
1.556992	4.217806	0.762662	0.500000
10.466056	4.976953	1.910407	0.500000
7.316074	11.334428	1.463347	0.500000
5.218003	7.385805	3.806927	0.500000
1.764468	5.115215	2.839592	0.500000
7.584180	9.172391	2.486054	0.500000
0.020796	10.141530	2.287341	0.500000
8.369950	0.802377	0.725925	0.500000
10.163595	9.519107	0.650306	0.500000
8.738637	1.474425	1.960242	0.500000
10.294461	11.134129	3.563331	0.500000
6.677923	8.355923	0.652396	0.500000
10.906973	4.135648	1.594013	0.500000
8.471602	0.740755	2.622588	0.500000
4.614522	8.790077	2.243504	0.500000
8.093041	6.024627	3.981323	0.500000
9.309096	9.474601	3.892867	0.500000
11.198141	3.195865	0.535182	0.500000
4.378468	1.866914	3.034552	0.500000
6.249200	0.247764	2.419221	0.500000
8.271155	7.476647	0.805987	0.500000
8.590506	0.229601	1.564339	0.500000
3.049696	10.512080	1.938685	0.500000
4.495745	7.076679	1.726516	0.500000
8.740108	8.415564	0.574000	0.500000
7.384151	9.184811	1.396491	0.500000
9.593790	0.862745	2.013247	0.500000
5.010751	1.583771	0.517406	0.500000
0.010938	3.914062	2.594423	0.500000
1.821657	1.740652	1.860304	0.500000
10.172961	6.139891	2.309143	0.500000
9.895624	10.067636	1.736674	0.500000
7.019244	5.145626	0.598469	0.500000
8.962247	7.667859	2.565979	0.500000
2.414515	2.020766	0.564414	0.500000
0.501158	1.760362	1.921849	0.500000
5.861038	3.182946	2.425146	0.500000
2.571809	8.950382	3.466085	0.500000
3.362611	7.070066	0.525423	0.500000
11.238944	8.233227	2.353034	0.500000
7.973641	2.898180	2.490547	0.500000
5.460189	11.131770	0.519956	0.500000
1.088150	3.737128	3.533877	0.500000
1.397704	2.363037	1.105239	0.500000
7.772294	1.436834	1.603872	0.500000
1.952530	5.819217	1.431743	0.500000
1.487239	8.645370	2.791512	0.500000
7.154013	6.975470	1.953966	0.500000
5.314238	11.395315	1.487409	0.500000
8.305974	8.435338	3.062777	0.500000
10.170648	3.556338	2.021342	0.500000
5.693904	1.994669	2.868923	0.500000
9.299896	10.528910	1.052123	0.500000
2.763924	2.932833	1.999500	0.500000
4.959941	1.514117	2.270111	0.500000
1.158850	10.420897	0.644850	0.500000
8.265065	9.741659	0.930124	0.500000
5.219853	9.387956	0.604073	0.500000
9.206589	11.261934	2.804148	0.500000
1.168361	7.780461	2.228843	0.500000
7.112532	0.338297	0.519700	0.500000
10.753409	5.387951	3.083513	0.500000
3.887666	6.202363	1.794030	0.500000
5.526177	9.152092	1.830811	0.500000
3.046083	0.308364	3.768804	0.500000
8.942870	1.735965	3.878057	0.500000
3.894139	3.516014	0.593041	0.500000
0.951693	5.784747	3.654404	0.500000
8.457881	11.374303	3.935471	0.500000
5.447989	2.864021	3.610889	0.500000
6.748357	1.106517	2.098994	0.500000
3.235823	6.416988	3.102590	0.500000
8.039436	4.389623	1.514273	0.500000
7.971852	1.916081	0.529434	0.500000
0.617558	9.694459	1.392392	0.500000
9.573394	4.437121	1.955499	0.500000
6.671748	10.147700	3.974274	0.500000
10.999930	10.183610	3.205024	0.500000
7.262690	6.594039	2.915270	0.500000
11.308125	9.248978	2.672203	0.500000
0.481152	1.625947	0.671944	0.500000
11.430121	8.940466	0.604998	0.500000
2.724322	8.657798	0.567575	0.500000
3.592680	1.163490	2.609328	0.500000
11.213586	5.705299	0.852229	0.500000
2.023465	11.413678	2.248933	0.500000
0.825805	8.013140	3.925572	0.500000
8.988177	8.422549	3.939295	0.500000
6.274209	5.338679	3.362973	0.500000
9.006991	9.443431	1.697809	0.500000
9.294018	1.678193	2.929040	0.500000
8.884536	6.678120	0.559577	0.500000
0.059611	7.505795	1.495904	0.500000
1.188778	8.996353	3.897316	0.500000
1.092609	7.030536	3.968433	0.500000
8.209471	3.685219	3.537673	0.500000
2.156595	5.192003	0.562222	0.500000
6.192329	10.739368	2.086363	0.500000
5.263249	8.650876	3.321718	0.500000
7.061301	4.231821	3.874210	0.500000
5.389702	10.433168	3.638873	0.500000
9.480047	5.487143	1.905229	0.500000
5.985814	8.238062	2.660282	0.500000
0.008150	0.070134	3.740821	0.500000
7.521154	0.384907	3.895354	0.500000
1.417625	2.525206	3.726569	0.500000
6.839865	2.944891	2.382659	0.500000
6.137741	7.561322	0.965303	0.500000
3.183446	1.393599	1.488089	0.500000
3.497943	9.648653	0.526987	0.500000
7.049480	3.278642	3.340396	0.500000
9.368544	3.389659	2.682015	0.500000
5.605977	6.210960	3.823558	0.500000
7.997926	10.784487	0.675611	0.500000
8.976862	5.519754	3.599431	0.500000
8.219339	10.241499	3.940365	0.500000
5.984974	9.514517	3.501308	0.500000
11.381351	7.532021	0.514742	0.500000
3.086410	5.725966	3.976045	0.500000
11.528325	11.276568	2.619179	0.500000
8.106209	1.715635	2.799173	0.500000
10.116923	2.502210	2.829713	0.500000
9.931209	8.067276	3.838516	0.500000
8.899374	10.412565	2.001596	0.500000
2.509507	9.891625	0.506381	0.500000
3.426605	9.589388	1.782726	0.500000
10.616674	0.711571	3.860128	0.500000
10.380247	4.251788	2.758005	0.500000
1.323076	4.969996	1.564443	0.500000
5.975683	3.857042	3.491550	0.500000
9.268777	7.832841	1.611092	0.500000
7.676325	1.849385	3.778885	0.500000
7.458322	8.299692	3.747788	0.500000
10.002795	3.798712	0.681030	0.500000
11.016631	4.513581	3.569681	0.500000
3.990369	2.102442	0.549016	0.500000
5.875465	0.611110	3.969720	0.500000
10.349411	8.467102	2.926918	0.500000
2.524806	6.539630	2.087754	0.500000
6.423364	9.378144	2.318819	0.500000
0.377188	4.713854	0.621523	0.500000
0.206330	5.186778	2.568135	0.500000
0.497183	6.520042	1.613589	0.500000
3.260978	4.342295	2.560441	0.500000
6.999228	1.561385	0.598700	0.500000
6.173018	2.267228	0.522556	0.500000
6.280428	1.165114	3.055008	0.500000
2.530773	11.013086	3.998266	0.500000
9.064470	4.172994	0.582437	0.500000
8.909139	5.575182	0.572446	0.500000
0.432247	2.681799	0.931854	0.500000
1.669569	9.564737	1.235433	0.500000
4.165215	2.705928	3.779176	0.500000
3.756753	8.509768	0.548520	0.500000
7.750448	10.443837	3.048959	0.500000
0.681296	8.873034	1.982661	0.500000
2.919628	3.335785	3.037824	0.500000
3.295019	0.167400	1.372460	0.500000
0.000007	1.127355	3.916837	0.500000
3.770993	1.110448	0.521214	0.500000
4.501071	6.509218	3.993493	0.500000
8.611085	4.144539	2.541693	0.500000
0.043701	6.548844	3.868649	0.500000
0.221170	3.201115	1.882600	0.500000
3.283198	5.122627	1.057282	0.500000
4.361717	5.129698	3.778088	0.500000
1.123852	0.660110	1.604002	0.500000
1.487455	7.041850	3.031086	0.500000
5.399601	11.155279	2.612938	0.500000
2.841200	1.856542	2.355699	0.500000
8.767589	2.536010	3.044221	0.500000
3.103771	8.505950	1.513455	0.500000
10.673269	1.637343	2.772842	0.500000
2.852108	7.495919	1.662058	0.500000
0.230859	2.491024	2.620363	0.500000
6.285782	11.049212	3.401560	0.500000
4.768690	11.321635	3.963764	0.500000
6.818388	6.200934	3.980653	0.500000
1.958912	0.921935	3.869581	0.500000
3.767073	3.061548	2.144266	0.500000
4.054219	4.767341	1.603997	0.500000
3.446819	7.496614	2.575694	0.500000
10.548907	3.463667	3.683516	0.500000
2.670324	4.123374	0.627363	0.500000
