400

5.644234	8.036713	3.013948	0.500000
4.546838	1.529258	2.907889	0.500000
2.355899	7.684076	2.263859	0.500000
0.064969	6.009928	2.616031	0.500000
6.938135	3.675299	2.360192	0.500000
5.457921	8.253324	0.777344	0.500000
2.382670	9.722632	2.604818	0.500000
10.753906	4.190540	1.412544	0.500000
10.397841	3.748692	2.983450	0.500000
3.352084	10.018925	0.549835	0.500000
7.691002	3.906815	1.594992	0.500000
0.458051	8.134310	1.688114	0.500000
10.410129	0.109149	2.813159	0.500000
2.444630	3.450389	3.333294	0.500000
9.525535	10.928644	3.045615	0.500000
7.476984	10.891408	1.513869	0.500000
6.257512	6.195304	3.731647	0.500000
1.065038	7.127278	3.902699	0.500000
7.731053	0.178004	0.939355	0.500000
4.402434	10.276850	1.797982	0.500000
5.598471	0.794836	2.652536	0.500000
9.698684	8.204808	1.603118	0.500000
6.012488	3.390944	3.127982	0.500000
2.690598	10.788612	3.943685	0.500000
10.771791	7.234502	3.974116	0.500000
10.249602	1.205753	0.509644	0.500000
7.336101	9.871824	2.798749	0.500000
7.423966	4.300798	3.067403	0.500000
2.455458	4.544864	1.596973	0.500000
6.040622	11.428185	2.296309	0.500000
3.707038	2.349802	2.322637	0.500000
6.753627	6.681555	3.003283	0.500000
8.632992	10.078916	3.365592	0.500000
4.968826	7.507998	3.861225	0.500000
1.259664	11.379204	3.845671	0.500000
7.194645	1.907418	1.839068	0.500000
6.711045	0.816132	3.948345	0.500000
3.881194	2.510639	0.556372	0.500000
5.422101	7.263536	2.234801	0.500000
4.100482	10.854445	0.561779	0.500000
5.424833	5.790762	3.087392	0.500000
1.083800	0.486128	2.157754	0.500000
0.067573	6.710397	3.693352	0.500000
5.647487	10.252612	2.604971	0.500000
4.667492	8.588786	3.924929	0.500000
2.350169	8.563163	1.534451	0.500000
11.033751	9.993715	2.189123	0.500000
10.226583	7.503653	3.114585	0.500000
4.669520	8.078164	2.232084	0.500000
4.916230	4.755342	1.551251	0.500000
9.935479	5.515257	2.552820	0.500000
8.652465	8.070830	3.694468	0.500000
6.580806	10.371781	3.232388	0.500000
0.063179	4.592783	3.954239	0.500000
10.540960	4.540685	3.761026	0.500000
0.206535	0.542756	2.898563	0.500000
2.593081	6.303967	2.863808	0.500000
9.651939	1.187760	1.465027	0.500000
4.651549	9.765758	3.801215	0.500000
10.732109	0.837890	2.058056	0.500000
7.287088	11.132141	2.700136	0.500000
5.200317	11.109958	0.665582	0.500000
6.658908	10.391861	1.976025	0.500000
6.512421	5.731331	2.395934	0.500000
7.552681	10.163203	3.861599	0.500000
3.805562	5.978237	3.722494	0.500000
1.505917	10.176555	0.732799	0.500000
4.641355	7.093434	2.896146	0.500000
8.213898	10.960399	3.882576	0.500000
8.644268	5.990003	0.580508	0.500000
9.284285	11.440063	3.900240	0.500000
0.448894	8.062704	0.544045	0.500000
1.444493	8.149340	2.783060	0.500000
10.001296	2.153603	0.875177	0.500000
2.363032	1.327645	2.567056	0.500000
6.198424	8.451712	1.640595	0.500000
4.932782	7.511815	1.234636	0.500000
7.342475	9.313136	0.578482	0.500000
7.927790	8.179329	0.509916	0.500000
6.364360	6.857352	1.850948	0.500000
6.775183	0.678078	0.593607	0.500000
1.524504	2.774028	0.898112	0.500000
7.643959	1.125712	1.391931	0.500000
3.169859	8.424883	2.521325	0.500000
3.944845	1.026556	1.312564	0.500000
3.926712	6.410351	1.535575	0.500000
2.807954	6.145210	1.691503	0.500000
0.599160	6.891778	1.897597	0.500000
0.041488	1.320989	3.744512	0.500000
2.788456	5.932998	3.920060	0.500000
0.417243	5.668862	3.943747	0.500000
5.598629	3.139222	1.797970	0.500000
0.771543	0.440992	0.613807	0.500000
1.389859	1.026122	3.667754	0.500000
10.580723	1.692991	3.999208	0.500000
2.431683	6.380989	0.604040	0.500000
3.257792	0.640059	3.813957	0.500000
9.422059	0.624733	0.629917	0.500000
3.513387	7.296710	3.979662	0.500000
7.109757	8.848634	2.523964	0.500000
0.488883	9.090826	0.691413	0.500000
0.504002	10.020773	3.318388	0.500000
5.635437	9.482754	0.761108	0.500000
11.114026	5.219541	1.750784	0.500000
11.494643	3.745509	0.659619	0.500000
1.205872	7.138373	0.570076	0.500000
4.241581	3.683105	3.619549	0.500000
6.971616	7.040203	3.954183	0.500000
8.943673	1.958919	1.139681	0.500000
5.824128	5.592284	1.526164	0.500000
4.091617	7.870386	3.250554	0.500000
2.184414	3.542612	1.112763	0.500000
7.903968	6.512599	3.364084	0.500000
1.787018	0.751109	0.502318	0.500000
0.082007	2.266023	1.574073	0.500000
8.235688	2.909723	2.210673	0.500000
8.374823	1.786679	3.262752	0.500000
5.893445	4.072641	3.902399	0.500000
2.757185	5.402399	0.903442	0.500000
8.802208	10.907361	1.778067	0.500000
11.271675	4.921853	0.541017	0.500000
7.251240	9.570923	1.752916	0.500000
4.549697	6.049863	2.613566	0.500000
4.637116	2.353402	3.659687	0.500000
8.671067	6.169434	3.951818	0.500000
9.892715	8.851272	3.184451	0.500000
0.669584	10.108546	2.197344	0.500000
7.536906	7.060148	2.334959	0.500000
4.355500	10.873207	3.885902	0.500000
9.322664	9.413148	3.939365	0.500000
5.291329	1.912437	1.756434	0.500000
9.895702	8.321397	0.601183	0.500000
10.150265	7.035643	2.137714	0.500000
0.882050	4.087559	3.108904	0.500000
8.556632	6.209493	1.890307	0.500000
9.986595	3.882947	0.818220	0.500000
2.829988	2.381095	0.664550	0.500000
2.721295	11.407012	2.489063	0.500000
9.138068	4.692931	2.844709	0.500000
8.332321	1.072879	0.510363	0.500000
4.260295	4.515620	2.422411	0.500000
6.830147	9.340455	3.864535	0.500000
2.431933	7.205839	3.505808	0.500000
5.852451	5.145867	3.969694	0.500000
9.113689	10.130131	0.520782	0.500000
10.968204	6.217073	1.569262	0.500000
9.753107	6.823848	3.997392	0.500000
2.318162	5.389038	2.195474	0.500000
10.908400	3.190248	1.994348	0.500000
11.274623	9.128693	3.055631	0.500000
9.141042	5.126274	1.726351	0.500000
5.215237	9.285338	3.082335	0.500000
1.349245	8.695341	1.032940	0.500000
7.556574	7.946938	3.171960	0.500000
10.561956	3.185535	3.874967	0.500000
9.726472	3.065641	1.349351	0.500000
2.710204	1.534977	3.607940	0.500000
9.150582	6.976521	2.173552	0.500000
6.166047	9.264303	2.601706	0.500000
3.452172	9.768381	2.885463	0.500000
11.200166	5.920958	0.593001	0.500000
3.584961	1.266646	3.029833	0.500000
3.118958	9.234803	1.868925	0.500000
8.596341	3.497270	1.474729	0.500000
8.899148	8.921885	1.716006	0.500000
10.481046	6.377126	3.153296	0.500000
6.999695	3.844916	3.983438	0.500000
1.415627	7.761380	1.811389	0.500000
2.326701	9.540986	0.521133	0.500000
4.525275	9.371258	2.329362	0.500000
5.335314	4.860046	0.568654	0.500000
0.537013	7.332346	2.866000	0.500000
9.047246	4.859323	0.568284	0.500000
3.511757	6.495366	0.524966	0.500000
0.032577	7.025385	0.670349	0.500000
9.460649	4.161622	1.693716	0.500000
6.288703	7.193825	0.632409	0.500000
5.712057	1.759715	2.915913	0.500000
7.317099	7.163597	0.512046	0.500000
5.770358	1.286266	3.853023	0.500000
8.920545	5.089015	3.977791	0.500000
7.355487	2.819124	2.678354	0.500000
4.069838	0.193911	3.230455	0.500000
7.679950	1.922691	0.752090	0.500000
8.324082	7.060053	0.601355	0.500000
0.992479	3.633491	0.567773	0.500000
11.516491	8.151508	2.669072	0.500000
7.730105	4.966397	3.984453	0.500000
1.734718	2.224192	3.803024	0.500000
0.210472	1.270714	0.504327	0.500000
7.937382	7.396100	3.952438	0.500000
7.566826	1.416215	3.818511	0.500000
2.244609	11.299865	0.541949	0.500000
5.720732	8.720770	3.965380	0.500000
3.112543	1.287658	1.848352	0.500000
0.511961	4.541999	1.732355	0.500000
2.249864	2.339600	2.913262	0.500000
0.407867	6.002590	1.459967	0.500000
5.617279	10.972671	3.828884	0.500000
3.172159	0.172606	1.641168	0.500000
10.736877	4.599875	2.566892	0.500000
11.483276	3.898210	2.695650	0.500000
6.511212	7.838592	2.431217	0.500000
10.770132	1.598599	1.408752	0.500000
5.276622	6.209484	0.853876	0.500000
6.794594	1.726601	2.985219	0.500000
10.555473	8.880852	3.994694	0.500000
0.572465	10.488305	1.017047	0.500000
2.210921	4.597998	3.826454	0.500000
5.095267	6.442958	3.813658	0.500000
4.822326	11.338303	2.469508	0.500000
3.159784	3.776029	3.954356	0.500000
3.358842	3.381047	1.185096	0.500000
10.184005	9.817236	0.642429	0.500000
5.344721	8.934032	1.884111	0.500000
2.179979	4.219740	2.502354	0.500000
5.439818	10.861294	1.713583	0.500000
6.601263	0.801287	2.527292	0.500000
5.869253	4.707859	3.052169	0.500000
5.914512	9.759772	1.738274	0.500000
10.485265	8.561571	2.364165	0.500000
8.791202	8.037766	2.180827	0.500000
7.801348	0.298222	1.961886	0.500000
8.199008	4.113273	0.586715	0.500000
0.997610	2.921675	3.973045	0.500000
8.207605	5.558920	2.811969	0.500000
7.983137	4.839592	2.129459	0.500000
2.538643	10.462351	1.674279	0.500000
2.736897	7.916660	0.522374	0.500000
8.171630	9.595802	1.083255	0.500000
3.521688	0.195097	0.545288	0.500000
0.789018	8.761303	3.841394	0.500000
0.747522	2.141051	0.580570	0.500000
5.083204	0.427941	3.654241	0.500000
7.950075	2.486605	3.972664	0.500000
3.500606	5.728019	2.568433	0.500000
0.561455	3.532380	1.523033	0.500000
9.904258	10.864386	0.690381	0.500000
10.450741	7.223980	0.637613	0.500000
1.640192	10.091495	3.970719	0.500000
4.307595	2.080565	1.557351	0.500000
7.895338	8.556645	1.617169	0.500000
9.197895	4.050165	3.665735	0.500000
1.062144	6.072130	2.557076	0.500000
3.647465	10.812202	3.041775	0.500000
4.916831	3.670707	2.877334	0.500000
3.280203	3.485332	2.674895	0.500000
7.866317	10.550987	0.608312	0.500000
5.405309	2.241493	0.636188	0.500000
0.350750	10.941322	3.918673	0.500000
9.749776	10.419780	1.954488	0.500000
9.014595	7.868167	0.750686	0.500000
3.322737	6.801900	2.292921	0.500000
9.423283	3.585426	2.586919	0.500000
9.278353	6.429999	3.080932	0.500000
4.289188	5.631959	0.516429	0.500000
9.065613	3.500471	0.568363	0.500000
9.371835	1.873365	2.607980	0.500000
3.195049	8.368073	3.793645	0.500000
2.651575	1.129580	0.903876	0.500000
9.716210	6.152973	1.551924	0.500000
3.490554	2.342672	3.929325	0.500000
2.047968	0.477146	1.832299	0.500000
3.884702	0.608370	2.244572	0.500000
4.256871	11.358346	1.581854	0.500000
5.265436	3.877040	0.776130	0.500000
10.230232	0.306499	1.242084	0.500000
10.800457	1.025154	3.138103	0.500000
8.200282	9.007176	3.740238	0.500000
8.601407	11.326782	0.517153	0.500000
3.735339	8.150159	1.636956	0.500000
11.145926	9.917354	0.908694	0.500000
0.938550	11.021832	2.826232	0.500000
1.019710	1.281697	1.114324	0.500000
1.971473	10.661608	3.178051	0.500000
2.359514	2.839824	1.835760	0.500000
9.458579	1.705678	3.738458	0.500000
0.360053	1.616657	2.414857	0.500000
11.097526	11.196638	0.973894	0.500000
11.087633	10.223409	3.956168	0.500000
7.718477	1.153328	2.789751	0.500000
10.426743	1.980094	2.975366	0.500000
1.064516	4.834618	3.901850	0.500000
1.441703	4.019440	1.796858	0.500000
10.739556	10.941947	1.977172	0.500000
7.495084	2.810034	1.456580	0.500000
8.172698	3.487433	3.950961	0.500000
5.347402	0.676680	0.531366	0.500000
8.755423	7.301077	3.046429	0.500000
6.045984	3.134341	0.548065	0.500000
1.934926	9.659973	1.518199	0.500000
0.133776	2.771011	2.621311	0.500000
8.627900	0.685171	3.983224	0.500000
2.962494	7.142482	1.122159	0.500000
7.758564	0.213949	3.408877	0.500000
2.201618	8.740620	3.119519	0.500000
5.771228	2.392926	3.886100	0.500000
4.352918	3.471610	0.531102	0.500000
1.545739	3.846420	3.916792	0.500000
11.056921	2.766033	0.876990	0.500000
6.935455	4.987762	0.997811	0.500000
8.701518	0.501050	1.510786	0.500000
5.816540	9.945417	3.833391	0.500000
11.506119	7.956548	3.907269	0.500000
3.004403	4.523062	3.159708	0.500000
6.104494	4.493239	1.295116	0.500000
1.671300	5.042021	3.080334	0.500000
7.064959	7.571153	1.548746	0.500000
6.418869	2.386765	1.411636	0.500000
10.058420	2.482322	2.140376	0.500000
11.281507	2.280121	3.531979	0.500000
3.303725	4.293337	0.692283	0.500000
9.898497	9.418012	2.098005	0.500000
6.277085	1.729297	0.664492	0.500000
6.606912	6.178985	0.929405	0.500000
5.685733	7.078325	3.309379	0.500000
7.598352	5.790966	0.714900	0.500000
4.117129	8.309717	0.592798	0.500000
11.106080	9.069699	1.646421	0.500000
1.669253	5.461025	0.715624	0.500000
4.246896	3.153378	1.942422	0.500000
4.265929	4.553074	0.585727	0.500000
8.199144	2.927900	0.694313	0.500000
6.549084	8.033265	3.685031	0.500000
1.758301	10.950952	2.214613	0.500000
10.892399	7.836724	1.506225	0.500000
4.920477	0.618162	1.504329	0.500000
10.219364	10.006723	2.852334	0.500000
6.381593	10.144392	0.638898	0.500000
4.421874	9.181351	1.207021	0.500000
4.774122	10.146669	0.850995	0.500000
1.564531	3.399756	2.650311	0.500000
0.844863	2.270169	3.122852	0.500000
8.547406	11.088026	2.799917	0.500000
2.730426	9.436135	3.935390	0.500000
3.900257	4.670923	3.792879	0.500000
3.612767	5.085410	1.376198	0.500000
4.594187	1.530046	0.642233	0.500000
4.491474	6.880799	0.538214	0.500000
10.843899	8.871294	0.510401	0.500000
1.287393	1.299393	2.704366	0.500000
0.107833	3.565084	3.827605	0.500000
9.898478	0.797727	3.633433	0.500000
6.885786	5.161379	3.476952	0.500000
2.173757	4.538166	0.570552	0.500000
3.627160	9.888770	3.962673	0.500000
7.515017	6.150442	1.671268	0.500000
11.153265	7.152213	2.240161	0.500000
1.605754	6.040014	3.919643	0.500000
4.396237	1.265654	3.983579	0.500000
11.270237	10.880005	2.859154	0.500000
4.644257	10.391210	2.983876	0.500000
9.056531	0.524064	2.684706	0.500000
0.648107	9.039590	2.115165	0.500000
1.857405	8.291793	3.967006	0.500000
6.706061	4.661103	2.346623	0.500000
9.851148	8.005809	3.953041	0.500000
1.561749	6.981983	2.720788	0.500000
6.687361	8.426633	0.725352	0.500000
3.518300	10.754013	1.915978	0.500000
8.400028	8.830145	2.681213	0.500000
8.185042	3.864848	2.583120	0.500000
0.702372	6.260617	0.520944	0.500000
0.853987	4.770414	0.797095	0.500000
8.092054	7.552478	1.598186	0.500000
8.156969	9.977712	2.225127	0.500000
3.524661	1.525972	0.545842	0.500000
9.635094	5.705070	0.587821	0.500000
0.208109	0.880660	1.753604	0.500000
9.667751	11.472392	2.085301	0.500000
8.775175	2.716766	3.209308	0.500000
6.951513	11.225763	3.969887	0.500000
6.283118	1.449772	1.810002	0.500000
7.305578	5.926680	3.999056	0.500000
9.680065	2.716452	3.680947	0.500000
0.682568	5.210797	2.902295	0.500000
10.239381	11.050018	3.744081	0.500000
6.882853	3.586106	0.927728	0.500000
3.130164	8.856076	0.634219	0.500000
0.161309	11.420003	2.098645	0.500000
9.463369	6.720823	0.573231	0.500000
5.579972	4.106091	2.257449	0.500000
1.381745	11.413235	1.331882	0.500000
8.277654	5.194888	1.186050	0.500000
1.899990	1.831299	0.594235	0.500000
6.417467	11.254855	0.631002	0.500000
6.215536	2.556578	2.518643	0.500000
6.849120	2.901575	3.591127	0.500000
1.816533	0.241985	3.085472	0.500000
1.483326	9.563135	3.038836	0.500000
8.561405	1.389248	2.157450	0.500000
3.953858	8.860383	3.074213	0.500000
1.371476	5.067987	1.813341	0.500000
10.160301	5.186645	1.385448	0.500000
1.750397	1.887948	1.743809	0.500000
9.905063	5.530443	3.780781	0.500000
11.079204	0.296451	3.955380	0.500000
6.878480	0.252178	1.572587	0.500000
11.199157	5.273150	3.180437	0.500000
9.000377	9.141198	0.621064	0.500000
