400

4.284999	8.469109	2.648997	0.500000
3.888012	1.232842	3.892217	0.500000
1.135918	9.601298	1.756588	0.500000
9.900915	4.791202	2.970689	0.500000
9.312963	6.936130	3.256381	0.500000
6.365857	10.151037	2.990868	0.500000
0.557216	10.457278	3.984352	0.500000
8.717949	3.853092	0.552195	0.500000
6.603226	1.312777	1.989250	0.500000
3.112110	11.293465	1.915442	0.500000
7.947403	3.515359	1.258443	0.500000
1.729777	6.036626	3.479798	0.500000
11.390948	11.349817	2.184230	0.500000
3.520263	3.761200	0.516886	0.500000
10.785519	10.288799	3.928727	0.500000
7.003022	11.007808	2.143853	0.500000
7.633824	6.920968	3.340549	0.500000
0.104732	5.936869	2.946516	0.500000
6.506955	0.275301	1.426355	0.500000
1.397365	10.813001	0.506952	0.500000
4.678814	1.349651	2.411103	0.500000
6.650830	9.690994	3.896084	0.500000
5.353269	6.608556	0.603326	0.500000
5.299168	2.070408	3.094487	0.500000
1.190060	4.363085	3.940557	0.500000
10.504341	0.916335	3.596347	0.500000
8.227372	10.780583	2.068672	0.500000
9.621247	4.062777	3.970630	0.500000
5.644965	0.952180	1.981384	0.500000
6.208243	7.529741	2.846104	0.500000
2.970102	1.800170	2.586303	0.500000
6.857377	6.140804	2.859222	0.500000
10.187144	8.447424	2.956096	0.500000
4.956557	8.142843	3.944356	0.500000
10.474606	11.443802	3.986359	0.500000
7.180157	3.119391	2.134630	0.500000
9.468307	1.319470	3.907283	0.500000
5.641079	4.090668	2.075008	0.500000
8.168328	10.031813	0.518083	0.500000
5.900306	11.314249	2.299884	0.500000
6.199554	5.388949	3.929253	0.500000
2.366882	9.919524	2.520417	0.500000
1.709731	4.286330	2.698328	0.500000
1.999236	1.259583	2.820089	0.500000
1.477089	8.811413	3.528852	0.500000
5.619873	8.891174	3.581033	0.500000
0.474009	9.577596	0.717653	0.500000
9.234996	8.469242	1.770327	0.500000
3.909293	7.958670	0.660912	0.500000
1.810016	7.098952	3.846037	0.500000
10.510527	3.823831	1.586724	0.500000
6.582026	9.421162	2.303573	0.500000
5.745253	0.586886	3.315269	0.500000
1.554716	1.137814	1.394606	0.500000
9.750061	1.634957	1.140016	0.500000
1.837769	10.905546	2.591988	0.500000
2.650510	8.529595	0.501673	0.500000
0.968453	1.502618	0.505305	0.500000
3.787494	9.191873	1.637929	0.500000
10.588933	3.781717	3.663561	0.500000
10.399885	8.985663	3.921285	0.500000
4.055271	6.917922	1.441945	0.500000
5.717567	10.147357	3.849372	0.500000
6.248206	7.630681	1.495360	0.500000
8.232892	8.208293	2.284751	0.500000
7.259435	7.722166	1.306044	0.500000
2.096848	2.116586	1.121563	0.500000
5.149850	5.003455	1.922363	0.500000
9.145377	11.504180	2.523963	0.500000
8.330037	6.574429	1.399112	0.500000
10.955685	8.456939	2.200094	0.500000
10.036207	10.271643	0.752716	0.500000
0.819880	11.339740	1.363792	0.500000
10.687047	2.340501	0.535901	0.500000
1.142060	2.771134	0.603058	0.500000
5.387644	6.040198	3.570121	0.500000
3.683734	8.986999	0.500647	0.500000
4.103475	8.160718	1.687860	0.500000
9.340677	9.466887	1.981323	0.500000
10.557783	8.607152	1.272077	0.500000
9.726824	3.356917	2.942243	0.500000
4.079394	1.842767	3.081955	0.500000
6.811949	5.742455	0.806914	0.500000
5.308180	7.628446	0.941349	0.500000
8.613619	0.769394	3.063977	0.500000
6.025023	6.632427	2.186075	0.500000
9.997898	7.724774	3.840797	0.500000
0.431069	6.827266	1.572815	0.500000
10.284810	11.445349	2.940129	0.500000
6.333847	3.848704	3.952401	0.500000
11.052219	5.004974	1.803075	0.500000
4.959920	0.147569	2.831607	0.500000
2.543513	3.961873	1.442597	0.500000
2.023032	0.671708	3.655739	0.500000
9.024109	0.104325	3.832019	0.500000
1.632388	10.597729	1.502385	0.500000
4.664736	0.404213	3.981543	0.500000
9.552056	0.886207	2.671382	0.500000
0.581198	8.381935	0.579307	0.500000
5.641912	8.744212	2.364547	0.500000
11.038611	10.720044	0.512074	0.500000
2.972135	0.604098	3.987574	0.500000
3.381801	9.455044	2.649850	0.500000
8.645582	4.544146	1.614614	0.500000
1.118461	7.058575	0.593739	0.500000
4.853970	5.666149	0.519452	0.500000
0.828119	8.397037	1.931206	0.500000
4.384477	9.654834	2.702868	0.500000
10.003087	0.055608	1.081112	0.500000
2.759705	6.909950	1.430033	0.500000
6.415538	8.634176	1.679185	0.500000
0.283055	5.318758	0.677160	0.500000
11.351730	4.853066	3.893593	0.500000
2.631288	0.177689	0.535957	0.500000
10.168273	2.901105	1.767437	0.500000
6.871323	1.794657	0.969942	0.500000
11.045534	3.181417	1.016070	0.500000
5.960755	5.689167	2.575603	0.500000
4.453888	2.329259	0.517781	0.500000
8.970507	8.888448	2.863298	0.500000
1.785737	5.258845	1.700985	0.500000
8.276051	11.035597	3.285007	0.500000
2.559938	6.400318	3.911431	0.500000
7.599153	5.797838	3.856060	0.500000
10.183676	6.663610	3.970144	0.500000
10.746238	7.515615	3.069670	0.500000
0.128886	10.538070	1.293909	0.500000
9.900035	5.932743	2.951429	0.500000
4.679288	10.618567	3.276289	0.500000
8.496384	5.988492	3.377634	0.500000
2.371003	10.342433	0.522475	0.500000
9.011752	7.803424	0.742117	0.500000
9.095519	7.368641	1.641000	0.500000
11.487900	2.716582	3.582156	0.500000
6.475868	7.468627	0.508218	0.500000
8.052558	4.024680	2.661960	0.500000
2.092426	2.280962	2.155941	0.500000
5.480258	10.458283	2.642065	0.500000
9.507254	4.064155	2.176456	0.500000
9.195179	10.375839	1.555834	0.500000
3.473699	3.368533	1.668775	0.500000
4.053559	10.701470	2.485312	0.500000
3.117752	8.483958	2.519620	0.500000
7.686356	4.718606	2.028626	0.500000
7.788530	8.156649	0.555002	0.500000
0.867475	5.698449	3.895966	0.500000
11.286405	6.223135	3.950009	0.500000
3.731534	5.746667	0.649248	0.500000
11.389612	1.492956	0.987441	0.500000
10.279360	10.726462	1.825236	0.500000
10.150328	7.807325	0.574478	0.500000
1.055501	11.236718	3.504346	0.500000
2.470520	9.745637	3.921972	0.500000
6.636807	6.446879	3.849370	0.500000
0.666937	4.079939	0.506640	0.500000
7.873447	1.661244	0.612822	0.500000
3.956689	4.254043	3.799283	0.500000
8.941096	6.594509	0.506072	0.500000
3.913877	8.008562	3.700690	0.500000
3.228357	10.482134	3.021999	0.500000
11.248945	4.512482	0.867169	0.500000
6.891999	3.679386	0.771851	0.500000
1.582860	10.168295	3.310167	0.500000
7.885120	5.013212	2.986642	0.500000
6.151648	10.272961	1.729707	0.500000
7.840515	2.717040	2.996185	0.500000
7.379965	0.732211	2.955237	0.500000
10.206110	7.686211	1.642796	0.500000
11.099129	8.144941	0.528238	0.500000
4.338860	11.098188	1.529830	0.500000
4.995298	7.613803	1.951299	0.500000
0.492858	1.168858	1.761521	0.500000
1.098700	5.322436	2.586070	0.500000
4.397789	7.042213	2.581358	0.500000
9.682625	8.714604	0.634382	0.500000
7.579669	3.045333	3.904762	0.500000
6.436359	6.575229	1.243447	0.500000
5.608049	2.608987	0.501931	0.500000
5.207344	6.145491	1.730298	0.500000
6.009591	2.980922	2.345876	0.500000
10.435378	5.351410	3.927875	0.500000
4.564058	0.250187	0.534491	0.500000
3.700903	2.345737	3.913354	0.500000
9.391425	5.872573	3.990972	0.500000
9.438439	5.878761	1.031400	0.500000
1.792151	6.661394	1.260222	0.500000
11.325813	7.730528	1.568422	0.500000
7.337185	4.262823	3.927451	0.500000
4.342652	4.068129	1.757102	0.500000
9.108704	10.555580	3.929624	0.500000
7.996044	7.888207	3.274508	0.500000
8.267468	1.122746	3.951229	0.500000
3.628351	10.026787	0.533308	0.500000
3.436048	9.542383	3.671108	0.500000
6.372384	2.071481	2.803079	0.500000
10.897682	1.876293	3.713053	0.500000
4.019239	0.434068	2.218233	0.500000
10.435930	1.032530	1.726554	0.500000
5.099831	1.317859	3.801138	0.500000
5.437109	11.295865	3.961308	0.500000
0.522460	4.642426	1.480236	0.500000
11.348885	6.194690	0.836238	0.500000
8.602951	6.949977	3.998200	0.500000
8.870851	9.864564	3.201190	0.500000
4.248373	5.297193	1.424875	0.500000
8.114922	5.698296	2.229971	0.500000
11.503177	7.345310	3.918332	0.500000
0.236885	0.584810	0.599436	0.500000
2.242947	6.116950	1.999063	0.500000
2.541565	9.044378	3.162224	0.500000
3.199489	10.151081	1.624576	0.500000
3.534678	5.192014	3.997798	0.500000
1.418296	5.873896	0.573469	0.500000
8.407470	0.315298	1.290162	0.500000
5.248824	8.737567	1.028389	0.500000
0.781225	3.840016	2.284311	0.500000
5.085013	2.292923	1.322021	0.500000
6.518775	10.756219	3.985685	0.500000
7.079488	11.298460	3.123663	0.500000
7.799597	9.037643	2.661087	0.500000
10.713728	10.419660	2.777699	0.500000
8.371485	8.807328	1.146688	0.500000
8.001798	1.224018	1.572598	0.500000
8.452631	5.173416	0.657664	0.500000
4.588961	5.464993	2.902488	0.500000
5.939540	2.881241	3.907421	0.500000
8.917313	4.233572	3.167879	0.500000
4.557450	9.876564	1.344081	0.500000
2.525943	6.059501	0.852219	0.500000
8.188135	7.178505	2.437799	0.500000
6.637271	10.393302	0.545584	0.500000
1.687066	7.640703	1.738387	0.500000
1.078189	2.641826	3.919422	0.500000
4.632176	2.864889	3.950082	0.500000
6.010425	1.510472	0.541992	0.500000
2.347025	6.825832	2.916668	0.500000
0.186164	2.488732	0.511135	0.500000
7.402772	11.132946	0.562730	0.500000
9.922246	3.036364	0.534527	0.500000
0.567429	0.853298	2.712690	0.500000
2.942424	1.940291	0.530319	0.500000
7.072158	5.542421	1.872382	0.500000
11.464244	5.934068	1.824599	0.500000
10.309504	6.385459	0.511466	0.500000
1.447842	7.973182	2.866891	0.500000
4.882686	3.152914	2.097980	0.500000
3.660998	6.729606	3.457977	0.500000
5.666563	10.029672	0.558064	0.500000
3.845808	0.022642	3.527775	0.500000
1.081626	7.898755	3.840820	0.500000
9.143510	9.666286	0.786078	0.500000
5.342782	8.020978	3.002437	0.500000
4.275996	4.809620	0.536167	0.500000
8.475331	2.158266	3.857234	0.500000
0.038669	7.252187	0.706655	0.500000
2.128846	7.661947	0.758093	0.500000
9.800652	5.100639	0.503830	0.500000
9.261360	2.273796	1.956614	0.500000
1.107185	6.551061	2.449908	0.500000
4.579923	3.670366	0.752022	0.500000
10.480309	6.317925	1.649482	0.500000
5.182628	3.953481	3.953998	0.500000
2.545780	1.414316	1.731294	0.500000
2.438821	9.539993	1.357429	0.500000
11.362980	11.054951	3.641748	0.500000
7.467920	4.799531	0.864456	0.500000
11.124905	0.780411	2.413089	0.500000
0.649790	2.749357	2.739813	0.500000
2.926858	8.622372	3.995824	0.500000
7.144915	9.415839	0.669145	0.500000
2.518962	2.866137	0.509293	0.500000
10.287256	9.650959	1.507487	0.500000
2.049787	0.190980	1.441696	0.500000
0.811760	10.581071	2.315591	0.500000
1.847396	3.292180	1.173357	0.500000
4.246371	6.132280	2.168941	0.500000
10.614521	3.986123	2.642159	0.500000
1.200312	0.142623	2.350289	0.500000
2.727427	0.475403	2.764085	0.500000
11.491880	0.683600	3.512105	0.500000
9.189192	0.506766	0.575391	0.500000
10.288662	2.778229	3.800155	0.500000
10.005551	6.830891	2.521437	0.500000
2.453441	5.400294	3.866851	0.500000
8.945724	10.746980	0.642360	0.500000
8.692058	2.812754	0.628608	0.500000
6.086333	3.097066	1.300598	0.500000
4.709223	9.890828	3.998989	0.500000
0.402052	7.522932	2.423875	0.500000
7.500382	1.871676	2.242747	0.500000
0.476766	8.978109	3.918333	0.500000
2.885616	1.619054	3.689038	0.500000
9.911829	1.833822	2.905567	0.500000
1.822188	8.995285	2.226544	0.500000
10.272262	9.534327	2.595584	0.500000
0.529256	8.871179	2.863645	0.500000
3.267620	5.444616	1.713213	0.500000
3.274187	3.874664	2.742183	0.500000
3.982023	4.676170	2.624198	0.500000
1.741252	4.378450	0.985420	0.500000
9.809755	4.123288	0.907216	0.500000
7.547011	11.421453	3.999216	0.500000
9.681837	9.701985	3.860077	0.500000
11.170100	8.328252	3.970549	0.500000
5.270731	3.601222	2.986521	0.500000
6.862042	3.911155	2.725370	0.500000
2.837895	4.313691	3.588476	0.500000
9.072659	5.483999	2.564290	0.500000
7.578276	0.357310	1.970790	0.500000
11.406071	1.721294	2.763498	0.500000
10.702463	2.628460	2.891826	0.500000
3.200416	2.175342	1.660714	0.500000
8.995365	8.946394	3.893673	0.500000
7.911096	10.147686	3.687574	0.500000
7.254018	2.722611	0.542448	0.500000
8.820406	5.066646	3.829199	0.500000
7.580138	7.179049	0.525447	0.500000
3.345348	6.789672	2.435363	0.500000
11.202791	9.829462	2.094394	0.500000
3.328717	6.701258	0.619886	0.500000
5.706878	3.765604	0.657219	0.500000
6.216172	4.927942	1.506662	0.500000
6.601587	3.973689	1.697548	0.500000
6.963496	7.662246	3.946037	0.500000
6.237928	8.928164	0.637576	0.500000
9.298875	7.850803	2.663486	0.500000
7.528654	10.267437	2.711846	0.500000
10.922784	9.477252	0.524039	0.500000
8.153744	2.420905	1.422525	0.500000
5.466767	11.348352	0.515166	0.500000
4.750596	0.758476	1.389154	0.500000
2.003589	2.151272	3.824349	0.500000
0.769029	6.846194	3.387956	0.500000
6.658638	0.588625	3.957629	0.500000
2.173308	8.010222	3.637101	0.500000
4.876253	5.131933	3.912081	0.500000
2.407508	5.336971	2.731992	0.500000
5.293443	10.649318	1.311470	0.500000
4.824399	1.383786	0.509567	0.500000
8.311656	9.726771	2.111295	0.500000
2.762041	2.827451	3.704813	0.500000
0.452945	3.708738	3.693759	0.500000
8.639717	3.375223	3.694150	0.500000
7.349841	1.944486	3.755980	0.500000
0.991550	5.930241	1.626699	0.500000
2.460717	11.291109	3.456446	0.500000
5.170528	4.603809	1.004779	0.500000
11.174608	6.826432	2.218077	0.500000
2.531514	8.396037	1.518835	0.500000
1.135547	1.857443	2.610543	0.500000
11.178136	0.050312	1.213207	0.500000
6.605386	8.706196	3.008765	0.500000
7.281965	0.826666	0.669511	0.500000
4.358584	10.746679	0.535329	0.500000
10.690461	1.995129	1.904294	0.500000
9.604068	4.976057	1.630740	0.500000
0.348707	9.843884	3.178902	0.500000
4.751069	7.018118	3.688703	0.500000
5.366828	9.634551	1.965636	0.500000
3.482970	5.608158	2.799897	0.500000
7.250059	8.014657	2.603193	0.500000
10.438527	0.909102	0.558021	0.500000
1.866830	3.543862	3.379429	0.500000
10.690217	5.362405	0.904691	0.500000
7.371552	6.505154	2.072853	0.500000
7.462619	8.661354	3.960129	0.500000
4.024592	1.579224	1.621479	0.500000
7.931668	6.020250	0.521048	0.500000
0.853333	2.662592	1.649587	0.500000
9.171762	0.935465	1.580889	0.500000
9.184097	3.355909	1.348299	0.500000
6.308014	1.624675	3.851789	0.500000
6.525941	4.822440	2.466585	0.500000
5.825014	7.455766	3.933519	0.500000
8.726321	3.242718	2.495689	0.500000
9.117063	6.388239	2.019014	0.500000
11.457088	9.048896	1.441490	0.500000
6.022614	4.987442	0.525564	0.500000
1.493325	9.835135	0.846221	0.500000
0.619439	1.644447	3.903001	0.500000
1.632922	8.867956	1.132860	0.500000
3.494772	4.505006	1.378750	0.500000
3.405157	11.056581	0.891045	0.500000
2.919873	2.799832	2.613753	0.500000
11.405898	3.087500	2.190441	0.500000
8.553672	1.776910	2.769763	0.500000
3.340608	0.927712	0.768949	0.500000
3.939793	3.096601	2.837973	0.500000
1.648482	0.420060	0.511858	0.500000
3.718572	10.452117	3.984544	0.500000
1.702516	3.307552	2.296313	0.500000
2.653187	7.569123	2.215583	0.500000
2.845612	4.862980	0.698635	0.500000
8.926312	1.497273	0.549109	0.500000
4.161506	2.593332	1.613378	0.500000
10.725330	5.367924	2.966393	0.500000
9.623989	10.529423	2.700652	0.500000
7.567995	10.384053	1.271834	0.500000
0.180621	4.619953	2.918410	0.500000
7.400466	9.019250	1.665315	0.500000
