400

4.185926	5.383304	3.346588	0.500000
8.707789	2.284286	0.558790	0.500000
1.731978	8.181327	3.945900	0.500000
3.149258	3.710350	0.523299	0.500000
10.336990	1.809513	0.561727	0.500000
5.960181	9.928324	3.791391	0.500000
9.561597	0.592446	3.867485	0.500000
1.095520	10.597198	1.458976	0.500000
9.323209	6.942497	1.705779	0.500000
8.364637	11.420876	2.400034	0.500000
6.896425	0.092453	0.538695	0.500000
9.066585	6.317200	0.536775	0.500000
8.142776	0.719532	3.033644	0.500000
10.635601	9.140771	2.919284	0.500000
9.000047	9.269715	1.561722	0.500000
6.768154	4.553922	3.296503	0.500000
10.159734	7.632265	1.787923	0.500000
8.941200	4.672971	3.633546	0.500000
4.615307	1.342862	0.778873	0.500000
2.081003	9.170776	3.264939	0.500000
7.054165	7.068953	3.431981	0.500000
11.170405	9.231057	3.915200	0.500000
11.324962	5.011525	0.511115	0.500000
1.310848	9.655047	3.982267	0.500000
7.916363	6.477944	3.494540	0.500000
5.579427	1.206467	2.641145	0.500000
5.911389	3.005018	1.177705	0.500000
10.087906	6.604438	1.094018	0.500000
7.997385	7.992084	2.009850	0.500000
9.557179	1.777267	3.769794	0.500000
4.269054	3.812963	1.906523	0.500000
4.727766	0.858474	3.874585	0.500000
8.449070	8.066800	0.767286	0.500000
2.396576	4.067075	1.531719	0.500000
11.470702	9.877043	1.014439	0.500000
7.122204	3.823111	0.502267	0.500000
3.659394	2.835551	1.748192	0.500000
2.683736	2.317267	1.699147	0.500000
0.649148	10.543476	0.503324	0.500000
9.989281	8.628177	2.199134	0.500000
0.516150	4.253692	0.533601	0.500000
2.772061	0.503558	3.540718	0.500000
8.462205	6.064742	2.680563	0.500000
4.248668	9.116393	3.944247	0.500000
5.545814	4.927898	2.726628	0.500000
7.892582	0.089905	3.779862	0.500000
3.750815	5.205504	2.337328	0.500000
11.173331	4.836156	2.554822	0.500000
8.982629	5.171451	0.536244	0.500000
0.405561	7.171181	1.950556	0.500000
9.096547	9.809235	0.515939	0.500000
6.455849	6.585156	0.810925	0.500000
10.431819	3.162992	2.987083	0.500000
2.322723	2.681617	3.768588	0.500000
6.678027	2.646157	0.610964	0.500000
0.490355	5.414474	3.077845	0.500000
11.518468	10.866171	2.177100	0.500000
0.446711	4.482482	3.951493	0.500000
6.591025	3.172820	2.443121	0.500000
6.235166	8.969075	1.225872	0.500000
5.526570	9.457050	1.867190	0.500000
4.500980	4.572496	2.829547	0.500000
10.004894	11.167906	0.514434	0.500000
5.850962	2.250163	2.670125	0.500000
4.674233	4.825982	1.451988	0.500000
6.153770	7.580185	1.367760	0.500000
7.507339	5.167710	2.436270	0.500000
5.017992	10.974869	1.634523	0.500000
8.010118	2.624131	3.893480	0.500000
8.913318	7.677815	3.917807	0.500000
0.368929	9.702390	3.142090	0.500000
10.346923	11.345562	3.478406	0.500000
2.295272	5.731594	0.968600	0.500000
10.531392	3.742339	0.785154	0.500000
1.201334	7.701086	0.766250	0.500000
9.017936	10.295348	3.947100	0.500000
4.286505	8.819934	0.533340	0.500000
5.989767	6.619074	3.826940	0.500000
11.390451	3.874241	1.582160	0.500000
3.111078	5.579003	3.041266	0.500000
1.228971	9.976936	2.632730	0.500000
7.417416	1.556953	1.641486	0.500000
5.415360	2.492796	3.835320	0.500000
11.403910	8.035769	3.852104	0.500000
7.739721	6.759368	1.495936	0.500000
9.897616	7.931176	3.013289	0.500000
6.285624	10.531738	1.522879	0.500000
1.356918	1.983931	1.721986	0.500000
9.390660	3.793509	2.929450	0.500000
4.124807	4.442891	0.561145	0.500000
7.185067	5.747548	3.943118	0.500000
5.533580	3.322499	2.834408	0.500000
3.540028	10.529233	3.361718	0.500000
10.151708	7.342782	3.865623	0.500000
6.327197	8.802750	3.923961	0.500000
2.670472	8.664675	3.958066	0.500000
4.683138	1.782393	1.892581	0.500000
2.674567	1.605697	2.415197	0.500000
7.950806	7.511131	3.155953	0.500000
10.189153	4.435476	2.589500	0.500000
9.955571	5.475071	0.538064	0.500000
7.065516	7.564212	2.472179	0.500000
5.096786	2.271236	0.707184	0.500000
0.552386	8.586590	3.366282	0.500000
4.086411	11.103131	2.058250	0.500000
7.501348	6.210314	2.303568	0.500000
9.001834	1.268946	2.747110	0.500000
3.892704	7.625454	0.903728	0.500000
5.956869	11.489753	1.558634	0.500000
7.719079	1.690548	2.874455	0.500000
8.485319	3.295725	2.964714	0.500000
8.668963	5.049092	2.270237	0.500000
3.166692	5.185665	0.700763	0.500000
8.033801	3.144619	0.999415	0.500000
3.627284	9.644460	2.745609	0.500000
8.227451	5.851680	1.635573	0.500000
6.595284	5.629225	2.758911	0.500000
3.162790	6.461618	0.505046	0.500000
4.174460	7.359508	3.069561	0.500000
2.985802	2.605795	2.855650	0.500000
1.079431	0.937430	1.544612	0.500000
6.742443	9.037030	3.040212	0.500000
9.040253	10.807543	1.982474	0.500000
6.653151	4.352265	2.229899	0.500000
4.100497	6.862638	3.970442	0.500000
1.408388	5.763297	1.675889	0.500000
10.479463	2.586933	3.812011	0.500000
5.686081	1.104492	1.611750	0.500000
2.132353	3.724213	0.574150	0.500000
4.348094	3.215507	0.687533	0.500000
9.870351	8.525052	3.895997	0.500000
3.523318	4.621506	1.483738	0.500000
5.149030	7.312151	3.943440	0.500000
3.124804	1.967121	3.937530	0.500000
7.888202	9.125182	1.431784	0.500000
4.330515	10.276736	3.955004	0.500000
1.303528	1.176802	3.869770	0.500000
10.187708	2.823238	0.536385	0.500000
2.856962	11.275805	2.780573	0.500000
11.090907	1.794407	3.978847	0.500000
2.208570	0.916388	1.627144	0.500000
5.445879	9.256249	0.553742	0.500000
3.436974	5.910628	1.649745	0.500000
8.093893	4.517434	2.920193	0.500000
9.140895	7.906808	2.122575	0.500000
7.157017	8.608509	0.977759	0.500000
1.257259	3.461278	2.470356	0.500000
5.440137	4.351543	3.806587	0.500000
2.141528	3.703202	3.962452	0.500000
7.898479	2.727891	2.385965	0.500000
5.896723	10.350807	2.533433	0.500000
9.590595	5.574740	1.493357	0.500000
2.853155	8.919824	2.313849	0.500000
10.713720	7.022954	3.029843	0.500000
9.630159	9.719725	2.815368	0.500000
7.943440	4.255011	3.985675	0.500000
10.920852	0.461297	2.341748	0.500000
2.894385	8.230894	1.573206	0.500000
8.724201	9.283082	2.633280	0.500000
3.389597	11.248759	1.290710	0.500000
1.779912	3.261725	1.476341	0.500000
0.391635	7.102765	0.511455	0.500000
9.307983	4.161938	1.548260	0.500000
0.865941	7.578892	3.816193	0.500000
2.104227	7.292460	0.632092	0.500000
4.584570	8.951080	2.957844	0.500000
3.899192	0.143519	3.244163	0.500000
2.133811	4.804797	3.933598	0.500000
4.843856	11.243110	3.880704	0.500000
8.202867	10.273075	3.021302	0.500000
2.143456	3.526176	2.946863	0.500000
3.680532	10.093404	1.367930	0.500000
2.573503	9.840626	2.671000	0.500000
6.406982	6.667666	1.820913	0.500000
10.170573	11.167938	1.552988	0.500000
8.178291	5.505755	3.885128	0.500000
0.229595	6.337775	2.676217	0.500000
8.428303	0.754815	1.680336	0.500000
8.849327	9.105190	3.989359	0.500000
7.795248	5.394597	0.541314	0.500000
2.558836	6.288117	2.171303	0.500000
2.610388	9.721057	1.341476	0.500000
4.276081	6.685603	0.696488	0.500000
3.359806	7.642517	3.851456	0.500000
4.028885	6.334714	3.024511	0.500000
11.046009	9.949775	2.411577	0.500000
10.856430	0.412264	0.671227	0.500000
1.496493	4.235422	3.363129	0.500000
8.878074	8.423755	3.249839	0.500000
5.667912	10.974347	0.724292	0.500000
3.499385	5.845084	3.932333	0.500000
6.096647	8.694381	2.228634	0.500000
3.460397	0.649575	2.491401	0.500000
10.422301	3.699817	1.845388	0.500000
0.779861	8.536267	1.653356	0.500000
7.220174	9.743562	3.863804	0.500000
3.541622	2.088860	0.984571	0.500000
6.294513	6.580341	2.831966	0.500000
7.001831	5.497256	1.540017	0.500000
9.378717	8.512537	0.623685	0.500000
10.309760	10.695442	2.505531	0.500000
0.687767	3.011677	1.501169	0.500000
11.389575	8.512659	2.580639	0.500000
9.966694	0.870762	0.651546	0.500000
11.371518	5.727654	3.774627	0.500000
5.347697	6.928529	0.610381	0.500000
0.693493	6.419096	1.225073	0.500000
6.810032	0.834832	3.505997	0.500000
8.242719	4.085921	0.623751	0.500000
9.342805	2.743246	3.505895	0.500000
1.303522	11.330825	0.558815	0.500000
10.807297	6.559310	2.054610	0.500000
2.685871	2.798907	0.620919	0.500000
6.890170	0.375780	1.990554	0.500000
11.406850	5.413408	1.642065	0.500000
4.719987	9.980830	1.189303	0.500000
0.552835	9.582505	1.802813	0.500000
4.264207	4.354239	3.976136	0.500000
10.674025	4.863949	3.767647	0.500000
10.770256	7.153439	0.543611	0.500000
1.497194	1.449811	0.639108	0.500000
6.551615	5.341326	0.637481	0.500000
3.509199	8.674100	3.377025	0.500000
9.745855	5.580137	2.978092	0.500000
11.145460	4.070997	3.332797	0.500000
10.144890	9.887184	3.766166	0.500000
5.519843	5.930273	2.769487	0.500000
8.852133	3.610355	3.907818	0.500000
10.315880	0.950908	3.241365	0.500000
5.633909	1.429545	3.888830	0.500000
1.375900	8.919773	2.565079	0.500000
3.774043	3.402045	2.956185	0.500000
3.515205	1.209615	1.578524	0.500000
6.378773	4.267633	1.156404	0.500000
4.182186	5.522089	0.868186	0.500000
4.221562	9.147136	1.521277	0.500000
4.453143	6.735667	1.838001	0.500000
1.841695	0.086208	3.867001	0.500000
2.304335	1.572458	3.497579	0.500000
11.085659	1.701257	2.454895	0.500000
4.755018	1.728171	3.283058	0.500000
6.755318	9.875041	0.550945	0.500000
4.878801	2.967220	1.615876	0.500000
10.483301	2.488873	1.981227	0.500000
6.156014	5.220810	3.724630	0.500000
3.276161	2.988432	3.957848	0.500000
2.308368	7.501163	2.122883	0.500000
8.961613	0.911328	0.558199	0.500000
4.776171	2.662079	2.604489	0.500000
2.007315	4.738704	0.701181	0.500000
2.723349	10.821483	3.957449	0.500000
11.273176	8.071643	1.570291	0.500000
7.433522	6.440724	0.546251	0.500000
1.478205	4.482548	1.653958	0.500000
7.754954	9.556499	0.502057	0.500000
5.267857	8.166823	3.047730	0.500000
3.742903	1.024660	3.983033	0.500000
10.150661	1.165469	1.926361	0.500000
7.361197	3.374725	1.758398	0.500000
5.649343	3.835032	0.601679	0.500000
10.104005	9.759849	1.857483	0.500000
1.827483	6.758234	1.566773	0.500000
11.218017	2.503959	0.715152	0.500000
7.059681	3.766768	3.971234	0.500000
6.189094	7.617704	3.967868	0.500000
2.125100	0.600777	2.777660	0.500000
9.161961	10.669659	3.005110	0.500000
9.890670	4.188470	3.732479	0.500000
1.654797	2.323965	3.103980	0.500000
2.289162	4.777883	2.869592	0.500000
3.327945	4.256479	3.429666	0.500000
0.922437	9.361171	0.877800	0.500000
0.763751	2.152325	3.741542	0.500000
0.542808	0.118771	3.976202	0.500000
11.207681	6.920738	3.917525	0.500000
2.053405	10.275193	0.695123	0.500000
10.240154	9.067211	0.534168	0.500000
8.868277	11.318245	3.806090	0.500000
11.411247	11.407002	3.127080	0.500000
2.671835	5.286623	1.865932	0.500000
5.959901	1.755908	0.862084	0.500000
6.760787	10.068048	2.954171	0.500000
2.298427	0.149989	0.692357	0.500000
11.182078	10.878330	1.023080	0.500000
3.103976	6.670652	3.515667	0.500000
4.633592	10.037816	2.275123	0.500000
7.741957	9.134971	3.065900	0.500000
4.667397	3.424112	3.843263	0.500000
2.608581	1.420183	0.811854	0.500000
2.368791	6.020879	3.819753	0.500000
1.196285	7.765461	2.471982	0.500000
5.923704	5.170903	1.466570	0.500000
0.519356	1.469283	2.258848	0.500000
0.543689	0.925357	0.621789	0.500000
9.602273	2.400464	1.243339	0.500000
1.541897	9.692347	1.614547	0.500000
10.148250	2.022701	2.874969	0.500000
1.141099	10.692588	3.938094	0.500000
1.097058	0.219950	2.788330	0.500000
9.569991	6.864502	2.714154	0.500000
1.436544	6.553249	0.543453	0.500000
2.292789	7.007729	3.016029	0.500000
1.798122	11.018936	3.057080	0.500000
3.843425	8.112573	2.478621	0.500000
5.119771	4.812503	0.551689	0.500000
0.700715	2.214389	0.852077	0.500000
3.393249	9.673044	3.992076	0.500000
5.058735	8.288576	1.610179	0.500000
11.379762	2.350902	3.198469	0.500000
10.198803	6.293432	3.558462	0.500000
7.801770	11.418789	1.396302	0.500000
0.960852	5.634954	0.631560	0.500000
0.075695	2.210308	1.652680	0.500000
7.677604	9.858704	2.078985	0.500000
11.144888	1.513760	1.094963	0.500000
3.480922	9.421419	0.642801	0.500000
9.669051	0.035805	2.606889	0.500000
1.498005	1.388650	2.765621	0.500000
5.064410	11.276746	2.618868	0.500000
7.904340	0.885779	0.519845	0.500000
2.229980	8.830549	0.863038	0.500000
6.304443	3.063369	3.467874	0.500000
4.270207	10.887167	0.757902	0.500000
4.122821	2.386293	3.807300	0.500000
4.377554	0.653464	1.637027	0.500000
10.860842	5.820633	2.819631	0.500000
6.133684	11.178070	3.681846	0.500000
10.596896	8.950518	1.463406	0.500000
0.510664	1.116858	3.252181	0.500000
7.842014	10.523201	3.969890	0.500000
8.451855	10.221115	1.277888	0.500000
9.155578	0.090814	1.363979	0.500000
7.239363	11.503454	2.990943	0.500000
9.271180	7.466194	0.808813	0.500000
2.051390	10.566859	2.050812	0.500000
7.964113	4.811889	1.478397	0.500000
0.507808	4.666880	2.018753	0.500000
5.726891	5.894057	0.509956	0.500000
1.552353	6.373246	2.586931	0.500000
11.149998	10.944525	3.974783	0.500000
6.485570	0.898463	1.035983	0.500000
4.707529	0.308539	0.571047	0.500000
0.363148	0.348516	2.024450	0.500000
1.655690	2.520607	0.617439	0.500000
9.785021	5.475098	3.996410	0.500000
1.833613	8.271847	1.609998	0.500000
7.123392	8.112608	3.763553	0.500000
7.974336	8.594059	3.997713	0.500000
3.562296	6.969820	2.244133	0.500000
7.700586	2.088512	0.812465	0.500000
3.215023	10.530727	2.147442	0.500000
6.754566	1.778709	2.444002	0.500000
0.969613	3.188150	3.678856	0.500000
7.456213	7.552267	0.775677	0.500000
4.308073	8.029416	3.975308	0.500000
2.421373	11.473251	1.811724	0.500000
8.584700	0.797852	3.980924	0.500000
7.692571	1.318818	3.915630	0.500000
0.687142	2.568601	2.585562	0.500000
0.558572	6.529085	3.613679	0.500000
2.783445	8.002296	3.051763	0.500000
0.125866	8.744055	0.867044	0.500000
11.016905	0.464278	3.878182	0.500000
5.039545	10.158648	3.251909	0.500000
0.951805	3.227762	0.500676	0.500000
7.003408	10.756279	2.256250	0.500000
7.336686	3.105840	3.186706	0.500000
10.117742	10.214526	0.894513	0.500000
3.264608	8.363942	0.624856	0.500000
5.346054	6.202128	1.391534	0.500000
1.922896	6.924903	3.964225	0.500000
6.031254	8.086394	0.511300	0.500000
11.357058	3.425125	2.560022	0.500000
6.140700	11.484241	2.650797	0.500000
9.067614	3.033720	1.824169	0.500000
5.563589	9.124371	3.161267	0.500000
3.190100	3.955345	2.256171	0.500000
9.272040	6.752136	3.796815	0.500000
10.263988	8.082377	0.808128	0.500000
3.299110	0.693717	0.630633	0.500000
0.241453	7.336751	3.026181	0.500000
5.214194	6.978955	2.880569	0.500000
8.503576	11.076271	0.753469	0.500000
1.372078	11.503090	1.835047	0.500000
10.395296	4.953506	1.550164	0.500000
8.658520	2.061688	2.162599	0.500000
11.172811	6.043078	0.665207	0.500000
1.349399	5.459729	3.937061	0.500000
5.094322	5.676254	3.650312	0.500000
4.439130	0.842280	2.754902	0.500000
6.682834	2.143236	3.980911	0.500000
7.120494	8.598832	2.042914	0.500000
3.655294	1.634547	2.708697	0.500000
5.739791	7.756095	2.266527	0.500000
5.645662	0.515646	3.384458	0.500000
8.366863	3.855627	1.769471	0.500000
6.391482	8.055105	3.079646	0.500000
9.113385	3.429861	0.645330	0.500000
5.605685	4.002076	2.030824	0.500000
6.600995	9.650225	1.998776	0.500000
