400

6.194112	8.540371	2.642024	0.500000
7.791108	9.517763	1.386082	0.500000
5.716322	5.614148	2.558955	0.500000
10.348496	3.868138	1.348899	0.500000
2.473561	10.652367	1.509377	0.500000
10.483519	0.375140	2.088924	0.500000
11.526278	11.384710	1.431258	0.500000
1.762982	9.008744	0.510429	0.500000
10.273211	10.693351	3.869077	0.500000
11.183610	6.330080	1.686466	0.500000
2.247338	4.270560	1.859003	0.500000
0.885848	7.945619	2.186923	0.500000
4.145424	0.287141	0.574114	0.500000
11.314963	3.629665	1.677853	0.500000
8.063793	8.011102	3.100225	0.500000
9.719842	9.034327	2.836418	0.500000
0.190414	2.766902	2.905246	0.500000
4.512227	1.034020	3.868144	0.500000
0.310008	0.756580	3.926826	0.500000
6.322979	0.979783	3.260186	0.500000
1.329725	4.674726	0.838911	0.500000
0.807787	6.942943	2.426307	0.500000
4.979144	9.467883	1.455463	0.500000
2.450639	3.851422	2.757541	0.500000
2.210014	1.419419	0.643945	0.500000
3.385222	0.169954	3.929176	0.500000
0.541517	10.239681	0.930279	0.500000
8.070532	0.311201	2.987898	0.500000
8.306909	1.314669	3.087056	0.500000
6.946197	1.828901	0.566372	0.500000
2.016394	3.644329	1.030077	0.500000
4.981936	11.005272	3.119497	0.500000
7.533811	7.263232	2.340014	0.500000
4.621206	0.004711	3.980354	0.500000
8.702263	2.381624	3.266210	0.500000
8.779864	11.053065	0.998938	0.500000
4.142684	7.702731	2.793978	0.500000
11.471300	0.910413	1.603669	0.500000
4.005432	10.319797	1.826181	0.500000
1.966700	7.127081	1.649260	0.500000
3.508469	5.079220	3.318073	0.500000
6.711239	5.125768	2.859155	0.500000
3.642578	6.187633	3.739280	0.500000
8.132983	10.031660	0.586984	0.500000
7.859948	11.435895	1.531628	0.500000
4.190011	0.281508	2.354554	0.500000
5.825481	8.368181	3.850460	0.500000
0.360396	5.291450	1.792350	0.500000
2.189926	1.299193	3.358044	0.500000
1.067164	1.819502	0.672436	0.500000
6.434443	0.660765	0.976316	0.500000
6.611226	7.912810	0.734309	0.500000
10.450862	4.607096	0.505090	0.500000
10.490905	8.059646	2.525704	0.500000
9.285545	1.184812	2.052960	0.500000
6.212921	6.459202	2.957608	0.500000
11.206099	9.924497	2.913547	0.500000
10.526847	2.600970	3.671812	0.500000
1.639550	4.502697	2.652884	0.500000
4.796654	3.877028	1.464544	0.500000
8.061099	11.460173	3.981062	0.500000
7.860092	6.662017	3.907974	0.500000
4.899017	5.322246	3.392985	0.500000
7.698862	9.936516	2.412970	0.500000
7.903493	2.187650	0.812318	0.500000
9.733594	1.621149	3.950412	0.500000
9.525172	9.342604	3.858006	0.500000
11.114309	4.875174	2.577705	0.500000
2.762818	2.777861	3.028982	0.500000
7.389566	7.939369	3.985783	0.500000
10.346798	7.932343	1.482823	0.500000
2.016662	8.204879	1.493592	0.500000
9.578331	3.167056	0.623955	0.500000
6.837358	6.942078	3.825070	0.500000
2.708707	9.727035	0.881579	0.500000
7.328126	3.323817	3.830104	0.500000
1.089533	5.921450	0.549594	0.500000
6.817058	9.928737	3.058819	0.500000
7.178473	6.091702	2.604710	0.500000
8.547294	8.774383	2.185574	0.500000
11.530894	1.809548	2.438423	0.500000
2.883077	8.493522	2.905038	0.500000
7.695746	7.329589	0.524984	0.500000
5.102372	6.378257	0.520344	0.500000
10.954816	7.220372	2.964429	0.500000
10.167819	10.435196	1.742777	0.500000
5.091329	7.472225	1.357359	0.500000
5.996481	4.191962	3.388032	0.500000
6.046298	2.361831	2.279395	0.500000
8.447107	7.508775	3.981424	0.500000
9.901354	1.744426	0.953091	0.500000
4.424891	6.212752	1.327411	0.500000
3.408033	2.544654	0.736833	0.500000
9.148653	6.421166	3.665067	0.500000
2.243126	7.738665	0.617956	0.500000
2.058177	5.433988	0.596037	0.500000
4.100236	1.029840	1.454942	0.500000
10.175184	10.626595	0.583174	0.500000
7.315128	9.405075	3.909244	0.500000
8.727322	10.011454	1.523578	0.500000
3.654808	11.303928	1.466669	0.500000
4.351438	5.218489	0.984265	0.500000
4.559963	3.320726	2.387318	0.500000
2.041578	10.393980	3.395155	0.500000
7.101402	10.653713	2.004568	0.500000
0.353208	2.808489	1.644490	0.500000
10.653498	1.048384	3.792987	0.500000
10.508503	1.327570	1.744133	0.500000
8.447820	0.611645	0.707568	0.500000
2.840529	10.839044	3.895122	0.500000
2.834312	9.824910	3.666108	0.500000
8.831199	9.893020	2.760587	0.500000
5.448311	8.064061	0.506442	0.500000
5.377334	3.023056	3.259104	0.500000
6.606100	7.589324	3.000712	0.500000
6.517198	3.569026	2.554282	0.500000
9.449416	0.826041	0.817875	0.500000
2.772277	3.001932	1.394723	0.500000
5.367798	6.591726	2.261536	0.500000
4.118963	8.766135	2.613250	0.500000
0.430112	9.502777	1.861524	0.500000
6.129018	5.582117	0.586915	0.500000
1.699237	3.355845	2.121415	0.500000
8.725516	7.030302	2.812670	0.500000
0.924845	4.253274	3.881007	0.500000
8.429195	0.617247	2.072954	0.500000
7.167703	9.498233	0.507590	0.500000
5.137212	0.590932	0.546907	0.500000
0.566404	4.596096	2.873088	0.500000
6.742453	0.289914	1.909429	0.500000
4.989398	8.356117	3.079592	0.500000
3.113025	5.388478	0.904696	0.500000
1.202485	8.847906	1.570284	0.500000
1.091050	8.254453	0.530882	0.500000
1.743531	10.393308	2.190053	0.500000
5.569466	0.437305	3.999251	0.500000
6.067236	7.013157	1.572232	0.500000
7.712950	3.032799	2.906798	0.500000
0.238570	7.400111	0.534396	0.500000
10.010517	10.128067	2.962004	0.500000
9.352736	0.038263	1.688970	0.500000
9.544740	9.827959	0.835936	0.500000
3.744546	3.025717	2.903862	0.500000
4.491216	8.362684	0.535983	0.500000
4.735785	9.602157	3.834139	0.500000
1.224985	2.434643	3.214632	0.500000
1.258872	3.166016	3.957173	0.500000
4.758681	9.833608	2.486940	0.500000
11.199119	11.468262	3.859407	0.500000
9.147954	5.625761	0.521892	0.500000
9.116616	4.426883	3.834740	0.500000
6.452844	0.043702	3.702993	0.500000
6.134202	3.678080	0.597441	0.500000
11.432870	3.309845	3.819731	0.500000
0.748151	1.532468	1.597519	0.500000
3.475682	2.775427	3.910974	0.500000
9.525577	0.128097	3.723339	0.500000
4.404692	2.093434	3.823239	0.500000
3.068522	9.364149	2.254974	0.500000
9.574094	4.196583	0.802333	0.500000
8.636813	6.787338	0.729457	0.500000
9.933160	0.753295	2.839099	0.500000
3.049431	0.240974	2.128938	0.500000
6.475658	1.706039	3.969861	0.500000
9.821679	5.304992	3.938637	0.500000
3.293726	6.239001	1.734365	0.500000
2.524616	4.497166	0.520096	0.500000
0.123494	6.270225	2.775279	0.500000
5.249596	7.476905	3.843530	0.500000
3.375724	8.883562	3.689290	0.500000
7.909193	5.059362	0.655475	0.500000
5.765489	1.573519	0.637803	0.500000
4.108164	9.372905	0.766851	0.500000
4.843729	11.048371	1.894754	0.500000
0.656256	6.289764	1.626969	0.500000
8.610919	4.808352	1.462995	0.500000
0.133035	8.363966	1.604815	0.500000
8.561236	10.805151	2.116867	0.500000
4.963286	2.192227	2.714815	0.500000
8.220305	7.849400	1.673236	0.500000
6.525874	9.804850	1.897677	0.500000
8.352160	2.438847	2.184901	0.500000
0.842398	0.509458	1.398844	0.500000
2.979558	7.800996	3.894617	0.500000
5.657821	5.920725	1.430523	0.500000
5.469344	1.160469	2.647844	0.500000
4.444231	1.247417	2.768368	0.500000
3.330858	1.706148	3.159473	0.500000
10.313434	6.361296	3.970361	0.500000
4.183030	7.664245	1.754022	0.500000
9.541199	7.456914	3.429573	0.500000
1.941504	7.402720	3.760193	0.500000
2.381218	6.276141	1.322161	0.500000
0.640149	9.178314	0.564614	0.500000
4.850376	1.991057	0.576902	0.500000
5.076356	3.347121	0.532966	0.500000
7.877767	2.331468	3.974767	0.500000
2.312358	6.298685	2.441656	0.500000
9.356913	8.360487	3.957323	0.500000
11.383044	6.829195	3.957499	0.500000
11.108646	0.630513	2.915859	0.500000
9.635807	6.502895	0.652825	0.500000
0.942051	8.675891	3.008328	0.500000
10.885333	3.839885	2.738457	0.500000
8.352162	3.115621	0.550090	0.500000
10.423788	0.843420	0.509404	0.500000
1.834559	7.229564	2.761750	0.500000
5.589899	10.300252	0.506449	0.500000
0.808869	0.331787	3.156323	0.500000
8.475064	3.651622	3.676087	0.500000
5.411731	4.778594	1.550801	0.500000
0.575513	11.045105	3.940885	0.500000
7.865394	6.056369	1.660508	0.500000
9.437875	2.607960	3.984874	0.500000
3.632434	4.587966	0.561988	0.500000
9.651676	4.942321	1.793604	0.500000
10.679515	6.836325	0.976637	0.500000
8.955622	2.664238	1.269653	0.500000
3.337246	1.423634	0.556005	0.500000
4.645135	5.645427	2.182677	0.500000
3.818575	3.467742	0.780826	0.500000
8.722689	7.931047	0.533404	0.500000
10.403268	11.518047	1.062058	0.500000
7.049434	2.232478	2.211260	0.500000
9.188773	7.757458	2.274876	0.500000
5.720447	8.845623	1.198900	0.500000
10.559668	1.795113	2.807379	0.500000
3.572415	6.203168	0.506220	0.500000
11.302392	0.353179	0.517334	0.500000
11.226493	10.247215	1.908086	0.500000
1.918459	11.376625	2.339861	0.500000
7.543287	4.449128	3.876242	0.500000
0.380111	7.453782	3.336585	0.500000
8.823167	4.957727	2.449685	0.500000
5.634849	0.782575	1.588084	0.500000
3.132899	1.692198	1.523414	0.500000
5.692178	9.450201	2.372605	0.500000
7.319742	0.671881	3.975521	0.500000
6.774491	8.675879	3.480422	0.500000
5.062752	8.411295	1.877180	0.500000
7.814915	8.350189	0.503377	0.500000
7.186498	8.475100	2.405930	0.500000
8.900358	0.928677	3.893363	0.500000
2.589714	5.857191	3.486928	0.500000
1.146668	3.001707	0.829713	0.500000
0.799865	11.061774	2.308784	0.500000
8.062289	5.847078	3.034293	0.500000
11.147086	8.142769	3.420569	0.500000
0.111318	3.237465	0.756241	0.500000
0.316328	5.602165	3.972665	0.500000
4.085699	2.215795	2.235323	0.500000
9.273624	1.590586	2.977246	0.500000
5.751456	5.726800	3.994429	0.500000
4.522516	8.609643	3.937387	0.500000
3.227544	7.108211	1.138246	0.500000
11.253840	7.410344	1.854820	0.500000
9.015890	3.712572	1.480797	0.500000
1.974386	11.039505	0.545354	0.500000
2.127704	2.394781	3.789010	0.500000
5.404162	4.616743	2.568984	0.500000
6.744666	10.571395	3.841737	0.500000
0.759352	3.842106	1.728487	0.500000
2.810869	8.643368	0.511905	0.500000
9.539813	7.324427	1.376504	0.500000
3.658554	9.714589	3.028105	0.500000
9.080956	0.105225	2.683603	0.500000
10.475579	5.537024	0.996547	0.500000
6.328644	3.303555	3.796647	0.500000
7.922107	10.253117	3.704867	0.500000
2.113436	3.837362	3.975056	0.500000
3.006543	1.095923	3.954505	0.500000
1.657743	9.370246	3.112644	0.500000
9.378992	8.603672	1.568658	0.500000
7.032450	10.375780	1.015462	0.500000
6.596618	2.268831	3.140192	0.500000
5.015994	4.465273	0.582950	0.500000
7.180701	2.944535	0.899948	0.500000
9.570077	4.083074	2.563529	0.500000
5.626109	3.562037	1.996559	0.500000
5.608185	10.491885	2.510586	0.500000
1.233987	10.211743	3.983445	0.500000
10.390367	11.184862	2.888894	0.500000
5.101013	1.757781	1.663204	0.500000
2.220709	1.422028	1.911510	0.500000
8.817023	8.737262	3.180882	0.500000
6.756160	5.134391	3.992140	0.500000
7.447661	3.952559	0.788421	0.500000
4.193960	7.150448	0.699157	0.500000
10.460656	4.382951	3.909436	0.500000
6.908171	8.851150	1.320891	0.500000
1.120279	5.895683	3.076811	0.500000
6.569093	6.818886	0.646936	0.500000
4.098913	8.630280	1.450010	0.500000
10.476504	8.772825	3.908225	0.500000
7.877475	9.007103	2.965815	0.500000
3.681044	10.983359	3.077188	0.500000
2.265071	2.496277	0.682236	0.500000
1.501885	9.905394	1.074875	0.500000
10.564907	7.428704	3.922930	0.500000
1.688970	0.803095	2.572553	0.500000
0.993310	7.305511	1.187336	0.500000
0.928074	1.507082	2.775152	0.500000
3.184568	7.530753	2.061450	0.500000
5.372149	7.587519	2.550634	0.500000
4.754234	6.293673	3.980943	0.500000
10.149000	8.740099	0.862573	0.500000
11.070478	9.618040	1.123915	0.500000
10.095948	2.887389	1.441068	0.500000
10.354450	9.321037	1.999110	0.500000
4.051291	7.309691	3.915689	0.500000
2.574508	4.870689	3.848985	0.500000
10.862088	5.316665	3.915878	0.500000
0.135760	4.957076	0.597067	0.500000
7.311354	1.235635	2.249231	0.500000
5.147772	4.508448	3.936668	0.500000
7.573892	5.138850	2.064324	0.500000
3.835785	10.337800	3.884980	0.500000
0.976930	3.600300	2.804035	0.500000
7.224221	0.121521	0.590695	0.500000
0.344233	8.712803	3.954775	0.500000
7.445096	4.038184	2.767891	0.500000
3.596170	5.167030	2.269416	0.500000
5.838425	11.227310	0.848591	0.500000
8.783206	5.406034	3.860593	0.500000
11.386768	1.439194	0.673939	0.500000
10.800236	7.749516	0.564916	0.500000
5.428595	1.595547	3.846965	0.500000
11.442925	4.482683	3.684984	0.500000
3.453067	3.957098	3.181410	0.500000
10.069929	4.984130	2.831687	0.500000
10.021525	6.999129	2.624168	0.500000
6.401781	1.580203	1.570510	0.500000
8.204416	8.594948	3.989793	0.500000
9.686002	6.284228	1.762930	0.500000
3.320277	7.172769	3.137835	0.500000
0.799366	11.227427	0.812603	0.500000
8.047302	4.125771	1.965964	0.500000
10.534534	5.654780	2.037784	0.500000
11.320103	8.940971	2.558434	0.500000
8.671228	6.691638	1.865845	0.500000
2.836450	0.497624	0.717047	0.500000
3.008079	10.831915	0.518845	0.500000
11.358725	10.958688	2.730122	0.500000
9.749715	3.645318	3.984926	0.500000
3.551207	1.099345	2.337327	0.500000
9.639550	2.985015	3.027465	0.500000
8.689290	8.943313	0.681767	0.500000
5.494198	10.403252	3.982059	0.500000
5.902997	9.577450	3.564419	0.500000
8.871753	1.663909	0.674181	0.500000
1.457645	5.228639	3.995277	0.500000
2.540064	0.090546	3.168686	0.500000
7.220432	1.487068	3.260390	0.500000
9.442165	5.920446	2.748047	0.500000
0.125055	6.358575	0.504221	0.500000
9.652705	2.193092	2.206299	0.500000
0.028796	2.231374	3.861820	0.500000
2.606214	5.296753	2.189195	0.500000
1.342127	6.479584	3.948941	0.500000
1.585179	11.383685	3.688103	0.500000
6.636392	4.231722	1.713135	0.500000
6.608879	5.484675	1.604145	0.500000
7.422512	10.996814	3.184446	0.500000
2.130048	9.314179	1.764912	0.500000
10.910279	4.724450	1.401481	0.500000
7.355830	5.909224	0.561122	0.500000
4.568841	2.732717	1.359347	0.500000
1.776647	6.824032	0.510934	0.500000
4.604145	3.507765	3.764878	0.500000
3.499850	7.919029	0.598867	0.500000
7.366415	3.261378	1.960197	0.500000
1.026032	10.220625	2.913138	0.500000
11.243498	9.698484	3.965433	0.500000
11.173830	10.825883	0.678412	0.500000
8.701537	3.519843	2.577178	0.500000
1.981745	8.468761	3.790024	0.500000
8.619762	10.907990	3.288033	0.500000
10.622045	3.258780	0.588488	0.500000
10.562506	6.143404	2.998594	0.500000
3.337583	3.802311	2.187594	0.500000
1.510932	5.513893	1.583219	0.500000
3.949141	6.498554	2.620376	0.500000
2.770153	10.734310	2.723771	0.500000
1.047893	7.972259	3.900040	0.500000
6.394356	8.075170	1.730101	0.500000
1.265410	1.074934	3.763931	0.500000
6.906173	4.766248	0.537231	0.500000
1.866007	8.242360	2.628259	0.500000
8.130713	1.447701	1.471385	0.500000
5.752659	10.338589	1.501481	0.500000
4.269483	4.267277	2.650525	0.500000
4.542473	10.391840	0.847789	0.500000
11.060657	2.384333	1.240143	0.500000
7.158112	6.003344	3.625790	0.500000
1.843407	0.413984	1.211619	0.500000
5.795504	2.767917	1.245803	0.500000
5.704849	11.515103	2.455013	0.500000
6.891258	6.444332	1.699370	0.500000
10.481317	2.903617	2.453583	0.500000
1.556660	2.233593	1.904312	0.500000
