400

3.113521	7.819569	2.109044	0.500000
8.101332	5.725471	2.852625	0.500000
9.127914	7.081885	2.001111	0.500000
6.252366	0.268234	3.764120	0.500000
5.274153	9.342400	1.706436	0.500000
2.146563	0.363594	0.618960	0.500000
1.874245	4.249436	3.256979	0.500000
0.988057	11.223135	0.530867	0.500000
10.006194	3.467497	3.040982	0.500000
10.019361	8.862568	3.196414	0.500000
7.292780	10.875199	2.887293	0.500000
10.986212	1.763577	3.930214	0.500000
3.570344	1.590303	1.972899	0.500000
8.325774	6.699533	0.578438	0.500000
9.388090	0.079745	2.933285	0.500000
4.936326	7.449975	0.516284	0.500000
11.031058	3.908157	1.256692	0.500000
6.256647	1.945638	0.843650	0.500000
3.477721	3.295276	2.484232	0.500000
3.367507	9.841613	0.538618	0.500000
7.167983	6.080114	1.003404	0.500000
5.501334	0.875297	2.785221	0.500000
3.242079	8.299824	3.113894	0.500000
4.234570	1.189447	3.189526	0.500000
7.745901	10.014545	2.269689	0.500000
11.028174	2.821620	1.574919	0.500000
11.397942	0.530362	0.769461	0.500000
8.745657	3.278538	2.985809	0.500000
10.442074	0.208272	3.299850	0.500000
8.062730	0.218640	1.647503	0.500000
0.743423	0.429680	3.549757	0.500000
2.752329	10.058172	3.121590	0.500000
9.580566	9.388071	0.657778	0.500000
7.662058	1.808225	2.469843	0.500000
7.201315	5.088407	3.005411	0.500000
8.800082	4.973010	2.463791	0.500000
2.827045	2.434091	2.499353	0.500000
5.205950	10.702735	3.961813	0.500000
4.695525	6.757624	1.568203	0.500000
11.230574	0.703647	3.995528	0.500000
4.682851	2.537364	3.924857	0.500000
7.367331	9.110314	1.997375	0.500000
3.006072	4.131827	1.938850	0.500000
7.392236	9.583968	0.950154	0.500000
8.401963	1.168472	2.090001	0.500000
4.345224	10.047964	1.548611	0.500000
0.627053	7.938690	1.077533	0.500000
3.308944	5.317453	2.042258	0.500000
2.266399	10.842431	0.831229	0.500000
9.324315	1.449580	0.565709	0.500000
2.560858	2.156071	1.537161	0.500000
3.253623	6.198403	3.011157	0.500000
7.239600	3.296664	2.266561	0.500000
4.189534	10.875671	0.507014	0.500000
5.871648	3.192505	0.656302	0.500000
3.087221	5.820704	3.971270	0.500000
8.962221	6.432019	3.051131	0.500000
10.123741	2.110683	1.037780	0.500000
10.922127	0.345871	2.095237	0.500000
4.478238	8.134329	2.439303	0.500000
9.206247	2.324953	1.564597	0.500000
6.197335	7.113963	1.232666	0.500000
8.206588	8.921291	2.897513	0.500000
8.422691	9.583469	3.827299	0.500000
7.087449	3.205351	0.825075	0.500000
2.090740	4.737611	0.533238	0.500000
10.656728	8.626427	2.309223	0.500000
11.209829	7.541020	0.518333	0.500000
6.230303	3.815108	1.673685	0.500000
7.866912	8.731123	3.847756	0.500000
6.305364	9.497423	1.980052	0.500000
3.264814	8.825058	1.319352	0.500000
7.071811	6.597216	3.916889	0.500000
6.134357	7.268272	3.971764	0.500000
10.887289	8.972845	3.916755	0.500000
8.945619	1.141339	2.934907	0.500000
10.127544	6.798249	2.775754	0.500000
6.353586	0.966370	0.598718	0.500000
6.380724	3.421275	3.851808	0.500000
5.408920	11.457057	3.231045	0.500000
10.100533	2.487758	2.129303	0.500000
1.565107	7.817871	3.852279	0.500000
2.373301	3.418864	2.341781	0.500000
1.096243	3.856756	3.952463	0.500000
11.277128	9.929069	3.983504	0.500000
5.248849	9.883167	0.711955	0.500000
8.304402	0.561970	3.969085	0.500000
9.319601	3.681304	3.789477	0.500000
5.293736	4.589666	1.567412	0.500000
4.884731	7.860855	3.889243	0.500000
9.805157	0.353570	1.996000	0.500000
3.002947	2.584935	0.551771	0.500000
4.438446	1.313986	0.676045	0.500000
8.560494	9.642519	0.613570	0.500000
7.460742	0.605786	2.470708	0.500000
3.933861	6.235775	2.216888	0.500000
6.320800	10.804160	3.414615	0.500000
7.800581	3.864228	1.558921	0.500000
5.872649	7.826553	0.517650	0.500000
5.212500	6.740890	3.714868	0.500000
0.675120	5.391911	1.384758	0.500000
6.302380	4.981014	1.485629	0.500000
10.438023	5.701018	2.733952	0.500000
1.036187	6.344154	3.559836	0.500000
4.818007	0.375250	0.504101	0.500000
10.267403	6.213467	1.840801	0.500000
0.873415	7.381632	3.045711	0.500000
5.726161	3.933855	2.820981	0.500000
3.369558	1.695246	0.856256	0.500000
4.204660	2.286572	0.538558	0.500000
0.709589	7.547959	2.034859	0.500000
0.183273	0.060245	2.740862	0.500000
5.905573	10.615557	2.206273	0.500000
5.417007	4.335871	0.607875	0.500000
10.538008	7.821701	3.935550	0.500000
8.199926	5.883965	1.262498	0.500000
9.559677	7.925930	3.437571	0.500000
0.116812	3.346140	2.192224	0.500000
4.821359	9.106891	2.886186	0.500000
1.464021	9.175462	3.145530	0.500000
8.704782	7.534803	2.907061	0.500000
2.248587	9.775044	0.589293	0.500000
8.791683	2.259141	3.167874	0.500000
6.802487	8.249316	1.891811	0.500000
5.173738	5.324865	0.745724	0.500000
5.924477	0.405639	1.454371	0.500000
4.245882	3.572115	3.103063	0.500000
5.305390	7.621952	2.992694	0.500000
2.938074	7.003008	3.614089	0.500000
6.530768	11.298534	0.773237	0.500000
8.739207	9.997616	2.090192	0.500000
7.055310	7.572315	0.845153	0.500000
0.877312	8.577793	2.519205	0.500000
4.650105	8.371523	1.000914	0.500000
6.197701	2.087998	3.012998	0.500000
8.114987	6.727596	3.953758	0.500000
4.425169	5.378734	1.501110	0.500000
0.884336	3.136543	1.479436	0.500000
3.419796	0.712485	2.625547	0.500000
2.442885	3.328295	3.692588	0.500000
9.192707	3.033350	0.651035	0.500000
8.434018	8.628935	0.505160	0.500000
0.400944	4.537335	2.019000	0.500000
1.391953	6.736715	2.447046	0.500000
2.955171	3.725367	0.524758	0.500000
11.445105	8.582760	0.534819	0.500000
5.762395	6.003877	3.168228	0.500000
1.354249	4.935920	3.997969	0.500000
1.785810	2.661373	2.852650	0.500000
3.387553	6.912969	0.575989	0.500000
4.880403	2.439755	1.401763	0.500000
1.699196	10.192298	3.225007	0.500000
4.809570	5.069348	2.397256	0.500000
9.446111	0.388941	0.728215	0.500000
2.144809	9.618303	3.989984	0.500000
2.816340	5.103247	2.885739	0.500000
0.445619	6.531377	1.716230	0.500000
3.440117	3.788007	3.949292	0.500000
6.440055	0.456845	2.787314	0.500000
7.702085	5.750867	3.935376	0.500000
8.219991	3.634191	0.555124	0.500000
10.664601	9.757976	2.694051	0.500000
3.064983	4.844101	1.115819	0.500000
10.143446	1.760594	3.216109	0.500000
7.152191	6.384111	2.814982	0.500000
5.450045	8.266593	1.829226	0.500000
4.062796	2.211237	2.804464	0.500000
10.607495	10.537635	0.883739	0.500000
2.140217	9.409674	1.556870	0.500000
9.041566	10.671367	3.982931	0.500000
2.292118	10.337760	2.012541	0.500000
5.885438	8.878857	2.931609	0.500000
5.721381	9.006256	0.587295	0.500000
7.318204	0.520548	0.567599	0.500000
10.087287	4.635965	2.738558	0.500000
8.165602	4.135185	2.493019	0.500000
11.265011	5.015632	3.004240	0.500000
0.003574	11.060334	0.762658	0.500000
5.198341	3.745722	3.722926	0.500000
11.097058	6.543815	1.066261	0.500000
0.729126	4.992993	2.885851	0.500000
6.174177	6.274046	2.001032	0.500000
4.128800	5.035066	3.144981	0.500000
0.992967	9.776175	3.915280	0.500000
3.860255	7.489799	1.427085	0.500000
6.191887	1.268521	3.867747	0.500000
8.039413	2.747949	3.934402	0.500000
2.081413	3.697549	1.407936	0.500000
10.869875	6.784893	3.594527	0.500000
4.229639	3.390959	0.620062	0.500000
11.039571	6.962676	2.011850	0.500000
6.966797	8.263260	3.930950	0.500000
1.062120	3.944471	2.711056	0.500000
9.307662	8.892089	3.938797	0.500000
9.441587	5.218443	1.440955	0.500000
7.618991	3.750425	3.912181	0.500000
0.562310	2.178084	2.952983	0.500000
6.997800	4.469507	2.005631	0.500000
0.473446	1.572975	0.546262	0.500000
10.383957	5.774489	3.855661	0.500000
0.217941	10.299625	1.904799	0.500000
6.761207	2.212286	2.003698	0.500000
0.756909	6.668311	0.590253	0.500000
10.614559	3.733323	2.278467	0.500000
9.247517	7.810101	0.692033	0.500000
1.005647	8.790051	0.694793	0.500000
10.354937	10.771916	3.945170	0.500000
4.399407	6.101147	0.676205	0.500000
3.119783	11.049328	3.034771	0.500000
1.914205	1.430073	2.222412	0.500000
8.252555	0.111565	3.064090	0.500000
10.605103	2.931564	3.956368	0.500000
1.981505	6.537482	3.891081	0.500000
7.113180	4.708640	3.984720	0.500000
7.984764	2.806250	1.572998	0.500000
11.249050	1.614277	1.769151	0.500000
2.868990	1.073316	1.471142	0.500000
1.146357	0.783179	0.665877	0.500000
6.448758	4.424902	0.504720	0.500000
4.552328	4.514561	3.999073	0.500000
1.412104	5.514807	0.644931	0.500000
9.504845	10.911093	1.638859	0.500000
10.539698	1.097604	0.515960	0.500000
8.304822	1.016079	0.630948	0.500000
0.011589	9.258754	1.872902	0.500000
0.867482	11.446838	1.723378	0.500000
2.723582	0.166791	3.717173	0.500000
9.731159	9.676469	2.085007	0.500000
8.551309	4.715148	3.472141	0.500000
9.443149	3.814569	2.237613	0.500000
2.931809	6.623094	1.440059	0.500000
7.257303	6.933658	1.827863	0.500000
2.124250	5.995258	2.956349	0.500000
0.459962	1.166192	2.880929	0.500000
4.157097	0.470209	3.973884	0.500000
9.098867	8.133121	2.152013	0.500000
8.143254	4.931680	1.643946	0.500000
5.389345	11.137085	0.866951	0.500000
2.745691	8.437373	3.986737	0.500000
5.124374	5.970229	2.046949	0.500000
6.608065	9.804342	3.203425	0.500000
9.435231	4.641585	0.511997	0.500000
7.783909	1.775152	1.334289	0.500000
0.635611	1.909360	3.986684	0.500000
8.206551	1.700028	3.939542	0.500000
1.927588	1.942552	0.628217	0.500000
9.181406	5.552997	3.794697	0.500000
2.097560	8.373907	3.184212	0.500000
6.356453	5.712937	0.542072	0.500000
10.050672	7.568659	2.138983	0.500000
8.329454	10.646022	1.254292	0.500000
10.585976	4.080065	3.845071	0.500000
7.147743	1.224877	3.312528	0.500000
3.172453	9.894669	1.535932	0.500000
1.464123	5.520472	2.203324	0.500000
1.668995	11.305815	3.885562	0.500000
5.142672	1.386517	3.843320	0.500000
8.483610	11.337505	0.506956	0.500000
1.742519	0.686406	3.380400	0.500000
3.300941	2.713657	3.472381	0.500000
10.432496	0.147669	1.123876	0.500000
4.182798	5.678976	3.971280	0.500000
11.239644	8.117475	1.466500	0.500000
6.549316	7.927612	2.830633	0.500000
7.462480	2.585393	3.087860	0.500000
6.707696	8.750728	0.770285	0.500000
9.289434	1.448219	3.832007	0.500000
10.164512	1.318327	2.173799	0.500000
10.905287	1.076340	2.905116	0.500000
11.361645	5.666476	1.984355	0.500000
6.159438	4.745598	3.666872	0.500000
1.324375	10.026077	0.912867	0.500000
9.406745	5.808219	2.347906	0.500000
0.281383	9.630725	0.534570	0.500000
10.875947	9.335016	0.877910	0.500000
10.708117	4.617335	0.578967	0.500000
9.303806	0.145591	3.999327	0.500000
6.106980	5.137950	2.486267	0.500000
3.763436	8.405781	0.521235	0.500000
6.947744	8.846982	2.889185	0.500000
3.373577	9.588428	2.467401	0.500000
10.994607	2.448621	3.009239	0.500000
3.498283	5.848610	1.092441	0.500000
1.144177	4.512554	1.163521	0.500000
9.942351	9.865177	3.826986	0.500000
6.919215	2.045181	3.973622	0.500000
7.130229	11.329876	1.928498	0.500000
2.288424	7.395792	2.891624	0.500000
7.038358	1.056770	1.449809	0.500000
5.279871	1.867962	0.634542	0.500000
4.094513	9.034474	1.966013	0.500000
0.396870	6.206456	2.756978	0.500000
4.865817	8.898740	3.948372	0.500000
9.920458	8.492437	1.564975	0.500000
10.325972	5.576255	0.783996	0.500000
3.846763	7.792389	3.907727	0.500000
0.247380	4.528591	3.927157	0.500000
1.245343	9.528555	2.077759	0.500000
3.353924	11.024352	1.108086	0.500000
1.404219	1.604647	3.069452	0.500000
2.313086	8.438378	1.112324	0.500000
3.323274	1.488498	3.739441	0.500000
8.401053	9.121391	1.730254	0.500000
8.164280	6.633467	2.329770	0.500000
5.607629	6.347836	0.782413	0.500000
0.234865	9.867816	2.967762	0.500000
1.010134	1.091300	1.630856	0.500000
0.173487	4.407148	0.670695	0.500000
9.639693	10.564556	3.037436	0.500000
10.301387	8.084329	0.716647	0.500000
1.953061	6.904348	0.621352	0.500000
3.423736	4.280902	2.943637	0.500000
11.153768	2.173825	0.732732	0.500000
6.896482	10.360749	1.826600	0.500000
4.212065	10.248599	3.923197	0.500000
4.166364	6.915359	3.188711	0.500000
4.859342	0.925417	1.794382	0.500000
10.070995	6.993186	0.775534	0.500000
8.136811	7.662612	0.879532	0.500000
2.296144	0.087947	2.640525	0.500000
4.129108	11.083120	3.231427	0.500000
0.082858	2.743037	3.857424	0.500000
5.305308	5.561259	3.970263	0.500000
3.875321	8.893237	3.615309	0.500000
4.286146	4.144898	2.268211	0.500000
2.691412	10.604282	3.996284	0.500000
5.836641	2.231396	3.952825	0.500000
1.599491	7.884491	0.586864	0.500000
5.572258	9.571310	3.674551	0.500000
9.630484	10.723191	0.526549	0.500000
9.944034	3.606138	1.344168	0.500000
8.799481	4.032720	1.322294	0.500000
9.004392	9.559687	2.961000	0.500000
11.326161	7.742100	2.783050	0.500000
1.881869	8.239175	2.086820	0.500000
0.746030	10.776913	3.707024	0.500000
7.303003	0.467803	3.965265	0.500000
9.650332	4.651142	3.845743	0.500000
9.829754	6.767311	3.733983	0.500000
8.232569	10.360282	3.125800	0.500000
10.664438	10.450382	1.899027	0.500000
5.936667	8.660385	3.923537	0.500000
2.288209	2.027035	3.854548	0.500000
5.073765	3.530816	1.184459	0.500000
1.524110	3.804098	0.511438	0.500000
1.967644	6.182864	1.534856	0.500000
1.478607	7.259405	1.458207	0.500000
7.751204	5.299193	0.564601	0.500000
7.421128	9.710255	3.926875	0.500000
1.097810	10.640154	2.382558	0.500000
11.323603	3.868706	3.113974	0.500000
4.164668	4.538561	0.519356	0.500000
7.534604	10.881076	3.989787	0.500000
8.590663	7.985412	3.821461	0.500000
4.236540	0.129419	2.097958	0.500000
6.246909	10.234417	0.516610	0.500000
10.593202	4.757827	1.641932	0.500000
8.155063	7.627850	1.937058	0.500000
11.484298	5.544258	0.506541	0.500000
2.146570	4.670690	2.058578	0.500000
11.077262	10.618401	3.000382	0.500000
5.357820	2.987787	3.064884	0.500000
5.181474	11.301779	1.960090	0.500000
0.337598	8.312399	3.835165	0.500000
8.526398	2.141270	0.575775	0.500000
6.187591	6.890778	2.855842	0.500000
1.556825	2.161453	1.619422	0.500000
1.964480	0.379623	1.603333	0.500000
3.846453	0.715282	1.387463	0.500000
0.005011	8.879935	2.971115	0.500000
9.233523	5.970737	0.517039	0.500000
4.388168	9.358537	0.577177	0.500000
3.369432	4.786098	3.855061	0.500000
3.799867	10.652780	2.133376	0.500000
2.598466	1.333482	2.975493	0.500000
6.848256	4.041561	2.957870	0.500000
5.775868	2.866716	1.946052	0.500000
0.182142	5.852821	3.865045	0.500000
6.592895	5.703774	3.688893	0.500000
9.305061	1.297798	1.652877	0.500000
4.671205	6.063088	3.007330	0.500000
3.159098	11.482481	1.993817	0.500000
11.337390	11.238345	3.866723	0.500000
0.399683	7.057366	3.953120	0.500000
8.182973	10.984824	2.302859	0.500000
7.455239	10.615439	0.501734	0.500000
9.325494	2.693145	3.959775	0.500000
3.322355	9.695583	3.919129	0.500000
3.631308	0.269509	0.509528	0.500000
2.771160	8.785474	2.216368	0.500000
2.608782	5.928373	0.565909	0.500000
5.073084	1.848432	2.896627	0.500000
5.410634	1.772893	1.951865	0.500000
7.312967	7.308443	3.204566	0.500000
2.903605	3.104139	1.546295	0.500000
5.518101	7.059074	2.094646	0.500000
7.194644	5.625839	1.934249	0.500000
4.958509	10.360301	2.568968	0.500000
2.272702	5.264553	3.745359	0.500000
0.242163	3.008841	0.563509	0.500000
