400

4.266404	5.786930	0.568946	0.500000
6.672370	6.833899	3.744484	0.500000
3.749813	4.238574	3.468205	0.500000
8.392519	2.977122	3.076759	0.500000
1.040294	9.856645	3.116404	0.500000
1.545790	6.235992	3.961728	0.500000
1.403492	2.832956	0.757714	0.500000
5.586832	9.506589	1.787862	0.500000
9.762754	6.095079	2.834910	0.500000
11.485645	8.528649	0.505428	0.500000
12.371615	5.726465	0.706061	0.500000
11.841255	5.495809	2.166526	0.500000
7.207533	4.645668	3.962718	0.500000
10.304661	3.878935	2.414904	0.500000
12.352587	6.434124	3.897833	0.500000
5.936613	2.311876	1.564868	0.500000
6.721505	5.525961	1.529615	0.500000
4.565199	2.143221	0.719699	0.500000
1.110021	1.677400	0.732969	0.500000
2.590342	5.187824	2.892638	0.500000
3.026621	7.779613	3.950889	0.500000
8.358441	6.287464	2.240239	0.500000
5.135203	8.119123	0.560921	0.500000
7.744593	2.997534	3.940418	0.500000
3.627689	2.546739	0.542410	0.500000
9.764025	8.524868	1.489587	0.500000
11.862424	4.443149	1.802993	0.500000
3.880144	2.860177	2.680340	0.500000
8.983187	6.110570	3.858981	0.500000
4.702609	3.649759	3.675168	0.500000
4.007550	7.817822	2.013856	0.500000
9.467063	1.237054	3.438960	0.500000
7.518042	6.111270	2.800061	0.500000
4.613525	9.836458	1.340669	0.500000
10.001523	2.352706	2.936683	0.500000
12.311726	1.536755	1.747052	0.500000
11.768363	7.716651	3.631825	0.500000
7.424520	8.733428	0.649953	0.500000
8.409720	8.806748	1.534069	0.500000
11.508511	9.317222	2.730420	0.500000
4.002315	4.886751	1.127621	0.500000
11.542522	6.599468	3.315497	0.500000
0.616990	4.147797	3.978361	0.500000
9.400140	3.704875	0.617581	0.500000
0.427077	5.036384	2.024336	0.500000
6.387302	6.420606	2.347163	0.500000
2.024707	7.274182	0.632237	0.500000
6.039751	5.330843	2.429349	0.500000
11.263682	1.172941	1.560967	0.500000
8.614544	7.065090	1.630218	0.500000
9.174721	0.903595	1.469594	0.500000
5.503671	6.758580	3.796751	0.500000
6.605487	7.182638	1.608872	0.500000
9.380376	10.138675	3.237161	0.500000
9.904747	9.335436	2.191467	0.500000
0.141179	1.423678	0.762050	0.500000
5.819434	7.312154	0.536174	0.500000
2.360014	0.509704	3.903890	0.500000
9.838559	8.015356	2.590463	0.500000
7.956549	0.158493	0.511320	0.500000
6.638197	9.912840	1.863839	0.500000
1.937198	8.207300	3.589234	0.500000
3.192825	5.315703	0.645587	0.500000
9.259667	3.033441	3.908507	0.500000
9.271030	10.569144	2.065112	0.500000
5.239240	7.332930	1.634014	0.500000
1.360312	0.261066	3.817628	0.500000
12.143499	0.422133	1.843936	0.500000
10.376692	10.321803	2.482206	0.500000
0.166322	7.534386	1.440027	0.500000
1.253481	2.090628	2.877404	0.500000
2.405747	5.102154	1.802708	0.500000
0.495871	0.839737	3.988233	0.500000
9.757139	7.280009	1.757930	0.500000
3.802653	9.692064	0.600014	0.500000
6.610998	0.389812	0.600370	0.500000
12.064534	0.422631	0.717243	0.500000
1.129008	3.156318	2.009368	0.500000
6.806116	4.905000	2.928113	0.500000
3.156290	7.637212	1.037108	0.500000
8.013762	6.680842	0.771999	0.500000
6.266128	10.695998	3.895914	0.500000
1.606598	3.019076	3.990906	0.500000
11.718085	10.146478	1.799424	0.500000
1.794912	0.874482	2.768589	0.500000
1.613166	3.814201	0.682656	0.500000
1.302057	9.092819	1.412984	0.500000
7.549486	9.035726	2.591812	0.500000
6.119269	9.789536	2.933010	0.500000
10.796247	6.289169	0.569826	0.500000
8.413435	3.445238	0.832957	0.500000
7.213146	8.901237	1.639295	0.500000
8.963032	2.257275	2.336683	0.500000
10.772813	6.010562	2.527470	0.500000
7.000084	9.802664	3.986505	0.500000
7.604278	4.126028	1.757878	0.500000
7.981227	9.926280	1.471608	0.500000
1.354600	5.558015	1.833797	0.500000
2.759668	3.620170	3.743115	0.500000
6.721023	6.737428	0.517530	0.500000
11.318483	1.652961	2.974400	0.500000
10.575212	0.603567	0.569460	0.500000
11.655030	10.669992	3.726117	0.500000
6.184751	5.895763	0.622570	0.500000
2.732432	4.119130	2.727483	0.500000
4.831150	6.015766	3.957021	0.500000
3.571713	9.971600	3.949052	0.500000
1.914789	3.224362	2.855157	0.500000
11.053837	2.687660	2.391382	0.500000
0.596050	2.608031	3.582192	0.500000
8.548931	8.283053	3.947965	0.500000
3.793019	3.994393	0.546832	0.500000
10.824949	7.250135	3.713150	0.500000
4.655818	1.140808	0.516977	0.500000
10.014295	10.498948	0.620850	0.500000
11.673558	5.436072	3.959601	0.500000
5.167800	0.526158	1.910786	0.500000
5.807537	2.910657	0.658442	0.500000
8.990551	4.943494	3.977119	0.500000
10.138452	0.047336	3.403685	0.500000
11.108677	10.707078	1.140716	0.500000
4.434019	6.622258	1.987263	0.500000
7.304075	0.076253	1.421800	0.500000
5.693774	3.337263	3.965200	0.500000
4.906265	3.945843	1.559207	0.500000
2.756316	1.383571	0.576757	0.500000
2.745839	10.442785	2.368079	0.500000
10.943183	2.431812	3.500740	0.500000
1.053199	6.570329	2.772705	0.500000
3.682593	6.675736	0.761335	0.500000
2.784593	10.393913	3.400307	0.500000
0.348627	10.524613	1.261518	0.500000
4.351227	3.870202	2.414446	0.500000
2.009622	2.824232	1.636133	0.500000
1.108494	4.197600	1.523553	0.500000
8.411090	4.540160	2.765306	0.500000
7.213386	5.675377	0.558219	0.500000
5.022574	4.457696	0.594593	0.500000
5.745818	5.982168	1.640645	0.500000
12.283190	4.526911	2.916805	0.500000
2.423779	0.201941	1.479782	0.500000
11.502270	3.292878	3.211224	0.500000
8.058053	5.444148	3.998252	0.500000
1.020974	8.095233	2.997193	0.500000
10.313003	0.447793	1.690157	0.500000
10.589512	9.727241	3.986569	0.500000
10.087992	10.090408	1.541875	0.500000
6.835091	8.744351	3.904939	0.500000
8.181280	1.738709	3.084070	0.500000
6.945705	3.642404	3.990766	0.500000
5.851397	10.680454	1.405495	0.500000
2.611190	3.983774	1.619913	0.500000
11.790157	6.490225	1.112204	0.500000
2.682237	8.692138	0.524098	0.500000
10.960676	8.193525	2.923812	0.500000
3.092035	0.978621	1.611813	0.500000
11.789536	9.086963	1.605754	0.500000
8.873850	10.497948	0.793584	0.500000
0.283106	8.713751	3.998106	0.500000
9.670438	0.756184	2.478927	0.500000
9.206654	5.415207	2.310019	0.500000
10.236169	2.855583	0.544273	0.500000
0.846807	0.718696	0.523489	0.500000
2.244716	2.276587	0.647095	0.500000
4.571793	10.425741	3.959088	0.500000
11.125132	3.999552	3.857490	0.500000
2.566940	6.050509	3.874323	0.500000
11.965139	3.468064	0.751277	0.500000
0.467785	9.596044	2.148319	0.500000
8.746998	0.568322	2.962932	0.500000
9.105162	6.057500	1.414703	0.500000
0.915933	7.724067	0.748617	0.500000
12.176231	5.689560	3.124860	0.500000
1.872953	4.745297	3.451566	0.500000
2.044726	10.043891	3.986447	0.500000
3.718552	9.309918	2.048912	0.500000
4.955977	10.267327	2.221616	0.500000
4.489107	3.183743	0.692497	0.500000
11.291650	0.347844	2.632739	0.500000
0.487343	8.467934	2.221641	0.500000
3.119319	6.777303	1.675509	0.500000
4.299850	10.724431	0.869712	0.500000
10.675690	6.184729	3.721007	0.500000
1.372327	10.597450	1.748786	0.500000
10.534349	8.474758	3.980603	0.500000
2.465853	2.487628	3.983979	0.500000
11.418663	7.309632	0.568086	0.500000
1.106251	6.180820	0.663248	0.500000
1.350341	1.321158	3.605864	0.500000
3.679476	5.410141	3.985556	0.500000
0.018285	3.564445	2.050701	0.500000
4.221104	7.886424	0.966768	0.500000
2.106689	6.195424	2.612138	0.500000
11.587933	9.209735	3.777190	0.500000
5.835939	8.951057	3.961913	0.500000
4.161125	7.524803	3.817931	0.500000
0.987087	5.374042	3.935747	0.500000
10.609263	8.592379	2.066682	0.500000
8.290302	10.699550	3.769825	0.500000
7.372962	2.381328	3.181455	0.500000
4.209712	1.132556	1.510795	0.500000
7.998785	6.493534	3.826131	0.500000
7.505094	1.530532	3.920519	0.500000
6.179167	1.317489	1.921464	0.500000
8.113514	9.836068	3.284537	0.500000
5.462318	10.268855	0.552341	0.500000
8.730201	1.480790	0.664651	0.500000
3.566359	0.395908	3.359468	0.500000
9.398400	4.112255	2.829076	0.500000
6.913489	7.764608	0.748419	0.500000
8.404194	3.170946	2.076989	0.500000
4.219169	2.185044	1.657104	0.500000
2.713653	2.611382	2.855045	0.500000
6.993389	2.056597	1.910274	0.500000
3.543747	5.839486	1.895193	0.500000
3.592755	6.588465	3.816882	0.500000
0.369528	2.558090	2.454572	0.500000
5.623993	8.970463	0.902294	0.500000
1.182498	5.059652	0.556981	0.500000
3.147132	8.863814	3.625585	0.500000
0.875367	0.882790	1.971755	0.500000
0.245603	7.226845	2.913861	0.500000
7.167598	10.480189	3.132548	0.500000
7.960502	4.410247	0.585895	0.500000
10.285536	3.617033	1.334834	0.500000
3.724707	1.727584	2.477702	0.500000
6.990150	0.580322	2.458460	0.500000
5.340804	3.529865	2.500015	0.500000
7.723790	7.116849	2.841484	0.500000
9.406100	0.569262	0.518377	0.500000
5.331611	4.598927	2.512141	0.500000
8.485159	9.714225	2.345096	0.500000
11.596781	8.108537	1.488612	0.500000
4.898788	0.170059	3.120343	0.500000
7.393659	9.741794	0.527476	0.500000
2.175698	8.129914	1.565008	0.500000
10.374358	3.325936	3.310760	0.500000
10.056034	5.708008	1.573089	0.500000
11.730445	2.351444	0.648816	0.500000
5.186552	9.077049	2.665306	0.500000
4.498550	6.344167	2.968566	0.500000
3.211011	7.115668	2.985014	0.500000
7.803261	1.064779	2.036895	0.500000
4.404950	0.912293	3.809138	0.500000
0.733371	0.024588	2.724426	0.500000
5.913060	3.434233	1.624499	0.500000
5.302490	2.766057	3.207880	0.500000
0.408524	10.272602	3.952981	0.500000
9.751998	4.708533	1.379943	0.500000
0.761547	9.496699	0.629044	0.500000
4.588330	8.602941	1.722731	0.500000
10.040419	2.176684	3.985291	0.500000
9.482885	8.673019	3.983287	0.500000
11.966306	8.256205	2.756009	0.500000
7.337760	7.947412	2.210682	0.500000
0.348931	6.881235	0.537712	0.500000
8.538230	4.572782	1.700999	0.500000
12.284775	10.217255	2.943298	0.500000
4.364637	7.356898	2.828928	0.500000
6.903155	2.159872	0.668680	0.500000
9.318861	0.224016	3.967308	0.500000
10.094151	1.525737	0.789744	0.500000
10.484712	1.093405	3.185171	0.500000
3.411060	0.550382	0.589206	0.500000
5.785053	1.093210	3.004309	0.500000
12.201157	3.147862	3.934083	0.500000
12.213851	0.705710	2.865900	0.500000
8.941299	7.580584	3.232742	0.500000
10.875133	6.817306	1.671647	0.500000
11.256982	3.703335	2.096983	0.500000
2.952299	1.052477	2.672127	0.500000
1.075944	4.981629	2.893771	0.500000
6.470398	8.799958	2.550817	0.500000
10.367723	8.194013	0.613022	0.500000
11.292587	1.031403	3.826239	0.500000
11.867010	2.050743	3.840396	0.500000
6.668234	4.639912	0.603971	0.500000
7.605651	0.641025	3.398914	0.500000
3.182683	2.037988	1.672546	0.500000
3.513955	2.870746	3.732412	0.500000
3.602318	1.467877	3.437567	0.500000
9.792498	6.063627	0.626423	0.500000
5.538443	1.781251	3.889427	0.500000
4.605628	2.053008	3.446946	0.500000
11.075173	5.013875	1.229947	0.500000
3.967469	0.196879	2.460721	0.500000
1.957701	1.382599	1.457328	0.500000
9.593488	9.019568	0.560198	0.500000
9.194908	3.702541	1.605029	0.500000
1.507553	8.533303	0.554278	0.500000
10.541605	1.647646	2.324028	0.500000
6.326883	9.770142	0.653620	0.500000
1.883901	10.580530	3.005999	0.500000
2.599648	1.537082	3.515558	0.500000
9.760595	3.002761	2.197426	0.500000
4.993640	6.292020	1.041431	0.500000
5.395909	5.322153	0.946995	0.500000
9.660830	7.613577	3.996141	0.500000
7.155244	3.965629	2.955413	0.500000
10.541598	5.145803	3.959998	0.500000
2.854924	4.646582	3.884496	0.500000
3.602822	4.792310	2.100384	0.500000
2.197681	6.146471	0.669145	0.500000
10.220191	5.067414	0.530362	0.500000
4.792659	9.021965	3.722843	0.500000
6.194551	8.382509	1.652182	0.500000
8.607787	4.053076	3.654868	0.500000
10.315561	9.015344	3.144267	0.500000
7.208521	3.279150	0.817934	0.500000
3.046313	8.789485	1.451534	0.500000
2.068531	1.977266	2.256063	0.500000
6.008847	1.142528	0.878113	0.500000
1.341839	6.659602	1.695002	0.500000
2.219694	7.394719	2.632557	0.500000
9.334642	7.982782	0.708034	0.500000
2.205889	6.982595	3.601041	0.500000
8.895423	9.644020	3.967215	0.500000
10.463670	4.908951	2.091504	0.500000
0.576893	3.656947	2.919010	0.500000
1.245881	9.166976	3.980773	0.500000
7.135026	5.823772	3.719882	0.500000
5.754245	7.829831	3.990981	0.500000
6.379600	1.201573	3.955413	0.500000
12.344779	4.492201	0.751613	0.500000
8.024223	2.416105	0.525276	0.500000
8.235454	2.210691	1.610233	0.500000
9.215055	6.942346	0.774600	0.500000
2.605563	8.524789	2.688654	0.500000
5.890016	4.563355	3.570719	0.500000
0.625681	3.624487	0.514875	0.500000
1.661431	4.204730	2.367981	0.500000
7.538278	7.952896	3.962313	0.500000
1.145265	1.883077	1.876103	0.500000
4.859416	4.689540	3.723045	0.500000
3.481159	10.619338	1.628799	0.500000
3.013149	7.779649	2.119046	0.500000
6.608864	7.858947	3.309164	0.500000
10.932898	9.221516	1.049813	0.500000
5.385989	6.808641	2.481032	0.500000
0.410383	2.477354	0.691294	0.500000
8.081166	8.227891	2.865173	0.500000
11.809104	6.893248	2.182418	0.500000
6.251881	3.320495	3.012665	0.500000
1.063620	7.595763	2.112898	0.500000
1.867183	0.562453	0.629450	0.500000
8.509171	9.431189	0.606828	0.500000
8.395990	0.299676	1.640267	0.500000
4.843045	1.530226	2.339906	0.500000
6.564400	2.221413	3.902646	0.500000
5.456282	0.645298	3.932816	0.500000
2.259565	4.767824	0.627563	0.500000
3.947227	3.494468	1.508164	0.500000
5.378292	9.846432	3.737384	0.500000
7.996409	10.582274	2.469507	0.500000
5.186876	5.550126	3.145448	0.500000
12.177439	9.838538	0.780934	0.500000
10.523370	7.106183	2.601426	0.500000
7.239370	3.100041	1.937955	0.500000
0.456465	6.101300	2.113151	0.500000
2.687535	3.185044	0.846712	0.500000
10.253789	7.167856	0.872458	0.500000
11.561168	2.882536	1.510802	0.500000
0.259538	1.609065	2.795389	0.500000
8.379668	5.625190	3.036441	0.500000
11.218224	4.246662	0.532345	0.500000
9.853452	4.420645	3.874738	0.500000
7.935707	7.735081	0.723304	0.500000
4.697430	5.378907	1.672791	0.500000
9.094214	5.264492	0.577137	0.500000
10.763068	2.120326	1.467673	0.500000
8.899036	1.975119	3.834647	0.500000
9.178031	9.664562	1.485604	0.500000
1.295153	10.390052	0.513343	0.500000
1.954515	9.420249	3.137254	0.500000
6.311824	4.373396	1.752142	0.500000
0.104168	9.108160	3.043929	0.500000
7.532089	1.405572	0.940358	0.500000
2.499802	9.934142	1.441540	0.500000
9.224253	8.743852	2.918585	0.500000
7.390855	6.354398	1.602813	0.500000
0.275015	8.612356	0.976296	0.500000
5.891144	0.019831	2.643808	0.500000
0.623623	7.483171	3.886961	0.500000
4.900362	2.666656	2.230878	0.500000
6.722563	1.683826	2.868263	0.500000
5.889477	3.928338	0.622177	0.500000
4.497934	8.355074	2.753871	0.500000
6.149252	5.974800	3.816050	0.500000
8.535463	1.009812	3.860645	0.500000
3.055383	9.517848	2.835633	0.500000
3.092946	3.123520	2.013501	0.500000
5.831614	2.075903	2.624490	0.500000
5.592663	7.801005	2.695970	0.500000
9.319433	2.407706	1.004503	0.500000
5.140625	1.537538	1.301702	0.500000
11.119999	4.805249	3.143824	0.500000
8.252367	5.523428	1.126068	0.500000
3.571579	5.734298	3.010567	0.500000
8.801722	7.988416	1.968303	0.500000
10.060096	4.946668	3.012155	0.500000
