400

4.816077	7.826825	3.449589	0.500000
10.550013	3.189191	0.513368	0.500000
7.977670	4.736319	3.590940	0.500000
0.423819	3.944205	2.315543	0.500000
3.222403	1.648577	0.551739	0.500000
11.522059	10.715821	1.618893	0.500000
1.642917	9.558826	3.872577	0.500000
1.403924	10.862727	1.937349	0.500000
8.818314	9.777707	2.173400	0.500000
8.440355	7.426298	1.277905	0.500000
1.952900	6.076100	2.547605	0.500000
10.399581	5.258471	1.943194	0.500000
3.494502	2.251587	1.982699	0.500000
9.956423	6.300446	1.592444	0.500000
2.339714	9.049202	3.174158	0.500000
9.592865	7.897997	3.971874	0.500000
1.199964	1.268170	3.980123	0.500000
2.845869	10.377001	3.973092	0.500000
8.528064	11.061399	3.967246	0.500000
8.681063	1.292668	1.876324	0.500000
1.318242	2.244353	1.306883	0.500000
0.515676	2.229482	3.962427	0.500000
5.929274	10.147364	3.981085	0.500000
2.489658	3.038359	3.929313	0.500000
1.572637	2.439575	3.766030	0.500000
6.006195	9.954284	2.879716	0.500000
2.028077	1.364963	1.925916	0.500000
8.248971	10.376777	1.609259	0.500000
4.842018	2.606343	1.639775	0.500000
7.073380	3.003541	1.355366	0.500000
1.867009	5.078810	0.577625	0.500000
7.431052	9.537137	1.075696	0.500000
6.594167	7.964859	1.179082	0.500000
1.937835	0.591072	3.749777	0.500000
8.300999	2.625151	3.220063	0.500000
5.861585	10.981858	0.506718	0.500000
7.601553	8.316701	2.907956	0.500000
11.092097	1.311082	2.696899	0.500000
6.333636	10.882910	3.219819	0.500000
2.450960	4.260441	1.827970	0.500000
6.176919	3.516522	2.012107	0.500000
5.859388	2.652712	1.236953	0.500000
4.784224	4.477038	3.955975	0.500000
8.937498	7.564642	2.164080	0.500000
6.860813	10.422899	0.570557	0.500000
3.189468	10.399980	0.556255	0.500000
0.887543	6.322311	2.592826	0.500000
9.321011	2.848337	2.448524	0.500000
1.514101	2.141321	2.681761	0.500000
0.343337	2.731763	0.518422	0.500000
8.575166	7.623414	3.895885	0.500000
3.335954	8.114130	2.113344	0.500000
10.490926	4.346454	0.558766	0.500000
8.197962	10.025026	3.905417	0.500000
8.812374	11.392268	1.898799	0.500000
3.115599	9.147208	3.873705	0.500000
11.185878	9.816130	3.760751	0.500000
0.115805	2.994482	2.871765	0.500000
1.737093	8.044065	2.025373	0.500000
4.239870	3.153268	2.704222	0.500000
11.194518	3.443878	3.898131	0.500000
5.355307	5.729649	2.222046	0.500000
7.197239	4.580748	2.769429	0.500000
10.246906	2.201068	0.628062	0.500000
9.010587	8.865523	1.645921	0.500000
10.994555	4.568575	2.660534	0.500000
10.711999	1.007321	3.628461	0.500000
1.147148	6.931624	3.404106	0.500000
3.377682	2.391944	3.231946	0.500000
2.721663	7.487656	1.588060	0.500000
11.334669	7.881561	0.620953	0.500000
0.976033	6.464951	1.465877	0.500000
6.946839	5.504499	0.593284	0.500000
4.259349	6.632950	3.604077	0.500000
6.023045	6.733974	0.560827	0.500000
3.235202	4.613207	2.577043	0.500000
4.174057	5.855661	1.661676	0.500000
5.982639	7.785482	3.901775	0.500000
6.984629	4.079007	0.571740	0.500000
9.736812	10.340989	1.530277	0.500000
0.407626	1.770775	1.002674	0.500000
0.945168	7.930443	3.988489	0.500000
6.340534	7.922084	2.176916	0.500000
6.302191	5.930785	1.330020	0.500000
10.713952	9.469815	2.357416	0.500000
2.648667	9.386157	0.608211	0.500000
5.449689	8.206257	1.761466	0.500000
5.809278	5.000449	3.870053	0.500000
6.108511	1.471535	0.522921	0.500000
6.798494	8.483310	3.736652	0.500000
1.395684	0.832912	2.801888	0.500000
6.076070	4.935311	1.111579	0.500000
4.184622	1.650624	2.870841	0.500000
7.318433	4.043943	3.987338	0.500000
2.253443	6.223054	1.541957	0.500000
2.159653	4.149181	2.791147	0.500000
0.091398	11.209198	0.512443	0.500000
9.011038	11.000560	0.648496	0.500000
7.773000	11.370437	0.946354	0.500000
6.974667	0.117669	3.727766	0.500000
3.775049	0.623080	0.734320	0.500000
2.032271	2.399046	0.592677	0.500000
5.168383	1.070300	3.950261	0.500000
5.281946	11.281315	2.955329	0.500000
9.103374	9.149304	3.949671	0.500000
10.263135	1.779665	3.091777	0.500000
9.000298	2.128494	3.990957	0.500000
11.098065	2.245265	1.264637	0.500000
9.168420	3.339982	1.364790	0.500000
4.346340	11.311020	0.589977	0.500000
5.374666	2.379003	3.945544	0.500000
0.707473	8.100253	1.738376	0.500000
7.134837	0.119569	1.687165	0.500000
6.434355	2.345992	3.937001	0.500000
8.135033	8.948149	0.559822	0.500000
6.494552	6.539632	3.576819	0.500000
0.961918	0.502480	0.527574	0.500000
2.255804	6.691183	0.570585	0.500000
4.553388	7.709149	2.364526	0.500000
4.397372	10.035694	0.587968	0.500000
9.927756	11.232502	2.019844	0.500000
4.543528	8.846286	0.602683	0.500000
1.268083	3.676280	3.067019	0.500000
0.239447	7.208698	1.584487	0.500000
0.190804	6.936922	0.578346	0.500000
9.534582	0.796851	1.569077	0.500000
5.338207	10.192894	0.942802	0.500000
1.430541	9.499837	2.810896	0.500000
11.218278	2.052794	3.387513	0.500000
3.273463	9.649571	2.969542	0.500000
5.416439	9.817974	2.068877	0.500000
4.652312	6.514671	0.967950	0.500000
1.291877	9.103423	1.874103	0.500000
2.527866	8.699259	2.248359	0.500000
0.819729	10.925839	2.872239	0.500000
3.869066	0.784870	3.454970	0.500000
9.022309	8.121665	0.653944	0.500000
7.824253	4.887395	0.528521	0.500000
1.492681	5.395014	1.592154	0.500000
5.332396	9.265397	3.705588	0.500000
9.491983	1.693235	2.348318	0.500000
1.314047	11.161448	0.900868	0.500000
5.145678	4.409813	0.524921	0.500000
4.538022	8.749675	1.901066	0.500000
2.657082	6.975532	2.708181	0.500000
2.297132	11.113872	1.544303	0.500000
10.483912	2.495974	3.902846	0.500000
4.352558	8.809885	3.947432	0.500000
5.003480	10.602382	3.886970	0.500000
1.230891	6.100596	0.568502	0.500000
10.082927	8.407658	3.046939	0.500000
4.294102	0.005866	2.786770	0.500000
8.864511	4.347180	0.504764	0.500000
2.445090	4.874559	3.581830	0.500000
11.345805	0.784107	0.518510	0.500000
3.419905	0.487785	2.531138	0.500000
7.366639	3.295248	3.213283	0.500000
5.570155	0.241920	1.950787	0.500000
2.775337	7.908316	3.059256	0.500000
9.309565	2.715141	0.536722	0.500000
10.313700	7.892100	0.745170	0.500000
11.134166	10.252126	0.529248	0.500000
3.670743	1.267627	1.950485	0.500000
6.393225	5.251209	2.876556	0.500000
10.860130	6.396766	3.929277	0.500000
3.605462	9.229958	1.008634	0.500000
4.252456	5.581374	0.573458	0.500000
8.725326	4.763824	2.681929	0.500000
3.684772	7.310417	2.924096	0.500000
3.701744	10.739052	2.475213	0.500000
8.951208	6.596970	2.675521	0.500000
7.621928	1.584345	1.966580	0.500000
7.123424	10.168376	3.895012	0.500000
8.061976	10.366122	0.607184	0.500000
0.360326	5.777121	1.032573	0.500000
6.171893	7.001168	1.582571	0.500000
0.523081	8.951523	0.597662	0.500000
0.653031	7.371125	2.540300	0.500000
5.676958	1.324295	2.632034	0.500000
10.813151	0.257832	2.356698	0.500000
7.460532	10.160514	2.484833	0.500000
9.464670	0.204734	2.850290	0.500000
11.433616	1.302340	1.745444	0.500000
0.416133	8.986132	2.508551	0.500000
6.589115	4.442830	1.964949	0.500000
8.213907	10.869784	2.753819	0.500000
5.678433	7.364278	2.719993	0.500000
6.154673	4.283426	3.142616	0.500000
10.436896	4.276389	3.815029	0.500000
7.539580	7.826760	0.809605	0.500000
9.459605	7.603697	3.022114	0.500000
1.689924	7.094040	2.481582	0.500000
11.166671	7.111582	2.508975	0.500000
3.615511	9.396102	2.004558	0.500000
2.278065	3.021620	2.322171	0.500000
2.487116	1.013490	2.952419	0.500000
4.220705	2.215913	3.912831	0.500000
7.205743	6.412600	1.625733	0.500000
8.694128	5.573238	0.808854	0.500000
10.124806	9.443127	3.924976	0.500000
10.347277	11.082458	3.830319	0.500000
8.240510	8.391876	2.080669	0.500000
0.151610	0.165658	1.509162	0.500000
11.367931	5.033198	3.832080	0.500000
10.048000	5.778636	3.924387	0.500000
9.427433	0.453817	0.626135	0.500000
3.044321	6.845700	3.852144	0.500000
4.354564	9.663316	2.746819	0.500000
11.192372	0.169802	3.324237	0.500000
6.601447	2.368241	1.989019	0.500000
8.843387	6.569561	0.637164	0.500000
2.595829	11.346913	3.814947	0.500000
8.547417	5.661653	3.883698	0.500000
2.928515	3.961396	3.946011	0.500000
4.070305	7.913112	0.869444	0.500000
9.312816	1.627243	0.583634	0.500000
10.335225	6.590395	3.084487	0.500000
7.355550	1.148243	1.063444	0.500000
4.473828	1.892116	0.845755	0.500000
4.079152	4.187443	0.809161	0.500000
4.515778	3.271841	3.690964	0.500000
5.779452	8.190436	0.576983	0.500000
10.321913	10.868476	0.843196	0.500000
8.114520	2.477402	2.154783	0.500000
0.830190	7.884017	0.711562	0.500000
4.863315	6.690084	2.723386	0.500000
0.971049	1.021383	1.857806	0.500000
2.701246	5.710375	0.528385	0.500000
1.636188	8.741826	0.913680	0.500000
9.563372	9.403356	2.737450	0.500000
8.784556	8.409394	3.091905	0.500000
5.485387	3.581546	3.867519	0.500000
0.644155	5.005412	2.097566	0.500000
9.935440	4.286878	1.458239	0.500000
4.464650	3.078405	0.602258	0.500000
3.277933	3.663971	1.972285	0.500000
4.567615	0.155990	3.953019	0.500000
6.464014	1.053082	3.959128	0.500000
6.739385	8.911350	0.644461	0.500000
6.256649	9.190135	1.612263	0.500000
5.498979	6.721038	3.760305	0.500000
10.122706	8.729345	1.793936	0.500000
9.351351	10.288183	3.782502	0.500000
4.659547	5.481898	3.884267	0.500000
1.285475	3.355840	0.576261	0.500000
3.626915	11.372279	3.814345	0.500000
8.195040	3.076702	0.517817	0.500000
8.225889	7.211169	2.994607	0.500000
0.261251	3.760320	0.510985	0.500000
8.948850	5.759239	1.976253	0.500000
2.601804	1.998639	3.759674	0.500000
9.619376	1.323366	3.878115	0.500000
1.942454	8.314727	3.898012	0.500000
4.742559	8.665525	2.905987	0.500000
3.019182	5.842241	2.983538	0.500000
0.573471	5.330174	3.142315	0.500000
5.125412	2.415384	2.741235	0.500000
2.146628	10.645167	0.575064	0.500000
3.324710	4.859072	0.549868	0.500000
7.410111	11.516108	2.676875	0.500000
5.989223	2.953634	2.921375	0.500000
3.268605	3.435921	3.137997	0.500000
3.732866	7.715312	3.920530	0.500000
10.622285	3.164522	3.116726	0.500000
2.765505	7.957858	0.537284	0.500000
8.692675	1.287683	3.445436	0.500000
9.250510	6.678254	3.790608	0.500000
4.130077	4.209226	2.317743	0.500000
7.257995	6.661111	2.730295	0.500000
2.384881	5.972226	3.876207	0.500000
1.073257	3.060191	2.217203	0.500000
4.047341	9.973031	3.826711	0.500000
6.897113	10.190183	1.646455	0.500000
8.092080	0.681814	2.432141	0.500000
9.187219	2.199169	1.490172	0.500000
0.511813	1.967268	2.735022	0.500000
4.946265	0.935397	0.641675	0.500000
0.709232	3.337311	3.873597	0.500000
7.574832	6.458084	3.860063	0.500000
5.731103	8.423296	2.989426	0.500000
10.683909	6.716747	1.021533	0.500000
0.299237	0.661749	2.509196	0.500000
8.267477	2.100016	1.062114	0.500000
4.714128	0.865068	2.468732	0.500000
7.605333	9.107485	3.759472	0.500000
6.485114	3.481489	3.838077	0.500000
9.033447	0.392942	3.965994	0.500000
9.305190	5.057319	3.633113	0.500000
1.254295	4.662977	2.824213	0.500000
7.922694	5.477657	1.649396	0.500000
10.080388	7.226773	2.309112	0.500000
4.195449	5.390965	2.961979	0.500000
3.571205	6.690809	0.792124	0.500000
9.207211	9.765810	0.748150	0.500000
6.636333	8.925458	2.846247	0.500000
4.650192	0.475402	1.487637	0.500000
10.973365	2.324376	2.262085	0.500000
1.706757	11.310785	3.137666	0.500000
6.717153	7.433351	3.147069	0.500000
2.958469	0.793411	3.958074	0.500000
1.379074	4.103148	1.908432	0.500000
1.697397	9.978871	1.529566	0.500000
2.817380	10.017636	1.979139	0.500000
5.237689	7.371813	1.134587	0.500000
2.130508	7.289954	3.605350	0.500000
10.587084	9.731494	1.298315	0.500000
8.898840	4.653287	1.646946	0.500000
1.343127	1.519361	0.536062	0.500000
8.334815	3.529578	3.934238	0.500000
1.304954	8.406461	2.938072	0.500000
4.986715	3.787643	2.957837	0.500000
9.846841	5.568278	0.638813	0.500000
11.119537	4.100669	1.516198	0.500000
3.223373	2.801003	0.572413	0.500000
0.854658	6.052760	3.875058	0.500000
10.495383	7.444592	3.831626	0.500000
6.817571	11.483636	0.571347	0.500000
8.071021	5.830136	2.922412	0.500000
5.577188	1.380075	1.398176	0.500000
9.765472	8.791252	0.558399	0.500000
7.132917	1.146077	3.002289	0.500000
3.156606	3.818146	0.657574	0.500000
2.860867	11.399910	0.576558	0.500000
6.961283	5.383578	3.765401	0.500000
10.840640	8.977805	0.548973	0.500000
10.363321	1.385306	1.757950	0.500000
3.170284	6.576374	1.775025	0.500000
10.224158	1.196597	0.717080	0.500000
6.055438	3.817553	0.966405	0.500000
10.848505	7.955868	1.678434	0.500000
0.016765	6.243780	3.187009	0.500000
7.397014	1.857300	3.716169	0.500000
7.231089	5.628833	2.405067	0.500000
7.261929	7.511468	1.794889	0.500000
10.772877	8.409381	3.973188	0.500000
3.208478	0.214745	1.527971	0.500000
6.689471	2.363861	0.522728	0.500000
11.452537	4.841369	0.548670	0.500000
2.428413	5.180193	2.289931	0.500000
8.238773	6.531788	1.866889	0.500000
2.716467	10.908347	2.603075	0.500000
2.041428	10.328180	3.224945	0.500000
0.664430	10.046595	2.060700	0.500000
9.240796	4.080219	3.406874	0.500000
2.454952	3.240393	1.298789	0.500000
9.493188	3.132402	3.630687	0.500000
9.612683	7.174957	1.134229	0.500000
7.285305	8.836708	1.941491	0.500000
4.842649	10.889920	2.040251	0.500000
8.513160	0.614767	1.073958	0.500000
4.904393	4.875889	1.413321	0.500000
3.827770	10.640992	1.442610	0.500000
9.843905	10.758751	2.903466	0.500000
9.723898	5.560251	2.722385	0.500000
0.163666	7.250261	3.726697	0.500000
10.359091	2.961472	1.625119	0.500000
0.901675	0.111881	3.864794	0.500000
11.102307	6.209180	1.794986	0.500000
1.298394	4.382139	3.929904	0.500000
2.098309	0.497719	0.777972	0.500000
4.671731	3.614553	1.590377	0.500000
6.254433	6.186813	2.341563	0.500000
10.920817	10.833202	2.756033	0.500000
0.196612	8.719820	3.832152	0.500000
10.771762	5.657181	2.852351	0.500000
7.460737	6.437359	0.547309	0.500000
5.582626	4.425850	2.069973	0.500000
10.956856	5.726858	0.538301	0.500000
3.857397	6.318349	2.506683	0.500000
5.461357	5.513691	0.526729	0.500000
3.854464	3.016272	1.435955	0.500000
11.382923	7.948351	3.041138	0.500000
2.649639	2.061357	1.453390	0.500000
0.382633	9.855108	3.059653	0.500000
7.225426	3.603375	2.229099	0.500000
0.252721	10.876706	3.749327	0.500000
7.737101	0.869080	3.854868	0.500000
0.777787	4.588979	1.133653	0.500000
7.955727	3.658740	1.432869	0.500000
3.733660	4.928101	1.708917	0.500000
0.306816	3.202054	1.571929	0.500000
5.574559	5.744727	3.217398	0.500000
5.915798	9.469726	0.522308	0.500000
11.386914	8.817056	1.450233	0.500000
6.533311	0.980432	2.154830	0.500000
6.018090	10.876129	2.009311	0.500000
8.117702	3.753143	2.708443	0.500000
1.641230	7.403052	1.238552	0.500000
0.408363	4.212955	3.491018	0.500000
5.932022	0.456889	0.696055	0.500000
3.804401	4.527277	3.704544	0.500000
1.466216	9.876742	0.551700	0.500000
0.581922	10.298257	0.924658	0.500000
7.582985	7.847216	3.969914	0.500000
10.527044	0.335565	1.374343	0.500000
5.950210	0.114492	3.850247	0.500000
2.015623	0.369534	2.109213	0.500000
8.258688	9.283374	2.929410	0.500000
10.167207	3.764089	2.373462	0.500000
2.702434	1.922590	2.532107	0.500000
