300

0.501560	10.146651	0.588141	0.500000
1.507415	10.066222	0.513106	0.500000
3.282226	9.468684	0.511174	0.500000
4.270848	9.679805	0.548602	0.500000
5.272943	9.758984	0.545017	0.500000
6.387705	9.846265	0.533473	0.500000
6.796713	0.571206	0.697105	0.500000
7.813232	0.592889	0.608867	0.500000
8.981137	0.762271	0.518721	0.500000
10.040033	0.810803	0.539585	0.500000
0.351911	1.675488	0.631642	0.500000
0.926060	0.824926	0.536818	0.500000
2.606471	0.009831	0.587234	0.500000
3.624287	0.279383	0.632450	0.500000
4.686384	0.365611	0.655617	0.500000
5.761143	0.459264	0.536966	0.500000
6.193904	1.444493	0.705486	0.500000
7.195559	1.543396	0.586039	0.500000
8.403979	1.572897	0.620544	0.500000
9.495837	1.652748	0.593019	0.500000
1.419706	1.773618	0.549379	0.500000
2.148903	0.921609	0.517607	0.500000
3.112744	1.199066	0.523809	0.500000
4.134294	1.214500	0.563456	0.500000
5.175073	1.330019	0.574628	0.500000
5.606198	2.262333	0.669768	0.500000
6.611360	2.363148	0.521579	0.500000
7.939413	2.507674	0.577413	0.500000
9.094345	2.652540	0.794975	0.500000
10.136250	2.696059	0.600177	0.500000
0.900802	2.690129	0.500981	0.500000
1.692402	3.676139	0.572592	0.500000
2.484105	2.032631	0.577287	0.500000
3.495214	2.249713	0.668122	0.500000
4.544817	2.218850	0.628984	0.500000
5.052511	3.082858	0.526990	0.500000
6.061593	3.239612	0.548826	0.500000
7.281168	3.364731	0.554729	0.500000
8.368601	3.418837	0.510894	0.500000
9.552308	3.589495	0.550070	0.500000
0.416948	3.620481	0.622298	0.500000
2.434247	4.641903	0.515597	0.500000
2.625591	3.247449	0.627908	0.500000
3.308295	4.065475	0.639465	0.500000
4.595016	3.998600	0.527838	0.500000
5.587417	4.118411	0.603143	0.500000
6.640013	4.137428	0.521504	0.500000
7.964230	4.381994	0.620946	0.500000
8.981277	4.460029	0.534308	0.500000
10.060100	4.562292	0.530642	0.500000
0.295793	5.472907	0.558033	0.500000
1.002538	4.515205	0.506304	0.500000
1.535478	5.481947	0.533703	0.500000
2.516516	5.658589	0.781897	0.500000
4.002475	4.837198	0.560523	0.500000
4.994944	4.944207	0.649376	0.500000
6.066071	5.020249	0.659608	0.500000
7.100832	5.052473	0.596124	0.500000
8.355052	5.347388	0.523768	0.500000
9.426403	5.432098	0.503195	0.500000
0.845534	6.312808	0.724987	0.500000
1.850917	6.526544	0.742432	0.500000
2.859525	6.579650	0.546173	0.500000
3.530877	5.754159	0.611937	0.500000
4.533636	5.940488	0.675707	0.500000
5.532646	6.063889	0.601261	0.500000
6.555395	5.932482	0.514404	0.500000
7.626883	6.026078	0.646552	0.500000
8.808454	6.236652	0.669507	0.500000
9.788254	6.385147	0.515874	0.500000
10.182827	7.356979	0.526279	0.500000
1.150073	7.277965	0.594604	0.500000
2.167292	7.486109	0.563717	0.500000
3.263161	7.519487	0.522693	0.500000
3.951972	6.759959	0.550676	0.500000
4.948716	6.927550	0.682393	0.500000
6.009198	7.088605	0.550089	0.500000
7.045077	6.847610	0.548395	0.500000
8.117063	6.978463	0.541262	0.500000
9.167524	7.175004	0.575333	0.500000
0.453694	8.225141	0.542591	0.500000
1.583798	8.377111	0.568966	0.500000
2.733466	8.380974	0.623026	0.500000
4.335266	7.721009	0.599828	0.500000
5.326523	7.873446	0.529261	0.500000
6.426145	8.003926	0.531391	0.500000
7.443133	7.921389	0.558113	0.500000
8.614535	8.012138	0.631972	0.500000
9.065635	9.075392	0.506603	0.500000
9.616312	8.173190	0.647593	0.500000
0.013811	9.139903	0.545745	0.500000
1.014598	9.202663	0.640171	0.500000
2.182266	9.301921	0.537455	0.500000
3.735112	8.549866	0.506554	0.500000
4.725079	8.732259	0.540172	0.500000
5.765103	8.840843	0.544958	0.500000
6.950914	9.010269	0.547351	0.500000
7.993410	8.799067	0.643874	0.500000
8.449605	9.994163	0.626920	0.500000
9.552958	9.944807	0.681947	0.500000
9.491418	0.642428	1.506063	0.500000
0.426152	0.704407	1.531159	0.500000
1.634545	0.581750	1.538585	0.500000
2.804515	0.581861	1.403685	0.500000
4.065531	0.662828	1.523909	0.500000
5.724821	10.095739	1.410442	0.500000
6.259622	0.820034	1.582777	0.500000
7.411014	9.900251	0.652392	0.500000
7.401030	0.807481	1.625410	0.500000
8.474404	0.780836	1.490437	0.500000
1.030230	1.635793	1.497505	0.500000
2.278579	1.436323	1.526502	0.500000
3.277424	1.571233	1.549664	0.500000
4.652502	1.644470	1.521395	0.500000
5.173178	0.698199	1.577078	0.500000
5.666605	1.676068	1.592066	0.500000
6.794426	1.704286	1.576488	0.500000
7.890486	1.681103	1.478402	0.500000
8.963891	1.723939	1.576171	0.500000
10.124859	1.586385	1.539611	0.500000
1.564285	2.461331	1.282354	0.500000
2.766591	2.519850	1.506940	0.500000
3.988914	2.413773	1.550389	0.500000
4.392473	3.483866	1.588805	0.500000
5.034049	2.612798	1.599248	0.500000
6.150796	2.638668	1.511471	0.500000
7.161546	2.744048	1.330987	0.500000
8.299313	2.570961	1.721406	0.500000
9.646382	2.478918	1.614786	0.500000
0.450065	2.522899	1.433608	0.500000
0.883622	3.431309	1.584921	0.500000
2.086932	3.457562	1.562504	0.500000
2.617628	4.311670	1.452337	0.500000
3.364081	3.323794	1.414012	0.500000
4.050567	3.097698	0.698681	0.500000
5.532416	3.490682	1.570664	0.500000
6.566567	3.549535	1.557537	0.500000
7.928152	3.454458	1.413116	0.500000
8.990224	3.341820	1.545045	0.500000
10.069620	3.419084	1.514178	0.500000
0.414526	4.348989	1.348830	0.500000
0.766832	5.301907	1.628116	0.500000
1.940253	5.201507	1.494974	0.500000
3.255801	5.231480	1.438590	0.500000
3.785021	4.362510	1.524767	0.500000
4.949222	4.338350	1.512808	0.500000
6.053456	4.436337	1.543067	0.500000
7.276289	4.458280	1.406102	0.500000
8.410864	4.447961	1.515631	0.500000
9.438584	4.296672	1.544914	0.500000
0.075075	6.114077	1.454486	0.500000
1.291131	6.296896	1.686265	0.500000
2.302400	6.259445	1.604911	0.500000
3.363302	6.388531	1.404180	0.500000
4.299226	5.233946	1.463784	0.500000
5.411045	5.307531	1.532362	0.500000
6.599629	5.320744	1.452864	0.500000
7.776291	5.360525	1.420615	0.500000
8.902177	5.345410	1.391033	0.500000
9.999115	5.161735	1.356928	0.500000
9.653028	7.308070	1.519055	0.500000
0.512115	7.111698	1.389128	0.500000
1.678067	7.229363	1.597367	0.500000
2.757480	7.270188	1.380722	0.500000
4.309042	7.058995	1.495845	0.500000
5.017069	6.283024	1.520599	0.500000
6.057864	6.182057	1.558131	0.500000
7.104096	6.282288	1.594142	0.500000
8.221739	6.254815	1.493209	0.500000
9.332478	6.343546	1.581150	0.500000
10.149407	8.184582	1.541830	0.500000
1.082833	8.127563	1.514227	0.500000
2.205968	8.174003	1.535901	0.500000
3.516303	7.995337	1.403602	0.500000
4.687524	8.283323	1.465777	0.500000
5.349224	7.342461	1.538800	0.500000
6.476628	7.215083	1.518224	0.500000
7.549064	7.198267	1.380250	0.500000
8.625333	7.176132	1.428546	0.500000
9.082676	8.144169	1.543377	0.500000
9.519299	9.115981	1.446691	0.500000
0.511638	9.095550	1.544623	0.500000
1.662793	9.100987	1.441533	0.500000
2.876087	9.046883	1.394251	0.500000
4.071410	9.106486	1.360702	0.500000
5.310543	9.090370	1.427004	0.500000
5.901303	8.217069	1.381569	0.500000
6.984303	8.163986	1.490386	0.500000
7.999040	8.114427	1.446629	0.500000
8.421853	9.113346	1.532237	0.500000
10.146447	9.986483	1.506892	0.500000
0.984786	10.006931	1.480164	0.500000
2.336704	9.894256	1.549093	0.500000
3.551302	10.030773	1.598387	0.500000
4.674217	9.911335	1.485777	0.500000
6.304675	9.205504	1.409981	0.500000
6.741716	10.132020	1.469493	0.500000
7.302551	9.241243	1.490046	0.500000
7.903201	10.047354	1.539594	0.500000
8.977895	9.990306	1.639629	0.500000
10.160468	0.380569	2.401109	0.500000
1.037246	0.280032	2.419760	0.500000
2.205691	0.324628	2.368402	0.500000
2.762228	1.317085	2.465861	0.500000
3.888089	1.174754	2.424327	0.500000
5.017176	1.283951	2.449539	0.500000
6.039152	1.333416	2.455182	0.500000
7.075671	1.346643	2.484399	0.500000
7.949074	0.355340	2.400504	0.500000
9.004416	0.455431	2.379646	0.500000
9.671836	1.270444	2.494144	0.500000
0.483958	1.385652	2.381064	0.500000
1.622705	1.216420	2.486364	0.500000
3.359794	2.125257	2.434630	0.500000
4.503406	2.178330	2.377706	0.500000
5.556531	2.274881	2.475709	0.500000
6.634456	2.274652	2.486309	0.500000
7.644423	2.168962	2.375799	0.500000
8.985166	2.266985	2.492118	0.500000
8.320740	1.415557	2.453364	0.500000
1.250740	2.243545	2.372447	0.500000
2.318649	2.268540	2.498358	0.500000
2.720429	3.259395	2.443327	0.500000
3.950558	3.020634	2.460379	0.500000
4.997911	3.197074	2.422201	0.500000
6.011722	3.201157	2.405562	0.500000
7.211601	3.105741	2.316492	0.500000
8.198629	3.283988	2.484943	0.500000
9.549308	3.213646	2.386613	0.500000
10.141275	2.203226	2.460471	0.500000
0.356766	3.177600	2.450480	0.500000
1.694195	3.158841	2.483886	0.500000
2.099135	4.126275	2.429322	0.500000
3.305324	4.113023	2.382612	0.500000
4.317829	4.097792	2.492447	0.500000
5.516700	4.135779	2.426927	0.500000
6.793846	4.061873	2.434993	0.500000
7.827865	4.226929	2.404197	0.500000
8.991442	4.044467	2.403894	0.500000
10.054629	4.100686	2.340922	0.500000
0.878087	4.100685	2.429035	0.500000
1.400802	4.337016	1.527267	0.500000
2.706183	4.989286	2.259481	0.500000
3.705959	5.033067	2.392631	0.500000
4.878666	4.977044	2.331757	0.500000
6.021022	5.032131	2.446322	0.500000
7.203816	5.084517	2.269259	0.500000
8.242375	5.158773	2.359923	0.500000
9.479578	5.150204	2.305692	0.500000
0.232924	5.034094	2.489289	0.500000
0.783475	5.873298	2.489143	0.500000
1.465019	4.956732	2.343126	0.500000
1.820803	5.912124	2.488484	0.500000
2.841301	6.021972	2.454092	0.500000
4.170328	6.006481	2.192258	0.500000
5.208639	5.930741	2.486461	0.500000
6.542067	5.885643	2.403937	0.500000
7.668641	5.971783	2.485478	0.500000
8.832121	5.974486	2.433778	0.500000
9.927142	6.121265	2.449687	0.500000
0.125562	7.025248	2.373287	0.500000
1.253945	6.996575	2.476882	0.500000
2.313921	6.959007	2.368310	0.500000
3.428588	6.887807	2.477515	0.500000
4.522684	6.908622	2.468081	0.500000
5.024058	7.844996	2.401444	0.500000
5.854092	6.891264	2.486766	0.500000
6.855799	6.835613	2.429379	0.500000
8.122001	6.873092	2.366316	0.500000
9.300487	6.904030	2.497623	0.500000
9.722700	7.857959	2.385353	0.500000
0.644413	7.891332	2.385470	0.500000
1.743194	7.950510	2.454401	0.500000
2.907819	7.759191	2.245077	0.500000
4.016957	7.748586	2.266634	0.500000
4.489715	8.820440	2.357729	0.500000
5.706388	8.693744	2.369783	0.500000
6.343231	7.854704	2.281933	0.500000
7.520462	7.723335	2.436183	0.500000
8.626393	7.845109	2.484004	0.500000
0.043471	8.706505	2.386709	0.500000
1.137833	8.833058	2.346874	0.500000
2.486453	8.695456	2.473971	0.500000
3.502572	8.847885	2.200107	0.500000
4.014951	9.691407	2.486965	0.500000
5.156197	9.571312	2.435155	0.500000
6.242737	9.616995	2.426689	0.500000
6.909499	8.696845	2.355811	0.500000
8.067504	8.768859	2.464304	0.500000
9.113299	8.780817	2.403737	0.500000
9.665426	9.664424	2.409271	0.500000
0.469318	9.662912	2.445169	0.500000
1.878491	9.516554	2.469935	0.500000
2.912152	9.660932	2.415107	0.500000
3.314044	0.353229	2.472072	0.500000
4.595139	0.359452	2.499609	0.500000
5.589634	0.257042	2.433596	0.500000
6.568881	0.454211	2.499543	0.500000
7.439226	9.665871	2.495984	0.500000
8.552102	9.644474	2.476908	0.500000
