300

0.236340	10.142147	0.668344	0.500000
1.234244	10.145311	0.544059	0.500000
2.944547	9.369326	0.512889	0.500000
3.780741	9.945844	0.653597	0.500000
4.941811	9.852794	0.510589	0.500000
5.997021	9.972386	0.556616	0.500000
6.451994	0.703733	0.607022	0.500000
7.662324	0.733894	0.623880	0.500000
8.932599	0.880721	0.513539	0.500000
9.917906	0.772267	0.778636	0.500000
0.197784	1.778474	0.547259	0.500000
0.675093	0.818472	0.555957	0.500000
2.316606	10.200741	0.526028	0.500000
3.148268	0.604030	0.519261	0.500000
4.397968	0.505372	0.575676	0.500000
5.396801	0.556589	0.537938	0.500000
5.871906	1.527170	0.506372	0.500000
7.150909	1.586114	0.507175	0.500000
8.164318	1.618970	0.575678	0.500000
9.332852	1.810066	0.557400	0.500000
1.197988	1.757561	0.533884	0.500000
1.784068	0.940435	0.650702	0.500000
2.600469	1.541543	0.671659	0.500000
3.763994	1.412149	0.523613	0.500000
4.860053	1.399995	0.511209	0.500000
5.392112	2.426087	0.637352	0.500000
6.472558	2.401042	0.556065	0.500000
7.605158	2.510845	0.523574	0.500000
8.610963	2.543431	0.606617	0.500000
9.839149	2.689548	0.627460	0.500000
0.747219	2.698235	0.563936	0.500000
1.315432	3.703760	0.511232	0.500000
1.848638	2.747827	0.639373	0.500000
3.152753	2.433049	0.610609	0.500000
4.154031	2.357089	0.523825	0.500000
4.893854	3.316366	0.549987	0.500000
5.926732	3.290350	0.686977	0.500000
6.956551	3.358387	0.547690	0.500000
8.117917	3.445387	0.562660	0.500000
9.187608	3.564345	0.505371	0.500000
0.115542	3.590476	0.664128	0.500000
1.477685	4.735406	0.534814	0.500000
2.467013	3.597524	0.503597	0.500000
2.543724	4.615655	0.564517	0.500000
4.297108	4.156754	0.504701	0.500000
5.378697	4.230930	0.622293	0.500000
6.442731	4.256623	0.537010	0.500000
7.443666	4.332634	0.528996	0.500000
8.602297	4.526495	0.525508	0.500000
9.647228	4.553153	0.694439	0.500000
10.058986	5.513967	0.639342	0.500000
0.399731	4.539741	0.502414	0.500000
0.941634	5.581149	0.624611	0.500000
1.941426	5.648309	0.538425	0.500000
3.605936	4.880295	0.602237	0.500000
4.804678	5.125057	0.695314	0.500000
5.858886	5.150076	0.538009	0.500000
6.945167	5.267227	0.540984	0.500000
7.973579	5.357566	0.509348	0.500000
9.036184	5.483174	0.606350	0.500000
0.329805	6.407374	0.523310	0.500000
1.367481	6.501469	0.586494	0.500000
2.412995	6.550655	0.652552	0.500000
3.088009	5.743871	0.594699	0.500000
4.257739	5.981055	0.578129	0.500000
5.324663	6.001764	0.501172	0.500000
6.322713	6.121187	0.525671	0.500000
7.408889	6.365897	0.695865	0.500000
8.503671	6.402816	0.667607	0.500000
9.505925	6.365619	0.535655	0.500000
9.967097	7.390942	0.554424	0.500000
0.851329	7.386917	0.584094	0.500000
1.899470	7.427659	0.574365	0.500000
2.904434	7.535272	0.525368	0.500000
3.513630	6.701683	0.551877	0.500000
4.746091	6.850837	0.669631	0.500000
5.755666	6.967984	0.567081	0.500000
6.738631	7.195755	0.568455	0.500000
7.831910	7.282349	0.574808	0.500000
8.947420	7.335028	0.579529	0.500000
0.191940	8.347285	0.630823	0.500000
1.291875	8.372878	0.537581	0.500000
2.339542	8.409394	0.618692	0.500000
4.038742	7.714735	0.556107	0.500000
4.995110	8.036644	0.548576	0.500000
6.199681	8.180753	0.577170	0.500000
7.251102	8.126739	0.545436	0.500000
8.384285	8.345017	0.559112	0.500000
8.883235	9.279356	0.552581	0.500000
9.407949	8.416615	0.536216	0.500000
9.951540	9.257077	0.546049	0.500000
0.784943	9.238343	0.558403	0.500000
1.791314	9.277704	0.520817	0.500000
3.376499	8.467242	0.570920	0.500000
4.353199	8.819047	0.502066	0.500000
5.534871	8.963302	0.516239	0.500000
6.680041	9.218904	0.529986	0.500000
7.749084	9.161563	0.559318	0.500000
8.233335	10.146605	0.523681	0.500000
9.403324	10.150988	0.540666	0.500000
9.465453	0.418622	1.685727	0.500000
0.477093	0.365134	1.569087	0.500000
1.478949	0.417212	1.534010	0.500000
2.658142	0.328043	1.511529	0.500000
3.746183	0.447917	1.394888	0.500000
5.460806	9.659317	1.517808	0.500000
5.936506	0.369343	1.492822	0.500000
7.222034	10.067466	0.514291	0.500000
7.015830	0.349083	1.357148	0.500000
8.407101	0.496692	1.455077	0.500000
0.893150	1.368123	1.430065	0.500000
2.034504	1.402621	1.554223	0.500000
3.133496	1.250647	1.614058	0.500000
4.354994	1.257164	1.447695	0.500000
4.903626	0.308325	1.432301	0.500000
5.395286	1.245708	1.469556	0.500000
6.580955	1.298534	1.419353	0.500000
7.759086	1.271975	1.484209	0.500000
8.909320	1.397251	1.431864	0.500000
10.044480	1.355266	1.639309	0.500000
1.260463	2.330815	1.550249	0.500000
2.380740	2.344310	1.507003	0.500000
3.679519	2.132819	1.415760	0.500000
4.083498	3.047767	1.332845	0.500000
4.813671	2.209107	1.459538	0.500000
5.881350	2.204797	1.557349	0.500000
7.213410	2.168581	1.430075	0.500000
8.208495	2.249959	1.552866	0.500000
9.349725	2.368391	1.480420	0.500000
0.105359	2.513370	1.544857	0.500000
0.781009	3.256205	1.500482	0.500000
1.902712	3.269859	1.499059	0.500000
2.124038	4.283644	1.451526	0.500000
2.985754	3.151190	1.419991	0.500000
3.507348	3.391528	0.521834	0.500000
5.286253	3.106695	1.502756	0.500000
6.543568	3.091907	1.531423	0.500000
7.590000	3.218861	1.644566	0.500000
8.575977	3.172655	1.411228	0.500000
9.655462	3.343106	1.419732	0.500000
0.031079	4.280028	1.435809	0.500000
0.530523	5.150813	1.591650	0.500000
1.632438	5.183176	1.510315	0.500000
2.923764	4.969650	1.572467	0.500000
3.488186	4.147565	1.380527	0.500000
4.734384	4.016088	1.436461	0.500000
5.916439	3.974461	1.505221	0.500000
7.001695	4.044792	1.518196	0.500000
8.069402	4.231015	1.358668	0.500000
9.099927	4.180317	1.512523	0.500000
10.119478	6.174125	1.417690	0.500000
0.995997	6.052849	1.578204	0.500000
2.394227	5.897048	1.425800	0.500000
3.484497	5.826398	1.543989	0.500000
4.138825	4.965220	1.602122	0.500000
5.178201	4.977893	1.646891	0.500000
6.275606	4.919429	1.459815	0.500000
7.471657	5.055474	1.409430	0.500000
8.688373	5.114162	1.501209	0.500000
9.715909	5.183312	1.637319	0.500000
9.677381	7.102755	1.514382	0.500000
0.453042	7.171033	1.496915	0.500000
1.871070	6.861818	1.551647	0.500000
2.877464	6.829494	1.608693	0.500000
3.941642	6.727493	1.537461	0.500000
4.752121	5.880271	1.525697	0.500000
5.757976	5.899317	1.547492	0.500000
6.882913	5.985679	1.568970	0.500000
7.973224	5.950842	1.551178	0.500000
9.111941	6.088368	1.475334	0.500000
10.139490	8.028745	1.583272	0.500000
1.234196	7.806918	1.443159	0.500000
2.355856	7.777014	1.398072	0.500000
3.368170	7.806076	1.424713	0.500000
4.469492	7.806838	1.586644	0.500000
5.208894	6.926304	1.562752	0.500000
6.256155	6.868396	1.527963	0.500000
7.282199	6.955990	1.496129	0.500000
8.671814	7.012095	1.529604	0.500000
8.922446	7.993562	1.535899	0.500000
9.520686	8.877601	1.520336	0.500000
0.385153	8.958452	1.480923	0.500000
1.602835	8.737533	1.439882	0.500000
2.830804	8.808100	1.434590	0.500000
3.838403	8.705203	1.432831	0.500000
5.088785	8.685765	1.497640	0.500000
5.688204	7.794935	1.353290	0.500000
6.719111	7.814148	1.412304	0.500000
7.848204	8.030408	1.506581	0.500000
8.375624	8.909506	1.418307	0.500000
10.009608	9.805002	1.534503	0.500000
1.006247	9.750607	1.503668	0.500000
2.055539	9.671605	1.469377	0.500000
3.276617	9.733593	1.541248	0.500000
4.408162	9.551778	1.338724	0.500000
6.096174	8.765225	1.473981	0.500000
6.581342	9.656440	1.451281	0.500000
7.155002	8.765423	1.397935	0.500000
7.585061	9.698496	1.538010	0.500000
8.966830	9.804958	1.402972	0.500000
10.117034	0.087082	2.391172	0.500000
1.023383	0.108462	2.455976	0.500000
2.210951	10.129233	2.448149	0.500000
2.618984	0.838394	2.398661	0.500000
3.670907	0.995050	2.455015	0.500000
4.859358	1.059015	2.312987	0.500000
5.951125	1.158326	2.323252	0.500000
7.003695	1.093092	2.468622	0.500000
7.651700	0.017243	2.433069	0.500000
8.897098	0.045958	2.454048	0.500000
9.309395	1.079163	2.438804	0.500000
0.423675	0.943304	2.430272	0.500000
1.626576	0.971505	2.439551	0.500000
2.832675	1.858473	2.445318	0.500000
4.139013	1.926730	2.427367	0.500000
5.354703	1.973632	2.421800	0.500000
6.574198	1.997949	2.354085	0.500000
7.730624	1.972301	2.395790	0.500000
8.735389	2.043272	2.448792	0.500000
8.130184	0.932017	2.440628	0.500000
0.749546	2.018390	2.404865	0.500000
1.782203	2.043611	2.364463	0.500000
2.261645	2.921779	2.480826	0.500000
3.552498	2.787020	2.316009	0.500000
4.761373	2.834247	2.312650	0.500000
5.862947	2.888910	2.374752	0.500000
7.016559	2.901841	2.463029	0.500000
8.296574	3.024839	2.406059	0.500000
9.314320	2.962577	2.353930	0.500000
9.845993	1.959195	2.439919	0.500000
0.073476	2.904699	2.493496	0.500000
1.265738	3.013079	2.383214	0.500000
1.684246	3.993571	2.308602	0.500000
2.885894	3.716325	2.492920	0.500000
4.109001	3.747078	2.218530	0.500000
5.283889	3.779459	2.316747	0.500000
6.368443	3.753817	2.485444	0.500000
7.516549	3.815830	2.466141	0.500000
8.644807	3.970013	2.386303	0.500000
9.685506	3.910888	2.412123	0.500000
0.652281	3.814199	2.408523	0.500000
1.033013	4.251652	1.466434	0.500000
2.211179	4.884946	2.491789	0.500000
3.586177	4.620176	2.389878	0.500000
4.630844	4.589341	2.487863	0.500000
5.766818	4.712525	2.497446	0.500000
6.829123	4.701244	2.268837	0.500000
7.920100	4.826775	2.343325	0.500000
9.286627	4.850216	2.485594	0.500000
0.134686	4.699175	2.435810	0.500000
0.536747	5.697624	2.443569	0.500000
1.156697	4.854493	2.479209	0.500000
1.645915	5.757505	2.363361	0.500000
2.863942	5.662609	2.344255	0.500000
4.009102	5.552367	2.467537	0.500000
5.245780	5.609787	2.470720	0.500000
6.286840	5.584415	2.486979	0.500000
7.289703	5.612598	2.403595	0.500000
8.529502	5.656841	2.415305	0.500000
9.592324	5.830194	2.489648	0.500000
0.028709	6.580891	2.494938	0.500000
1.058380	6.802673	2.273651	0.500000
2.213793	6.598782	2.454478	0.500000
3.372948	6.522152	2.489556	0.500000
4.583696	6.528464	2.321338	0.500000
4.969767	7.485095	2.430742	0.500000
5.748054	6.507164	2.462174	0.500000
6.755646	6.720032	2.395757	0.500000
7.864243	6.560461	2.356802	0.500000
8.905973	6.624008	2.426758	0.500000
9.596669	7.560456	2.466068	0.500000
0.466979	7.601195	2.428786	0.500000
1.525216	7.694445	2.394832	0.500000
2.658268	7.631788	2.354899	0.500000
3.905809	7.465593	2.482995	0.500000
4.382133	8.369504	2.439687	0.500000
5.386194	8.475868	2.485200	0.500000
6.007985	7.503308	2.487273	0.500000
7.306774	7.600142	2.434013	0.500000
8.396695	7.504403	2.471002	0.500000
10.058075	8.463144	2.497220	0.500000
0.890608	8.515450	2.397138	0.500000
2.173576	8.593928	2.315699	0.500000
3.322469	8.395339	2.463320	0.500000
3.895951	9.371527	2.373475	0.500000
5.054344	9.462147	2.442320	0.500000
6.081615	9.407428	2.354402	0.500000
6.679940	8.445606	2.394190	0.500000
7.869351	8.517158	2.495329	0.500000
8.966662	8.367436	2.478501	0.500000
9.631807	9.414458	2.438260	0.500000
0.494583	9.489601	2.377403	0.500000
1.489619	9.368606	2.324091	0.500000
2.844563	9.345247	2.370257	0.500000
3.372458	0.000183	2.462444	0.500000
4.352372	0.044964	2.243126	0.500000
5.567221	0.165652	2.409315	0.500000
6.602747	0.107423	2.235331	0.500000
7.181739	9.320652	2.459896	0.500000
8.404483	9.352665	2.324591	0.500000
