300

3.178966	6.718887	2.321924	0.500000
7.523315	4.254129	2.973299	0.500000
1.775548	1.068056	2.037957	0.500000
10.337822	2.547249	0.629678	0.500000
4.280649	9.620115	0.504034	0.500000
9.256764	9.658221	1.540754	0.500000
4.726193	6.738324	0.642358	0.500000
6.414535	0.976040	0.657106	0.500000
9.457663	10.511901	0.639307	0.500000
7.586192	3.109069	1.906740	0.500000
2.122628	0.306961	1.472810	0.500000
9.410279	3.810986	1.422399	0.500000
4.495304	2.314929	1.367244	0.500000
0.976483	8.815815	1.499384	0.500000
2.837931	0.495798	2.313788	0.500000
3.935752	10.176122	2.900095	0.500000
7.099555	1.138528	2.447599	0.500000
3.012995	3.026147	1.870378	0.500000
0.691685	3.552753	0.517746	0.500000
0.531091	4.081924	2.764644	0.500000
2.328395	1.935632	2.066775	0.500000
2.918409	10.063396	2.951041	0.500000
10.326468	0.524801	0.613470	0.500000
2.127878	9.420463	2.922152	0.500000
2.048181	6.640324	1.491254	0.500000
3.674524	6.502178	0.519513	0.500000
8.763034	6.777752	2.966671	0.500000
7.754689	6.703169	2.887650	0.500000
7.814611	0.514007	2.873425	0.500000
10.282034	1.465653	1.024372	0.500000
0.649680	1.079528	0.547747	0.500000
1.182965	10.359138	2.962592	0.500000
3.007860	8.648673	2.691869	0.500000
3.325952	2.083708	1.376222	0.500000
1.565160	7.352239	2.133182	0.500000
9.501500	7.518303	2.843851	0.500000
3.834371	9.172241	2.924141	0.500000
3.483914	1.336202	0.532416	0.500000
4.613377	1.136666	1.498552	0.500000
6.637995	2.555779	1.655211	0.500000
0.873301	4.252214	1.818651	0.500000
6.123473	2.148528	0.805149	0.500000
6.137687	6.548526	1.680268	0.500000
2.622566	7.349875	0.571576	0.500000
4.235301	7.234430	2.000591	0.500000
4.669834	8.236206	2.713562	0.500000
10.540444	5.927234	2.304884	0.500000
6.626789	1.912108	2.914768	0.500000
8.571520	0.426857	1.983541	0.500000
4.125025	6.222901	2.829296	0.500000
2.745206	2.167678	0.531174	0.500000
7.181170	7.117165	2.095839	0.500000
4.320368	7.327087	2.998563	0.500000
5.638955	7.606030	2.062171	0.500000
5.433465	3.349918	2.965563	0.500000
3.399833	9.693471	2.144816	0.500000
4.335050	1.855986	2.906574	0.500000
6.447432	3.560595	1.653199	0.500000
7.092641	9.440813	2.826105	0.500000
1.963297	0.703481	2.955908	0.500000
7.717656	4.641920	0.537383	0.500000
2.847155	3.219083	0.503661	0.500000
9.207982	5.972780	1.047279	0.500000
2.266985	2.678132	1.273458	0.500000
4.866782	8.285296	1.625058	0.500000
8.221163	9.961822	1.638789	0.500000
5.532822	4.143884	2.089879	0.500000
6.678647	6.312561	2.582595	0.500000
0.249877	4.674994	0.526324	0.500000
6.064357	8.175069	2.846529	0.500000
1.551608	7.475608	1.134766	0.500000
10.188649	5.934401	0.822653	0.500000
2.067919	10.443231	2.440677	0.500000
3.589151	1.308835	2.133710	0.500000
2.112440	5.587181	1.228754	0.500000
6.145767	10.353155	1.561018	0.500000
10.590613	0.358183	1.925209	0.500000
10.215079	6.920209	0.522709	0.500000
8.752958	4.093152	2.325328	0.500000
0.717120	9.467137	0.513591	0.500000
4.438677	10.570697	1.077094	0.500000
4.990143	1.814320	2.131652	0.500000
3.203961	4.531359	2.945500	0.500000
7.498601	4.440232	1.540914	0.500000
5.604074	7.738194	0.885748	0.500000
3.862269	8.408117	1.962099	0.500000
7.188021	10.296431	1.384767	0.500000
4.693981	4.981073	0.993362	0.500000
9.573489	0.194264	1.650464	0.500000
6.054740	9.211681	2.966961	0.500000
1.120725	9.462249	2.418553	0.500000
0.692427	6.680148	2.961844	0.500000
0.701411	2.196730	0.670858	0.500000
5.910207	5.058483	1.459032	0.500000
2.639806	0.481320	0.529363	0.500000
9.342816	9.331313	0.508014	0.500000
9.529228	2.406826	1.404823	0.500000
6.175876	10.200989	2.821141	0.500000
7.651818	0.691306	1.677942	0.500000
0.422271	7.957126	1.557513	0.500000
7.851781	5.378170	1.215063	0.500000
1.171520	6.435963	1.971623	0.500000
4.829191	0.916706	2.962393	0.500000
3.841250	5.318511	0.505679	0.500000
0.161157	9.533644	2.977814	0.500000
7.318112	9.683469	0.562813	0.500000
0.903276	1.086927	2.858253	0.500000
8.525456	2.267338	2.990393	0.500000
9.718574	6.322133	2.750368	0.500000
5.141474	3.660029	1.280694	0.500000
3.753122	0.700551	2.942411	0.500000
1.910226	4.331489	1.899754	0.500000
1.182980	8.591770	2.930428	0.500000
5.642826	4.815089	2.996482	0.500000
1.648528	6.118553	2.898778	0.500000
7.770110	5.236238	2.260068	0.500000
10.289274	3.679866	0.760624	0.500000
9.525705	8.777429	2.593484	0.500000
6.106034	3.235126	0.546370	0.500000
8.066935	6.157742	0.530372	0.500000
4.537174	4.110499	2.866527	0.500000
3.314374	2.369110	2.996072	0.500000
6.493528	7.514825	1.482794	0.500000
1.600206	2.871062	0.509049	0.500000
8.630744	8.930990	2.054093	0.500000
3.125941	3.491685	2.951920	0.500000
0.781832	2.049040	2.612727	0.500000
5.124378	6.729397	2.023466	0.500000
9.475544	8.614862	1.258488	0.500000
10.081598	0.813766	2.821708	0.500000
5.507801	4.229090	0.536072	0.500000
0.234692	2.131348	1.565234	0.500000
2.758350	8.605208	1.573665	0.500000
9.843325	4.584966	0.727128	0.500000
7.578292	9.079464	1.775199	0.500000
0.995174	8.440919	0.503415	0.500000
9.348628	3.102891	0.579838	0.500000
8.383463	5.802649	2.829563	0.500000
2.747563	1.399728	2.920155	0.500000
10.026124	3.690548	2.986450	0.500000
5.394913	6.088124	1.172195	0.500000
1.653385	0.697443	0.512463	0.500000
4.356278	7.614497	1.062841	0.500000
3.500130	8.027958	0.578478	0.500000
7.294473	7.653486	0.524808	0.500000
5.826323	8.538152	1.451280	0.500000
5.662987	6.456926	2.825307	0.500000
3.320326	7.147462	1.353770	0.500000
10.375357	4.051269	1.810514	0.500000
4.104016	3.173074	2.923342	0.500000
4.845073	2.828990	0.533222	0.500000
10.543756	8.345888	2.995055	0.500000
9.418991	0.910929	0.830405	0.500000
5.163721	9.797339	1.050773	0.500000
4.933091	5.621990	2.974636	0.500000
7.303462	0.495573	0.681429	0.500000
1.489702	3.692740	1.110111	0.500000
4.851144	3.013136	2.172390	0.500000
1.355594	3.066950	1.948008	0.500000
8.881842	4.011682	0.534128	0.500000
8.663355	6.723348	1.892126	0.500000
5.041997	9.133525	2.999103	0.500000
2.394511	2.774629	2.914909	0.500000
7.408645	8.661779	0.552833	0.500000
1.895204	6.447582	0.510796	0.500000
4.035731	3.340532	1.633326	0.500000
6.192248	2.839297	2.552391	0.500000
2.879281	5.846278	0.501084	0.500000
6.515056	4.490310	2.039527	0.500000
6.260426	5.781856	0.551793	0.500000
1.444669	5.470143	1.989342	0.500000
10.026406	2.162114	2.857725	0.500000
4.432321	0.841822	0.520231	0.500000
4.119789	5.039956	2.861602	0.500000
4.354076	0.236579	2.206015	0.500000
2.510282	7.649260	1.778297	0.500000
7.699745	1.511932	0.547298	0.500000
8.867079	7.150925	0.520874	0.500000
8.455567	10.141424	2.968440	0.500000
5.895273	6.794377	0.555356	0.500000
1.518513	9.906039	1.172898	0.500000
8.062717	2.179516	1.241325	0.500000
3.459231	4.059608	2.083681	0.500000
2.350077	6.999681	2.977852	0.500000
8.156391	1.374366	2.451252	0.500000
4.171598	8.683338	0.990226	0.500000
2.855220	5.077483	1.863382	0.500000
5.245454	8.781308	0.512579	0.500000
6.448773	0.754466	1.724402	0.500000
2.812820	10.128446	1.422821	0.500000
5.451737	0.582151	1.937024	0.500000
8.939955	1.862780	0.602389	0.500000
0.394817	6.937963	1.419242	0.500000
10.539091	7.163431	2.453836	0.500000
2.797395	8.844703	0.532045	0.500000
8.440521	9.048248	0.987250	0.500000
1.843135	1.933289	2.987035	0.500000
8.076872	9.051520	2.950540	0.500000
0.231921	0.121209	2.877884	0.500000
9.879031	8.013316	1.969343	0.500000
0.534198	9.826610	1.471704	0.500000
3.450515	9.368792	1.098358	0.500000
1.252007	4.482084	0.535105	0.500000
1.842836	8.832442	0.881483	0.500000
5.962369	1.515986	2.239583	0.500000
4.295132	6.101174	1.291761	0.500000
6.907096	5.186903	2.900081	0.500000
8.206434	3.395617	2.972599	0.500000
8.136607	3.004030	0.517436	0.500000
8.364817	4.800541	2.989459	0.500000
8.745422	2.667247	2.006963	0.500000
0.666813	6.431105	0.563320	0.500000
2.361725	9.850659	0.545618	0.500000
5.535450	1.442057	1.226181	0.500000
4.486494	9.222260	2.000140	0.500000
10.438238	10.053883	0.656326	0.500000
0.726644	10.515300	0.537033	0.500000
6.523245	7.244628	2.964717	0.500000
7.251065	3.707035	0.508653	0.500000
6.566342	9.430208	1.685452	0.500000
9.791379	1.260849	1.883133	0.500000
2.262042	9.421181	1.880532	0.500000
10.538955	5.187539	1.473426	0.500000
6.232787	10.361948	0.549213	0.500000
4.921375	10.186042	2.723887	0.500000
9.815836	9.900759	2.970203	0.500000
8.661417	4.587665	1.396664	0.500000
1.842542	8.513566	2.023270	0.500000
6.948843	6.624988	0.704938	0.500000
1.017869	0.257640	2.083960	0.500000
9.152351	1.429005	2.968558	0.500000
0.221867	2.899086	2.931102	0.500000
2.588143	1.221298	1.339018	0.500000
4.428664	4.267221	1.655682	0.500000
7.043620	2.634584	0.603722	0.500000
5.941326	0.614772	2.987316	0.500000
9.299641	0.151013	2.785978	0.500000
4.796289	1.789899	0.538156	0.500000
1.825837	1.766760	0.596964	0.500000
8.382273	8.139090	0.563298	0.500000
3.848642	2.994755	0.547988	0.500000
3.170572	6.022695	1.443320	0.500000
2.106124	4.116274	2.962060	0.500000
10.195035	9.826728	2.046765	0.500000
2.552680	3.830296	1.316044	0.500000
8.572402	10.027833	0.703676	0.500000
6.934469	8.479106	2.385273	0.500000
5.007167	5.621014	1.973990	0.500000
5.526218	2.519509	1.580150	0.500000
9.219529	3.025508	2.963433	0.500000
3.541332	0.399721	1.349897	0.500000
9.030371	7.609249	1.522304	0.500000
8.495231	7.783838	2.764451	0.500000
2.197389	5.163822	2.651355	0.500000
9.401384	5.174370	2.914251	0.500000
0.232339	3.150401	1.912820	0.500000
10.383386	4.792442	2.679505	0.500000
5.415162	0.351561	0.835816	0.500000
7.514755	7.812398	2.985277	0.500000
8.695479	5.133462	0.554131	0.500000
8.987238	5.748777	2.027485	0.500000
0.551856	7.483845	0.512191	0.500000
6.516169	3.983950	2.950289	0.500000
5.961983	5.603653	2.385419	0.500000
3.290115	7.605423	2.801240	0.500000
5.437731	2.078232	2.998315	0.500000
8.422367	0.520323	0.941403	0.500000
4.458294	3.936998	0.564059	0.500000
0.597493	1.169616	1.862677	0.500000
1.254300	2.039634	1.719079	0.500000
9.592630	4.930774	1.872640	0.500000
2.446603	6.016932	2.185326	0.500000
9.830617	3.117817	2.152470	0.500000
2.158488	7.989112	2.919602	0.500000
6.737549	4.796836	0.959937	0.500000
7.385114	2.120698	2.210965	0.500000
1.103428	5.542855	0.956822	0.500000
7.812588	8.143989	1.456932	0.500000
6.452184	8.289673	0.702138	0.500000
7.757684	6.887979	1.291057	0.500000
6.913171	5.869944	1.395147	0.500000
1.247980	4.787814	2.729313	0.500000
3.848617	5.114239	1.517739	0.500000
9.850134	6.736960	1.817043	0.500000
10.363316	9.066703	0.894797	0.500000
5.509235	9.413168	1.982900	0.500000
3.165966	5.684152	2.901331	0.500000
1.310329	3.467152	2.901677	0.500000
0.021451	8.800057	1.922896	0.500000
2.488792	4.645259	0.674974	0.500000
8.797140	1.506617	1.667000	0.500000
3.442452	4.403009	0.879488	0.500000
8.336004	3.636937	1.393838	0.500000
6.156523	9.332921	0.735772	0.500000
7.066892	1.684729	1.364326	0.500000
10.295870	8.035377	0.567033	0.500000
7.082715	3.022722	2.973149	0.500000
3.469298	10.361917	0.527565	0.500000
7.163597	10.422874	2.484633	0.500000
0.639500	5.660316	2.977011	0.500000
