100

4.379121	8.955765	0.570813	0.500000
4.008069	1.079414	0.676633	0.500000
8.165601	0.278008	0.541563	0.500000
7.236321	8.472854	0.571013	0.500000
2.930937	4.967980	0.598377	0.500000
9.222149	3.237134	0.695684	0.500000
0.410070	4.272244	0.523566	0.500000
4.925527	8.049911	0.570833	0.500000
8.324700	8.994329	0.573533	0.500000
8.475820	6.970159	0.506434	0.500000
10.598627	7.946647	0.549797	0.500000
5.694330	2.436295	0.558471	0.500000
0.927851	0.252306	0.508828	0.500000
10.117534	10.427225	0.599487	0.500000
6.606472	6.628629	0.643560	0.500000
6.671153	2.021709	0.527016	0.500000
8.365828	10.116342	0.566248	0.500000
4.548670	7.055222	0.558702	0.500000
7.099571	0.923625	0.664834	0.500000
6.146259	8.235511	0.561477	0.500000
0.159188	10.617998	0.683675	0.500000
8.190899	7.986100	0.520355	0.500000
1.832077	8.863508	0.587199	0.500000
1.103110	1.666180	0.698899	0.500000
8.539254	5.874609	0.579373	0.500000
3.446851	4.044006	0.641542	0.500000
9.717967	2.294546	0.567926	0.500000
3.474750	6.390151	0.638911	0.500000
7.412767	9.468868	0.512651	0.500000
3.828662	7.758336	0.654347	0.500000
4.363263	0.113530	0.570091	0.500000
2.342656	5.885519	0.638661	0.500000
0.527074	8.493808	0.588751	0.500000
0.176214	5.830825	0.665796	0.500000
5.619124	10.512536	0.511381	0.500000
5.439295	6.344412	0.587046	0.500000
1.787420	2.500324	0.669190	0.500000
3.839388	2.893991	0.649173	0.500000
5.662782	7.321159	0.554739	0.500000
10.136145	0.267197	0.655065	0.500000
6.532341	3.166514	0.571173	0.500000
2.237191	4.195855	0.606475	0.500000
8.679214	2.329913	0.642670	0.500000
5.460306	3.717946	0.663735	0.500000
9.549487	6.893965	0.695911	0.500000
7.563537	6.318922	0.503855	0.500000
8.206024	3.322032	0.665415	0.500000
1.943015	0.017652	0.606978	0.500000
3.145371	8.681650	0.656912	0.500000
0.314282	7.446443	0.632332	0.500000
10.094086	8.853071	0.656525	0.500000
2.633630	3.195008	0.640589	0.500000
1.330242	3.773807	0.580703	0.500000
1.601581	7.710231	0.628196	0.500000
3.227324	9.790896	0.580723	0.500000
7.446148	2.671080	0.580179	0.500000
10.727175	6.735175	0.675896	0.500000
7.074482	10.860910	0.649984	0.500000
6.259710	0.346192	0.621146	0.500000
4.038568	4.949592	0.520758	0.500000
7.180992	7.443771	0.561804	0.500000
1.225688	10.446698	0.600018	0.500000
8.279721	4.523364	0.655797	0.500000
9.859916	5.860086	0.512878	0.500000
0.913711	6.564499	0.512255	0.500000
4.766922	1.913444	0.683612	0.500000
9.182751	8.408908	0.563597	0.500000
10.447711	3.904342	0.503718	0.500000
2.863447	2.221065	0.668274	0.500000
1.433020	5.460114	0.633774	0.500000
2.165780	6.889257	0.504472	0.500000
4.468834	3.846441	0.687485	0.500000
7.346003	5.180673	0.658613	0.500000
6.397008	9.677604	0.547431	0.500000
2.813696	7.647702	0.638580	0.500000
2.960326	11.021267	0.645525	0.500000
10.754288	2.807302	0.588115	0.500000
0.583004	3.051059	0.662499	0.500000
5.380809	9.038568	0.532025	0.500000
6.166510	4.490310	0.652970	0.500000
6.314874	5.626458	0.508762	0.500000
10.572718	4.922551	0.601116	0.500000
0.755658	9.547765	0.514110	0.500000
9.448916	4.253040	0.538303	0.500000
7.987902	1.521153	0.668494	0.500000
7.183168	4.074529	0.652430	0.500000
9.233368	11.001893	0.559230	0.500000
2.128086	9.871832	0.515737	0.500000
2.374373	1.236202	0.555270	0.500000
4.442288	10.236413	0.578335	0.500000
10.878652	9.685463	0.650360	0.500000
10.120288	1.359103	0.501323	0.500000
9.299313	9.477004	0.512943	0.500000
5.187802	5.180978	0.656275	0.500000
5.883521	1.382093	0.522199	0.500000
11.131000	0.581089	0.592725	0.500000
0.026101	1.611121	0.665913	0.500000
4.995347	0.907590	0.536580	0.500000
4.399673	6.005814	0.600912	0.500000
9.104724	1.340841	0.622201	0.500000
