100

5.979317	10.658552	0.628170	0.500000
3.967289	0.518556	0.620783	0.500000
6.971212	10.316702	0.633546	0.500000
7.738624	8.127428	0.623104	0.500000
1.980886	5.569166	0.570429	0.500000
0.396089	3.301597	0.572664	0.500000
0.276920	4.507700	0.641923	0.500000
4.350226	8.987078	0.514140	0.500000
6.364610	8.340464	0.584031	0.500000
7.230747	7.220118	0.674244	0.500000
9.166509	6.725542	0.631515	0.500000
7.725734	4.346755	0.671114	0.500000
0.362514	1.434732	0.605563	0.500000
10.283692	0.507322	0.688844	0.500000
6.208438	9.670095	0.667932	0.500000
6.617716	2.382584	0.539973	0.500000
8.069080	10.103524	0.634111	0.500000
5.022738	7.030396	0.553236	0.500000
5.178351	2.203536	0.699838	0.500000
6.078847	7.303549	0.517381	0.500000
10.416982	1.535495	0.698457	0.500000
9.640697	5.780913	0.546080	0.500000
1.854701	8.312062	0.598866	0.500000
2.320229	0.303542	0.642513	0.500000
8.624502	5.700673	0.637946	0.500000
3.287568	6.080791	0.582528	0.500000
10.887653	2.520328	0.512260	0.500000
2.511050	7.346355	0.588206	0.500000
8.704526	7.851521	0.503431	0.500000
3.123402	8.156129	0.515533	0.500000
3.927187	9.995047	0.611412	0.500000
10.746443	5.924730	0.528209	0.500000
10.114172	9.975878	0.597310	0.500000
10.271649	6.836416	0.639672	0.500000
4.792338	1.107827	0.535814	0.500000
4.526065	6.154487	0.674924	0.500000
2.674887	2.866879	0.635197	0.500000
2.700094	4.775993	0.691526	0.500000
5.739863	6.102188	0.562109	0.500000
9.067062	1.742713	0.531129	0.500000
6.597547	5.339601	0.635663	0.500000
1.522090	3.121059	0.531023	0.500000
9.804137	2.498304	0.625039	0.500000
4.875281	3.154979	0.548363	0.500000
8.153601	6.777718	0.526409	0.500000
5.108559	5.296132	0.651593	0.500000
7.730568	2.340038	0.552652	0.500000
0.235823	0.426417	0.505857	0.500000
2.887296	9.574234	0.556242	0.500000
0.168881	6.787490	0.548816	0.500000
8.295684	9.072168	0.659511	0.500000
2.996904	3.816560	0.655865	0.500000
1.447821	4.286623	0.667661	0.500000
5.213880	9.896854	0.687836	0.500000
2.363974	10.455924	0.553482	0.500000
6.110386	1.469990	0.691940	0.500000
10.563662	8.905773	0.586228	0.500000
7.697869	11.110443	0.508896	0.500000
4.952794	10.880819	0.690008	0.500000
5.110652	4.238496	0.568760	0.500000
7.155214	9.055048	0.660865	0.500000
11.055944	10.645053	0.666070	0.500000
7.678304	5.361821	0.508040	0.500000
9.720500	7.830619	0.655582	0.500000
10.918472	7.854104	0.649059	0.500000
4.109155	3.818700	0.523442	0.500000
9.494384	9.056875	0.578910	0.500000
10.343914	4.903151	0.543464	0.500000
3.894537	1.623572	0.559277	0.500000
0.914806	5.765873	0.569091	0.500000
1.812583	6.556435	0.528904	0.500000
3.924834	2.797193	0.693034	0.500000
7.141397	6.224717	0.628339	0.500000
6.675217	0.226831	0.576011	0.500000
1.099921	7.369322	0.645785	0.500000
1.471517	9.288460	0.598063	0.500000
8.746195	2.765400	0.610846	0.500000
1.881416	1.919056	0.588109	0.500000
5.552061	8.914602	0.688834	0.500000
4.029956	5.153692	0.510755	0.500000
6.350998	4.342847	0.510311	0.500000
10.390656	3.706342	0.617158	0.500000
0.804821	8.478616	0.674986	0.500000
9.119138	4.750266	0.618369	0.500000
8.579448	0.554706	0.665906	0.500000
7.035119	3.486013	0.550573	0.500000
9.414110	11.112509	0.684399	0.500000
0.250250	9.549253	0.624275	0.500000
2.871162	1.436388	0.652979	0.500000
5.618096	0.503743	0.594138	0.500000
1.066775	10.516762	0.654169	0.500000
7.708365	1.283387	0.625062	0.500000
9.061603	10.114438	0.504387	0.500000
3.711502	7.343307	0.653340	0.500000
6.049322	3.305398	0.696347	0.500000
1.315009	0.481851	0.644116	0.500000
0.907945	2.277364	0.527812	0.500000
3.325062	10.907578	0.543004	0.500000
4.832775	8.009769	0.669571	0.500000
8.713556	3.828131	0.644185	0.500000
