100

6.708960	0.304170	0.684078	0.500000
2.366761	0.023481	0.519253	0.500000
7.975636	1.966690	0.653693	0.500000
5.270646	11.105961	0.537121	0.500000
0.823045	3.890322	0.567523	0.500000
8.911325	2.424878	0.654984	0.500000
10.019754	4.209414	0.516763	0.500000
5.451001	9.893102	0.661398	0.500000
8.632529	10.451371	0.530601	0.500000
8.259403	8.692395	0.684535	0.500000
10.299894	8.493996	0.682948	0.500000
3.727529	2.923212	0.589866	0.500000
1.614913	10.060334	0.570750	0.500000
10.778439	10.687712	0.529902	0.500000
3.614507	4.237041	0.591382	0.500000
6.748856	4.081476	0.572969	0.500000
9.730515	10.707279	0.670444	0.500000
5.302267	7.381628	0.625502	0.500000
10.502553	9.669093	0.580818	0.500000
6.915878	7.064606	0.608608	0.500000
0.517981	9.893618	0.643055	0.500000
6.346271	8.140240	0.678401	0.500000
3.323668	10.714763	0.666546	0.500000
0.263438	2.564617	0.549387	0.500000
8.197470	5.651804	0.606475	0.500000
2.252522	5.756075	0.640363	0.500000
10.149351	2.205276	0.628298	0.500000
3.488276	5.814606	0.561293	0.500000
9.403997	9.732833	0.685701	0.500000
4.234364	9.049755	0.555174	0.500000
4.335869	10.314778	0.581722	0.500000
9.011629	6.355142	0.552345	0.500000
0.589957	6.742923	0.516750	0.500000
7.829198	4.039174	0.537437	0.500000
5.458698	2.088162	0.613292	0.500000
4.123956	6.838967	0.673135	0.500000
10.994506	4.019396	0.673407	0.500000
4.995695	0.966126	0.575341	0.500000
7.235798	8.840183	0.535130	0.500000
9.379557	1.538632	0.577764	0.500000
5.282455	4.883024	0.505630	0.500000
2.539888	2.457293	0.666433	0.500000
6.910146	2.309429	0.524150	0.500000
4.657499	4.028017	0.625419	0.500000
9.015657	7.360937	0.606418	0.500000
6.135706	6.402480	0.590520	0.500000
6.216563	3.046908	0.559461	0.500000
0.074320	0.475657	0.627640	0.500000
1.793354	6.662886	0.646433	0.500000
9.933131	6.861981	0.673110	0.500000
3.176984	9.572360	0.603176	0.500000
3.252928	0.603840	0.512669	0.500000
2.835174	4.863298	0.632507	0.500000
0.943870	5.378824	0.539146	0.500000
2.986858	7.881791	0.521367	0.500000
7.660539	10.947086	0.546921	0.500000
1.730307	4.664549	0.639258	0.500000
9.201447	0.466911	0.570121	0.500000
6.043876	1.227064	0.589222	0.500000
4.405904	7.996472	0.602712	0.500000
7.497874	9.885945	0.586752	0.500000
1.135287	9.031994	0.651010	0.500000
7.318621	4.903746	0.626407	0.500000
7.843815	6.672347	0.625045	0.500000
2.432183	3.841947	0.632426	0.500000
1.363022	0.408302	0.500129	0.500000
7.704829	7.824426	0.632454	0.500000
1.106539	1.642186	0.583792	0.500000
3.303674	1.755713	0.614070	0.500000
6.298060	5.003212	0.624353	0.500000
10.702904	5.082046	0.525138	0.500000
1.536708	3.153427	0.509655	0.500000
8.028847	3.028532	0.502274	0.500000
7.154876	1.243235	0.695841	0.500000
10.824287	6.094830	0.515091	0.500000
6.554186	10.404948	0.638315	0.500000
10.332244	3.235987	0.673473	0.500000
9.110061	4.775465	0.635534	0.500000
5.266580	8.742943	0.698976	0.500000
4.256755	5.033324	0.548074	0.500000
5.668458	3.916648	0.588684	0.500000
9.797332	5.674277	0.668573	0.500000
0.514683	7.806488	0.647132	0.500000
8.978913	3.654186	0.536162	0.500000
5.084776	3.078671	0.631173	0.500000
7.073158	5.897606	0.592216	0.500000
9.302690	8.686762	0.614388	0.500000
1.624201	8.068779	0.597544	0.500000
2.279021	1.037776	0.503184	0.500000
6.232981	9.246884	0.534333	0.500000
0.118997	8.796839	0.629955	0.500000
2.298052	8.916750	0.514569	0.500000
10.739957	7.472062	0.561982	0.500000
5.080996	6.075602	0.528663	0.500000
4.369110	2.052975	0.584963	0.500000
11.003032	1.471317	0.574622	0.500000
10.187441	0.838983	0.675087	0.500000
4.179187	0.187622	0.613190	0.500000
2.964470	6.838925	0.587176	0.500000
8.287875	0.932950	0.544214	0.500000
