100

6.844004	10.194025	0.542275	0.500000
1.937228	10.728664	0.542285	0.500000
8.975893	2.094984	0.567301	0.500000
4.455606	0.000039	0.667302	0.500000
0.423363	3.930701	0.630249	0.500000
9.900833	2.677613	0.668621	0.500000
10.724750	4.503068	0.652710	0.500000
4.853725	10.010351	0.656788	0.500000
7.965001	10.225692	0.531546	0.500000
8.106763	9.055519	0.520087	0.500000
10.290830	7.969860	0.597117	0.500000
4.329793	2.760807	0.518251	0.500000
0.842749	10.255026	0.691319	0.500000
10.646293	11.025177	0.670764	0.500000
3.630946	3.527932	0.608676	0.500000
6.451319	3.387325	0.525018	0.500000
9.731884	10.579728	0.502578	0.500000
5.954131	7.294742	0.553479	0.500000
10.142134	9.313534	0.679166	0.500000
7.507941	6.858181	0.625206	0.500000
11.084017	9.836670	0.637376	0.500000
5.873517	8.349665	0.656571	0.500000
2.718683	0.240262	0.554217	0.500000
10.896977	1.981198	0.604389	0.500000
8.320508	5.915731	0.690362	0.500000
1.634716	5.919979	0.554539	0.500000
9.864968	1.444423	0.686238	0.500000
3.696326	7.013331	0.556077	0.500000
8.985734	9.887761	0.698905	0.500000
3.928569	9.410161	0.580591	0.500000
3.557255	10.594168	0.557769	0.500000
9.300631	6.146233	0.511324	0.500000
0.799366	8.103124	0.535390	0.500000
7.616737	4.537502	0.597997	0.500000
5.191009	2.020903	0.561873	0.500000
4.257093	6.090220	0.651110	0.500000
10.632397	3.461487	0.505186	0.500000
5.155953	0.714027	0.676771	0.500000
6.860997	7.722229	0.528973	0.500000
9.549776	0.401174	0.677391	0.500000
4.825108	5.249122	0.563544	0.500000
2.631375	3.386677	0.617325	0.500000
7.699832	2.173940	0.624235	0.500000
4.567708	3.892624	0.537124	0.500000
9.290526	7.570860	0.560821	0.500000
6.290856	6.253462	0.603251	0.500000
6.634679	2.270038	0.636510	0.500000
0.974434	0.219084	0.621815	0.500000
2.651500	6.718410	0.603127	0.500000
10.144304	6.981224	0.549420	0.500000
2.665528	9.881692	0.505261	0.500000
3.092314	1.592295	0.619221	0.500000
3.152599	5.481825	0.580566	0.500000
1.359475	6.879640	0.693011	0.500000
4.046908	8.102813	0.683304	0.500000
7.340641	0.087192	0.660393	0.500000
1.586118	4.815477	0.512769	0.500000
8.434758	0.014495	0.649686	0.500000
6.490577	0.679235	0.575601	0.500000
4.786010	7.349158	0.533123	0.500000
6.848601	8.919287	0.699419	0.500000
0.803313	9.201640	0.536376	0.500000
6.621593	4.424250	0.642666	0.500000
8.506852	6.899750	0.560479	0.500000
2.532907	4.417098	0.646207	0.500000
2.172274	1.148669	0.571702	0.500000
8.032887	7.832798	0.630249	0.500000
0.697913	2.806931	0.673304	0.500000
3.290701	2.572571	0.696912	0.500000
6.037221	5.271638	0.542735	0.500000
0.718173	5.302118	0.651313	0.500000
1.411522	3.609321	0.695399	0.500000
7.602609	3.211350	0.629470	0.500000
7.431212	1.191808	0.631787	0.500000
0.052107	6.126259	0.566643	0.500000
5.754846	10.831786	0.645832	0.500000
9.693573	4.031199	0.575500	0.500000
9.039861	4.921111	0.668049	0.500000
4.900947	8.795455	0.616910	0.500000
3.819648	4.694485	0.611866	0.500000
5.525804	4.296865	0.680017	0.500000
9.993999	5.434580	0.680614	0.500000
1.819795	7.875498	0.647772	0.500000
8.641395	3.215260	0.532681	0.500000
5.473423	3.161864	0.557183	0.500000
7.162825	5.531216	0.693220	0.500000
9.229522	8.862270	0.573086	0.500000
2.829877	8.746898	0.648721	0.500000
1.828070	2.185410	0.643885	0.500000
5.798449	9.494976	0.503972	0.500000
10.993216	8.757670	0.551191	0.500000
1.823099	9.250964	0.637934	0.500000
11.143444	7.241449	0.567537	0.500000
5.261673	6.345512	0.575814	0.500000
4.089922	1.779944	0.635058	0.500000
0.726316	1.444951	0.513717	0.500000
11.059055	0.818654	0.676325	0.500000
3.757045	0.723091	0.682794	0.500000
2.880328	7.731901	0.623132	0.500000
8.760180	1.023082	0.566009	0.500000
