200

6.809446	9.355970	0.653461	0.500000
5.433607	0.194684	1.918299	0.500000
10.418469	8.572110	1.829907	0.500000
1.554208	8.050421	1.430755	0.500000
7.508670	10.725916	1.458708	0.500000
0.015400	0.860132	0.740881	0.500000
9.429940	10.161591	1.943985	0.500000
5.115571	0.083279	0.616928	0.500000
3.145657	3.140625	1.615632	0.500000
4.302342	4.062523	0.706561	0.500000
7.256396	2.904668	0.541648	0.500000
5.608127	1.219287	1.911949	0.500000
0.771288	3.781278	0.984845	0.500000
4.172845	6.183876	0.514658	0.500000
8.508385	3.830855	1.958207	0.500000
4.843745	4.984798	0.586708	0.500000
8.993783	4.670831	1.693142	0.500000
8.219979	1.836697	1.742138	0.500000
5.041096	6.966140	1.957442	0.500000
8.656929	6.338040	0.728356	0.500000
0.390849	1.345211	1.718676	0.500000
9.258211	5.174298	0.822309	0.500000
7.080808	3.825984	1.919779	0.500000
8.303574	5.257735	0.522168	0.500000
6.974500	9.721496	1.730700	0.500000
2.305260	0.375423	1.832590	0.500000
8.853966	5.705792	1.986151	0.500000
10.744618	9.755831	0.819625	0.500000
3.865930	10.627628	0.504462	0.500000
6.170321	7.192594	1.987648	0.500000
7.269607	1.587935	1.951541	0.500000
1.827692	10.047264	0.610802	0.500000
4.164327	0.709987	0.652543	0.500000
0.159719	1.952104	0.797709	0.500000
9.593878	7.875636	1.850230	0.500000
1.331703	10.768676	1.231946	0.500000
5.403172	9.988439	0.519571	0.500000
10.282589	3.471023	1.657084	0.500000
10.267489	2.431719	0.515049	0.500000
4.207472	9.413440	1.996383	0.500000
7.992523	3.024102	1.338713	0.500000
10.592990	7.587707	1.962768	0.500000
3.189244	4.247257	1.862664	0.500000
0.048938	2.353443	1.831687	0.500000
0.162037	5.339802	1.987770	0.500000
3.969644	6.645038	1.813191	0.500000
5.253052	6.763843	0.574755	0.500000
8.151897	2.096304	0.684441	0.500000
10.609304	6.544516	0.516649	0.500000
8.002701	5.865009	1.324280	0.500000
9.821645	0.644823	1.666730	0.500000
0.186574	3.977781	1.969525	0.500000
2.546581	5.215069	1.989459	0.500000
5.842277	7.739807	0.812327	0.500000
1.998252	2.191659	0.850849	0.500000
2.561529	4.256508	1.025572	0.500000
6.483671	3.757232	0.895860	0.500000
1.707890	5.563943	0.587049	0.500000
10.170096	8.002514	0.980849	0.500000
6.598208	5.803288	1.094523	0.500000
1.486530	4.627313	0.957994	0.500000
5.823213	6.459486	1.347367	0.500000
3.013636	2.525952	0.816339	0.500000
3.601517	7.406225	0.651251	0.500000
4.355687	1.893689	0.819902	0.500000
6.492449	6.899296	0.637753	0.500000
2.965087	10.574885	1.962334	0.500000
6.980096	5.231920	1.863545	0.500000
6.906941	7.564230	1.369575	0.500000
2.077798	3.177597	1.946818	0.500000
4.164676	4.757823	1.591023	0.500000
2.152834	0.633737	0.733747	0.500000
0.696403	10.177695	0.599809	0.500000
3.676719	1.766308	1.990002	0.500000
3.706319	9.799808	1.166468	0.500000
5.385708	7.940092	1.957199	0.500000
1.652131	5.801294	1.986297	0.500000
10.702864	9.904693	1.981961	0.500000
7.665206	7.903699	0.566121	0.500000
9.714585	0.735544	0.560717	0.500000
3.146173	7.248634	1.923125	0.500000
4.554052	3.747758	1.930746	0.500000
6.677912	0.363330	1.983842	0.500000
4.577981	0.944632	1.874317	0.500000
4.806720	5.443271	1.991084	0.500000
9.254156	2.022675	0.665824	0.500000
8.064986	8.848382	0.624035	0.500000
1.120086	9.307499	0.852154	0.500000
1.181529	1.542546	0.548780	0.500000
7.816113	9.877068	0.561423	0.500000
8.598442	3.225831	0.561734	0.500000
6.603540	10.345203	0.734789	0.500000
5.869644	5.524508	1.873529	0.500000
8.511498	8.500289	1.501997	0.500000
2.200372	8.826631	1.973001	0.500000
8.467293	7.552614	1.989978	0.500000
0.771272	5.519587	1.064972	0.500000
9.635090	6.127142	0.529464	0.500000
1.256421	0.514323	1.980868	0.500000
8.980738	9.688686	0.977742	0.500000
0.583197	10.498942	1.843211	0.500000
5.513855	4.026321	0.688332	0.500000
3.928062	0.100658	1.643123	0.500000
7.528816	1.026485	0.950928	0.500000
1.036585	8.010254	0.508754	0.500000
9.280743	1.545285	1.837438	0.500000
1.358304	1.715708	1.956824	0.500000
3.159316	8.340726	1.697465	0.500000
0.132160	8.601152	0.528412	0.500000
0.711826	6.704346	0.561828	0.500000
9.530656	9.030532	1.975582	0.500000
2.327421	2.156728	1.934324	0.500000
4.114277	8.647053	1.242752	0.500000
2.979894	6.547355	0.598330	0.500000
3.622862	5.669215	1.958503	0.500000
2.131303	4.197646	1.994767	0.500000
4.700935	10.384039	1.415212	0.500000
10.614759	4.283804	1.143448	0.500000
4.230199	2.909067	0.584075	0.500000
10.045251	4.475827	1.987241	0.500000
8.994928	2.874053	1.980137	0.500000
6.488615	1.164840	1.271619	0.500000
0.457865	8.124989	1.422340	0.500000
0.881499	3.154824	1.905931	0.500000
6.689020	8.324666	0.608760	0.500000
7.911130	0.660963	1.967049	0.500000
7.218044	4.940770	0.705344	0.500000
4.176094	2.643961	1.699267	0.500000
0.477088	4.683403	0.586259	0.500000
6.859974	1.848054	0.521468	0.500000
1.927790	9.841508	1.949478	0.500000
5.936401	3.165961	1.832011	0.500000
9.835010	5.497565	1.604061	0.500000
10.077297	9.028793	0.643710	0.500000
2.649328	5.583682	0.975916	0.500000
1.183667	7.032378	1.645370	0.500000
5.991100	10.258440	1.711111	0.500000
5.876651	8.886403	0.869063	0.500000
1.086695	4.966301	1.845011	0.500000
10.799934	0.446137	1.949852	0.500000
9.667578	7.163453	0.731116	0.500000
9.412304	3.983074	0.921432	0.500000
6.195164	4.859407	0.964065	0.500000
6.333198	8.825805	1.839231	0.500000
5.323543	2.092051	0.622320	0.500000
9.193327	6.854180	1.888711	0.500000
7.452260	8.836998	1.600686	0.500000
6.799022	6.387842	1.952497	0.500000
1.638276	3.103901	0.522247	0.500000
10.370363	6.704197	1.526706	0.500000
8.381801	4.182624	0.797298	0.500000
10.225528	3.446230	0.519917	0.500000
7.529522	6.656355	0.609916	0.500000
2.445111	7.828266	0.699967	0.500000
2.647417	10.696538	0.948997	0.500000
5.291442	9.315746	1.711110	0.500000
4.169717	7.930052	1.962609	0.500000
6.744584	0.477687	0.514991	0.500000
6.960841	2.781854	1.553995	0.500000
3.379406	3.510869	0.714772	0.500000
3.343844	8.405370	0.624820	0.500000
2.109497	8.950649	0.912835	0.500000
10.754633	5.474903	0.741540	0.500000
4.553476	7.572558	0.984473	0.500000
5.272680	4.544414	1.866096	0.500000
9.926541	2.448101	1.994712	0.500000
6.256311	2.088181	1.953148	0.500000
4.538734	9.433376	0.634366	0.500000
3.575310	5.148532	0.711797	0.500000
3.008900	9.414634	1.847508	0.500000
4.934848	8.503299	0.601338	0.500000
1.687779	7.103163	0.605429	0.500000
2.822577	1.240048	1.980486	0.500000
5.174927	2.377648	1.896027	0.500000
10.089092	1.737654	1.264444	0.500000
8.482781	7.345754	0.858491	0.500000
1.038553	8.811741	1.899846	0.500000
7.645703	6.884780	1.590916	0.500000
5.599342	5.817821	0.584261	0.500000
9.796695	10.366704	0.994691	0.500000
8.998684	8.255492	0.628166	0.500000
0.083721	3.005558	0.951117	0.500000
5.108063	3.159660	0.998476	0.500000
3.382864	1.449667	0.681559	0.500000
9.578449	2.865842	1.116568	0.500000
1.046796	2.521721	1.147214	0.500000
8.722432	0.141910	1.693686	0.500000
6.192594	2.666999	0.682336	0.500000
0.432501	6.282012	1.757944	0.500000
7.970102	4.707198	1.656364	0.500000
8.314913	10.808517	0.556797	0.500000
0.082655	7.561437	0.514262	0.500000
5.662406	0.938923	0.519460	0.500000
0.915624	0.455650	0.541167	0.500000
8.693589	1.058697	1.058193	0.500000
8.303306	9.537283	1.883348	0.500000
2.756387	6.335019	1.715340	0.500000
2.090098	7.336720	1.986832	0.500000
2.844038	9.575364	0.564362	0.500000
10.633735	10.725550	0.579965	0.500000
