200

1.602797	7.524620	1.820312	0.500000
6.371591	1.559250	0.574155	0.500000
10.499270	7.986753	1.843705	0.500000
9.902450	0.207694	1.890420	0.500000
10.579018	1.556119	0.875030	0.500000
6.354442	7.904345	0.532759	0.500000
0.327440	0.830614	1.937604	0.500000
3.580118	7.310833	0.993329	0.500000
4.871300	3.349859	0.961754	0.500000
6.861863	3.095824	1.610095	0.500000
4.737365	6.128278	1.868191	0.500000
10.608517	4.813194	1.965479	0.500000
9.541498	7.108500	0.534340	0.500000
7.863105	5.539114	0.588066	0.500000
6.010217	1.260775	1.478272	0.500000
1.974382	6.401722	1.916203	0.500000
4.830288	8.859752	0.532494	0.500000
9.026912	3.047179	0.734895	0.500000
1.042318	9.445428	1.633260	0.500000
10.924222	9.460656	1.549929	0.500000
3.760522	2.291035	0.782748	0.500000
5.984352	3.449387	0.944601	0.500000
10.179094	10.168005	1.606330	0.500000
10.350965	4.729227	0.503141	0.500000
4.303090	1.866855	1.862497	0.500000
1.737082	3.606615	0.630091	0.500000
0.631345	4.301929	1.845181	0.500000
9.214906	6.082520	0.573713	0.500000
10.606826	6.928703	0.560611	0.500000
4.593608	0.069904	0.696131	0.500000
1.483989	7.770649	0.565403	0.500000
0.550927	6.396695	0.745223	0.500000
0.725255	10.502099	1.930225	0.500000
6.953175	0.832228	1.696327	0.500000
10.855973	2.297364	1.703153	0.500000
8.519239	1.371407	0.597033	0.500000
10.031241	2.630422	0.507446	0.500000
1.487601	2.542965	0.771493	0.500000
6.016585	3.733051	1.968152	0.500000
7.968643	1.207302	1.847309	0.500000
1.630118	1.434425	0.550101	0.500000
9.433192	1.761257	0.874851	0.500000
8.810219	7.831742	0.960457	0.500000
3.283946	1.668449	1.821830	0.500000
2.277862	0.774393	1.419120	0.500000
4.529471	9.961394	0.895246	0.500000
9.319697	9.604066	1.875689	0.500000
8.850191	5.041422	0.666684	0.500000
0.468439	9.506917	0.551555	0.500000
3.819668	6.737458	1.831804	0.500000
9.672937	3.923089	1.938162	0.500000
9.640236	2.123546	1.895285	0.500000
6.611236	0.233283	0.653648	0.500000
4.813783	5.890009	0.658319	0.500000
0.346606	2.857490	0.878656	0.500000
8.737271	10.325647	0.582146	0.500000
3.162005	4.795209	1.915970	0.500000
4.065756	4.859486	0.760093	0.500000
4.014551	4.236578	1.948186	0.500000
4.087747	7.724420	1.801033	0.500000
3.844832	2.941915	1.644388	0.500000
7.839989	9.770724	1.608213	0.500000
10.937904	8.412909	0.647351	0.500000
5.671108	0.447501	0.990957	0.500000
4.011006	0.833607	1.943083	0.500000
1.108868	8.765442	0.842565	0.500000
1.842984	1.696168	1.876099	0.500000
6.672391	2.598692	0.532495	0.500000
0.884563	4.271725	0.709236	0.500000
2.185633	8.667482	0.774006	0.500000
3.515436	0.376560	0.957389	0.500000
6.807550	4.293066	1.696828	0.500000
0.658141	5.252859	0.733960	0.500000
5.295926	3.014607	1.937784	0.500000
10.729286	0.262582	1.313098	0.500000
0.544121	10.587881	0.590270	0.500000
6.673206	9.605663	1.596347	0.500000
7.680298	8.491423	0.762884	0.500000
7.633683	10.446684	0.720544	0.500000
5.097840	4.080296	1.616890	0.500000
8.916798	0.372316	0.588164	0.500000
1.738941	5.521321	1.313563	0.500000
2.911952	3.766061	1.993584	0.500000
10.889480	3.951536	0.920856	0.500000
2.502220	4.213397	1.099169	0.500000
7.478087	0.861256	0.707035	0.500000
5.310600	10.493320	1.865689	0.500000
2.727641	0.997862	0.516246	0.500000
1.299820	2.620049	1.876599	0.500000
3.601558	10.251950	0.548679	0.500000
9.731790	3.828307	0.541029	0.500000
9.922111	0.728663	0.660514	0.500000
3.049237	5.103566	0.940097	0.500000
4.955318	7.204012	1.992301	0.500000
8.670055	5.711789	1.967797	0.500000
0.494251	7.538348	0.621058	0.500000
7.704592	3.871198	1.844240	0.500000
7.666771	4.955768	1.720392	0.500000
9.954810	8.165812	0.903472	0.500000
4.970486	6.953501	0.853031	0.500000
2.845106	10.345983	1.750149	0.500000
7.840942	2.891490	1.612043	0.500000
6.861742	8.438006	1.383917	0.500000
4.871517	5.050229	1.440371	0.500000
0.175973	7.184883	1.612276	0.500000
3.025913	5.962265	1.837901	0.500000
4.570237	9.418326	1.752342	0.500000
3.954398	10.374490	1.700082	0.500000
1.266399	0.851686	1.387001	0.500000
0.842019	1.717299	1.915397	0.500000
5.743716	6.300262	1.912781	0.500000
1.568012	0.242573	0.511548	0.500000
5.479839	10.172515	0.603468	0.500000
5.342748	7.881489	0.953992	0.500000
4.754976	1.969808	0.793763	0.500000
2.717445	7.127254	1.913040	0.500000
0.681870	5.306378	1.904753	0.500000
0.655431	1.905050	0.807684	0.500000
2.341061	5.830677	0.508932	0.500000
3.767268	6.437411	0.536486	0.500000
6.743456	5.828838	0.512723	0.500000
4.959751	4.346838	0.500747	0.500000
3.181519	8.209610	0.504344	0.500000
2.993123	3.298085	0.602451	0.500000
5.725873	4.899348	1.941779	0.500000
7.073501	6.993988	1.998056	0.500000
7.564515	6.430323	1.274854	0.500000
9.023194	2.942814	1.810907	0.500000
7.870773	0.226211	1.676038	0.500000
1.655193	0.073750	1.883217	0.500000
4.352882	7.982589	0.611395	0.500000
1.583013	3.785269	1.638922	0.500000
10.101285	6.807666	1.971510	0.500000
6.137659	6.751616	0.628636	0.500000
6.019337	0.270512	1.947875	0.500000
0.740304	8.251119	1.962043	0.500000
9.107815	6.593700	1.568260	0.500000
3.122705	8.341003	1.994299	0.500000
10.271915	5.943645	0.588419	0.500000
1.894500	4.682357	1.978276	0.500000
10.790747	6.033399	1.443243	0.500000
9.799550	5.827071	1.640631	0.500000
6.972219	9.217195	0.662489	0.500000
3.594888	8.804700	1.202003	0.500000
0.363887	0.688185	0.610156	0.500000
8.771239	8.959312	1.270489	0.500000
8.006591	9.507901	0.599954	0.500000
8.536497	7.834000	1.972123	0.500000
8.092144	3.547552	0.785497	0.500000
9.714035	4.806122	1.368233	0.500000
8.432428	6.877313	0.680420	0.500000
9.330527	0.927684	1.454747	0.500000
1.918950	4.845880	0.544008	0.500000
5.621787	9.512946	1.979887	0.500000
3.064775	0.385989	1.985340	0.500000
8.675726	4.512920	1.517994	0.500000
2.554093	9.630770	0.644173	0.500000
7.131526	4.648324	0.511222	0.500000
1.984411	9.687659	1.974509	0.500000
2.417603	2.673796	1.808426	0.500000
1.420806	6.831314	0.979622	0.500000
4.008581	1.218332	0.722706	0.500000
10.299817	3.138862	1.503973	0.500000
7.741903	2.105987	0.507392	0.500000
0.949353	6.276065	1.764458	0.500000
3.500628	4.084901	1.056414	0.500000
6.964557	3.623705	0.659341	0.500000
7.085612	7.165793	0.605367	0.500000
6.099097	7.329485	1.906275	0.500000
2.487625	10.867060	0.826546	0.500000
8.112382	6.886372	1.976405	0.500000
2.980570	9.338706	1.834261	0.500000
5.009737	8.250173	1.823575	0.500000
7.383595	1.962959	1.471012	0.500000
2.442967	1.860732	1.084264	0.500000
9.529652	9.262572	0.686654	0.500000
7.827487	8.731294	1.885814	0.500000
5.818161	9.060034	1.030548	0.500000
9.531308	8.241160	1.881711	0.500000
3.931196	5.455423	1.641144	0.500000
5.912511	5.626206	1.050829	0.500000
1.629000	10.092954	0.657425	0.500000
4.996443	1.034802	0.520692	0.500000
10.184328	10.530326	0.667747	0.500000
8.874937	10.634670	1.764256	0.500000
7.668774	7.637063	1.407185	0.500000
5.363640	1.905095	1.904484	0.500000
2.762681	6.808863	0.615559	0.500000
1.875530	8.719876	1.747068	0.500000
0.475449	3.281623	1.985882	0.500000
8.510022	1.967798	1.483611	0.500000
6.531177	10.123506	0.620506	0.500000
5.070664	0.611068	1.995529	0.500000
7.024555	10.480164	1.966397	0.500000
5.998646	8.569687	1.972512	0.500000
10.262787	1.172732	1.804752	0.500000
7.018989	5.738797	1.789868	0.500000
6.435826	2.104934	1.827660	0.500000
5.447409	2.651674	0.512772	0.500000
5.968426	4.469739	0.681479	0.500000
