500

0.609055	0.391197	0.524631	0.500000
0.961530	9.682134	0.579406	0.500000
2.076487	9.675392	0.569501	0.500000
3.246782	9.566579	0.681764	0.500000
4.393847	9.680533	0.531307	0.500000
4.940747	0.304867	0.662793	0.500000
6.012987	0.298677	0.539184	0.500000
7.228495	0.433830	0.568775	0.500000
8.218145	0.298440	0.634008	0.500000
9.431830	0.318112	0.634517	0.500000
1.168153	1.303241	0.756245	0.500000
1.619701	0.366589	0.627537	0.500000
2.853823	0.293917	0.611273	0.500000
3.896478	0.317916	0.597714	0.500000
4.371568	1.195749	0.523600	0.500000
5.642092	1.245888	0.570445	0.500000
6.641473	1.322907	0.605264	0.500000
7.883138	1.240370	0.575046	0.500000
9.090152	1.288375	0.593321	0.500000
0.003124	1.209224	0.584590	0.500000
0.345923	1.520595	1.509683	0.500000
0.513180	2.202076	0.690301	0.500000
2.210856	1.245197	0.655725	0.500000
3.305749	1.185865	0.561323	0.500000
3.837252	2.056019	0.621935	0.500000
4.970089	2.052818	0.501961	0.500000
5.962053	2.212180	0.501077	0.500000
7.425343	2.216569	0.609197	0.500000
8.432337	2.141830	0.560588	0.500000
9.496843	2.211159	0.607338	0.500000
0.906399	3.129263	0.519996	0.500000
1.671920	2.148538	0.524271	0.500000
2.109672	3.171765	0.591770	0.500000
3.425480	3.005038	0.734797	0.500000
4.427015	2.979352	0.526477	0.500000
5.433184	3.079841	0.512156	0.500000
6.788144	3.132816	0.524119	0.500000
7.842114	3.231811	0.634578	0.500000
8.957227	3.221995	0.640099	0.500000
10.076238	3.034196	0.513010	0.500000
0.494424	4.067823	0.561035	0.500000
1.538064	4.043731	0.551235	0.500000
1.206257	4.341279	1.671637	0.500000
3.015306	4.088716	0.501784	0.500000
4.069708	4.041126	0.539298	0.500000
5.121537	4.120644	0.531065	0.500000
6.145616	4.006589	0.521831	0.500000
7.246367	4.053599	0.566768	0.500000
8.396873	4.071698	0.536394	0.500000
9.681442	3.973383	0.546605	0.500000
0.033407	5.010762	0.741014	0.500000
1.231830	5.007679	0.678369	0.500000
2.302702	4.910033	0.684066	0.500000
3.540546	4.962053	0.552661	0.500000
4.678867	5.093376	0.612041	0.500000
5.700740	4.959246	0.593772	0.500000
6.705290	4.903902	0.562649	0.500000
7.517679	5.874095	0.523931	0.500000
8.069316	5.013443	0.631319	0.500000
9.126645	4.873582	0.613219	0.500000
9.789665	5.896672	0.540497	0.500000
0.703240	5.912424	0.511408	0.500000
1.835392	5.947901	0.528982	0.500000
2.837483	5.971254	0.576148	0.500000
4.126100	6.045221	0.629656	0.500000
5.227907	6.076806	0.723817	0.500000
6.465507	5.918696	0.561000	0.500000
7.065930	6.915883	0.693604	0.500000
8.123368	6.862080	0.670940	0.500000
8.684994	5.826593	0.541225	0.500000
0.140809	6.860240	0.655401	0.500000
1.278177	6.811119	0.570998	0.500000
2.310123	6.835162	0.511642	0.500000
3.327530	6.858738	0.507029	0.500000
4.826493	7.041706	0.523173	0.500000
6.064642	6.937254	0.559396	0.500000
6.535056	7.822295	0.518788	0.500000
7.609404	7.756764	0.633842	0.500000
8.935945	7.730821	0.542262	0.500000
9.172622	6.736979	0.564271	0.500000
10.015905	7.899706	0.534051	0.500000
0.920420	7.801493	0.538365	0.500000
1.980328	7.864370	0.535402	0.500000
3.084713	7.862518	0.514155	0.500000
4.107853	7.774855	0.685084	0.500000
5.388704	7.883395	0.567692	0.500000
5.988298	8.765110	0.685908	0.500000
7.023564	8.728352	0.519745	0.500000
8.260179	8.703897	0.501423	0.500000
9.536042	8.839357	0.577180	0.500000
0.482904	8.729590	0.523153	0.500000
1.509188	8.777816	0.555311	0.500000
2.576710	8.723796	0.649179	0.500000
3.869955	8.771875	0.620300	0.500000
4.873841	8.752600	0.541703	0.500000
5.443713	9.656853	0.563707	0.500000
6.705320	9.720872	0.698497	0.500000
7.729417	9.550760	0.696606	0.500000
8.949960	9.638743	0.746849	0.500000
10.047444	9.737736	0.521161	0.500000
0.876180	0.651713	1.613365	0.500000
1.471301	9.995581	1.412698	0.500000
2.596696	9.934722	1.428074	0.500000
3.733639	9.929311	1.511510	0.500000
4.339368	0.532551	1.468523	0.500000
5.408540	0.604708	1.568214	0.500000
6.567908	0.624405	1.319638	0.500000
7.547084	0.647627	1.540568	0.500000
8.949520	0.557671	1.500239	0.500000
10.021099	0.590145	1.494907	0.500000
1.432668	1.490265	1.730905	0.500000
2.121662	0.649820	1.470309	0.500000
3.130731	0.606769	1.645269	0.500000
3.773371	1.413312	1.691747	0.500000
4.846449	1.484416	1.525203	0.500000
5.966128	1.470602	1.542949	0.500000
7.295516	1.631805	1.547561	0.500000
8.521208	1.520778	1.542077	0.500000
9.513446	1.523720	1.679002	0.500000
10.016281	1.096006	2.430517	0.500000
0.307068	2.072280	2.524124	0.500000
1.486880	2.110078	2.579055	0.500000
2.816401	2.156906	0.528008	0.500000
3.221583	2.398069	1.600402	0.500000
4.537780	2.456275	1.509149	0.500000
5.594924	2.502520	1.385126	0.500000
6.779254	2.549218	1.469984	0.500000
7.927963	2.470457	1.469028	0.500000
8.986442	2.644461	1.468999	0.500000
10.047305	2.412522	1.457304	0.500000
1.137630	2.452203	1.488297	0.500000
2.139293	2.362641	1.637799	0.500000
2.715744	3.321341	1.578382	0.500000
3.946543	3.313605	1.566209	0.500000
5.013727	3.347080	1.390511	0.500000
6.158621	3.339534	1.377204	0.500000
7.218829	3.434461	1.767070	0.500000
8.307285	3.376361	1.689722	0.500000
9.617455	3.416024	1.571555	0.500000
0.382692	3.279109	1.481670	0.500000
9.010558	4.246093	1.483188	0.500000
0.179624	4.323728	1.646138	0.500000
2.285423	4.285854	1.511278	0.500000
3.438980	4.224922	1.566946	0.500000
4.442273	4.202113	1.594744	0.500000
5.607124	4.215378	1.455471	0.500000
6.867872	4.366841	1.502431	0.500000
6.815294	5.019601	2.510064	0.500000
7.852878	3.206509	2.604741	0.500000
7.415917	5.271866	1.367277	0.500000
0.614718	5.256403	1.618523	0.500000
1.716220	5.365145	1.572152	0.500000
2.847978	5.113384	1.516124	0.500000
4.057771	5.138781	1.424426	0.500000
5.202644	5.134159	1.500073	0.500000
6.233739	5.275467	1.380216	0.500000
6.870957	6.249077	1.532904	0.500000
8.141139	6.224888	1.449754	0.500000
7.933618	4.291545	1.536392	0.500000
8.671843	5.290075	1.559876	0.500000
0.057359	6.132549	1.695219	0.500000
1.065236	6.199890	1.407267	0.500000
2.347611	6.182346	1.536961	0.500000
3.530455	6.116140	1.533049	0.500000
4.789488	6.285491	1.728840	0.500000
5.857608	6.251807	1.617869	0.500000
6.433784	7.205920	1.608183	0.500000
7.534660	7.168192	1.635922	0.500000
8.785187	7.128549	1.421374	0.500000
9.253657	6.132648	1.374069	0.500000
0.848072	7.183249	1.424642	0.500000
1.879797	7.151830	1.441186	0.500000
2.961733	7.209380	1.474741	0.500000
4.199960	7.133578	1.478426	0.500000
5.450868	7.150400	1.406292	0.500000
5.883375	8.098985	1.426653	0.500000
7.031940	8.099229	1.410535	0.500000
8.257733	8.024576	1.526646	0.500000
9.392901	7.934631	1.580581	0.500000
9.804624	7.023782	1.524893	0.500000
0.201145	8.095613	1.461007	0.500000
1.303499	8.083048	1.590974	0.500000
2.375121	8.035711	1.474622	0.500000
3.702461	8.090740	1.566911	0.500000
4.767307	8.120950	1.424093	0.500000
5.433748	8.990625	1.582456	0.500000
6.467974	9.004988	1.571993	0.500000
7.618238	8.931865	1.555309	0.500000
8.733072	9.020638	1.525911	0.500000
9.767964	8.869961	1.609442	0.500000
0.692191	8.970216	1.552545	0.500000
1.935460	9.023988	1.564688	0.500000
3.106444	8.900464	1.587150	0.500000
4.238587	9.042333	1.551358	0.500000
4.850794	9.885790	1.548886	0.500000
6.034636	9.979603	1.550037	0.500000
7.089496	9.805005	1.634997	0.500000
8.110726	9.998318	1.617461	0.500000
9.473215	9.932268	1.552350	0.500000
0.337436	9.975318	1.475612	0.500000
9.219978	0.225937	2.446563	0.500000
0.877919	9.662557	2.275663	0.500000
2.052340	9.686131	2.305379	0.500000
3.269276	9.624898	2.346623	0.500000
4.326293	9.739727	2.448515	0.500000
4.910310	0.371390	2.556760	0.500000
6.044396	0.158917	2.495767	0.500000
7.127256	0.368357	2.658362	0.500000
8.228181	0.292754	2.700706	0.500000
9.391982	0.914044	3.409693	0.500000
0.348217	0.276822	2.616223	0.500000
1.469050	0.318003	2.509422	0.500000
2.647830	0.231224	2.628912	0.500000
3.973607	1.078484	3.282554	0.500000
4.543031	1.341047	2.486600	0.500000
5.567760	1.227424	2.439585	0.500000
6.565407	1.134724	2.286171	0.500000
7.639743	1.369402	2.508328	0.500000
8.756599	1.218770	2.508323	0.500000
0.147281	0.839072	3.633151	0.500000
0.774081	1.652855	3.469473	0.500000
0.884531	1.160113	2.540238	0.500000
2.697724	1.526663	1.539957	0.500000
3.721966	0.378963	2.610639	0.500000
3.844818	2.275924	2.498814	0.500000
5.093220	2.232976	2.414100	0.500000
6.188730	2.199258	2.503189	0.500000
7.363748	2.333914	2.409262	0.500000
8.915516	1.889715	3.511472	0.500000
8.346798	2.275473	2.593376	0.500000
10.120663	3.040454	2.432962	0.500000
0.913033	2.950570	2.420317	0.500000
2.657842	2.144190	2.512324	0.500000
3.325518	3.227925	2.542999	0.500000
4.377465	3.160265	2.623668	0.500000
5.596821	3.094780	2.254150	0.500000
6.690020	3.099634	2.585098	0.500000
8.308544	2.904965	3.562560	0.500000
9.656603	4.045673	2.421675	0.500000
9.066843	3.231980	2.449716	0.500000
9.108268	4.860230	2.623709	0.500000
0.439833	3.912886	2.527233	0.500000
1.541849	3.391723	1.385762	0.500000
1.288128	2.598283	3.536926	0.500000
2.735100	4.077709	2.762003	0.500000
3.852361	4.094432	2.598912	0.500000
5.039710	3.936585	2.515908	0.500000
6.231395	4.042238	2.413613	0.500000
7.756139	3.776286	3.581132	0.500000
8.505421	4.081333	2.411226	0.500000
10.180411	5.017001	2.479794	0.500000
1.194380	5.021506	2.491370	0.500000
1.530866	3.952649	2.586568	0.500000
2.234435	4.926037	2.352591	0.500000
3.314716	4.995126	2.419693	0.500000
4.567360	4.997141	2.288215	0.500000
5.775207	4.985418	2.336722	0.500000
7.222361	4.044597	2.586838	0.500000
8.102276	5.033273	2.358113	0.500000
9.731043	5.262327	1.612035	0.500000
9.825872	5.984589	2.573230	0.500000
0.644201	5.942937	2.534252	0.500000
1.894163	5.970068	2.483831	0.500000
2.939876	6.035250	2.354766	0.500000
4.075289	5.818557	2.641372	0.500000
5.251301	5.828664	2.495056	0.500000
6.355869	6.010070	2.468861	0.500000
6.760213	5.698398	3.403335	0.500000
7.512787	5.834802	2.209202	0.500000
8.803982	6.010499	2.261166	0.500000
0.350873	6.905422	2.305864	0.500000
1.402513	6.873894	2.377206	0.500000
2.512062	6.941911	2.329617	0.500000
3.618203	6.744506	2.564990	0.500000
4.667927	6.654839	2.719169	0.500000
5.797564	6.897468	2.461378	0.500000
6.991009	6.887188	2.567667	0.500000
7.672562	7.749259	2.528621	0.500000
8.245396	6.858859	2.320687	0.500000
9.328233	6.902151	2.422472	0.500000
9.973416	7.844657	2.512256	0.500000
0.898616	7.736582	2.636169	0.500000
1.944214	7.840104	2.372249	0.500000
3.202447	7.910425	2.480926	0.500000
4.153745	7.611986	2.355651	0.500000
5.136626	7.772384	2.627672	0.500000
6.273304	7.785077	2.436102	0.500000
7.028900	8.585075	2.580384	0.500000
8.115185	8.722859	2.537405	0.500000
8.792430	7.749339	2.590165	0.500000
0.296556	8.723785	2.500811	0.500000
1.323743	8.691730	2.584130	0.500000
2.526622	8.715232	2.424446	0.500000
3.777345	8.779431	2.553798	0.500000
4.820289	8.789216	2.411972	0.500000
5.844331	8.737485	2.685377	0.500000
6.611218	9.510052	2.505483	0.500000
7.625341	9.733465	2.535009	0.500000
8.675846	9.610441	2.355486	0.500000
9.295968	8.606833	2.457527	0.500000
1.014597	10.169583	3.330517	0.500000
2.488041	0.816597	3.444956	0.500000
3.281795	0.140423	3.545350	0.500000
5.023190	1.081200	3.355199	0.500000
5.402568	0.040907	3.418649	0.500000
6.195160	1.126916	3.294382	0.500000
6.528731	0.077404	3.422943	0.500000
7.526482	0.059149	3.546037	0.500000
8.845558	0.072730	3.479628	0.500000
9.844791	10.219709	3.520450	0.500000
1.389300	0.861221	3.461951	0.500000
1.966728	1.204592	2.619962	0.500000
3.014163	1.166883	2.524499	0.500000
3.374547	1.165889	4.164001	0.500000
5.585548	2.012944	3.374476	0.500000
6.783362	1.941434	3.410229	0.500000
7.191085	1.020649	3.501426	0.500000
7.816521	1.917761	3.379045	0.500000
8.194167	0.890314	3.538383	0.500000
9.982807	1.796669	3.358412	0.500000
1.196602	1.299350	4.392169	0.500000
0.966039	3.630515	3.375877	0.500000
3.364782	1.919676	3.312451	0.500000
4.476837	1.942988	3.318971	0.500000
5.122820	2.893979	3.528402	0.500000
6.209456	2.819754	3.428013	0.500000
7.306275	2.862549	3.490741	0.500000
8.787737	2.394094	4.468070	0.500000
9.413966	2.154397	2.523852	0.500000
10.171027	3.840700	3.425391	0.500000
0.635234	2.310409	4.246788	0.500000
2.734423	2.778976	3.463308	0.500000
3.907021	2.916039	3.499495	0.500000
3.373250	3.793364	3.550645	0.500000
4.624565	3.760585	3.411089	0.500000
5.690097	3.715227	3.442030	0.500000
6.752539	3.749620	3.569891	0.500000
8.289394	3.413872	4.437500	0.500000
9.298290	2.855884	3.375488	0.500000
8.930111	3.766749	3.577680	0.500000
0.579815	4.619982	3.281809	0.500000
0.266283	2.793759	3.342197	0.500000
2.044292	2.971522	2.713366	0.500000
2.744380	4.759819	3.508182	0.500000
4.079291	4.846940	3.239756	0.500000
5.168233	4.775723	3.112688	0.500000
6.236662	4.582372	3.273509	0.500000
7.329802	4.718689	3.422980	0.500000
8.339362	4.728809	3.489265	0.500000
9.564112	4.634601	3.498463	0.500000
1.189497	5.563827	3.358907	0.500000
1.632848	4.572020	3.444624	0.500000
2.506256	5.750837	3.300339	0.500000
3.575117	5.668227	3.545759	0.500000
4.703981	5.645397	3.567311	0.500000
5.761059	5.566614	3.368736	0.500000
7.355976	5.310388	4.331293	0.500000
7.909806	5.626421	3.206033	0.500000
9.275453	5.621927	3.362051	0.500000
0.065960	5.529012	3.371404	0.500000
0.483474	6.594045	3.388019	0.500000
1.733084	6.477839	3.508738	0.500000
2.389345	7.361860	3.259783	0.500000
3.083413	6.570541	3.512159	0.500000
4.268867	6.550341	3.676658	0.500000
5.274665	6.597027	3.528877	0.500000
6.281049	6.630057	3.296628	0.500000
7.409299	6.540626	3.535889	0.500000
8.524903	6.501976	3.231288	0.500000
9.615395	6.622182	3.394161	0.500000
0.836679	8.457343	3.439775	0.500000
1.235296	7.406540	3.538060	0.500000
3.108371	8.187100	3.445306	0.500000
3.795210	7.410294	3.466749	0.500000
4.910819	7.587071	3.614745	0.500000
5.972417	7.585853	3.371594	0.500000
7.079154	7.523037	3.374298	0.500000
8.227113	7.497054	3.463299	0.500000
9.417097	7.693293	3.466601	0.500000
0.233074	7.623557	3.383938	0.500000
0.245761	9.410481	3.322038	0.500000
1.479645	9.275352	3.429826	0.500000
1.891620	8.319154	3.324301	0.500000
3.805657	9.409772	3.453781	0.500000
4.106086	8.403289	3.470783	0.500000
5.328978	8.505483	3.515553	0.500000
6.456392	8.474683	3.509256	0.500000
7.679764	8.359601	3.408874	0.500000
8.711959	8.451970	3.408291	0.500000
9.994471	8.529728	3.489815	0.500000
2.105659	10.119660	3.439695	0.500000
2.503321	9.183541	3.588222	0.500000
4.365579	0.066503	3.360033	0.500000
4.813005	9.361719	3.393401	0.500000
5.340101	9.661698	2.422796	0.500000
5.897063	9.338321	3.486991	0.500000
6.981388	9.402145	3.538725	0.500000
8.211606	9.477679	3.401228	0.500000
9.235829	9.321641	3.337886	0.500000
9.793395	9.566750	2.431626	0.500000
0.075425	9.829084	4.482485	0.500000
2.218868	9.657761	4.426638	0.500000
3.295040	9.585383	4.406765	0.500000
4.389564	9.286113	4.361091	0.500000
4.904816	10.208109	4.485450	0.500000
5.548599	0.754126	4.236427	0.500000
5.965047	10.053279	4.416456	0.500000
6.985600	10.077962	4.419782	0.500000
8.207924	10.031925	4.304742	0.500000
9.285861	9.804428	4.368423	0.500000
1.814713	2.084083	4.499212	0.500000
2.258305	1.889627	3.497884	0.500000
3.896020	0.177720	4.494537	0.500000
4.575965	0.940703	4.487331	0.500000
4.947183	1.869051	4.325924	0.500000
6.022612	1.757491	4.293170	0.500000
6.594263	0.761529	4.318020	0.500000
7.691589	0.712433	4.445220	0.500000
8.809527	0.645392	4.370070	0.500000
9.816248	0.498173	4.425547	0.500000
0.151128	1.420224	4.447338	0.500000
1.751224	0.308572	4.283467	0.500000
2.807540	0.283607	4.424813	0.500000
3.962772	1.950268	4.494952	0.500000
3.338161	3.011209	4.333690	0.500000
4.365225	2.881901	4.428048	0.500000
5.600944	2.687258	4.426371	0.500000
7.126696	1.615374	4.309630	0.500000
8.246349	1.548135	4.379421	0.500000
9.322493	1.538845	4.461248	0.500000
1.278105	3.147824	4.421399	0.500000
2.276229	1.182527	4.367437	0.500000
2.879223	2.113799	4.487713	0.500000
2.300374	3.063889	4.433833	0.500000
4.068619	3.908011	4.498805	0.500000
5.150449	3.603062	4.485094	0.500000
6.655726	2.580808	4.300962	0.500000
7.693878	2.581428	4.491772	0.500000
9.318665	3.375952	4.438984	0.500000
9.793746	2.445176	4.245913	0.500000
10.011071	4.204629	4.396401	0.500000
0.805545	4.124538	4.317896	0.500000
1.893921	3.989575	4.458285	0.500000
2.468785	4.919938	4.469817	0.500000
2.991542	3.980097	4.480230	0.500000
4.676297	4.770765	4.112316	0.500000
6.175646	3.602282	4.465192	0.500000
7.240528	3.534337	4.481547	0.500000
7.784142	4.406583	4.410342	0.500000
0.269624	3.231634	4.438955	0.500000
0.252285	5.184725	4.491165	0.500000
2.072148	3.634575	3.497345	0.500000
2.048477	5.814849	4.199778	0.500000
3.060636	5.736762	4.431853	0.500000
3.633099	4.854738	4.209029	0.500000
5.700012	4.483530	4.251650	0.500000
6.784909	4.445868	4.313930	0.500000
8.431513	5.333361	4.387573	0.500000
8.961133	4.434785	4.461712	0.500000
9.463131	5.307077	4.341551	0.500000
10.080248	6.183787	4.430907	0.500000
1.451546	4.916375	4.472215	0.500000
1.573794	6.952584	4.395899	0.500000
2.556725	6.764767	4.495824	0.500000
3.564471	6.703048	4.444405	0.500000
5.200452	5.575559	4.463946	0.500000
6.192664	5.369852	4.455686	0.500000
6.965796	6.231701	4.443051	0.500000
7.999078	6.244487	4.371232	0.500000
9.003010	6.198941	4.247916	0.500000
0.562798	6.958874	4.393840	0.500000
0.827005	5.997405	4.271278	0.500000
2.102326	7.842613	4.356462	0.500000
3.146330	7.634091	4.480862	0.500000
4.140519	5.676442	4.486553	0.500000
5.943926	6.346211	4.278138	0.500000
6.478942	7.210602	4.306506	0.500000
7.531312	7.229192	4.336049	0.500000
8.535976	7.171995	4.376497	0.500000
9.540517	7.037982	4.340310	0.500000
0.028295	7.808206	4.365584	0.500000
0.542702	8.855790	4.418287	0.500000
1.040444	7.968436	4.435923	0.500000
2.720586	8.714914	4.452321	0.500000
4.152499	7.521762	4.484986	0.500000
4.984773	6.949767	4.424662	0.500000
5.602639	7.764875	4.469479	0.500000
7.033968	8.159325	4.398175	0.500000
8.107151	8.134856	4.456671	0.500000
9.154744	7.966200	4.411649	0.500000
1.056525	9.738161	4.304824	0.500000
0.656655	0.456636	4.491487	0.500000
1.638626	8.769155	4.324522	0.500000
3.735634	8.478642	4.487985	0.500000
4.750053	8.336159	4.320546	0.500000
5.419827	9.125619	4.342022	0.500000
6.529093	9.174929	4.490152	0.500000
7.576904	9.259909	4.396872	0.500000
8.636599	9.019091	4.280895	0.500000
9.705826	8.882297	4.386333	0.500000
