500

0.354541	0.443151	0.573641	0.500000
0.850748	9.716386	0.664274	0.500000
2.045776	9.693292	0.859978	0.500000
3.183895	9.818689	0.817367	0.500000
4.421160	10.059477	0.692637	0.500000
5.103801	0.607203	0.621320	0.500000
6.136108	0.410767	0.742615	0.500000
7.218989	0.513369	0.604260	0.500000
8.257306	0.451304	0.639718	0.500000
9.369420	0.464925	0.548857	0.500000
0.978222	1.247669	0.605006	0.500000
1.547014	0.288261	0.577495	0.500000
2.607369	0.418971	0.625578	0.500000
3.948688	0.700376	0.507821	0.500000
4.677639	1.550132	0.559440	0.500000
5.760922	1.410836	0.539750	0.500000
6.740307	1.438030	0.740457	0.500000
7.735306	1.383616	0.548457	0.500000
8.960336	1.402707	0.520799	0.500000
9.988086	1.304438	0.523236	0.500000
0.353546	1.643413	1.320194	0.500000
0.937941	2.261038	0.521775	0.500000
2.061789	1.482470	0.539101	0.500000
3.105063	1.411116	0.551310	0.500000
4.064867	2.385524	0.521173	0.500000
5.199915	2.409251	0.532604	0.500000
6.304252	2.387314	0.652833	0.500000
7.549238	2.454428	0.512284	0.500000
8.645061	2.390525	0.518995	0.500000
9.794393	2.311408	0.598775	0.500000
1.489438	3.268461	0.555055	0.500000
1.819562	2.379975	1.014439	0.500000
2.620360	3.348568	0.558204	0.500000
3.663368	3.326414	0.514089	0.500000
4.739803	3.410929	0.534827	0.500000
5.858222	3.332636	0.569209	0.500000
6.956107	3.325715	0.594728	0.500000
8.129527	3.341533	0.524757	0.500000
9.307734	3.188107	0.582896	0.500000
0.314950	3.044258	0.513570	0.500000
0.860288	4.171595	0.545934	0.500000
2.048496	4.234340	0.625008	0.500000
1.243971	4.362574	1.479907	0.500000
3.072186	4.285376	0.572831	0.500000
4.176454	4.295144	0.618782	0.500000
5.277980	4.252663	0.669190	0.500000
6.290010	4.235776	0.502877	0.500000
7.572711	4.413873	0.529440	0.500000
8.902378	4.139171	0.617314	0.500000
9.905986	4.232617	0.621465	0.500000
0.285553	5.063729	0.657321	0.500000
1.356892	5.080207	0.539272	0.500000
2.543925	5.278296	0.569113	0.500000
3.555249	5.254705	0.555618	0.500000
4.656080	5.204216	0.534571	0.500000
5.805045	5.333829	0.533416	0.500000
6.831236	5.141230	0.505227	0.500000
7.518692	6.018260	0.530175	0.500000
8.201985	5.239805	0.511872	0.500000
9.294908	5.198969	0.613737	0.500000
10.106779	6.002332	0.537994	0.500000
0.952756	5.992263	0.771645	0.500000
1.923485	6.071093	0.527409	0.500000
3.140880	6.295857	0.526453	0.500000
4.139528	6.085954	0.697930	0.500000
5.397988	6.275708	0.589438	0.500000
6.405333	6.227353	0.628628	0.500000
7.048022	7.092271	0.543464	0.500000
8.110957	7.036003	0.584538	0.500000
8.626272	6.143462	0.571474	0.500000
0.368777	6.880220	0.573312	0.500000
1.409259	7.020548	0.657573	0.500000
2.450745	7.036789	0.512315	0.500000
3.696801	7.135776	0.521481	0.500000
4.882888	7.122486	0.723798	0.500000
5.964332	7.137891	0.520583	0.500000
6.545811	8.005748	0.531480	0.500000
7.615655	7.964443	0.566414	0.500000
8.826469	7.863799	0.567294	0.500000
9.438955	6.935044	0.677868	0.500000
9.891518	7.924395	0.503239	0.500000
0.770642	7.874030	0.649623	0.500000
2.021728	7.972645	0.511500	0.500000
3.100959	8.000142	0.532211	0.500000
4.413494	8.042055	0.514938	0.500000
5.487331	8.047462	0.719911	0.500000
6.064171	8.888429	0.700464	0.500000
7.071127	8.861185	0.635848	0.500000
8.209505	8.770404	0.543723	0.500000
9.385704	8.960452	0.549203	0.500000
0.265639	8.903748	0.512367	0.500000
1.265140	8.773757	0.575297	0.500000
2.668466	8.893586	0.768784	0.500000
3.864187	9.106485	0.510460	0.500000
4.942361	9.023212	0.598710	0.500000
5.468095	9.892390	0.542276	0.500000
6.609001	9.763718	0.503631	0.500000
7.645932	9.766504	0.576142	0.500000
8.869727	9.822776	0.522696	0.500000
10.002404	9.846692	0.701905	0.500000
0.914567	0.543137	1.513456	0.500000
1.478898	9.949538	1.657304	0.500000
2.568574	10.135594	1.643434	0.500000
3.732757	10.182316	1.634652	0.500000
4.283905	0.856642	1.456606	0.500000
5.521246	0.851725	1.527474	0.500000
6.818701	0.699526	1.554229	0.500000
7.872283	0.745880	1.558648	0.500000
8.985265	0.766580	1.454549	0.500000
10.014924	0.679431	1.377799	0.500000
1.438117	1.616415	1.550456	0.500000
1.927250	0.744012	1.628189	0.500000
3.219115	0.799153	1.397615	0.500000
3.781527	1.701910	1.259445	0.500000
4.932783	1.727593	1.768297	0.500000
6.120041	1.682192	1.615947	0.500000
7.411403	1.771179	1.475968	0.500000
8.406311	1.612394	1.521003	0.500000
9.571170	1.655367	1.398857	0.500000
9.953867	1.161542	2.261972	0.500000
0.313819	2.157685	2.588923	0.500000
1.293940	2.582211	2.773743	0.500000
2.820201	2.344364	0.894988	0.500000
3.609692	2.758972	1.364641	0.500000
4.623819	2.610784	1.369721	0.500000
5.686437	2.587113	1.512838	0.500000
7.012880	2.722131	1.504547	0.500000
8.076864	2.673793	1.396387	0.500000
9.170325	2.641952	1.466658	0.500000
10.213544	2.764159	1.538359	0.500000
1.017413	2.588777	1.601717	0.500000
1.981752	2.391390	2.058335	0.500000
3.011685	3.540554	1.636432	0.500000
4.174848	3.603886	1.345125	0.500000
5.385653	3.646300	1.507841	0.500000
6.377509	3.616093	1.632550	0.500000
7.444172	3.654235	1.458141	0.500000
8.716857	3.701579	1.653701	0.500000
9.707867	3.652270	1.429467	0.500000
0.572662	3.610765	1.453101	0.500000
9.182188	4.611304	1.550310	0.500000
0.146145	4.544621	1.543568	0.500000
2.400391	4.365293	1.558210	0.500000
3.597913	4.526802	1.466046	0.500000
4.727155	4.603728	1.608758	0.500000
5.783944	4.619068	1.660238	0.500000
6.943553	4.524606	1.372758	0.500000
7.491562	5.375027	1.361240	0.500000
7.552084	4.266780	2.419261	0.500000
8.049689	4.486647	1.451967	0.500000
0.831117	5.311942	1.509301	0.500000
2.043224	5.542344	1.434176	0.500000
3.057858	5.425672	1.474691	0.500000
4.365114	5.552309	1.627485	0.500000
5.417493	5.593890	1.609994	0.500000
6.494108	5.468517	1.419779	0.500000
7.044286	6.355870	1.523456	0.500000
8.075315	6.336468	1.597925	0.500000
8.538591	5.430895	1.511789	0.500000
9.807872	5.445832	1.569005	0.500000
0.304771	6.290088	1.505170	0.500000
1.425192	6.546730	1.580251	0.500000
2.539785	6.457812	1.436421	0.500000
3.559362	6.442349	1.441535	0.500000
4.782466	6.469443	1.548026	0.500000
5.931751	6.486169	1.487840	0.500000
6.598461	7.352139	1.497943	0.500000
7.591177	7.213036	1.473746	0.500000
8.642079	7.240284	1.578695	0.500000
9.126268	6.241312	1.532952	0.500000
0.696613	7.270531	1.626232	0.500000
2.058810	7.374772	1.634848	0.500000
3.067660	7.344122	1.425841	0.500000
4.171127	7.324336	1.492061	0.500000
5.333963	7.375298	1.629796	0.500000
5.977885	8.142082	1.683967	0.500000
7.165842	8.234797	1.503008	0.500000
8.168324	8.155303	1.377795	0.500000
9.191711	8.254401	1.506738	0.500000
9.826934	7.198099	1.592142	0.500000
0.140987	8.146273	1.482561	0.500000
1.227261	8.102615	1.815121	0.500000
2.650104	8.276573	1.576428	0.500000
3.761385	8.252201	1.284176	0.500000
4.745556	8.304093	1.483401	0.500000
5.414720	9.080980	1.485273	0.500000
6.551624	9.118846	1.594809	0.500000
7.758986	9.094158	1.544084	0.500000
8.761760	9.149359	1.320468	0.500000
9.855872	9.101152	1.457205	0.500000
0.805033	8.991806	1.606230	0.500000
1.879464	8.982605	1.594932	0.500000
3.200901	9.192127	1.741290	0.500000
4.390296	9.401442	1.674086	0.500000
5.080453	10.115199	1.446583	0.500000
6.086340	10.093015	1.590590	0.500000
7.166930	9.922419	1.482212	0.500000
8.234597	10.022493	1.557713	0.500000
9.491771	10.077190	1.606174	0.500000
0.350760	9.918448	1.649344	0.500000
9.441131	0.232406	2.565852	0.500000
0.911438	9.614041	2.444604	0.500000
2.061771	9.632883	2.430364	0.500000
3.294824	9.891379	2.490014	0.500000
4.369468	9.856699	2.615867	0.500000
4.925281	0.683159	2.395631	0.500000
6.142563	0.506204	2.434936	0.500000
7.394834	0.468624	2.482645	0.500000
8.395523	0.268191	2.557738	0.500000
9.381582	0.862932	3.396872	0.500000
0.218418	0.320677	2.550870	0.500000
1.410994	0.373505	2.651499	0.500000
2.737228	0.765487	2.318260	0.500000
4.214236	0.419890	3.363821	0.500000
4.372669	1.523483	2.618345	0.500000
5.626987	1.402636	2.483668	0.500000
6.836621	1.508423	2.554084	0.500000
7.824375	1.371701	2.386625	0.500000
8.952370	1.266234	2.379919	0.500000
0.258504	0.933998	3.519413	0.500000
0.743802	2.121273	3.595851	0.500000
0.818027	1.309063	2.376109	0.500000
2.628672	1.665759	1.630868	0.500000
3.839040	0.603586	2.448577	0.500000
4.103805	2.559588	2.261765	0.500000
5.298966	2.518343	2.443808	0.500000
6.372587	2.430097	2.549159	0.500000
7.487611	2.356668	2.309318	0.500000
8.962345	1.793727	3.415176	0.500000
8.484906	2.310620	2.477086	0.500000
0.794137	3.283528	3.297415	0.500000
1.274889	3.572503	2.208925	0.500000
2.952794	2.650898	2.143721	0.500000
3.409676	3.380363	2.752755	0.500000
4.758676	3.404110	2.266763	0.500000
5.867753	3.327406	2.660548	0.500000
6.920183	3.265215	2.446730	0.500000
7.970257	3.333294	2.290039	0.500000
9.160987	3.269351	2.446931	0.500000
0.132513	3.196191	2.489578	0.500000
9.815842	4.028885	2.569584	0.500000
0.600766	4.311409	2.436386	0.500000
2.028635	3.360499	1.510961	0.500000
2.344284	3.389414	2.519464	0.500000
3.046234	4.301199	2.333342	0.500000
4.186125	4.234343	2.609425	0.500000
5.467045	4.278881	2.590200	0.500000
6.499061	4.343762	2.505822	0.500000
7.990451	3.660012	3.385603	0.500000
8.664247	4.158126	2.631547	0.500000
0.040057	5.149330	2.429632	0.500000
1.506851	5.210511	2.308252	0.500000
1.964300	4.316797	2.508590	0.500000
2.556209	5.178357	2.445001	0.500000
3.638781	5.073088	2.585320	0.500000
4.979744	5.198838	2.472453	0.500000
6.029434	5.237806	2.602341	0.500000
7.102255	5.175473	2.264805	0.500000
8.142802	5.093382	2.590320	0.500000
9.161673	5.019005	2.515301	0.500000
9.746885	6.005841	2.472135	0.500000
0.660252	6.045288	2.421401	0.500000
2.150082	6.156361	2.348022	0.500000
3.268790	5.979464	2.306799	0.500000
4.313761	6.113931	2.476565	0.500000
5.418814	6.126904	2.498259	0.500000
6.451763	6.127451	2.349588	0.500000
7.001116	5.645967	3.311560	0.500000
7.635541	6.027185	2.462854	0.500000
8.679153	5.976779	2.506943	0.500000
0.103841	6.924503	2.485939	0.500000
1.450697	6.932401	2.580779	0.500000
2.760576	7.107094	2.363302	0.500000
3.835856	7.016619	2.546042	0.500000
4.950557	7.022195	2.559909	0.500000
6.013703	7.032611	2.371729	0.500000
7.053371	6.928354	2.394705	0.500000
7.680680	7.884356	2.488752	0.500000
8.251884	6.931107	2.625693	0.500000
9.333514	6.959658	2.546749	0.500000
9.874441	7.817786	2.512214	0.500000
0.783063	7.688269	2.629062	0.500000
2.034723	7.782549	2.653790	0.500000
3.393334	7.962307	2.309772	0.500000
4.526603	7.962214	2.464967	0.500000
5.561319	7.933819	2.610585	0.500000
6.683276	7.872607	2.612486	0.500000
7.105385	8.862124	2.477054	0.500000
8.268815	8.718824	2.375492	0.500000
8.718901	7.816782	2.538446	0.500000
0.395980	8.622674	2.570138	0.500000
1.541047	8.781685	2.567036	0.500000
2.586408	8.796013	2.633221	0.500000
3.882460	8.974951	2.491130	0.500000
4.960057	9.060580	2.435588	0.500000
5.996919	8.928727	2.430556	0.500000
6.656325	9.811027	2.521350	0.500000
7.824517	9.604381	2.585218	0.500000
8.840197	9.566987	2.558186	0.500000
9.341742	8.705390	2.416513	0.500000
0.782011	0.060601	3.378201	0.500000
2.379074	1.173872	3.460674	0.500000
3.143250	0.293996	3.357778	0.500000
4.988258	1.173634	3.433083	0.500000
5.483063	0.177383	3.542517	0.500000
5.997226	1.081236	3.428853	0.500000
6.687310	0.040520	3.470571	0.500000
7.697569	10.212218	3.432373	0.500000
8.813797	10.176281	3.461493	0.500000
9.902443	10.189151	3.471959	0.500000
1.231935	1.112184	3.360971	0.500000
1.863139	1.531979	2.681393	0.500000
3.459975	1.498105	2.204326	0.500000
3.498484	1.228877	3.289752	0.500000
5.570915	2.048488	3.318427	0.500000
6.856013	1.795941	3.530039	0.500000
7.307376	0.906544	3.419070	0.500000
7.894848	1.808309	3.462455	0.500000
8.351910	0.873997	3.468239	0.500000
9.992525	1.847498	3.499873	0.500000
1.266941	1.642812	4.402476	0.500000
1.812095	3.156374	3.412211	0.500000
3.506523	2.208395	3.023327	0.500000
4.516521	2.063191	3.489008	0.500000
5.238843	2.995761	3.415634	0.500000
6.342736	2.929409	3.454225	0.500000
7.325862	2.763447	3.287508	0.500000
8.394090	2.743776	3.425479	0.500000
9.531780	2.087572	2.520046	0.500000
10.078680	3.593779	3.434438	0.500000
1.407523	2.982038	4.479468	0.500000
2.870075	3.012902	3.625618	0.500000
4.132172	2.991519	3.358085	0.500000
3.600653	4.143681	3.472621	0.500000
4.690803	3.867524	3.504412	0.500000
5.819574	3.899129	3.543991	0.500000
6.891502	3.799250	3.319728	0.500000
8.462925	3.415568	4.494042	0.500000
9.432611	2.763723	3.268203	0.500000
9.006819	3.660352	3.546545	0.500000
0.446080	4.397812	3.488931	0.500000
1.494086	4.145575	3.391892	0.500000
2.498983	4.022092	3.344128	0.500000
3.112430	5.182441	3.553603	0.500000
4.348257	4.911739	3.552408	0.500000
5.496364	4.863293	3.423019	0.500000
6.488121	4.768478	3.572885	0.500000
7.517165	4.699507	3.500667	0.500000
8.524182	4.765966	3.457581	0.500000
9.708849	4.724614	3.434700	0.500000
0.828165	5.224834	3.048679	0.500000
1.931733	5.045896	3.260399	0.500000
2.735841	6.062590	3.191961	0.500000
3.825519	5.884515	3.391349	0.500000
5.014568	5.769893	3.344579	0.500000
6.024288	5.793249	3.598127	0.500000
7.625801	5.275405	4.312044	0.500000
8.085958	5.746127	3.346295	0.500000
9.122094	5.631327	3.471440	0.500000
10.219681	5.739348	3.493562	0.500000
0.557850	6.553785	3.346638	0.500000
1.465835	6.006325	3.447571	0.500000
2.139885	6.833733	3.452580	0.500000
3.407129	6.823959	3.506043	0.500000
4.488434	6.636771	3.449509	0.500000
5.506304	6.699762	3.536411	0.500000
6.485330	6.707055	3.261251	0.500000
7.603697	6.632344	3.435081	0.500000
8.667334	6.616042	3.483936	0.500000
9.688932	6.595026	3.426469	0.500000
0.912459	8.348458	3.447921	0.500000
1.216480	7.347670	3.523069	0.500000
2.768347	7.630186	3.325901	0.500000
3.888284	7.784620	3.265793	0.500000
5.016352	7.739048	3.431911	0.500000
6.047323	7.639342	3.465621	0.500000
7.048376	7.616542	3.641091	0.500000
8.124556	7.531393	3.466695	0.500000
9.213203	7.535560	3.400703	0.500000
0.038556	7.409812	3.452812	0.500000
0.366139	9.333380	3.364403	0.500000
1.519366	9.389601	3.489816	0.500000
1.965719	8.449313	3.498078	0.500000
3.300609	8.602212	3.524834	0.500000
4.449015	8.623041	3.405508	0.500000
5.487303	8.687711	3.333053	0.500000
6.578369	8.538036	3.394262	0.500000
7.656591	8.538805	3.281949	0.500000
8.791986	8.441209	3.564657	0.500000
9.855538	8.380582	3.436496	0.500000
2.123212	0.191913	3.345522	0.500000
2.701442	9.607741	3.481997	0.500000
3.730791	9.642896	3.389095	0.500000
4.889360	9.543819	3.444730	0.500000
5.470345	9.951863	2.385839	0.500000
6.002258	9.544440	3.428813	0.500000
7.153312	9.344879	3.605212	0.500000
8.260562	9.323624	3.602560	0.500000
9.347824	9.284192	3.565623	0.500000
10.081809	9.625035	2.472532	0.500000
0.308308	9.774794	4.300060	0.500000
2.702892	10.182974	4.484699	0.500000
3.378301	9.445075	4.484087	0.500000
4.401460	9.246347	4.453510	0.500000
4.990596	10.140238	4.392812	0.500000
5.563658	0.896568	4.498457	0.500000
6.064747	10.018951	4.474908	0.500000
7.245643	9.974371	4.428203	0.500000
8.243510	9.882223	4.432151	0.500000
9.445376	9.848518	4.436837	0.500000
1.868379	2.122844	3.755892	0.500000
2.476163	2.319135	2.957897	0.500000
3.835504	0.107133	4.369653	0.500000
4.553846	0.874034	4.361430	0.500000
5.042478	1.783508	4.404256	0.500000
6.223182	1.683327	4.310499	0.500000
6.566088	0.727240	4.477797	0.500000
7.757543	0.615354	4.383887	0.500000
8.761640	0.529183	4.426323	0.500000
9.997452	0.529736	4.475793	0.500000
0.250052	1.427077	4.485899	0.500000
1.728378	0.668962	4.498593	0.500000
3.165447	0.915450	4.272309	0.500000
4.035996	1.772296	4.398094	0.500000
3.520665	2.786651	4.366469	0.500000
4.647013	2.760033	4.419191	0.500000
5.684649	2.600066	4.264786	0.500000
7.289635	1.556075	4.430886	0.500000
8.374903	1.529824	4.317444	0.500000
9.474699	1.437742	4.262898	0.500000
0.384191	3.078960	4.245810	0.500000
2.333608	1.491167	4.421388	0.500000
3.123300	1.953233	3.958510	0.500000
3.002479	3.818959	4.368749	0.500000
4.091883	3.688615	4.372566	0.500000
5.248668	3.655572	4.442033	0.500000
6.744213	2.570229	4.451465	0.500000
7.882829	2.560586	4.316643	0.500000
8.923858	2.485066	4.283155	0.500000
9.969990	2.305178	4.390314	0.500000
10.222931	4.008534	4.452136	0.500000
0.976589	3.982694	4.270690	0.500000
2.398052	2.690919	4.498920	0.500000
2.663286	4.758305	4.469260	0.500000
3.686928	4.767114	4.416317	0.500000
4.783673	4.573249	4.499577	0.500000
6.396172	3.538630	4.401419	0.500000
7.429896	3.449552	4.410150	0.500000
8.131173	4.376883	4.367523	0.500000
9.478816	3.314943	4.474081	0.500000
0.591359	4.880904	4.485830	0.500000
1.989655	3.783846	4.238147	0.500000
2.157765	5.722134	4.177017	0.500000
3.169023	5.647336	4.489452	0.500000
4.296523	5.560000	4.426321	0.500000
5.880093	4.448666	4.460631	0.500000
6.976949	4.358278	4.494188	0.500000
8.698462	5.287918	4.335965	0.500000
9.146893	4.332882	4.373728	0.500000
9.699514	5.246016	4.356796	0.500000
10.211602	6.188709	4.498923	0.500000
1.654662	4.845398	4.378160	0.500000
1.685052	6.704513	4.460705	0.500000
2.685846	6.596024	4.421305	0.500000
3.803489	6.434663	4.404474	0.500000
5.354511	5.444241	4.286295	0.500000
6.494953	5.381294	4.389412	0.500000
7.073160	6.261030	4.423625	0.500000
8.133558	6.172422	4.375200	0.500000
9.195960	6.255603	4.400850	0.500000
0.653507	6.991498	4.471101	0.500000
1.057695	5.764556	4.331635	0.500000
2.264566	7.546661	4.369149	0.500000
3.371338	7.418189	4.364778	0.500000
4.865963	6.410595	4.369640	0.500000
5.888039	6.368334	4.466366	0.500000
6.535228	7.188083	4.387599	0.500000
7.665033	7.101487	4.457528	0.500000
8.750127	7.189367	4.496971	0.500000
9.885777	7.151665	4.348133	0.500000
0.244318	8.065168	4.240809	0.500000
0.911833	8.970108	4.361703	0.500000
1.292878	8.002962	4.366985	0.500000
2.872277	8.376161	4.466789	0.500000
4.401676	7.354134	4.182358	0.500000
5.429243	7.343706	4.467186	0.500000
6.060000	8.170214	4.344565	0.500000
7.123063	8.173732	4.480641	0.500000
8.267989	8.077885	4.495311	0.500000
9.391270	8.088379	4.309564	0.500000
1.329084	9.873500	4.477697	0.500000
0.750262	0.499022	4.277728	0.500000
2.344058	9.238465	4.426385	0.500000
3.928918	8.296378	4.388779	0.500000
4.950797	8.248130	4.331820	0.500000
5.416386	9.140268	4.319287	0.500000
6.546918	9.124664	4.427376	0.500000
7.684492	9.006359	4.460689	0.500000
8.833837	9.047976	4.453857	0.500000
9.952473	8.950735	4.337872	0.500000
