500

0.365747	0.277433	0.610623	0.500000
1.180994	9.829679	0.564964	0.500000
2.308521	9.675699	0.630024	0.500000
3.288669	9.922781	0.573772	0.500000
4.401778	9.731477	0.552014	0.500000
5.073319	0.378115	0.508819	0.500000
6.184750	0.328519	0.546072	0.500000
7.221353	0.411451	0.635786	0.500000
8.341741	0.391815	0.674670	0.500000
9.544928	0.372253	0.591328	0.500000
0.960370	1.151335	0.615379	0.500000
1.731690	0.432820	0.567230	0.500000
2.811473	0.516511	0.901973	0.500000
3.913710	0.521259	0.649284	0.500000
4.543084	1.376666	0.571427	0.500000
5.650352	1.272176	0.647599	0.500000
6.707700	1.367305	0.578463	0.500000
7.970654	1.332128	0.649614	0.500000
9.060574	1.400481	0.509737	0.500000
10.060755	1.299644	0.505008	0.500000
0.338721	1.613809	1.330718	0.500000
0.807447	2.151248	0.536294	0.500000
2.234541	1.426051	0.689004	0.500000
3.390147	1.431824	0.552608	0.500000
3.945884	2.316699	0.617727	0.500000
5.090855	2.292373	0.527902	0.500000
6.142553	2.197827	0.593122	0.500000
7.318225	2.202226	0.534553	0.500000
8.424669	2.294638	0.631358	0.500000
9.572017	2.262981	0.539970	0.500000
1.160708	3.196021	0.526877	0.500000
1.808512	2.357454	0.732511	0.500000
2.176470	3.318742	0.676641	0.500000
3.465845	3.202019	0.560829	0.500000
4.628292	3.187472	0.524043	0.500000
5.654345	3.119767	0.674155	0.500000
6.761364	3.081200	0.565070	0.500000
7.879929	3.245034	0.539741	0.500000
9.199429	3.265832	0.629993	0.500000
10.217002	3.139432	0.554971	0.500000
0.822937	4.137668	0.605309	0.500000
1.848064	4.293791	0.504285	0.500000
1.324495	4.458214	1.720300	0.500000
3.065872	4.142567	0.612300	0.500000
4.207988	4.263199	0.587376	0.500000
5.262150	4.220523	0.546015	0.500000
6.358419	4.020077	0.598987	0.500000
7.433123	4.150457	0.619249	0.500000
8.650958	4.129897	0.511288	0.500000
9.861911	4.217487	0.631164	0.500000
0.251576	5.016341	0.632733	0.500000
1.312087	5.155418	0.765558	0.500000
2.384484	5.239406	0.609036	0.500000
3.604610	5.124682	0.606008	0.500000
4.787694	5.206453	0.629707	0.500000
6.012825	5.007592	0.560196	0.500000
7.030477	5.078629	0.522163	0.500000
7.616624	5.927268	0.561844	0.500000
8.044020	4.993256	0.747802	0.500000
9.227933	5.039331	0.540958	0.500000
9.786371	5.874274	0.585741	0.500000
0.794216	6.014755	0.572946	0.500000
1.975537	6.153508	0.680830	0.500000
3.142561	6.037913	0.639526	0.500000
4.178743	6.018402	0.518030	0.500000
5.412395	6.100845	0.717090	0.500000
6.544707	5.987753	0.678519	0.500000
7.130520	6.929858	0.537303	0.500000
8.170536	7.063573	0.560114	0.500000
8.774882	6.100968	0.528005	0.500000
0.281476	6.882970	0.630554	0.500000
1.390180	6.969484	0.634506	0.500000
2.649413	6.915593	0.535059	0.500000
3.814890	6.995451	0.623519	0.500000
4.810169	6.888052	0.505605	0.500000
6.018859	6.923805	0.524023	0.500000
6.529761	7.842648	0.606625	0.500000
7.555551	7.923099	0.506920	0.500000
8.864737	7.849895	0.825881	0.500000
9.342000	6.992120	0.541146	0.500000
9.966497	7.797294	0.555731	0.500000
0.738946	7.800951	0.676796	0.500000
2.034635	7.763136	0.504657	0.500000
3.058327	7.845918	0.630074	0.500000
4.281377	7.910224	0.624754	0.500000
5.447683	7.775385	0.632302	0.500000
6.205560	8.866645	0.725394	0.500000
7.320127	8.832309	0.856276	0.500000
8.273938	8.702317	0.549404	0.500000
9.575993	8.729543	0.847937	0.500000
0.346132	8.731607	0.536249	0.500000
1.426377	8.820181	0.501196	0.500000
2.493106	8.695692	0.510555	0.500000
3.762761	8.804482	0.509351	0.500000
4.977640	8.685773	0.608061	0.500000
5.552441	9.679728	0.614067	0.500000
6.805841	9.686331	0.623981	0.500000
7.823286	9.685010	0.616420	0.500000
8.945366	9.699806	0.655794	0.500000
9.991713	9.678216	0.537201	0.500000
1.015267	0.673705	1.668660	0.500000
1.540939	10.043330	1.538280	0.500000
2.638885	9.960120	1.708445	0.500000
3.959005	10.089011	1.428179	0.500000
4.520709	0.705494	1.454743	0.500000
5.578648	0.713739	1.477335	0.500000
6.767502	0.738714	1.588255	0.500000
7.785761	0.711557	1.533646	0.500000
8.844259	0.801994	1.531714	0.500000
9.883590	0.674397	1.506335	0.500000
1.798900	1.631521	1.608627	0.500000
2.079285	0.657069	1.597093	0.500000
3.306350	0.536189	1.786481	0.500000
3.887194	1.724202	1.492007	0.500000
5.064070	1.655374	1.444080	0.500000
6.190093	1.584921	1.571765	0.500000
7.295182	1.683124	1.437280	0.500000
8.463188	1.796472	1.635267	0.500000
9.472764	1.664760	1.496617	0.500000
10.141685	1.329752	2.303871	0.500000
0.522894	2.275619	2.308792	0.500000
1.571639	2.284706	2.445477	0.500000
2.785615	2.262013	0.534363	0.500000
3.375538	2.593258	1.452960	0.500000
4.633069	2.581794	1.378483	0.500000
5.623680	2.645226	1.603821	0.500000
6.784056	2.551131	1.493271	0.500000
7.927564	2.651998	1.440942	0.500000
9.041173	2.621705	1.502028	0.500000
10.191020	2.624029	1.456278	0.500000
0.977209	2.698336	1.385309	0.500000
2.281854	2.609268	1.669696	0.500000
2.803282	3.460642	1.502628	0.500000
4.182087	3.564891	1.385138	0.500000
5.155769	3.620523	1.612786	0.500000
6.249444	3.495247	1.449066	0.500000
7.486593	3.573329	1.741879	0.500000
8.531699	3.554286	1.345284	0.500000
9.690622	3.484267	1.565682	0.500000
0.533000	3.595882	1.446339	0.500000
9.146824	4.366613	1.509612	0.500000
0.002042	4.466338	1.638569	0.500000
2.386170	4.438364	1.487702	0.500000
3.430538	4.523253	1.633198	0.500000
4.785207	4.611476	1.444984	0.500000
5.938375	4.477008	1.594087	0.500000
7.016065	4.450728	1.554843	0.500000
7.516483	5.450798	1.474423	0.500000
7.523115	4.291761	2.594436	0.500000
8.024210	4.488701	1.643648	0.500000
0.611986	5.344741	1.564841	0.500000
1.993003	5.421456	1.647720	0.500000
2.990641	5.467513	1.503086	0.500000
4.131341	5.466916	1.388941	0.500000
5.461883	5.392520	1.605804	0.500000
6.465396	5.355097	1.545589	0.500000
7.106135	6.385909	1.435691	0.500000
8.207235	6.281731	1.709962	0.500000
8.765951	5.432945	1.453746	0.500000
9.826852	5.388399	1.667095	0.500000
0.031770	6.332021	1.442179	0.500000
1.059905	6.319220	1.586941	0.500000
2.553907	6.414733	1.463801	0.500000
3.560150	6.319827	1.504338	0.500000
4.921128	6.351585	1.627844	0.500000
6.051918	6.310789	1.535726	0.500000
6.548430	7.291561	1.542855	0.500000
7.627527	7.249218	1.406451	0.500000
8.642984	7.222464	1.733764	0.500000
9.173862	6.377326	1.413349	0.500000
0.510291	7.312224	1.677239	0.500000
1.903680	7.326795	1.434928	0.500000
3.154526	7.240726	1.527274	0.500000
4.403808	7.266682	1.436065	0.500000
5.487666	7.271641	1.615038	0.500000
6.067194	8.172792	1.604708	0.500000
7.234532	8.274883	1.843847	0.500000
8.260819	8.283587	1.538989	0.500000
9.266940	8.322172	1.802660	0.500000
9.710943	7.402407	1.471156	0.500000
0.156908	8.334923	1.451901	0.500000
1.217215	8.196956	1.475755	0.500000
2.531522	8.223066	1.449181	0.500000
3.681296	8.195324	1.461328	0.500000
4.928730	8.109856	1.581919	0.500000
5.416520	9.014995	1.560774	0.500000
6.522749	9.101599	1.654922	0.500000
7.765213	9.193178	1.842323	0.500000
8.796124	9.205643	1.513897	0.500000
9.959146	9.274075	1.843141	0.500000
0.939237	9.175839	1.482663	0.500000
2.058281	9.137394	1.461544	0.500000
3.062330	9.131657	1.230673	0.500000
4.342209	9.123388	1.454835	0.500000
4.978036	10.029726	1.471217	0.500000
6.217558	10.089202	1.569963	0.500000
7.247992	10.095539	1.713394	0.500000
8.309580	10.085421	1.524529	0.500000
9.333433	10.105403	1.777978	0.500000
0.306159	10.072792	1.591512	0.500000
9.607460	0.495727	2.547686	0.500000
0.883165	9.786541	2.407578	0.500000
1.914453	9.750871	2.522117	0.500000
3.410331	9.939669	2.351654	0.500000
4.477575	9.855107	2.432959	0.500000
4.943376	0.506849	2.404666	0.500000
6.124348	0.518205	2.479343	0.500000
7.157905	0.451137	2.523609	0.500000
8.179578	0.436612	2.489427	0.500000
9.371377	0.881569	3.441659	0.500000
0.421078	0.453345	2.529686	0.500000
1.415572	0.457745	2.684591	0.500000
2.559924	0.367357	2.548528	0.500000
4.591755	0.293253	3.537277	0.500000
4.502208	1.470655	2.315018	0.500000
5.534111	1.339137	2.422721	0.500000
6.545481	1.512370	2.580231	0.500000
7.834969	1.396375	2.340829	0.500000
9.015940	1.316758	2.450928	0.500000
0.388497	1.113952	3.589497	0.500000
0.609745	2.065567	3.319595	0.500000
0.952952	1.332532	2.467539	0.500000
2.880754	1.519318	1.487467	0.500000
3.982134	0.466669	2.700998	0.500000
4.129274	2.416289	2.239265	0.500000
5.205506	2.291594	2.507307	0.500000
6.222710	2.466612	2.399055	0.500000
7.321541	2.273864	2.304902	0.500000
8.876901	1.874214	3.630285	0.500000
8.524914	2.287071	2.620375	0.500000
1.006446	3.051765	3.530209	0.500000
1.164048	3.311469	2.511731	0.500000
3.060779	2.598819	2.418307	0.500000
3.583241	3.537486	2.219845	0.500000
4.727720	3.346508	2.516984	0.500000
5.743715	3.347914	2.449544	0.500000
6.887413	3.214506	2.467923	0.500000
7.885078	3.124366	2.613970	0.500000
8.990630	3.254532	2.314156	0.500000
0.107589	3.226456	2.306564	0.500000
9.578011	4.119373	2.390859	0.500000
0.624009	4.154808	2.373196	0.500000
1.755924	3.485371	1.672945	0.500000
2.306810	3.243359	2.594475	0.500000
2.792745	4.303684	2.405672	0.500000
4.125334	4.391031	2.462670	0.500000
5.267197	4.230002	2.429658	0.500000
6.401610	4.101669	2.419930	0.500000
7.980839	3.828336	3.444329	0.500000
8.565459	4.233087	2.520292	0.500000
10.232166	4.958543	2.522966	0.500000
1.386260	5.189634	2.439852	0.500000
1.759484	4.193564	2.607351	0.500000
2.417022	5.295267	2.564626	0.500000
3.489707	5.174544	2.456484	0.500000
4.797128	5.136068	2.386168	0.500000
5.863971	5.016709	2.607600	0.500000
7.057817	5.205242	2.416170	0.500000
8.192683	5.186355	2.395121	0.500000
9.205460	5.054089	2.405883	0.500000
9.808981	5.923299	2.523086	0.500000
0.599284	5.864044	2.515350	0.500000
1.901197	6.153734	2.590475	0.500000
2.986252	6.127598	2.539192	0.500000
4.101880	5.981982	2.430241	0.500000
5.279426	6.109225	2.588116	0.500000
6.507314	6.044791	2.407675	0.500000
6.931638	5.785497	3.361525	0.500000
7.624650	6.037063	2.617148	0.500000
8.809024	6.016234	2.470419	0.500000
0.124343	6.883359	2.562696	0.500000
1.150304	6.926232	2.587855	0.500000
2.764891	7.157607	2.497068	0.500000
3.793672	7.086675	2.450387	0.500000
4.831752	7.105511	2.524787	0.500000
6.045584	6.937672	2.443798	0.500000
7.071954	6.925623	2.587825	0.500000
7.687768	7.782869	2.722808	0.500000
8.172671	6.888373	2.609935	0.500000
9.366532	6.915170	2.422932	0.500000
9.863424	7.875953	2.581832	0.500000
0.699649	7.832974	2.528640	0.500000
2.112422	7.986849	2.334427	0.500000
3.198722	8.055096	2.338748	0.500000
4.286054	7.995417	2.398794	0.500000
5.550814	7.930518	2.486969	0.500000
6.667748	7.874745	2.703012	0.500000
7.054498	8.962635	2.569586	0.500000
8.208352	8.793863	2.712785	0.500000
8.766593	7.805394	2.603714	0.500000
0.289452	8.790849	2.545726	0.500000
1.461482	8.784871	2.254964	0.500000
2.577270	8.980491	2.350239	0.500000
3.842863	9.030049	2.441809	0.500000
4.869081	8.868837	2.398210	0.500000
5.974001	8.883797	2.628065	0.500000
6.584879	9.857938	2.540047	0.500000
7.646687	9.794576	2.676155	0.500000
8.754538	9.685885	2.515621	0.500000
9.304776	8.807777	2.797574	0.500000
0.898975	10.188051	3.641777	0.500000
2.428171	1.013768	3.587367	0.500000
3.361660	0.311294	3.502258	0.500000
5.016784	1.211503	3.546826	0.500000
5.676369	0.222577	3.360846	0.500000
6.228651	1.169784	3.506773	0.500000
6.743497	0.188186	3.433243	0.500000
7.810673	0.234926	3.428449	0.500000
8.827855	0.033194	3.336381	0.500000
10.149091	0.159126	3.472927	0.500000
1.394442	0.971204	3.633720	0.500000
1.961080	1.357926	2.562788	0.500000
3.254160	1.354168	2.660692	0.500000
3.980775	1.278842	3.494363	0.500000
5.658235	2.009691	3.494783	0.500000
6.709071	2.107124	3.416674	0.500000
7.219074	1.085537	3.319230	0.500000
7.737957	2.027765	3.221714	0.500000
8.325011	1.132801	3.217698	0.500000
9.871192	1.770419	3.273687	0.500000
1.249705	1.599725	4.439053	0.500000
2.013484	3.122392	3.566411	0.500000
3.643309	2.203442	3.143781	0.500000
4.689255	2.283121	3.599688	0.500000
5.268391	3.150125	3.533662	0.500000
6.321235	3.022893	3.283274	0.500000
7.310933	2.945094	3.534603	0.500000
8.345744	2.871446	3.646561	0.500000
9.761848	2.351596	2.405626	0.500000
10.219349	2.949068	3.323625	0.500000
1.230468	2.640647	4.429438	0.500000
3.038405	2.931374	3.467285	0.500000
4.183013	3.128133	3.339126	0.500000
3.615041	3.972898	3.331759	0.500000
4.720658	4.022800	3.475058	0.500000
5.765147	3.995752	3.303529	0.500000
6.970898	3.932283	3.392433	0.500000
8.408464	3.545616	4.480406	0.500000
9.230809	2.729947	3.189835	0.500000
9.060316	3.776867	3.444437	0.500000
0.317851	3.854083	3.605196	0.500000
1.399434	4.101847	3.536502	0.500000
2.561381	4.081174	3.574727	0.500000
3.110672	4.911639	3.379489	0.500000
4.154151	5.043666	3.253623	0.500000
5.246304	4.909918	3.454557	0.500000
6.275246	4.866200	3.516419	0.500000
7.373556	4.878369	3.541955	0.500000
8.543235	4.767396	3.598194	0.500000
9.762624	4.485681	3.520904	0.500000
0.681515	4.785107	3.278867	0.500000
1.918082	5.018257	3.606114	0.500000
2.630400	5.992819	3.479003	0.500000
3.675027	5.952030	3.345247	0.500000
4.704858	5.888958	3.489706	0.500000
5.862417	5.785762	3.450078	0.500000
7.357645	5.347297	4.443079	0.500000
8.042392	5.640018	3.592782	0.500000
9.198059	5.618000	3.343604	0.500000
0.013593	5.517180	3.452226	0.500000
0.511736	6.425673	3.493150	0.500000
1.234012	5.735239	3.296088	0.500000
2.106608	6.903461	3.468750	0.500000
3.219360	7.015400	3.579569	0.500000
4.217299	6.852274	3.392875	0.500000
5.261375	6.758767	3.445460	0.500000
6.478010	6.696574	3.367904	0.500000
7.617102	6.620621	3.505938	0.500000
8.751186	6.547547	3.579832	0.500000
9.753520	6.528040	3.394255	0.500000
0.764365	8.459372	3.606750	0.500000
1.238821	7.446322	3.552613	0.500000
2.742385	7.872824	3.360398	0.500000
3.757137	7.871153	3.238452	0.500000
4.902094	7.782213	3.273237	0.500000
6.032530	7.706029	3.518036	0.500000
7.053462	7.519397	3.606779	0.500000
8.256493	7.416767	3.594662	0.500000
9.270157	7.472595	3.411811	0.500000
0.023130	7.421211	3.603190	0.500000
0.276260	9.408369	3.499944	0.500000
1.351807	9.289894	3.230838	0.500000
1.832317	8.378834	3.340754	0.500000
3.326319	8.821508	3.273302	0.500000
4.373867	8.698448	3.353689	0.500000
5.481293	8.597036	3.550540	0.500000
6.625691	8.537518	3.518024	0.500000
7.692884	8.379948	3.588615	0.500000
8.708946	8.365473	3.575010	0.500000
9.899056	8.435744	3.560003	0.500000
1.958123	0.091733	3.448431	0.500000
2.787121	9.716472	3.272405	0.500000
3.943792	9.734292	3.314309	0.500000
4.995330	9.609398	3.299067	0.500000
5.563712	9.832086	2.402188	0.500000
6.114057	9.435188	3.483594	0.500000
7.115820	9.454814	3.491899	0.500000
8.415142	9.376036	3.535144	0.500000
9.466765	9.339348	3.646544	0.500000
9.908875	9.735050	2.754644	0.500000
0.193537	10.043907	4.478458	0.500000
2.753107	10.171473	4.344691	0.500000
3.377050	9.331673	4.178125	0.500000
4.493035	9.300651	4.278580	0.500000
5.143782	10.175140	4.420755	0.500000
5.558011	0.895358	4.363785	0.500000
6.142719	10.144353	4.309547	0.500000
7.189424	10.067025	4.440774	0.500000
8.196472	10.033926	4.307435	0.500000
9.415744	10.085299	4.391792	0.500000
1.652546	2.178156	3.510569	0.500000
2.601218	1.997500	3.086619	0.500000
3.892213	0.009689	4.419692	0.500000
4.536173	0.859555	4.458485	0.500000
5.144804	1.813430	4.420130	0.500000
6.149451	1.854415	4.441434	0.500000
6.696819	0.811530	4.455675	0.500000
7.714288	0.678958	4.321552	0.500000
8.715755	0.701409	4.214457	0.500000
9.920133	0.739997	4.462660	0.500000
0.211384	1.644895	4.455379	0.500000
1.974535	0.601190	4.451183	0.500000
3.377415	0.954071	4.398233	0.500000
4.072061	1.916492	4.442369	0.500000
3.634376	2.848760	4.266919	0.500000
4.659358	2.777407	4.477095	0.500000
5.703903	2.799179	4.497360	0.500000
7.327336	1.712051	4.125612	0.500000
8.289077	1.619832	4.474718	0.500000
9.360765	1.573090	4.494211	0.500000
0.303874	3.084530	4.324645	0.500000
2.296087	1.593683	4.467789	0.500000
3.082145	1.992873	3.993600	0.500000
3.092998	3.772018	4.381712	0.500000
4.141826	3.691465	4.453970	0.500000
5.187402	3.667050	4.450156	0.500000
6.801615	2.723648	4.411774	0.500000
7.798075	2.614606	4.457927	0.500000
8.862641	2.458066	4.479385	0.500000
9.774146	2.387101	4.072463	0.500000
10.089176	4.171955	4.461708	0.500000
0.951898	3.864135	4.455389	0.500000
2.453622	2.676048	4.432527	0.500000
2.450291	4.649631	4.432786	0.500000
3.547028	4.707756	4.492273	0.500000
4.694309	4.630918	4.300966	0.500000
6.344561	3.626589	4.298772	0.500000
7.381357	3.612047	4.349965	0.500000
7.944723	4.449943	4.401163	0.500000
9.508551	3.337430	4.344692	0.500000
0.355825	5.017403	4.272113	0.500000
2.078889	3.686640	4.415860	0.500000
1.984199	5.787521	4.374876	0.500000
3.179052	5.667132	4.320477	0.500000
4.192063	5.517440	4.395427	0.500000
5.786179	4.471445	4.481529	0.500000
6.801976	4.514492	4.497890	0.500000
8.599888	5.250042	4.473755	0.500000
9.086941	4.377050	4.444988	0.500000
9.621784	5.270107	4.227043	0.500000
0.014634	6.128708	4.382414	0.500000
1.436175	4.743107	4.480938	0.500000
1.651436	6.749219	4.404116	0.500000
2.647095	6.649382	4.442762	0.500000
3.805924	6.491331	4.496391	0.500000
5.282854	5.568785	4.429425	0.500000
6.311192	5.403884	4.361099	0.500000
7.008118	6.310014	4.390659	0.500000
8.045458	6.221367	4.449811	0.500000
9.139015	6.126506	4.455531	0.500000
0.590009	7.008591	4.360948	0.500000
0.980521	5.846356	4.396963	0.500000
2.079503	7.707952	4.206402	0.500000
3.176526	7.705985	4.415437	0.500000
4.819048	6.474499	4.490761	0.500000
5.905857	6.382350	4.490683	0.500000
6.551688	7.279662	4.450024	0.500000
7.714809	7.215301	4.425299	0.500000
8.726879	7.116995	4.435998	0.500000
9.757388	7.007889	4.491292	0.500000
0.115923	7.928076	4.479077	0.500000
0.618470	9.049130	4.472722	0.500000
1.193386	8.115272	4.484199	0.500000
2.669812	8.604799	4.097657	0.500000
4.312478	7.346923	4.344872	0.500000
5.322216	7.427143	4.278632	0.500000
6.012034	8.259534	4.405599	0.500000
7.115430	8.167210	4.477824	0.500000
8.343461	8.052819	4.476968	0.500000
9.346591	7.969625	4.370249	0.500000
1.438057	9.940133	4.451191	0.500000
0.816881	0.650440	4.479882	0.500000
1.720766	8.944835	4.197829	0.500000
3.866360	8.433976	4.263652	0.500000
4.846684	8.324856	4.498306	0.500000
5.482350	9.154178	4.381707	0.500000
6.650600	9.055965	4.436955	0.500000
7.695058	9.171905	4.497684	0.500000
8.827781	9.248311	4.442162	0.500000
9.821107	8.902603	4.482834	0.500000
