500

0.523260	0.474795	0.658605	0.500000
1.034762	9.770143	0.796080	0.500000
2.359036	9.768716	0.757052	0.500000
3.369418	10.039784	0.536973	0.500000
4.587639	9.890493	0.746987	0.500000
5.118300	0.525745	0.504785	0.500000
6.347500	0.366027	0.520413	0.500000
7.559802	0.465978	0.567285	0.500000
8.565719	0.537357	0.528647	0.500000
9.564849	0.365670	0.611177	0.500000
1.205534	1.351168	0.555945	0.500000
1.599184	0.407089	0.565398	0.500000
2.638046	0.499439	0.802213	0.500000
4.099800	0.560440	0.585506	0.500000
4.704692	1.501436	0.524136	0.500000
5.784921	1.347549	0.609015	0.500000
6.791042	1.309448	0.542606	0.500000
8.041617	1.427480	0.517307	0.500000
9.135566	1.442790	0.594890	0.500000
10.179043	1.402697	0.703570	0.500000
0.403616	1.610018	1.575376	0.500000
0.647566	2.247382	0.523015	0.500000
2.251777	1.372748	0.504304	0.500000
3.323515	1.391291	0.547919	0.500000
4.129086	2.357156	0.519524	0.500000
5.277882	2.322298	0.526355	0.500000
6.389283	2.395402	0.530822	0.500000
7.388710	2.259670	0.566818	0.500000
8.587064	2.290775	0.623768	0.500000
9.745713	2.321579	0.763804	0.500000
1.162709	3.185591	0.644630	0.500000
1.738499	2.252371	0.511397	0.500000
2.405464	3.266311	0.664463	0.500000
3.496907	3.389117	0.501294	0.500000
4.671614	3.244103	0.609456	0.500000
5.848558	3.386189	0.515997	0.500000
6.960248	3.200742	0.734993	0.500000
8.009137	3.118810	0.618750	0.500000
9.115690	3.250534	0.658085	0.500000
0.033520	3.181657	0.601174	0.500000
0.671727	4.111519	0.514079	0.500000
1.695204	4.168677	0.552707	0.500000
1.254637	4.486259	1.510515	0.500000
2.856499	4.235643	0.525544	0.500000
4.123064	4.189024	0.578206	0.500000
5.285564	4.345694	0.660706	0.500000
6.510360	4.229761	0.523513	0.500000
7.541899	4.249178	0.513417	0.500000
8.763443	4.202326	0.575135	0.500000
9.764280	4.058586	0.555294	0.500000
0.275847	5.116350	0.932113	0.500000
1.238841	5.079044	0.548311	0.500000
2.477825	5.238328	0.594369	0.500000
3.509868	5.020617	0.525506	0.500000
4.635376	5.124579	0.577950	0.500000
5.962220	5.093982	0.608904	0.500000
7.021764	5.108321	0.500653	0.500000
7.675484	6.051982	0.501425	0.500000
8.197274	5.044604	0.501422	0.500000
9.385920	5.012706	0.519909	0.500000
9.999147	5.938524	0.670018	0.500000
0.780961	6.124714	0.739459	0.500000
1.961082	6.081666	0.776615	0.500000
3.280388	5.996930	0.712743	0.500000
4.282643	6.140070	0.675282	0.500000
5.271998	6.012427	0.602337	0.500000
6.435731	6.056402	0.572921	0.500000
7.019721	6.983952	0.529443	0.500000
8.229277	6.889349	0.673806	0.500000
8.841159	5.935808	0.651042	0.500000
0.273751	7.042680	0.710296	0.500000
1.484637	6.982268	0.779667	0.500000
2.649100	6.768524	0.538107	0.500000
3.826723	7.088998	0.523820	0.500000
4.808323	7.126092	0.729267	0.500000
5.964502	6.945048	0.653633	0.500000
6.449659	7.857953	0.557244	0.500000
7.717890	7.829936	0.528983	0.500000
8.787501	7.855316	0.658847	0.500000
9.496427	7.143408	0.512889	0.500000
10.158710	8.025950	0.799389	0.500000
0.922591	7.847092	0.546196	0.500000
2.137527	7.777227	0.522851	0.500000
3.209628	7.910007	0.537930	0.500000
4.301353	8.036069	0.526150	0.500000
5.389533	7.970752	0.565614	0.500000
6.040726	8.786060	0.600414	0.500000
7.097172	8.633699	0.546679	0.500000
8.247623	8.725074	0.517998	0.500000
9.412455	8.841238	0.592515	0.500000
0.585665	8.859239	0.615101	0.500000
1.666295	8.823729	0.770054	0.500000
2.805190	8.850186	0.587205	0.500000
3.856880	9.090101	0.645115	0.500000
4.878354	8.928365	0.569876	0.500000
5.706025	9.790531	0.673410	0.500000
6.783187	9.678690	0.569485	0.500000
7.851665	9.737775	0.512745	0.500000
8.879335	9.788530	0.541664	0.500000
10.192956	9.809718	0.726663	0.500000
1.081358	0.710392	1.548608	0.500000
1.744134	10.023094	1.591920	0.500000
2.940851	10.084082	1.560464	0.500000
3.955195	10.092725	1.578040	0.500000
4.437789	0.790304	1.526705	0.500000
5.752607	0.804196	1.553356	0.500000
6.797089	0.749405	1.436516	0.500000
7.855901	0.760820	1.552859	0.500000
8.956277	0.655618	1.536713	0.500000
10.009618	0.663136	1.571318	0.500000
1.516788	1.614985	1.540889	0.500000
2.118613	0.779577	1.657655	0.500000
3.332541	0.872717	1.431871	0.500000
4.026828	1.732450	1.356691	0.500000
5.269575	1.752174	1.411802	0.500000
6.309237	1.764632	1.579897	0.500000
7.357274	1.673802	1.543197	0.500000
8.544123	1.691167	1.491421	0.500000
9.586885	1.655373	1.580845	0.500000
10.194511	1.339704	2.501007	0.500000
0.524912	2.197624	2.419396	0.500000
1.548868	2.295817	2.391333	0.500000
2.743464	2.241855	0.575333	0.500000
3.435764	2.725939	1.250860	0.500000
4.816306	2.648031	1.412912	0.500000
5.827757	2.670368	1.440743	0.500000
6.894829	2.582534	1.642454	0.500000
7.933380	2.550182	1.514136	0.500000
9.121280	2.669786	1.542947	0.500000
0.063029	2.569860	1.582557	0.500000
1.145109	2.557387	1.430078	0.500000
2.230642	2.741725	1.724640	0.500000
2.944223	3.686220	1.585398	0.500000
4.103568	3.474033	1.650731	0.500000
5.329604	3.657838	1.403485	0.500000
6.413567	3.575673	1.575665	0.500000
7.536002	3.498653	1.498755	0.500000
8.543747	3.508969	1.516327	0.500000
9.699727	3.603897	1.526314	0.500000
0.670701	3.495671	1.521085	0.500000
9.047393	4.350321	1.728603	0.500000
10.189502	4.485610	1.675944	0.500000
2.293353	4.449067	1.337850	0.500000
3.594088	4.526643	1.432562	0.500000
4.741382	4.718832	1.599830	0.500000
5.917928	4.523148	1.475657	0.500000
6.921123	4.542876	1.450148	0.500000
7.616129	5.398157	1.521518	0.500000
7.409432	4.218235	2.282022	0.500000
8.028540	4.373994	1.511995	0.500000
0.892409	5.593224	1.630779	0.500000
1.885014	5.432665	1.613299	0.500000
2.896228	5.342094	1.517614	0.500000
4.009844	5.515503	1.607362	0.500000
5.472668	5.421486	1.477487	0.500000
6.554698	5.528065	1.519446	0.500000
7.024717	6.467787	1.402433	0.500000
8.201366	6.248987	1.542039	0.500000
8.709200	5.317537	1.474121	0.500000
9.757537	5.395279	1.646882	0.500000
0.167282	6.362486	1.682064	0.500000
1.618821	6.428582	1.700589	0.500000
2.721804	6.350296	1.594632	0.500000
3.759670	6.531749	1.493126	0.500000
4.812279	6.188540	1.570026	0.500000
5.890644	6.313017	1.718128	0.500000
6.562831	7.420733	1.520955	0.500000
7.583387	7.312236	1.431703	0.500000
8.646752	7.273066	1.508135	0.500000
9.352107	6.302001	1.507467	0.500000
0.860617	7.242642	1.695639	0.500000
2.244021	7.290450	1.722804	0.500000
3.240403	7.434192	1.531602	0.500000
4.267826	7.445995	1.600422	0.500000
5.374643	7.307994	1.569249	0.500000
6.169120	8.353721	1.614669	0.500000
7.166734	8.267547	1.530382	0.500000
8.242430	8.225093	1.453172	0.500000
9.419601	8.190333	1.511771	0.500000
9.865870	7.213924	1.526683	0.500000
0.297370	8.090913	1.805891	0.500000
1.411251	8.111946	1.475407	0.500000
2.572503	8.253654	1.359881	0.500000
3.789315	8.327211	1.432608	0.500000
4.876476	8.308897	1.407630	0.500000
5.501734	9.232891	1.584053	0.500000
6.732444	9.268126	1.484810	0.500000
7.767217	9.142701	1.528971	0.500000
8.898329	9.169590	1.420070	0.500000
10.134903	9.152488	1.502768	0.500000
0.986580	9.103527	1.594348	0.500000
2.095791	9.081969	1.704967	0.500000
3.108125	9.032319	1.690418	0.500000
4.333680	9.155494	1.577744	0.500000
5.041039	10.227916	1.589577	0.500000
6.123680	10.101158	1.572919	0.500000
7.317804	10.086142	1.614066	0.500000
8.330015	10.111734	1.395834	0.500000
9.513570	10.005844	1.486629	0.500000
0.501423	10.106567	1.639969	0.500000
9.464157	0.262793	2.701614	0.500000
1.026630	9.670267	2.438651	0.500000
2.036916	9.702428	2.666412	0.500000
3.209748	9.648466	2.504603	0.500000
4.473133	9.788555	2.455447	0.500000
5.033598	0.549174	2.501862	0.500000
6.225807	0.414231	2.440832	0.500000
7.256773	0.381198	2.476977	0.500000
8.498653	0.505535	2.463570	0.500000
9.502473	1.025858	3.538253	0.500000
0.458708	0.360688	2.573443	0.500000
1.644658	0.373007	2.473938	0.500000
2.700542	0.323817	2.432761	0.500000
4.363260	0.206279	3.361379	0.500000
4.730741	1.498467	2.246315	0.500000
5.753030	1.370443	2.476143	0.500000
6.939684	1.409818	2.487527	0.500000
8.036254	1.408657	2.547146	0.500000
9.170413	1.392694	2.614411	0.500000
0.365915	1.229337	3.548884	0.500000
1.060738	2.146297	3.471308	0.500000
0.964763	1.293908	2.489961	0.500000
2.516300	1.706340	1.452761	0.500000
4.029286	0.823674	2.596093	0.500000
4.073454	2.550383	2.152103	0.500000
5.233848	2.385183	2.333391	0.500000
6.330297	2.285604	2.551812	0.500000
7.511126	2.382716	2.453234	0.500000
8.945467	1.916588	3.496368	0.500000
8.574636	2.353152	2.410038	0.500000
0.739614	3.578026	3.185208	0.500000
1.381030	3.322975	2.347871	0.500000
3.068556	2.307461	2.093480	0.500000
3.470339	3.377911	2.473524	0.500000
4.675547	3.252831	2.572509	0.500000
5.742808	3.246565	2.491849	0.500000
6.967027	3.226189	2.549323	0.500000
8.030338	3.257747	2.421153	0.500000
9.118341	3.380730	2.343841	0.500000
0.034259	3.069150	2.474142	0.500000
9.885402	4.075368	2.640107	0.500000
0.876647	4.225464	2.400390	0.500000
1.717621	3.600439	1.429577	0.500000
2.388656	3.453670	2.440207	0.500000
2.968374	4.326931	2.380055	0.500000
4.212502	4.194093	2.412338	0.500000
5.215871	4.123286	2.378538	0.500000
6.312467	4.232309	2.635266	0.500000
7.734952	3.638581	3.343790	0.500000
8.577045	4.191412	2.683933	0.500000
0.219123	5.188336	2.594458	0.500000
1.410963	5.291180	2.538293	0.500000
1.941166	4.344244	2.307609	0.500000
2.681029	5.309315	2.573900	0.500000
3.737115	5.127810	2.561580	0.500000
4.841016	5.120870	2.513335	0.500000
5.959390	5.156017	2.379860	0.500000
6.993573	5.208706	2.593275	0.500000
8.117189	5.136291	2.352827	0.500000
9.391196	4.951341	2.524511	0.500000
9.907639	6.032641	2.560456	0.500000
0.692772	6.069326	2.590696	0.500000
2.211054	6.259656	2.537989	0.500000
3.243638	6.124669	2.422402	0.500000
4.275389	6.085453	2.456399	0.500000
5.306480	6.044495	2.504273	0.500000
6.374998	6.062113	2.647029	0.500000
6.970365	5.654543	3.494809	0.500000
7.536394	6.112050	2.503001	0.500000
8.905342	5.814393	2.380191	0.500000
0.230911	6.992504	2.507196	0.500000
1.295306	6.884762	2.755135	0.500000
2.735577	7.203764	2.634887	0.500000
3.789811	7.101835	2.447883	0.500000
4.831917	7.025032	2.367231	0.500000
5.882558	7.054308	2.421059	0.500000
6.953799	6.959120	2.413179	0.500000
7.619925	7.982138	2.529779	0.500000
8.065622	6.948095	2.320024	0.500000
9.102236	6.878940	2.461254	0.500000
9.751008	7.758659	2.628856	0.500000
0.908920	7.850492	2.601934	0.500000
1.940746	7.859223	2.511066	0.500000
3.345609	8.032108	2.439603	0.500000
4.342408	7.976037	2.530528	0.500000
5.442671	8.085163	2.402890	0.500000
6.464926	7.867500	2.514010	0.500000
7.181024	8.935522	2.422237	0.500000
8.315228	8.867755	2.376156	0.500000
8.733702	7.935887	2.293680	0.500000
0.284451	8.821180	2.556989	0.500000
1.401565	8.798957	2.810314	0.500000
2.482473	8.802852	2.662033	0.500000
3.891166	8.895475	2.447784	0.500000
4.899898	8.910023	2.691060	0.500000
6.129316	8.813423	2.672806	0.500000
6.705507	9.788241	2.679935	0.500000
7.831587	9.785092	2.578598	0.500000
8.866855	9.824696	2.262244	0.500000
9.415929	8.897423	2.235004	0.500000
0.904083	0.228902	3.523059	0.500000
2.646500	1.093732	3.505540	0.500000
3.141156	0.129731	3.457450	0.500000
5.086870	1.116432	3.381472	0.500000
5.447941	0.104598	3.564201	0.500000
6.172021	0.989518	3.526138	0.500000
6.789675	0.177527	3.592118	0.500000
7.813233	0.084368	3.557438	0.500000
8.930236	0.071413	3.539653	0.500000
10.093437	0.054969	3.502806	0.500000
1.472418	1.045531	3.358059	0.500000
2.008140	1.330321	2.558288	0.500000
3.040877	1.264329	2.374001	0.500000
4.075379	1.222606	3.545968	0.500000
5.709760	1.915136	3.428567	0.500000
6.743762	1.895926	3.451449	0.500000
7.373064	1.005729	3.337800	0.500000
7.834640	1.905999	3.414461	0.500000
8.388063	1.036278	3.477570	0.500000
9.927600	2.058434	3.368180	0.500000
1.437313	1.591848	4.477813	0.500000
1.592001	3.119570	3.524698	0.500000
3.649043	1.977674	2.876895	0.500000
4.661765	2.023839	3.131500	0.500000
5.198166	2.885975	3.479399	0.500000
6.258961	2.891256	3.498298	0.500000
7.274597	2.742763	3.390229	0.500000
8.300464	2.835831	3.618421	0.500000
9.664731	2.271269	2.385569	0.500000
9.982595	3.465445	3.498804	0.500000
1.390278	2.610491	4.396688	0.500000
2.847896	3.176481	3.416680	0.500000
4.158806	2.852634	3.430252	0.500000
3.547544	4.033991	3.437172	0.500000
4.593971	3.829172	3.510584	0.500000
5.624085	3.818098	3.354601	0.500000
6.763765	3.811724	3.526282	0.500000
8.410959	3.417968	4.485196	0.500000
9.280794	2.806166	3.171338	0.500000
8.978241	3.759486	3.519932	0.500000
0.247165	4.397042	3.494776	0.500000
1.425182	4.334665	3.274396	0.500000
2.432092	4.114598	3.385782	0.500000
3.127134	4.973752	3.417566	0.500000
4.269726	4.860488	3.383739	0.500000
5.457689	4.819966	3.268742	0.500000
6.452503	4.780597	3.510638	0.500000
7.481406	4.671174	3.431665	0.500000
8.496294	4.739351	3.649601	0.500000
9.487163	4.635140	3.503992	0.500000
0.841167	5.283307	3.456426	0.500000
1.991380	5.174874	3.412314	0.500000
2.666819	5.941130	3.469494	0.500000
3.776414	5.793655	3.400223	0.500000
4.796144	5.760562	3.409936	0.500000
5.915621	5.696739	3.523108	0.500000
7.374084	5.339023	4.422591	0.500000
7.990860	5.595309	3.378523	0.500000
9.120148	5.562309	3.661942	0.500000
10.124419	5.589381	3.589510	0.500000
0.581588	6.516159	3.508823	0.500000
1.600194	6.112842	3.559325	0.500000
2.170625	6.942327	3.503067	0.500000
3.183420	6.842250	3.490166	0.500000
4.387979	6.819453	3.335568	0.500000
5.376539	6.638466	3.493411	0.500000
6.466555	6.661978	3.468757	0.500000
7.498903	6.588926	3.542853	0.500000
8.517035	6.556989	3.454738	0.500000
9.586070	6.592657	3.335639	0.500000
0.668282	8.409207	3.578304	0.500000
1.283247	7.593930	3.567224	0.500000
2.738586	7.806513	3.526443	0.500000
3.748815	7.674244	3.521605	0.500000
5.058026	7.575557	3.201268	0.500000
6.031256	7.649343	3.450557	0.500000
7.066207	7.651773	3.297874	0.500000
8.068655	7.617774	3.673117	0.500000
9.138460	7.510995	3.474604	0.500000
0.132840	7.437066	3.440779	0.500000
0.398685	9.377765	3.420927	0.500000
1.419692	9.575419	3.524472	0.500000
1.954595	8.512420	3.618785	0.500000
3.176821	8.704691	3.432636	0.500000
4.300908	8.597962	3.485283	0.500000
5.423650	8.478295	3.432620	0.500000
6.632500	8.527724	3.524938	0.500000
7.623182	8.540597	3.359787	0.500000
8.661657	8.455046	3.264240	0.500000
9.763354	8.310404	3.478934	0.500000
2.059396	0.162889	3.408313	0.500000
2.514534	9.452145	3.592747	0.500000
3.867346	9.524859	3.365689	0.500000
4.933393	9.454597	3.656310	0.500000
5.652214	9.710838	2.512534	0.500000
6.098430	9.520604	3.447493	0.500000
7.133990	9.430216	3.564992	0.500000
8.204308	9.354875	3.516611	0.500000
9.457366	9.342207	3.344669	0.500000
9.987305	9.714715	2.342161	0.500000
0.222068	9.880386	4.352166	0.500000
2.590304	10.054909	4.432983	0.500000
3.425462	9.270131	4.237401	0.500000
4.390412	9.206592	4.492511	0.500000
5.063181	10.083871	4.475998	0.500000
5.580311	0.721404	4.364472	0.500000
6.094659	10.026234	4.323923	0.500000
7.228973	9.951137	4.468437	0.500000
8.256313	9.920831	4.487243	0.500000
9.437528	9.949077	4.381552	0.500000
2.028867	2.082774	3.833296	0.500000
2.454284	2.312711	2.941028	0.500000
4.053208	10.206443	4.377688	0.500000
4.401132	0.975668	4.478359	0.500000
5.017269	1.802526	4.277316	0.500000
6.064076	1.682377	4.370483	0.500000
6.599526	0.686424	4.438549	0.500000
7.740270	0.685835	4.473803	0.500000
8.810181	0.617593	4.374007	0.500000
10.026655	0.677869	4.469160	0.500000
0.364420	1.638317	4.498923	0.500000
1.955639	0.678501	4.485566	0.500000
3.326295	0.684764	4.311153	0.500000
3.923422	1.860910	4.460454	0.500000
3.447831	2.750360	4.364955	0.500000
4.546085	2.748457	4.433558	0.500000
5.719812	2.625682	4.435115	0.500000
7.154423	1.508833	4.301439	0.500000
8.371606	1.545781	4.441470	0.500000
9.433129	1.521922	4.420288	0.500000
0.509043	2.882597	3.897691	0.500000
2.601511	1.474464	4.471109	0.500000
3.099352	2.021091	3.732482	0.500000
3.013768	3.697867	4.477771	0.500000
4.051671	3.646170	4.456239	0.500000
5.185778	3.625134	4.308375	0.500000
6.748593	2.586961	4.474694	0.500000
7.737986	2.357806	4.449609	0.500000
8.863118	2.520065	4.390379	0.500000
9.977521	2.472265	4.476420	0.500000
9.989302	4.210829	4.452282	0.500000
0.756410	3.821110	4.157370	0.500000
2.446015	2.757260	4.447612	0.500000
2.541872	4.583572	4.438449	0.500000
3.575144	4.539552	4.302288	0.500000
4.726637	4.626720	4.269808	0.500000
6.232573	3.544893	4.403618	0.500000
7.330880	3.383798	4.247223	0.500000
7.909818	4.362364	4.449259	0.500000
9.422108	3.379049	4.410717	0.500000
0.542431	4.884672	4.483496	0.500000
1.744056	3.704230	4.468809	0.500000
2.124531	5.669584	4.299727	0.500000
3.108358	5.428648	4.388773	0.500000
4.154169	5.438972	4.481638	0.500000
5.807003	4.488230	4.280562	0.500000
6.834021	4.386459	4.368061	0.500000
8.598452	5.327603	4.486560	0.500000
8.977764	4.280683	4.463872	0.500000
9.726161	5.217306	4.454477	0.500000
0.034254	6.222897	4.356831	0.500000
1.542864	4.836548	4.350825	0.500000
1.642324	6.668064	4.396996	0.500000
2.643849	6.615901	4.426196	0.500000
3.673701	6.439761	4.493593	0.500000
5.333650	5.507746	4.461707	0.500000
6.353056	5.345264	4.397307	0.500000
6.852188	6.213752	4.377776	0.500000
8.110562	6.273808	4.458099	0.500000
9.153343	6.253053	4.493535	0.500000
0.701633	7.009869	4.440590	0.500000
1.067736	5.816654	4.468102	0.500000
2.082003	7.572575	4.354460	0.500000
3.232575	7.504326	4.496318	0.500000
4.684733	6.277282	4.336693	0.500000
5.853940	6.364078	4.408537	0.500000
6.526504	7.162122	4.427847	0.500000
7.572531	7.199050	4.445891	0.500000
8.739545	7.183307	4.373715	0.500000
9.748795	7.123059	4.175862	0.500000
0.175801	7.864728	4.407102	0.500000
0.967351	9.076599	4.408906	0.500000
1.180664	8.060191	4.465509	0.500000
2.694352	8.471078	4.396318	0.500000
4.293809	7.254027	4.359184	0.500000
5.296785	7.277640	4.358953	0.500000
6.082911	8.258832	4.366765	0.500000
7.189187	8.121471	4.287094	0.500000
8.289221	8.195819	4.470975	0.500000
9.300391	8.011295	4.451841	0.500000
1.388547	10.082309	4.484300	0.500000
0.807099	0.742978	4.434679	0.500000
2.004233	9.200905	4.446267	0.500000
3.817625	8.343504	4.457081	0.500000
4.830798	8.189502	4.265205	0.500000
5.610091	9.139497	4.405017	0.500000
6.639095	9.084458	4.470544	0.500000
7.729700	9.046614	4.455202	0.500000
8.932265	8.925672	4.183943	0.500000
10.208780	8.913842	4.247937	0.500000
