500

0.066611	0.218672	0.584728	0.500000
0.377999	9.451057	0.776513	0.500000
1.705300	9.395636	0.649349	0.500000
3.013607	9.579544	0.549293	0.500000
4.083325	9.452909	0.599936	0.500000
4.602422	0.203826	0.523951	0.500000
5.726556	0.181355	0.581765	0.500000
6.822399	0.199912	0.693468	0.500000
7.887740	0.092609	0.651227	0.500000
9.211351	0.179731	0.710915	0.500000
0.655535	1.049480	0.570501	0.500000
1.106316	0.142000	0.597264	0.500000
2.368918	0.124103	0.634239	0.500000
3.578430	0.242126	0.670604	0.500000
4.089583	1.144118	0.648906	0.500000
5.215354	1.065372	0.524002	0.500000
6.430507	1.140594	0.588265	0.500000
7.547724	1.083886	0.534315	0.500000
8.664873	1.121438	0.533606	0.500000
9.720925	1.098936	0.652293	0.500000
0.104763	1.359019	1.738660	0.500000
0.104181	1.888522	0.531116	0.500000
1.752448	0.940916	0.567853	0.500000
2.859188	1.030494	0.571296	0.500000
3.341434	2.098299	0.510399	0.500000
4.791234	2.055370	0.543426	0.500000
5.803386	2.000860	0.578323	0.500000
7.020773	2.033237	0.509658	0.500000
8.219753	2.041359	0.559500	0.500000
9.375121	2.046028	0.800858	0.500000
0.949059	2.968366	0.705046	0.500000
1.298568	1.936215	0.583977	0.500000
1.962314	2.963474	0.672109	0.500000
3.209528	3.090034	0.541074	0.500000
4.254939	2.980525	0.600583	0.500000
5.264901	3.025203	0.558686	0.500000
6.319702	2.873805	0.532758	0.500000
7.636870	2.895155	0.514932	0.500000
8.813972	2.867084	0.546824	0.500000
10.033839	2.874198	0.717631	0.500000
0.284365	3.863994	0.537269	0.500000
1.396885	3.939945	0.542520	0.500000
0.898979	4.067073	1.708786	0.500000
2.424630	3.904937	0.640221	0.500000
3.792693	3.910626	0.706073	0.500000
4.904523	3.982231	0.712909	0.500000
5.891879	3.972305	0.545770	0.500000
7.228900	3.812921	0.506104	0.500000
8.323887	3.830077	0.596248	0.500000
9.378068	3.854857	0.538049	0.500000
9.880404	4.720006	0.621921	0.500000
1.042942	4.882947	0.509006	0.500000
2.049190	4.854846	0.600182	0.500000
3.201965	4.854135	0.600507	0.500000
4.381483	4.894001	0.621430	0.500000
5.429255	4.915203	0.719370	0.500000
6.686959	4.804009	0.512529	0.500000
7.095138	5.778489	0.516608	0.500000
7.787334	5.070037	0.761090	0.500000
8.754173	4.771256	0.614827	0.500000
9.512211	5.807961	0.530518	0.500000
0.479056	5.858089	0.515598	0.500000
1.498393	5.837598	0.578963	0.500000
2.664464	5.856651	0.603429	0.500000
3.717840	5.761413	0.621726	0.500000
5.063537	5.849006	0.701877	0.500000
6.099992	5.741938	0.659704	0.500000
6.755276	6.724730	0.627547	0.500000
7.954532	6.724602	0.811995	0.500000
8.516209	5.802493	0.634132	0.500000
10.182027	6.743500	0.632378	0.500000
1.038459	6.861887	0.603370	0.500000
2.183360	6.742399	0.766190	0.500000
3.263785	6.720194	0.681600	0.500000
4.421217	6.621043	0.642696	0.500000
5.587322	6.684918	0.510602	0.500000
6.189221	7.653427	0.679238	0.500000
7.446018	7.640974	0.595635	0.500000
8.527026	7.553995	0.637235	0.500000
9.056071	6.706613	0.882202	0.500000
9.663719	7.607104	0.544305	0.500000
0.420149	7.749796	0.591850	0.500000
1.585646	7.713286	0.563741	0.500000
2.759945	7.659852	0.603276	0.500000
3.984832	7.571694	0.511047	0.500000
5.095913	7.587380	0.538281	0.500000
5.658375	8.569078	0.550419	0.500000
6.801215	8.441071	0.530761	0.500000
7.950526	8.504612	0.516434	0.500000
8.991817	8.451235	0.579391	0.500000
10.064374	8.594351	0.517865	0.500000
0.975214	8.613304	0.509340	0.500000
2.244439	8.530187	0.563935	0.500000
3.273428	8.618805	0.654439	0.500000
4.539718	8.554569	0.607855	0.500000
5.294334	9.513812	0.506342	0.500000
6.290345	9.517931	0.665284	0.500000
7.330808	9.468249	0.500237	0.500000
8.453396	9.458144	0.659997	0.500000
9.582596	9.469588	0.753035	0.500000
0.627348	0.507285	1.495260	0.500000
1.169990	9.730885	1.476935	0.500000
2.203165	9.713604	1.456586	0.500000
3.549592	9.776422	1.463475	0.500000
4.213938	0.476579	1.413641	0.500000
5.211202	0.462446	1.558413	0.500000
6.315147	0.430842	1.538043	0.500000
7.416198	0.438000	1.571961	0.500000
8.516230	0.349706	1.469766	0.500000
9.834130	0.494657	1.585107	0.500000
1.245951	1.419865	1.547243	0.500000
1.732149	0.391192	1.647132	0.500000
2.854229	0.263845	1.593769	0.500000
3.524093	1.345779	1.582030	0.500000
4.736063	1.349714	1.579849	0.500000
5.905104	1.341743	1.420545	0.500000
6.998559	1.379431	1.454055	0.500000
8.075265	1.272742	1.371050	0.500000
9.108930	1.263886	1.449284	0.500000
9.933891	1.124625	2.680389	0.500000
0.232466	2.041935	2.568058	0.500000
1.254261	1.903972	2.526958	0.500000
2.300330	1.933890	0.612591	0.500000
3.013757	2.350866	1.489878	0.500000
4.083199	2.288232	1.388206	0.500000
5.354945	2.279971	1.583111	0.500000
6.401510	2.228985	1.379481	0.500000
7.695932	2.237826	1.391222	0.500000
8.718366	2.280482	1.564531	0.500000
9.891749	2.318661	1.647832	0.500000
0.698584	2.263878	1.636904	0.500000
1.985441	2.250182	1.557073	0.500000
2.506733	3.285174	1.455040	0.500000
3.685142	3.251717	1.603635	0.500000
4.855421	3.220460	1.477764	0.500000
6.080214	3.187895	1.547413	0.500000
7.110351	3.042009	1.704292	0.500000
8.125091	3.163185	1.368901	0.500000
9.249477	3.253297	1.512551	0.500000
0.304667	3.244724	1.677581	0.500000
8.718209	4.111564	1.577128	0.500000
9.944409	4.052364	1.520944	0.500000
2.013664	4.159573	1.606430	0.500000
3.163528	4.218455	1.504252	0.500000
4.277977	4.185659	1.591065	0.500000
5.378471	4.072925	1.690172	0.500000
6.585945	4.102957	1.445372	0.500000
6.627326	4.759818	2.437286	0.500000
7.735828	2.981041	2.484420	0.500000
7.081403	5.145694	1.470621	0.500000
0.418908	4.940066	1.410292	0.500000
1.430396	5.171464	1.403390	0.500000
2.527018	5.127372	1.583456	0.500000
3.540373	5.157532	1.512579	0.500000
4.934523	5.062871	1.583934	0.500000
6.043190	5.016658	1.502890	0.500000
6.557117	6.057302	1.788023	0.500000
7.838203	6.007586	1.648814	0.500000
7.567569	4.243945	1.636205	0.500000
8.299130	5.070273	1.711878	0.500000
10.117445	5.858130	1.438063	0.500000
0.956288	6.083302	1.463255	0.500000
2.095612	6.067400	1.500690	0.500000
3.120344	6.070580	1.481103	0.500000
4.266932	5.885632	1.718986	0.500000
5.564767	5.973146	1.571586	0.500000
6.127525	6.914937	1.494177	0.500000
7.143377	7.103166	1.513459	0.500000
8.422766	6.948890	1.717765	0.500000
8.860693	5.925317	1.621020	0.500000
0.521979	7.001394	1.492763	0.500000
1.664871	7.001554	1.606939	0.500000
2.741977	6.986688	1.693568	0.500000
3.921208	6.990874	1.567450	0.500000
4.958345	6.914389	1.442540	0.500000
5.624507	7.927298	1.465633	0.500000
6.202615	7.636881	2.329631	0.500000
7.843775	7.842082	1.623387	0.500000
9.059494	7.729664	1.528011	0.500000
9.709372	6.835732	1.720994	0.500000
10.101005	7.834006	1.490847	0.500000
0.999319	7.878485	1.554257	0.500000
2.254100	7.875110	1.445033	0.500000
3.313626	7.963336	1.458746	0.500000
4.448102	7.867845	1.570194	0.500000
5.033014	8.884515	1.525543	0.500000
6.222745	8.749675	1.549720	0.500000
7.329184	8.736647	1.433837	0.500000
8.448524	8.883067	1.509078	0.500000
9.715075	8.815333	1.497628	0.500000
0.601569	8.831493	1.619470	0.500000
1.662869	8.675569	1.605233	0.500000
2.827914	8.885918	1.520169	0.500000
3.980867	8.868550	1.406637	0.500000
4.684526	9.826086	1.455197	0.500000
5.706027	9.709017	1.484662	0.500000
6.801025	9.717608	1.526371	0.500000
7.811912	9.727553	1.493758	0.500000
9.152994	9.801264	1.703981	0.500000
0.052662	9.670980	1.706583	0.500000
9.110216	0.012362	2.667398	0.500000
0.556627	9.377853	2.561411	0.500000
1.839815	9.515281	2.440199	0.500000
2.983698	9.516900	2.426874	0.500000
4.054321	9.494896	2.416459	0.500000
4.742819	0.254663	2.511900	0.500000
5.760971	0.280937	2.390501	0.500000
6.815612	0.077622	2.426954	0.500000
8.059533	0.017355	2.441456	0.500000
9.285965	0.751535	3.373761	0.500000
10.174364	10.203506	2.552353	0.500000
1.095688	0.019693	2.516687	0.500000
2.316942	0.220861	2.510385	0.500000
3.493740	0.681326	3.262923	0.500000
4.272134	1.150337	2.452297	0.500000
5.334953	1.214255	2.532093	0.500000
6.424789	1.043052	2.516638	0.500000
7.520266	0.941740	2.483214	0.500000
8.788946	0.922148	2.339255	0.500000
0.200812	0.876061	3.516839	0.500000
0.734989	1.766423	3.477689	0.500000
0.736068	0.976040	2.455242	0.500000
2.315858	1.274209	1.541958	0.500000
3.680282	0.279585	2.328176	0.500000
3.540581	1.873896	2.484499	0.500000
4.667147	2.177975	2.416126	0.500000
5.810512	2.115039	2.487198	0.500000
7.055505	2.102388	2.256663	0.500000
8.738943	1.604213	3.347984	0.500000
8.165741	1.829744	2.407717	0.500000
9.761768	2.914283	2.534424	0.500000
0.890958	2.888802	2.681440	0.500000
2.475323	1.956072	2.504105	0.500000
3.082189	2.797588	2.384419	0.500000
4.064632	2.999595	2.517044	0.500000
5.425299	3.092273	2.312758	0.500000
6.455727	2.896802	2.459933	0.500000
8.287020	2.672582	3.286215	0.500000
9.365910	3.905576	2.480132	0.500000
8.761202	2.955673	2.399414	0.500000
8.880887	4.896597	2.553109	0.500000
0.417229	3.912869	2.633943	0.500000
1.379605	3.121531	1.599728	0.500000
1.476815	2.498343	3.522915	0.500000
2.484992	3.792898	2.636190	0.500000
3.537981	3.862334	2.502117	0.500000
4.831319	3.958451	2.636885	0.500000
6.118549	3.896083	2.398315	0.500000
7.752631	3.679771	3.470477	0.500000
8.228205	3.968269	2.540807	0.500000
10.006443	4.808680	2.466314	0.500000
0.951449	4.880713	2.310283	0.500000
1.440345	3.805490	2.536216	0.500000
1.979162	4.675878	2.501135	0.500000
3.154570	4.807604	2.456570	0.500000
4.243834	4.903488	2.597057	0.500000
5.515613	4.763265	2.460197	0.500000
7.218347	3.875329	2.574879	0.500000
7.677498	4.841499	2.573233	0.500000
9.456024	4.930230	1.605275	0.500000
9.466074	5.744781	2.500116	0.500000
0.471486	5.790150	2.292647	0.500000
1.500951	5.683435	2.612398	0.500000
2.520754	5.608835	2.573756	0.500000
3.539038	5.766407	2.483841	0.500000
5.082168	5.679833	2.483877	0.500000
6.079427	5.637727	2.569954	0.500000
6.627052	5.423908	3.485849	0.500000
7.266701	5.770577	2.775977	0.500000
8.406619	5.833876	2.595332	0.500000
10.049437	6.662387	2.702049	0.500000
1.126940	6.603270	2.384764	0.500000
2.143936	6.724392	2.553758	0.500000
3.161952	6.731545	2.600507	0.500000
4.494800	6.588990	2.429840	0.500000
5.681875	6.668751	2.444196	0.500000
6.678534	6.720859	2.580535	0.500000
7.229318	7.567286	2.464450	0.500000
7.765958	6.669910	2.476921	0.500000
8.991005	6.727778	2.641482	0.500000
9.678295	7.571586	2.496454	0.500000
0.491986	7.498734	2.476463	0.500000
1.790164	7.746276	2.364620	0.500000
2.874214	7.727588	2.581822	0.500000
3.870242	7.452494	2.531147	0.500000
5.080745	7.680755	2.444081	0.500000
5.642246	7.294340	3.464642	0.500000
6.870883	8.554138	2.415576	0.500000
8.003172	8.474186	2.429457	0.500000
8.529735	7.616995	2.455797	0.500000
0.048481	8.394495	2.509217	0.500000
1.052491	8.433874	2.522995	0.500000
2.471313	8.667770	2.584022	0.500000
3.542257	8.594628	2.399500	0.500000
4.548452	8.525893	2.327198	0.500000
5.644881	8.535983	2.417601	0.500000
6.205092	9.509825	2.345379	0.500000
7.523279	9.385997	2.412710	0.500000
8.641769	9.347456	2.563520	0.500000
9.127925	8.451707	2.231751	0.500000
0.637477	10.112714	3.413152	0.500000
2.388990	0.704257	3.427208	0.500000
2.903889	10.025208	3.286261	0.500000
4.616245	0.622326	3.467405	0.500000
5.213998	10.012143	3.265228	0.500000
5.742608	0.797075	3.397445	0.500000
6.275353	10.150660	3.287663	0.500000
7.521365	10.041227	3.313272	0.500000
8.588152	10.207892	3.520048	0.500000
9.800287	10.120732	3.505467	0.500000
1.361991	0.770747	3.480164	0.500000
1.769576	1.056397	2.397687	0.500000
2.961405	0.986165	2.435245	0.500000
3.261126	1.157242	4.362769	0.500000
5.368252	1.752004	3.458539	0.500000
6.496290	1.730893	3.383246	0.500000
7.005959	0.762155	3.490339	0.500000
7.517393	1.742550	3.227557	0.500000
8.005912	0.933826	3.641995	0.500000
9.791407	1.808924	3.410701	0.500000
1.250729	1.217894	4.485851	0.500000
0.912286	3.546594	3.511651	0.500000
2.928762	1.567114	3.324430	0.500000
4.299238	1.752378	3.435065	0.500000
4.880200	2.809405	3.307455	0.500000
5.994120	2.640236	3.358528	0.500000
7.078848	2.750446	3.293264	0.500000
8.774797	2.312635	4.316212	0.500000
9.238911	1.923561	2.530432	0.500000
10.065691	3.603861	3.483751	0.500000
0.598966	2.191088	4.450566	0.500000
2.496630	2.527460	3.463149	0.500000
3.486165	2.537258	3.274118	0.500000
2.998097	3.476336	3.496367	0.500000
4.121870	3.436299	3.567828	0.500000
5.552718	3.580953	3.553884	0.500000
6.578164	3.572699	3.581130	0.500000
8.333350	3.260222	4.200708	0.500000
9.386294	2.778536	3.496736	0.500000
9.004839	3.711637	3.493130	0.500000
0.253044	4.617290	3.439798	0.500000
0.152881	2.633100	3.455988	0.500000
1.972301	2.832755	2.391894	0.500000
2.679466	4.456549	3.508251	0.500000
3.753646	4.578897	3.472145	0.500000
4.965614	4.395918	3.528655	0.500000
6.163192	4.484429	3.579573	0.500000
7.246558	4.540938	3.577241	0.500000
8.359820	4.487464	3.413990	0.500000
9.483703	4.588483	3.444150	0.500000
1.041019	5.389031	3.530234	0.500000
1.577321	4.455683	3.541202	0.500000
2.158658	5.454497	3.504155	0.500000
3.200814	5.423565	3.390090	0.500000
4.524315	5.420125	3.557570	0.500000
5.621306	5.423359	3.637106	0.500000
7.214268	5.492413	4.488780	0.500000
7.801863	5.457043	3.626824	0.500000
8.908263	5.414943	3.408795	0.500000
10.120375	5.576974	3.407395	0.500000
0.722742	6.474990	3.468797	0.500000
1.729985	6.487986	3.508748	0.500000
2.194168	7.372670	3.414114	0.500000
2.734491	6.302637	3.583083	0.500000
3.822595	6.404638	3.400164	0.500000
5.064203	6.288985	3.356973	0.500000
6.126079	6.331466	3.474262	0.500000
7.444627	6.516619	3.524902	0.500000
8.441080	6.402421	3.436021	0.500000
9.449891	6.408933	3.539253	0.500000
0.495165	8.160364	3.438047	0.500000
1.198129	7.366054	3.556286	0.500000
2.909124	8.240276	3.518353	0.500000
3.327290	7.313313	3.430098	0.500000
4.595854	7.191872	3.223755	0.500000
5.184597	7.512651	4.348026	0.500000
6.690646	7.263193	3.453605	0.500000
7.840258	7.465043	3.272825	0.500000
8.856783	7.410815	3.464021	0.500000
0.030279	7.199739	3.521658	0.500000
0.011190	9.046386	3.513419	0.500000
1.192578	9.107087	3.373503	0.500000
1.790098	8.281793	3.260739	0.500000
3.667163	9.020234	3.420273	0.500000
3.997755	8.063281	3.364807	0.500000
5.210870	8.206737	3.460881	0.500000
6.234333	8.222293	3.360653	0.500000
7.429325	8.458633	3.269179	0.500000
8.713576	8.365000	3.149192	0.500000
9.678672	8.188117	3.414096	0.500000
1.723270	10.005047	3.482162	0.500000
2.349367	9.147046	3.592519	0.500000
4.134253	9.959584	3.382433	0.500000
4.681568	9.073751	3.432641	0.500000
5.126971	9.492948	2.314679	0.500000
5.755263	9.185967	3.567653	0.500000
6.770242	9.239344	3.191248	0.500000
8.104862	9.195921	3.476954	0.500000
9.146155	9.167109	3.605355	0.500000
9.647711	9.308254	2.601160	0.500000
0.096472	9.746328	4.267316	0.500000
2.120143	9.562257	4.488913	0.500000
3.123587	9.524233	4.472435	0.500000
4.118503	9.497048	4.295706	0.500000
4.786816	0.062141	4.299639	0.500000
5.341011	0.910692	4.321272	0.500000
5.883092	10.187387	4.383295	0.500000
6.910532	10.054031	4.145880	0.500000
8.059642	10.004200	4.367918	0.500000
9.301451	9.727701	4.490800	0.500000
1.613246	2.170368	4.479638	0.500000
1.914412	1.604522	3.305535	0.500000
3.831165	0.347430	4.221970	0.500000
4.276599	1.202367	4.490879	0.500000
4.851032	2.080730	4.368536	0.500000
5.862297	1.752731	4.470629	0.500000
6.390693	0.841382	4.428322	0.500000
7.440140	0.655894	4.432552	0.500000
8.668339	0.630978	4.453787	0.500000
9.665585	0.465439	4.398312	0.500000
0.142780	1.275099	4.457461	0.500000
1.686961	0.268025	4.397778	0.500000
2.792399	0.259476	4.379981	0.500000
3.849266	2.092247	4.294693	0.500000
3.433921	3.033252	4.375698	0.500000
4.444449	2.991037	4.451449	0.500000
5.533111	2.808119	4.246117	0.500000
7.105734	1.632358	4.215320	0.500000
8.125333	1.509669	4.473396	0.500000
9.301305	1.407997	4.422648	0.500000
1.215082	3.132099	4.422164	0.500000
2.256089	1.104046	4.398762	0.500000
2.701552	2.077436	4.431670	0.500000
2.220830	2.987209	4.393488	0.500000
3.927408	3.921166	4.428334	0.500000
5.050290	3.794252	4.472558	0.500000
6.595090	2.742685	4.486065	0.500000
7.631358	2.557940	4.358653	0.500000
9.305059	3.246127	4.453961	0.500000
9.793178	2.340660	4.475569	0.500000
9.862796	4.094077	4.498787	0.500000
0.713186	4.197016	4.268059	0.500000
1.779595	4.079753	4.487966	0.500000
2.347680	4.931349	4.374028	0.500000
2.784628	3.898153	4.419279	0.500000
4.548414	4.781243	4.444037	0.500000
6.190252	3.697563	4.495824	0.500000
7.196289	3.574302	4.493597	0.500000
7.836864	4.427495	4.377555	0.500000
0.175104	3.240236	4.369555	0.500000
0.225173	5.046797	4.486654	0.500000
1.943021	3.429566	3.472648	0.500000
1.862249	5.902156	4.373802	0.500000
2.904680	5.770235	4.499888	0.500000
3.342947	4.797210	4.420142	0.500000
5.560562	4.711774	4.491779	0.500000
6.731409	4.584244	4.434683	0.500000
8.331392	5.382373	4.478828	0.500000
8.798508	4.125977	4.433173	0.500000
9.299103	5.043631	4.367391	0.500000
9.978149	6.054366	4.418775	0.500000
1.319074	5.004736	4.416201	0.500000
1.379919	6.841002	4.461925	0.500000
2.411467	6.787355	4.496324	0.500000
3.493709	6.706867	4.436145	0.500000
5.083428	5.674685	4.461883	0.500000
6.204676	5.507295	4.485487	0.500000
6.781926	6.390114	4.311621	0.500000
7.803346	6.334216	4.470899	0.500000
8.821058	6.285844	4.354763	0.500000
0.343883	6.944307	4.464146	0.500000
0.837336	5.958162	4.430877	0.500000
2.066035	7.789434	4.366497	0.500000
3.139729	7.716709	4.492758	0.500000
3.930931	5.734054	4.465807	0.500000
5.681348	6.478381	4.462513	0.500000
6.204428	7.384514	4.337331	0.500000
7.300515	7.442877	4.403938	0.500000
8.419969	7.244416	4.435415	0.500000
9.533954	7.037854	4.328441	0.500000
10.183237	7.867097	4.486983	0.500000
0.534482	8.734751	4.311557	0.500000
0.959523	7.827881	4.417199	0.500000
2.583580	8.665954	4.494376	0.500000
4.145366	7.547578	4.481721	0.500000
4.626589	6.648032	4.217807	0.500000
5.662426	8.443843	4.429021	0.500000
6.844544	8.331217	4.294496	0.500000
8.059936	8.252074	4.046415	0.500000
9.003379	8.061252	4.422605	0.500000
1.111093	9.665409	4.283539	0.500000
0.611253	0.399108	4.318688	0.500000
1.571900	8.747717	4.285708	0.500000
3.590306	8.598080	4.330787	0.500000
4.590203	8.453173	4.302677	0.500000
5.177181	9.377127	4.498912	0.500000
6.350571	9.235524	4.401267	0.500000
7.434881	9.151610	4.345579	0.500000
8.522854	9.073479	4.433367	0.500000
9.758522	8.825958	4.445153	0.500000
