500

0.100016	0.232021	0.568732	0.500000
0.824711	9.650140	0.623346	0.500000
1.910984	9.659185	0.555225	0.500000
3.064495	9.642038	0.607643	0.500000
4.157769	9.591588	0.699975	0.500000
4.818348	0.514243	0.534876	0.500000
5.865522	0.264687	0.520420	0.500000
7.290986	0.385635	0.644958	0.500000
8.308894	0.395848	0.679271	0.500000
9.310683	0.154055	0.500492	0.500000
0.931282	1.230240	0.565852	0.500000
1.430129	0.361089	0.644232	0.500000
2.483654	0.275787	0.504093	0.500000
3.680959	0.260918	0.567691	0.500000
4.151643	1.419314	0.504401	0.500000
5.526541	1.235111	0.502211	0.500000
6.553632	1.157504	0.526940	0.500000
7.778587	1.271264	0.693663	0.500000
8.931076	1.251164	0.556095	0.500000
10.064691	1.201927	0.632368	0.500000
0.372791	1.577396	1.472858	0.500000
0.358970	2.094110	0.611226	0.500000
2.094397	1.214014	0.560599	0.500000
3.126821	1.212880	0.511891	0.500000
3.743837	2.339941	0.506806	0.500000
4.952986	2.055197	0.643140	0.500000
6.050928	2.096637	0.612512	0.500000
7.093396	2.004595	0.540625	0.500000
8.466802	2.164867	0.652723	0.500000
9.557419	2.098882	0.525894	0.500000
0.970495	2.976520	0.687276	0.500000
1.516552	2.103942	0.790550	0.500000
2.146397	3.009794	0.556790	0.500000
3.233118	3.215794	0.653865	0.500000
4.367592	3.129505	0.653731	0.500000
5.442315	3.039583	0.546571	0.500000
6.544024	2.969676	0.520626	0.500000
7.570975	2.989313	0.726203	0.500000
9.134456	3.056177	0.655665	0.500000
10.187972	3.177819	0.746372	0.500000
0.504637	4.036862	0.622132	0.500000
1.522808	3.802537	0.543867	0.500000
1.069282	4.234177	1.428279	0.500000
2.531048	3.947526	0.614781	0.500000
3.943803	4.042558	0.597875	0.500000
4.951566	3.941664	0.529773	0.500000
6.100584	3.884031	0.689207	0.500000
7.185497	3.923850	0.501398	0.500000
8.575150	3.932207	0.513841	0.500000
9.612873	4.026167	0.501371	0.500000
0.081701	4.973903	0.550833	0.500000
1.193117	4.975292	0.637897	0.500000
2.408388	5.002774	0.677112	0.500000
3.480941	4.976386	0.533651	0.500000
4.576481	4.873972	0.610722	0.500000
5.586139	4.808516	0.518771	0.500000
6.679586	4.853811	0.597948	0.500000
7.372315	5.696953	0.614152	0.500000
7.903496	4.803571	0.590670	0.500000
8.900474	4.954267	0.589076	0.500000
9.785202	5.908937	0.723772	0.500000
0.616657	5.867295	0.552001	0.500000
1.864314	5.846619	0.512088	0.500000
3.092935	5.930643	0.606659	0.500000
4.113897	5.807229	0.522982	0.500000
5.159108	5.737085	0.700538	0.500000
6.192853	5.810752	0.581954	0.500000
6.936322	6.686627	0.532597	0.500000
7.945567	6.650055	0.509804	0.500000
8.772824	6.007580	0.569754	0.500000
0.137367	6.893908	0.528943	0.500000
1.222531	6.707302	0.518192	0.500000
2.448555	6.755797	0.533430	0.500000
3.712914	6.770954	0.524692	0.500000
4.759803	6.653170	0.549212	0.500000
5.898052	6.780661	0.621111	0.500000
6.402099	7.697082	0.638815	0.500000
7.455793	7.553889	0.585849	0.500000
8.637753	7.813723	0.736434	0.500000
9.302548	6.931533	0.587483	0.500000
9.899505	7.927268	0.672630	0.500000
0.750348	7.751533	0.530348	0.500000
1.847403	7.738678	0.506422	0.500000
2.995258	7.672797	0.524741	0.500000
4.089854	7.695695	0.593364	0.500000
5.306038	7.733497	0.505590	0.500000
6.052449	8.701103	0.500106	0.500000
7.130985	8.676057	0.567359	0.500000
8.161414	8.709987	0.642791	0.500000
9.219694	8.658937	0.535033	0.500000
0.309649	8.691004	0.616972	0.500000
1.377539	8.673504	0.566413	0.500000
2.559373	8.660155	0.600331	0.500000
3.587493	8.721129	0.528187	0.500000
4.670378	8.532347	0.517967	0.500000
5.139991	9.746862	0.584369	0.500000
6.631798	9.738034	0.596292	0.500000
7.708622	9.658080	0.673956	0.500000
8.734745	9.553497	0.513416	0.500000
9.854985	9.469539	0.605782	0.500000
1.014832	0.671375	1.575157	0.500000
1.542165	9.986951	1.515444	0.500000
2.587876	9.834388	1.510190	0.500000
3.727013	9.793891	1.613070	0.500000
4.284510	0.390076	1.546985	0.500000
5.320149	0.448354	1.422931	0.500000
6.533450	0.566083	1.633595	0.500000
7.889401	0.633842	1.660986	0.500000
9.198352	0.545452	1.438579	0.500000
10.171071	0.417844	1.698947	0.500000
1.721840	1.543638	1.642613	0.500000
2.070878	0.608622	1.529029	0.500000
3.147330	0.601329	1.387051	0.500000
3.720238	1.470178	1.504829	0.500000
4.907042	1.469935	1.488449	0.500000
5.932438	1.443070	1.487791	0.500000
7.094766	1.429961	1.508790	0.500000
8.515073	1.533602	1.603039	0.500000
9.560920	1.571697	1.480391	0.500000
9.953791	1.218058	2.377919	0.500000
0.318524	2.075342	2.468412	0.500000
1.663194	2.136312	2.459738	0.500000
2.689204	2.122531	0.512954	0.500000
3.356455	2.566375	1.451539	0.500000
4.396739	2.399894	1.481475	0.500000
5.498630	2.369930	1.537848	0.500000
6.637188	2.464298	1.518603	0.500000
7.754719	2.191376	1.413058	0.500000
9.098959	2.491149	1.486942	0.500000
10.102696	2.457061	1.563330	0.500000
1.004101	2.444686	1.718902	0.500000
2.251252	2.480493	1.487100	0.500000
2.697629	3.397407	1.605896	0.500000
4.032396	3.334684	1.625079	0.500000
5.041449	3.273279	1.656059	0.500000
6.148239	3.392973	1.743876	0.500000
7.435874	3.431188	1.682874	0.500000
8.354645	3.188600	1.323072	0.500000
9.586137	3.351995	1.745572	0.500000
0.495685	3.314996	1.679949	0.500000
9.115776	4.241053	1.364568	0.500000
10.232950	4.279092	1.574951	0.500000
2.091695	4.262270	1.490963	0.500000
3.410982	4.131602	1.441169	0.500000
4.534588	4.186556	1.475421	0.500000
5.563803	4.204922	1.589932	0.500000
6.746658	4.176900	1.403091	0.500000
6.858256	4.900369	2.384301	0.500000
7.985136	3.129106	2.627071	0.500000
7.342358	5.057099	1.451794	0.500000
0.530513	5.187770	1.613255	0.500000
1.792745	5.254105	1.506694	0.500000
2.831848	5.126247	1.646287	0.500000
3.896660	5.046577	1.518658	0.500000
5.167941	5.122839	1.490573	0.500000
6.204275	5.108504	1.466425	0.500000
6.873197	6.125339	1.443108	0.500000
8.040532	6.009223	1.463607	0.500000
8.074449	4.195455	1.373491	0.500000
8.555202	5.119421	1.632108	0.500000
10.130529	6.073778	1.685940	0.500000
1.193135	6.122939	1.390751	0.500000
2.380681	6.161176	1.396553	0.500000
3.520508	6.058940	1.525002	0.500000
4.555810	6.040921	1.457003	0.500000
5.870805	6.144987	1.588245	0.500000
6.400223	7.104202	1.514703	0.500000
7.492453	7.085265	1.612451	0.500000
8.674585	7.084644	1.431025	0.500000
9.075828	6.117409	1.639286	0.500000
0.506568	7.061255	1.514153	0.500000
1.863065	7.099513	1.390176	0.500000
2.980627	7.171146	1.404140	0.500000
4.003161	7.000408	1.464264	0.500000
5.183494	7.105465	1.437804	0.500000
5.833611	7.995348	1.494316	0.500000
7.048897	8.010745	1.442254	0.500000
8.067073	8.033314	1.569985	0.500000
9.319910	7.994616	1.581025	0.500000
9.623591	7.039538	1.756108	0.500000
0.143647	8.040048	1.641000	0.500000
1.295453	7.963042	1.381765	0.500000
2.391052	8.055329	1.383916	0.500000
3.521288	8.056977	1.537715	0.500000
4.651404	7.979235	1.606488	0.500000
5.378560	8.893232	1.290684	0.500000
6.491484	8.938287	1.498438	0.500000
7.602163	9.006080	1.526986	0.500000
8.831237	8.919182	1.538614	0.500000
9.867873	8.891679	1.475012	0.500000
0.846669	8.887322	1.487951	0.500000
1.840702	8.982144	1.407153	0.500000
2.949375	8.908545	1.624307	0.500000
4.201133	8.870844	1.518293	0.500000
4.774839	9.722910	1.546207	0.500000
5.902211	9.760411	1.414792	0.500000
7.075269	9.958508	1.545457	0.500000
8.432565	9.949753	1.414332	0.500000
9.429032	9.802947	1.561203	0.500000
0.257806	9.703060	1.494425	0.500000
9.437907	0.299641	2.383904	0.500000
0.973301	9.602029	2.246622	0.500000
2.010784	9.573551	2.642608	0.500000
3.036523	9.496136	2.521966	0.500000
4.289127	9.576277	2.570278	0.500000
4.894622	0.184466	2.625209	0.500000
5.875106	0.070344	2.325498	0.500000
7.263522	0.355210	2.395910	0.500000
8.404045	0.339943	2.486146	0.500000
9.593398	1.055281	3.610031	0.500000
0.525201	0.350532	2.554482	0.500000
1.532247	0.329135	2.565045	0.500000
2.586521	0.171843	2.379548	0.500000
3.949415	0.991103	3.416823	0.500000
4.365325	1.191277	2.447712	0.500000
5.461335	1.115582	2.364794	0.500000
6.621460	1.175015	2.577536	0.500000
7.891569	1.181389	2.694731	0.500000
8.963208	1.293480	2.492867	0.500000
0.420609	1.021509	3.518807	0.500000
1.056158	1.867597	3.349746	0.500000
1.084393	1.235491	2.505283	0.500000
2.725369	1.550226	1.663525	0.500000
3.653386	0.283620	2.330667	0.500000
3.801026	2.118887	2.294817	0.500000
4.983537	1.998432	2.399349	0.500000
6.005604	1.967001	2.337702	0.500000
7.384436	2.335296	2.421020	0.500000
8.952059	1.977609	3.438192	0.500000
8.388411	2.215981	2.445334	0.500000
10.156451	3.054143	2.528398	0.500000
1.107150	3.055066	2.581849	0.500000
2.765115	2.251242	2.557457	0.500000
3.499816	3.088646	2.446077	0.500000
4.557774	3.083301	2.604591	0.500000
5.596158	2.886232	2.500083	0.500000
6.668248	3.016739	2.573146	0.500000
8.507015	2.899076	3.476359	0.500000
9.681268	4.110978	2.488324	0.500000
9.012318	3.259804	2.647131	0.500000
9.237308	5.025383	2.477389	0.500000
0.589329	4.006733	2.537904	0.500000
1.562526	3.266306	1.460473	0.500000
1.801444	2.849825	3.574946	0.500000
2.941269	3.926033	2.431465	0.500000
3.973332	4.077614	2.380391	0.500000
5.119665	3.944077	2.457152	0.500000
6.338569	4.053329	2.553210	0.500000
8.012343	3.898012	3.481478	0.500000
8.681663	4.146593	2.292103	0.500000
0.144986	4.952274	2.544375	0.500000
1.153041	4.865677	2.641398	0.500000
1.610143	3.945368	2.375122	0.500000
2.231395	4.808001	2.389412	0.500000
3.376520	4.881711	2.470709	0.500000
4.595065	4.937654	2.355639	0.500000
5.731014	4.923903	2.454420	0.500000
7.402110	4.035854	2.552983	0.500000
7.967528	4.871844	2.443289	0.500000
9.636101	5.154794	1.443379	0.500000
9.857911	5.850756	2.628550	0.500000
0.739615	5.868143	2.489903	0.500000
1.765141	5.852887	2.312136	0.500000
2.988139	5.893576	2.405298	0.500000
3.994165	5.742921	2.445154	0.500000
5.146067	5.816033	2.265205	0.500000
6.280460	5.770446	2.461006	0.500000
7.087162	5.635178	3.343464	0.500000
7.431769	5.745453	2.217448	0.500000
8.470124	5.829543	2.416212	0.500000
0.202567	6.874516	2.456848	0.500000
1.379117	6.804533	2.242156	0.500000
2.420824	6.726557	2.379813	0.500000
3.498741	6.797251	2.367901	0.500000
4.545114	6.662961	2.329150	0.500000
5.668492	6.764178	2.497945	0.500000
6.890556	6.727984	2.344237	0.500000
7.609915	7.671301	2.449526	0.500000
8.127795	6.807611	2.581527	0.500000
9.203685	6.713897	2.625915	0.500000
9.708223	7.608127	2.655698	0.500000
0.776077	7.738543	2.373094	0.500000
1.918909	7.783166	2.374467	0.500000
2.983539	7.689540	2.453493	0.500000
4.047363	7.711643	2.424599	0.500000
5.262167	7.683122	2.404928	0.500000
6.306092	7.582284	2.434572	0.500000
7.054204	8.554522	2.528774	0.500000
8.088536	8.664836	2.416694	0.500000
8.679799	7.745722	2.364576	0.500000
0.251022	8.802000	2.356437	0.500000
1.297040	8.701009	2.626389	0.500000
2.518175	8.608803	2.541144	0.500000
3.656629	8.639676	2.400846	0.500000
4.680284	8.631156	2.373401	0.500000
5.944850	8.687760	2.374724	0.500000
6.592856	9.560701	2.398035	0.500000
7.764965	9.709430	2.283960	0.500000
8.769478	9.531956	2.364794	0.500000
9.322121	8.729527	2.596959	0.500000
0.857490	10.148493	3.479187	0.500000
2.747799	0.964354	3.407627	0.500000
3.289190	0.057167	3.472252	0.500000
4.969469	1.040708	3.271966	0.500000
5.491144	0.157343	3.481497	0.500000
6.087078	1.020323	3.469160	0.500000
6.587052	0.185475	3.143775	0.500000
7.869974	0.189075	3.333502	0.500000
9.064429	0.173869	3.532922	0.500000
10.063658	0.146463	3.325442	0.500000
1.514154	0.971526	3.373147	0.500000
2.198423	1.190430	2.511814	0.500000
3.257864	1.206687	2.552008	0.500000
3.241325	0.973268	4.397539	0.500000
5.489720	1.957229	3.261837	0.500000
6.708349	1.995735	3.249467	0.500000
7.177375	0.994749	3.517862	0.500000
7.738737	1.975855	3.407219	0.500000
8.401337	1.152739	3.600867	0.500000
10.201655	1.918821	3.539033	0.500000
1.003781	1.269838	4.434002	0.500000
1.320969	3.763996	3.325799	0.500000
3.331197	1.837272	3.364333	0.500000
4.423145	1.998532	3.243597	0.500000
5.059274	2.878657	3.497113	0.500000
6.131422	2.916513	3.486769	0.500000
7.365298	2.974773	3.605313	0.500000
8.656118	2.418604	4.495754	0.500000
9.412233	2.218905	2.553563	0.500000
10.167103	3.787360	3.300370	0.500000
0.565337	2.203742	4.406293	0.500000
2.859510	2.739733	3.478411	0.500000
3.907242	2.866492	3.362182	0.500000
3.376641	3.788253	3.485958	0.500000
4.512943	3.747541	3.509586	0.500000
5.650287	3.819201	3.523107	0.500000
6.774114	3.778367	3.455126	0.500000
8.132344	3.417134	4.425655	0.500000
9.680920	2.832093	3.398410	0.500000
9.136502	3.958842	3.396445	0.500000
0.540924	4.637532	3.476068	0.500000
0.601499	2.761865	3.404347	0.500000
2.163204	3.053174	2.546428	0.500000
2.734557	4.700318	3.348433	0.500000
3.926791	4.659587	3.312329	0.500000
4.991837	4.645242	3.296952	0.500000
6.235798	4.729401	3.319458	0.500000
7.339354	4.638927	3.393766	0.500000
8.537765	4.842217	3.287234	0.500000
9.766185	4.820626	3.327353	0.500000
1.240065	5.637871	3.348607	0.500000
1.688367	4.741519	3.486132	0.500000
2.234932	5.553812	3.197800	0.500000
3.428992	5.618392	3.311256	0.500000
4.599637	5.716802	3.485440	0.500000
5.709520	5.664944	3.391653	0.500000
7.079387	5.238217	4.474626	0.500000
8.081737	5.883255	3.358730	0.500000
9.087659	5.630050	3.568416	0.500000
0.150766	5.710162	3.540734	0.500000
0.740610	6.577630	3.569316	0.500000
1.869343	6.534348	3.518504	0.500000
2.352985	7.450250	3.268330	0.500000
3.005736	6.631847	3.309120	0.500000
4.068297	6.645187	3.550038	0.500000
5.177970	6.568830	3.458590	0.500000
6.198545	6.600388	3.399556	0.500000
7.393168	6.684136	3.322601	0.500000
8.714341	6.668555	3.527486	0.500000
9.845730	6.544716	3.406204	0.500000
0.809265	8.285992	3.444499	0.500000
1.324129	7.334290	3.106295	0.500000
2.977333	8.299174	3.450763	0.500000
3.666845	7.566263	3.428974	0.500000
4.754553	7.472889	3.278656	0.500000
5.844109	7.582132	3.365620	0.500000
6.831709	7.503187	3.604263	0.500000
8.075785	7.519336	3.571141	0.500000
9.118752	7.688218	3.460018	0.500000
0.153517	7.389559	3.426477	0.500000
0.413400	9.221666	3.464187	0.500000
1.448659	9.314337	3.464830	0.500000
1.864076	8.332196	3.406768	0.500000
3.642607	9.326096	3.301504	0.500000
4.224927	8.495531	3.368196	0.500000
5.334123	8.565758	3.319618	0.500000
6.385441	8.443540	3.359654	0.500000
7.553897	8.393636	3.402797	0.500000
8.560391	8.515184	3.372098	0.500000
9.969943	8.372061	3.274677	0.500000
2.277351	10.223684	3.364255	0.500000
2.585841	9.243682	3.479061	0.500000
4.403081	0.097892	3.501519	0.500000
4.757532	9.386819	3.482939	0.500000
5.318994	9.466555	2.642219	0.500000
6.065608	9.469128	3.377701	0.500000
7.246090	9.593425	3.505316	0.500000
8.458091	9.567909	3.579621	0.500000
9.455380	9.384568	3.480258	0.500000
9.936479	9.646968	2.555074	0.500000
10.095160	9.698595	4.336977	0.500000
1.974498	9.588212	4.342646	0.500000
3.108891	9.442206	4.471720	0.500000
4.245438	9.173390	4.432061	0.500000
4.777180	10.048993	4.441834	0.500000
5.332601	0.706244	4.365122	0.500000
5.950073	10.046271	4.352933	0.500000
6.935317	9.865554	4.480887	0.500000
7.983655	9.943772	4.455845	0.500000
9.049538	9.878772	4.393916	0.500000
1.748578	2.154900	4.464164	0.500000
2.128732	1.933492	3.321486	0.500000
3.696302	0.031125	4.489493	0.500000
4.313153	0.836068	4.337224	0.500000
4.881091	1.726339	4.114595	0.500000
6.030661	1.614455	4.303761	0.500000
6.431528	0.686670	4.489186	0.500000
7.483980	0.633379	4.441065	0.500000
8.524678	0.550617	4.403538	0.500000
9.568557	0.521383	4.469534	0.500000
10.192818	1.385575	4.493721	0.500000
1.499694	0.343856	4.287591	0.500000
2.664451	0.121435	4.314614	0.500000
3.881329	1.774940	4.376629	0.500000
3.465867	2.728004	4.345809	0.500000
4.465190	2.648630	4.327895	0.500000
5.455858	2.505620	4.392293	0.500000
7.106527	1.601814	4.348760	0.500000
8.124574	1.571346	4.473321	0.500000
9.145742	1.469777	4.481682	0.500000
1.142652	3.023076	4.347947	0.500000
2.089994	1.144093	4.431934	0.500000
2.830300	1.902093	4.413698	0.500000
2.638242	3.305415	4.438695	0.500000
3.755115	3.696265	4.441361	0.500000
4.915355	3.550112	4.492196	0.500000
6.609040	2.555575	4.360027	0.500000
7.614509	2.459847	4.464194	0.500000
9.142458	3.296556	4.347353	0.500000
9.694553	2.304712	4.429129	0.500000
9.797297	4.151556	4.356034	0.500000
0.681445	3.916339	4.254022	0.500000
1.768871	3.820055	4.488283	0.500000
2.344614	4.652081	4.273662	0.500000
3.353507	4.647335	4.306601	0.500000
4.421682	4.513373	4.214358	0.500000
6.052009	3.423118	4.426895	0.500000
7.062973	3.442448	4.491610	0.500000
7.609024	4.314691	4.493160	0.500000
0.091688	3.115780	4.451032	0.500000
0.331303	4.895489	4.463601	0.500000
2.316903	3.793499	3.524790	0.500000
1.794871	5.720868	4.382687	0.500000
2.809307	5.610025	4.137196	0.500000
4.055425	5.517639	4.302536	0.500000
5.555140	4.349879	4.428171	0.500000
6.549763	4.314301	4.328535	0.500000
8.157797	5.158165	4.223259	0.500000
8.647181	4.312891	4.437955	0.500000
9.452761	5.214683	4.458060	0.500000
10.018290	6.078049	4.448140	0.500000
1.373068	4.813335	4.499632	0.500000
1.270754	6.815370	4.414855	0.500000
2.311736	6.668271	4.451370	0.500000
3.406074	6.518260	4.392366	0.500000
5.047380	5.344758	4.347104	0.500000
6.042614	5.226802	4.474800	0.500000
6.631461	6.130468	4.211607	0.500000
7.607130	6.170286	4.451286	0.500000
8.895657	6.045208	4.468640	0.500000
0.248423	7.008376	4.430834	0.500000
0.750489	5.808885	4.392625	0.500000
1.804322	7.625368	4.120186	0.500000
3.031369	7.495032	4.219080	0.500000
4.505086	6.400154	4.464226	0.500000
5.620789	6.238703	4.310591	0.500000
6.206551	7.191801	4.485374	0.500000
7.312330	7.129871	4.456585	0.500000
8.386419	6.921548	4.473261	0.500000
9.386824	6.978912	4.399657	0.500000
9.882044	7.927521	4.192176	0.500000
0.323013	8.793570	4.398423	0.500000
0.792842	7.882801	4.391162	0.500000
2.460125	8.427812	4.431416	0.500000
4.057995	7.342582	4.473465	0.500000
5.204169	7.239717	4.243616	0.500000
5.724098	8.117203	4.229828	0.500000
6.741822	8.105350	4.430326	0.500000
7.855941	7.999222	4.447098	0.500000
8.861692	7.915112	4.460418	0.500000
0.945906	9.606361	4.495510	0.500000
0.465805	0.329629	4.315019	0.500000
1.417437	8.665811	4.436261	0.500000
3.617434	8.342017	4.365624	0.500000
4.624356	8.200798	4.343041	0.500000
5.298910	9.068839	4.471066	0.500000
6.357515	9.035262	4.240745	0.500000
7.412446	8.928692	4.378897	0.500000
8.438856	8.992889	4.462429	0.500000
9.441259	8.821823	4.348859	0.500000
