500

0.179025	0.173746	0.598420	0.500000
0.727778	9.480957	0.652238	0.500000
1.818553	9.531093	0.540365	0.500000
3.140422	9.486500	0.546706	0.500000
4.378393	9.505903	0.564650	0.500000
4.899172	0.155353	0.512448	0.500000
6.109411	0.147066	0.594641	0.500000
7.107840	0.211417	0.659210	0.500000
8.198202	0.248695	0.523297	0.500000
9.335163	0.168907	0.572155	0.500000
1.002003	1.274991	0.516220	0.500000
1.296024	0.196256	0.533227	0.500000
2.518881	0.055391	0.539573	0.500000
3.725629	0.293770	0.566490	0.500000
4.287305	1.357058	0.653027	0.500000
5.601803	1.073486	0.515486	0.500000
6.608684	1.126413	0.608027	0.500000
7.620121	1.082723	0.594096	0.500000
8.703610	1.264952	0.595014	0.500000
9.827088	1.047732	0.606356	0.500000
0.313389	1.443104	1.644374	0.500000
0.291773	1.988957	0.547014	0.500000
2.169254	1.157783	0.798200	0.500000
3.247437	1.212349	0.586207	0.500000
3.696614	2.195700	0.524209	0.500000
5.029181	2.035152	0.619571	0.500000
6.099112	2.013264	0.600959	0.500000
7.373024	2.154730	0.510268	0.500000
8.402368	2.271317	0.727220	0.500000
9.467232	2.056122	0.733084	0.500000
1.073706	2.872090	0.746075	0.500000
1.651291	2.048429	0.527396	0.500000
2.097192	3.032852	0.565734	0.500000
3.224839	3.089695	0.528510	0.500000
4.394693	2.929317	0.522215	0.500000
5.545839	2.963031	0.565117	0.500000
6.680062	2.921429	0.507805	0.500000
7.768744	3.104443	0.535789	0.500000
9.194465	3.049664	0.633332	0.500000
0.092690	3.057587	0.514516	0.500000
0.446567	4.022827	0.560143	0.500000
1.478829	3.861709	0.537676	0.500000
1.158423	4.160263	1.527133	0.500000
2.590951	3.975793	0.640019	0.500000
3.855672	3.873533	0.633494	0.500000
5.045030	3.845000	0.554270	0.500000
6.090186	3.836773	0.665312	0.500000
7.095623	3.883021	0.592443	0.500000
8.406858	3.922309	0.579381	0.500000
9.535199	3.992544	0.566243	0.500000
10.211018	4.905823	0.619857	0.500000
1.109313	4.790059	0.717226	0.500000
2.242025	4.927147	0.540590	0.500000
3.242088	4.767510	0.518680	0.500000
4.348375	4.762668	0.518867	0.500000
5.486325	4.753408	0.575530	0.500000
6.808912	5.052724	0.530386	0.500000
7.604333	5.790951	0.538639	0.500000
8.118979	4.916110	0.514462	0.500000
9.111498	4.903833	0.725525	0.500000
9.668220	5.764153	0.772339	0.500000
0.548424	5.846929	0.611052	0.500000
1.571951	5.679434	0.565379	0.500000
2.838463	5.793520	0.650101	0.500000
3.965584	5.750465	0.635149	0.500000
5.046373	5.655722	0.634843	0.500000
6.202390	5.882458	0.575472	0.500000
6.984998	6.725306	0.572641	0.500000
8.240434	6.743103	0.580381	0.500000
8.678388	5.811830	0.637472	0.500000
0.081194	6.813212	0.525743	0.500000
1.331351	6.644348	0.688116	0.500000
2.315254	6.781434	0.559757	0.500000
3.317475	6.700715	0.659929	0.500000
4.494259	6.613670	0.552916	0.500000
5.603067	6.690943	0.559652	0.500000
6.297955	7.560801	0.501723	0.500000
7.550602	7.584221	0.602399	0.500000
8.767824	7.837801	0.965975	0.500000
9.246662	6.651878	0.576619	0.500000
9.807366	7.670709	0.869239	0.500000
0.728938	7.580149	0.687586	0.500000
1.740375	7.662452	0.662987	0.500000
2.900346	7.747567	0.560373	0.500000
4.021015	7.495828	0.631282	0.500000
5.300907	7.664037	0.657828	0.500000
5.888307	8.518468	0.626154	0.500000
6.903806	8.485513	0.500848	0.500000
8.270350	8.628589	0.504038	0.500000
9.330868	8.654913	0.736577	0.500000
0.210113	8.571720	0.666999	0.500000
1.299880	8.601668	0.586765	0.500000
2.373570	8.603661	0.611064	0.500000
3.597083	8.511113	0.623823	0.500000
4.634741	8.415524	0.624251	0.500000
5.506845	9.457873	0.568696	0.500000
6.626592	9.477095	0.561514	0.500000
7.639362	9.541514	0.548388	0.500000
8.802602	9.553921	0.628849	0.500000
9.872903	9.500844	0.523770	0.500000
0.910882	0.567909	1.404569	0.500000
1.201959	9.809899	1.475412	0.500000
2.463339	9.657474	1.361704	0.500000
3.642513	9.694062	1.397744	0.500000
4.412626	0.519516	1.344500	0.500000
5.549597	0.411421	1.416853	0.500000
6.641126	0.524027	1.536024	0.500000
7.638202	0.529416	1.675026	0.500000
8.786422	0.551058	1.354483	0.500000
9.882754	0.515030	1.479397	0.500000
1.580493	1.381860	1.660121	0.500000
2.108793	0.454885	1.535609	0.500000
3.104547	0.455108	1.392095	0.500000
3.836060	1.424820	1.605075	0.500000
4.860781	1.395478	1.756412	0.500000
5.975061	1.336287	1.516599	0.500000
7.190450	1.427169	1.681683	0.500000
8.174961	1.387386	1.475485	0.500000
9.304857	1.432144	1.528876	0.500000
9.933924	1.275772	2.631953	0.500000
0.380050	2.115818	2.519909	0.500000
1.751595	1.948392	2.499226	0.500000
2.672118	2.086213	0.534696	0.500000
3.342468	2.301600	1.490630	0.500000
4.468999	2.270607	1.432816	0.500000
5.504359	2.237676	1.616934	0.500000
6.517879	2.210960	1.546151	0.500000
7.829099	2.337114	1.576497	0.500000
8.930634	2.404070	1.578518	0.500000
0.044153	2.467467	1.523322	0.500000
1.071824	2.248809	1.604950	0.500000
2.064358	2.263687	1.462314	0.500000
2.689227	3.136182	1.493954	0.500000
3.861515	3.246360	1.423149	0.500000
5.072551	3.188956	1.451673	0.500000
6.123850	3.130659	1.447598	0.500000
7.243733	3.303483	1.396655	0.500000
8.418832	3.345200	1.450067	0.500000
9.623278	3.312352	1.508179	0.500000
0.574692	3.334562	1.594097	0.500000
9.144705	4.318394	1.650703	0.500000
10.191523	4.182496	1.542119	0.500000
2.171697	4.101717	1.563768	0.500000
3.259715	4.100976	1.416120	0.500000
4.469083	4.043603	1.437280	0.500000
5.585076	4.118051	1.535256	0.500000
6.649491	4.184624	1.621072	0.500000
6.921287	4.907857	2.476783	0.500000
7.916977	3.006541	2.643044	0.500000
7.314033	5.200147	1.593588	0.500000
0.602762	4.987397	1.715453	0.500000
1.618969	5.049641	1.600881	0.500000
2.805101	5.238517	1.689300	0.500000
3.912917	4.917604	1.506742	0.500000
5.015243	4.957961	1.444697	0.500000
6.072579	5.051124	1.428004	0.500000
6.953150	6.152619	1.412559	0.500000
8.072706	6.066123	1.523900	0.500000
7.823655	4.177902	1.569810	0.500000
8.538073	5.119935	1.695619	0.500000
0.154871	5.948548	1.524983	0.500000
1.199571	5.982448	1.558638	0.500000
2.399031	6.140849	1.520881	0.500000
3.456770	6.096487	1.494509	0.500000
4.544898	5.967744	1.454962	0.500000
5.553516	6.027850	1.505792	0.500000
6.295519	6.959342	1.323417	0.500000
7.502983	7.011802	1.675744	0.500000
8.646408	6.947731	1.554866	0.500000
9.162065	6.091613	1.619990	0.500000
0.688574	6.890307	1.482692	0.500000
1.805843	6.990378	1.512905	0.500000
2.867002	7.025149	1.501816	0.500000
4.134420	6.960768	1.503824	0.500000
5.232447	6.996413	1.494493	0.500000
5.924686	7.896272	1.581113	0.500000
6.888414	7.859097	1.304154	0.500000
8.098761	7.827337	1.767619	0.500000
9.262312	7.710606	1.827101	0.500000
9.891094	6.853285	1.470204	0.500000
0.168395	7.684345	1.852070	0.500000
1.195480	7.788912	1.576507	0.500000
2.294247	7.975217	1.532497	0.500000
3.547137	7.869450	1.451454	0.500000
4.665040	7.864287	1.616041	0.500000
5.437062	8.831620	1.480991	0.500000
6.528568	8.760099	1.588615	0.500000
7.614439	8.663421	1.356617	0.500000
8.686697	8.681760	1.647863	0.500000
9.850996	8.700178	1.604400	0.500000
0.631675	8.788832	1.574083	0.500000
1.832928	8.881751	1.451175	0.500000
3.094054	8.855620	1.615229	0.500000
4.415384	8.929742	1.495524	0.500000
4.899979	9.870326	1.380661	0.500000
6.129265	9.816958	1.460923	0.500000
7.211856	9.857696	1.520617	0.500000
8.240984	9.893490	1.632646	0.500000
9.257851	9.826156	1.636630	0.500000
0.111075	9.647405	1.474651	0.500000
9.400008	0.116600	2.574353	0.500000
0.787316	9.495977	2.644982	0.500000
1.937236	9.668460	2.287227	0.500000
3.218983	9.264734	2.521963	0.500000
4.314001	9.319761	2.533064	0.500000
4.937663	0.254621	2.225623	0.500000
6.035483	0.227880	2.320209	0.500000
7.079982	0.205168	2.566370	0.500000
8.186661	0.189147	2.546317	0.500000
9.346519	0.892629	3.401216	0.500000
0.226711	0.087335	2.513657	0.500000
1.308189	0.311212	2.428604	0.500000
2.815696	10.215286	2.256557	0.500000
3.745463	0.780218	3.384827	0.500000
4.345309	1.142971	2.601099	0.500000
5.463529	1.066468	2.558795	0.500000
6.532789	1.087444	2.490747	0.500000
7.577646	1.118170	2.640743	0.500000
8.816158	1.167793	2.551259	0.500000
0.273613	0.936513	3.525455	0.500000
0.930438	1.798065	3.357248	0.500000
0.682629	1.075504	2.617589	0.500000
2.637186	1.370913	1.696133	0.500000
3.809695	0.207160	2.385018	0.500000
3.820188	2.053204	2.404228	0.500000
4.993024	1.956422	2.590273	0.500000
6.027393	2.013595	2.574330	0.500000
7.043681	2.063540	2.570703	0.500000
8.899156	1.804323	3.545140	0.500000
8.144041	2.005667	2.687693	0.500000
10.052216	2.968814	2.460632	0.500000
1.204523	2.833853	2.434240	0.500000
2.810870	2.056458	2.578009	0.500000
3.289962	2.947137	2.357522	0.500000
4.445101	2.902745	2.432447	0.500000
5.482155	2.921352	2.380803	0.500000
6.615573	2.969059	2.575490	0.500000
8.296360	2.698827	3.615474	0.500000
9.573749	3.928918	2.546941	0.500000
9.046118	3.048135	2.429607	0.500000
9.081388	4.821827	2.527981	0.500000
0.472313	3.972392	2.399299	0.500000
1.659231	3.226366	1.494594	0.500000
2.171443	2.932561	2.685219	0.500000
2.663384	3.777039	2.405083	0.500000
3.808611	3.815877	2.378858	0.500000
4.958907	3.941062	2.484494	0.500000
6.066191	3.856425	2.457170	0.500000
7.850058	3.619616	3.436545	0.500000
8.495533	3.996579	2.416169	0.500000
10.214182	4.883990	2.642920	0.500000
1.114788	4.819225	2.622302	0.500000
1.607353	3.803680	2.510543	0.500000
2.194373	4.856364	2.430617	0.500000
3.218317	4.656471	2.398525	0.500000
4.312460	4.761376	2.411968	0.500000
5.679118	4.936360	2.402910	0.500000
7.288170	3.818510	2.424591	0.500000
7.946786	4.832107	2.464750	0.500000
9.790832	5.110104	1.734184	0.500000
9.943065	5.859340	2.586288	0.500000
0.732027	5.758779	2.548979	0.500000
1.840893	5.881967	2.332552	0.500000
2.862262	5.858612	2.490272	0.500000
3.971780	5.761730	2.286594	0.500000
4.982252	5.738188	2.662081	0.500000
6.338685	5.760563	2.181007	0.500000
6.835116	5.420223	3.353726	0.500000
7.477296	5.796548	2.491332	0.500000
8.584300	5.828017	2.433502	0.500000
0.317342	6.869845	2.579178	0.500000
1.366607	6.866239	2.438816	0.500000
2.413252	6.761563	2.473207	0.500000
3.500250	6.742360	2.287097	0.500000
4.631591	6.619081	2.319608	0.500000
5.818335	6.666808	2.328516	0.500000
6.941929	6.667955	2.526254	0.500000
7.411817	7.562459	2.653321	0.500000
7.997843	6.654504	2.503591	0.500000
9.422136	6.711930	2.429021	0.500000
9.906686	7.615914	2.771484	0.500000
0.862878	7.703604	2.714076	0.500000
1.987729	7.701053	2.458614	0.500000
3.040788	7.717962	2.360761	0.500000
4.336488	7.605502	2.569707	0.500000
5.394703	7.579835	2.384513	0.500000
6.442624	7.631403	2.400522	0.500000
7.087264	8.519203	2.466440	0.500000
8.146600	8.491909	2.595028	0.500000
8.598569	7.504215	2.605063	0.500000
0.243978	8.573429	2.633712	0.500000
1.333472	8.596477	2.393950	0.500000
2.349968	8.663655	2.322025	0.500000
3.765773	8.425263	2.371425	0.500000
4.900796	8.462348	2.475101	0.500000
5.886138	8.630144	2.564351	0.500000
6.592225	9.412902	2.413297	0.500000
7.610115	9.438797	2.389985	0.500000
8.793113	9.487839	2.503445	0.500000
9.223378	8.493621	2.651815	0.500000
0.868354	10.207551	3.414109	0.500000
2.749963	0.801318	3.586452	0.500000
3.243577	10.044005	3.226422	0.500000
4.901287	0.768243	3.478492	0.500000
5.414349	10.083730	3.052815	0.500000
5.930366	0.629116	3.527468	0.500000
6.615797	10.070349	3.414425	0.500000
7.682506	10.079333	3.353536	0.500000
8.901307	10.228784	3.571045	0.500000
10.052981	10.228668	3.450754	0.500000
1.462364	0.895038	3.358595	0.500000
2.099357	0.945903	2.443072	0.500000
3.079914	0.975147	2.654420	0.500000
3.467189	1.034785	4.453668	0.500000
5.507162	1.710325	3.418324	0.500000
6.536083	1.700631	3.525993	0.500000
7.060820	0.809686	3.548162	0.500000
7.693535	1.770886	3.555720	0.500000
8.100919	0.817302	3.586309	0.500000
10.066804	1.874964	3.551180	0.500000
1.243041	1.183879	4.295908	0.500000
1.509758	2.640707	3.391761	0.500000
3.418260	1.726024	3.450043	0.500000
4.468648	1.783370	3.435136	0.500000
5.034592	2.647031	3.420298	0.500000
6.034885	2.610932	3.556328	0.500000
7.223635	2.785516	3.479824	0.500000
8.688106	2.338121	4.477555	0.500000
9.283411	2.090300	2.605711	0.500000
10.072379	3.640060	3.476087	0.500000
0.683263	2.138054	4.390810	0.500000
2.585392	2.610056	3.544228	0.500000
3.862552	2.632033	3.367977	0.500000
3.320754	3.602265	3.389329	0.500000
4.462947	3.489681	3.280922	0.500000
5.608361	3.553207	3.411350	0.500000
6.634260	3.709527	3.308871	0.500000
8.299772	3.362966	4.495072	0.500000
9.564233	2.772507	3.361690	0.500000
8.878027	3.526590	3.386957	0.500000
0.607900	4.351190	3.401639	0.500000
0.443980	2.705412	3.561638	0.500000
2.189066	3.658227	3.543946	0.500000
2.860700	4.523652	3.420513	0.500000
3.887814	4.503149	3.580537	0.500000
4.963053	4.421750	3.400451	0.500000
6.216370	4.632906	3.403206	0.500000
7.382495	4.496982	3.265789	0.500000
8.405694	4.486476	3.531782	0.500000
9.695753	4.629553	3.606157	0.500000
1.129935	5.385024	3.456958	0.500000
1.727974	4.573240	3.457202	0.500000
2.369950	5.481418	3.472514	0.500000
3.534763	5.324028	3.118521	0.500000
4.474210	5.468785	3.494920	0.500000
5.825550	5.580184	3.200173	0.500000
7.409497	5.275334	4.229353	0.500000
7.945018	5.485854	3.319189	0.500000
9.152313	5.460605	3.477079	0.500000
10.220856	5.483200	3.559138	0.500000
0.629003	6.332358	3.425229	0.500000
1.738188	6.262870	3.336117	0.500000
2.578541	7.500454	3.337490	0.500000
2.762898	6.431400	3.508968	0.500000
4.139802	6.426184	3.285300	0.500000
5.296161	6.488405	3.315692	0.500000
6.353421	6.400566	3.523184	0.500000
7.446871	6.491006	3.452085	0.500000
8.509650	6.421591	3.528121	0.500000
9.585267	6.382743	3.545432	0.500000
0.760535	8.363488	3.474601	0.500000
1.541964	7.292345	3.330984	0.500000
3.054191	8.422180	3.267060	0.500000
3.699132	7.384544	3.433280	0.500000
4.824541	7.373931	3.518499	0.500000
5.935360	7.334037	3.251323	0.500000
7.070491	7.434801	3.620783	0.500000
8.088162	7.339519	3.654879	0.500000
9.095135	7.278364	3.599652	0.500000
0.027160	7.195823	3.618707	0.500000
0.314869	9.263473	3.506452	0.500000
1.481486	9.340951	3.422867	0.500000
2.057429	8.428317	3.374391	0.500000
3.792821	9.237737	3.451138	0.500000
4.238781	8.234688	3.353178	0.500000
5.428505	8.188816	3.434286	0.500000
6.489333	8.293737	3.320544	0.500000
7.629945	8.288331	3.438486	0.500000
8.761983	8.363327	3.580673	0.500000
9.927381	8.455631	3.460804	0.500000
2.041506	0.031710	3.147509	0.500000
2.541460	9.307818	3.567070	0.500000
4.374219	10.046708	3.285150	0.500000
4.898325	9.197817	3.391856	0.500000
5.311657	9.461009	2.273099	0.500000
5.923886	9.124660	3.440262	0.500000
7.143664	9.192794	3.414018	0.500000
8.301548	9.278910	3.462461	0.500000
9.301922	9.266023	3.518240	0.500000
9.929075	9.432570	2.405050	0.500000
0.018541	9.764105	4.434921	0.500000
2.040595	9.403434	4.427530	0.500000
3.191011	9.280847	4.434964	0.500000
4.217283	9.173694	4.496532	0.500000
4.870119	10.025125	4.387276	0.500000
5.472664	0.626693	4.458363	0.500000
5.845703	9.934646	4.065541	0.500000
7.048972	9.970661	4.350269	0.500000
8.126658	9.842625	4.498011	0.500000
9.239643	9.795920	4.485185	0.500000
1.707388	2.192653	4.280376	0.500000
2.097598	1.666849	3.500977	0.500000
3.825531	0.015544	4.498250	0.500000
4.480417	0.857627	4.456460	0.500000
5.012205	1.752209	4.376010	0.500000
6.009615	1.705110	4.467549	0.500000
6.479290	0.610388	4.479369	0.500000
7.614056	0.565996	4.469596	0.500000
8.700838	0.478257	4.469380	0.500000
9.757842	0.471014	4.327876	0.500000
0.124065	1.305340	4.458256	0.500000
1.678856	0.264987	4.296160	0.500000
2.656794	10.212137	4.330963	0.500000
3.999230	1.943830	4.492759	0.500000
3.428482	2.829153	4.289522	0.500000
4.576470	2.776563	4.483168	0.500000
5.574915	2.618506	4.477779	0.500000
7.113036	1.638870	4.483990	0.500000
8.224946	1.450719	4.499572	0.500000
9.221932	1.411611	4.421736	0.500000
1.159838	3.100504	4.493026	0.500000
2.241891	1.132400	4.421123	0.500000
2.832566	1.973447	4.373094	0.500000
2.808648	3.885709	4.445099	0.500000
3.925186	3.722841	4.272550	0.500000
5.011936	3.688757	4.268891	0.500000
6.625889	2.535909	4.378247	0.500000
7.671040	2.519321	4.420959	0.500000
9.310878	3.249020	4.274962	0.500000
9.722308	2.304735	4.452551	0.500000
9.883670	4.149599	4.483844	0.500000
0.699165	3.983295	4.339715	0.500000
2.438544	2.928305	4.498423	0.500000
2.403597	4.814630	4.393371	0.500000
3.465610	4.731989	4.495511	0.500000
4.550062	4.668316	4.313417	0.500000
6.029846	3.509613	4.460987	0.500000
7.109471	3.449457	4.371630	0.500000
7.790541	4.226719	4.437620	0.500000
0.086870	3.191896	4.457072	0.500000
0.329359	4.921541	4.326301	0.500000
1.756825	3.930633	4.407543	0.500000
1.943287	5.748181	4.424604	0.500000
3.029634	5.634765	4.403496	0.500000
4.106554	5.612338	4.480091	0.500000
5.542532	4.556642	4.414829	0.500000
6.780879	4.495398	4.491721	0.500000
8.405288	5.181042	4.438951	0.500000
8.824088	4.238168	4.413866	0.500000
9.421065	5.068211	4.493001	0.500000
10.058003	5.893987	4.480957	0.500000
1.401310	4.877514	4.412502	0.500000
1.453749	6.678735	4.329127	0.500000
2.504637	6.577149	4.476437	0.500000
3.584599	6.602998	4.494657	0.500000
5.105582	5.528505	4.460554	0.500000
6.250107	5.352049	4.309343	0.500000
6.881687	6.219314	4.426551	0.500000
7.910482	6.205225	4.329324	0.500000
8.992139	6.035058	4.355098	0.500000
0.378622	6.799197	4.487257	0.500000
0.831747	5.786817	4.396380	0.500000
1.995685	7.559533	4.467025	0.500000
2.992379	7.481229	4.255342	0.500000
4.691325	6.414244	4.211988	0.500000
5.819431	6.288986	4.475969	0.500000
6.425837	7.168155	4.355776	0.500000
7.500327	7.171778	4.489223	0.500000
8.579281	6.960174	4.480877	0.500000
9.579425	6.889434	4.422480	0.500000
10.063879	7.900418	4.483080	0.500000
0.488904	8.765149	4.416267	0.500000
0.925785	7.594877	4.121700	0.500000
2.652808	8.432576	4.306535	0.500000
4.188108	7.391698	4.365741	0.500000
5.225715	7.253391	4.491358	0.500000
5.843055	8.112151	4.379931	0.500000
6.918270	8.048749	4.414026	0.500000
8.008904	8.047464	4.437800	0.500000
9.036618	7.893888	4.430635	0.500000
1.013561	9.652303	4.468742	0.500000
0.537132	0.391882	4.341800	0.500000
1.488505	8.511505	4.241878	0.500000
3.654887	8.368315	4.200340	0.500000
4.742328	8.262681	4.341333	0.500000
5.346714	9.087609	4.351747	0.500000
6.425988	8.948381	4.394712	0.500000
7.557004	8.941741	4.316932	0.500000
8.621111	8.950692	4.488823	0.500000
9.629797	8.821049	4.490764	0.500000
