500

0.505448	0.353388	0.678765	0.500000
0.960357	9.639888	0.642845	0.500000
2.101216	9.655044	0.539582	0.500000
3.326643	9.503976	0.532344	0.500000
4.400229	9.446643	0.576674	0.500000
4.988990	0.237570	0.544145	0.500000
6.268870	0.126933	0.672051	0.500000
7.262008	0.258256	0.544289	0.500000
8.378188	0.242058	0.594339	0.500000
9.670534	0.313661	0.568116	0.500000
1.105891	1.282355	0.566762	0.500000
1.598101	0.338874	0.582399	0.500000
2.738612	0.204842	0.577871	0.500000
3.942642	0.120446	0.608295	0.500000
4.557265	1.145796	0.632238	0.500000
5.707597	1.111230	0.535087	0.500000
6.819425	1.153955	0.627448	0.500000
7.832475	1.118379	0.593697	0.500000
9.009338	1.187415	0.569401	0.500000
10.172752	1.249775	0.516393	0.500000
0.510208	1.357998	1.399187	0.500000
0.547416	2.115025	0.516727	0.500000
2.267942	1.105651	0.584926	0.500000
3.400916	1.116919	0.539092	0.500000
3.927481	1.992422	0.513309	0.500000
5.029784	2.026549	0.541566	0.500000
6.165035	2.011095	0.661625	0.500000
7.230276	2.206932	0.758427	0.500000
8.623628	2.104146	0.687891	0.500000
9.662099	2.121826	0.549675	0.500000
1.155397	3.000252	0.522089	0.500000
1.764691	2.093221	0.501989	0.500000
2.355034	3.089310	0.597428	0.500000
3.446089	3.040658	0.523572	0.500000
4.562887	2.940288	0.576047	0.500000
5.731270	2.992391	0.616432	0.500000
6.830730	3.154994	0.605877	0.500000
8.092867	3.046552	0.547667	0.500000
9.148955	2.976317	0.667262	0.500000
0.053649	3.024034	0.510755	0.500000
0.660448	4.000979	0.600738	0.500000
1.831018	3.946915	0.565704	0.500000
1.202178	4.122666	1.451546	0.500000
2.950745	3.925876	0.581826	0.500000
4.059225	3.830605	0.510975	0.500000
5.139073	3.973581	0.571242	0.500000
6.185286	3.938294	0.576671	0.500000
7.535394	3.917287	0.601153	0.500000
8.733156	3.890629	0.557781	0.500000
9.885888	3.993921	0.519476	0.500000
0.182754	4.883963	0.523000	0.500000
1.307683	4.845086	0.554728	0.500000
2.438361	4.834016	0.510092	0.500000
3.437864	4.837743	0.737360	0.500000
4.703640	4.884549	0.514156	0.500000
5.756247	4.870399	0.669504	0.500000
6.853180	4.760303	0.535825	0.500000
7.477573	5.669818	0.535640	0.500000
8.123000	4.873951	0.584704	0.500000
9.285967	4.836239	0.507309	0.500000
9.909989	5.788128	0.683614	0.500000
0.830558	5.917640	0.559657	0.500000
1.908247	5.819416	0.538952	0.500000
2.934338	5.720803	0.600705	0.500000
4.015246	5.709140	0.593361	0.500000
5.108005	5.798682	0.546447	0.500000
6.464673	5.776461	0.730460	0.500000
7.117658	6.662681	0.528345	0.500000
8.231742	6.607183	0.664518	0.500000
8.822775	5.778170	0.621120	0.500000
0.316508	6.853239	0.596794	0.500000
1.438319	6.737094	0.549115	0.500000
2.511580	6.653855	0.586098	0.500000
3.585757	6.693136	0.502426	0.500000
4.989759	6.810383	0.507206	0.500000
6.124758	6.797951	0.589822	0.500000
6.709331	7.963976	0.855288	0.500000
7.591007	7.553513	0.520834	0.500000
8.909796	7.572852	0.514270	0.500000
9.515335	6.716053	0.674492	0.500000
9.962221	7.688152	0.509369	0.500000
0.928245	7.698926	0.688434	0.500000
1.953801	7.597557	0.654043	0.500000
2.962545	7.628093	0.538318	0.500000
4.067635	7.572626	0.560860	0.500000
5.611177	7.757513	0.513266	0.500000
6.034781	8.724031	0.511243	0.500000
7.464929	8.572578	0.504961	0.500000
8.490194	8.486780	0.569650	0.500000
9.497043	8.588693	0.612174	0.500000
0.407835	8.710894	0.598294	0.500000
1.498896	8.698108	0.537924	0.500000
2.536461	8.686270	0.560776	0.500000
3.572226	8.451228	0.569965	0.500000
4.799259	8.495157	0.599787	0.500000
5.413659	9.549811	0.559544	0.500000
6.901229	9.478360	0.549904	0.500000
8.074190	9.507797	0.556177	0.500000
9.074100	9.704765	0.583828	0.500000
10.068998	9.538216	0.520049	0.500000
1.049797	0.455651	1.573469	0.500000
1.465222	9.757011	1.569781	0.500000
2.532958	9.743116	1.498967	0.500000
3.740762	9.805581	1.429406	0.500000
4.335888	0.469584	1.459004	0.500000
5.637438	0.431360	1.432385	0.500000
6.686864	0.435916	1.528557	0.500000
7.899176	0.372464	1.596713	0.500000
9.037966	0.336941	1.411115	0.500000
10.148833	0.403457	1.704590	0.500000
1.694777	1.434224	1.605726	0.500000
2.076180	0.454919	1.610882	0.500000
3.252628	0.451310	1.607074	0.500000
3.800337	1.361933	1.444224	0.500000
5.045539	1.395455	1.469904	0.500000
6.259200	1.373273	1.430668	0.500000
7.275973	1.514304	1.485466	0.500000
8.531715	1.468048	1.561283	0.500000
9.591662	1.224178	1.557088	0.500000
10.133060	1.168568	2.489677	0.500000
0.517474	1.993512	2.330095	0.500000
1.706545	2.200091	2.312844	0.500000
2.774860	1.984716	0.610834	0.500000
3.399223	2.384964	1.342235	0.500000
4.479850	2.247022	1.550515	0.500000
5.544550	2.279305	1.422308	0.500000
6.590318	2.337303	1.520028	0.500000
7.967545	2.450361	1.408890	0.500000
9.199924	2.313755	1.525402	0.500000
0.134769	2.373740	1.435668	0.500000
1.191120	2.297194	1.367155	0.500000
2.295972	2.404654	1.419785	0.500000
2.874442	3.273139	1.649051	0.500000
4.033019	3.221690	1.389310	0.500000
5.099492	3.167663	1.566375	0.500000
6.367719	3.331661	1.496041	0.500000
7.385713	3.267043	1.634271	0.500000
8.693019	3.231979	1.609032	0.500000
9.859868	3.282156	1.483692	0.500000
0.651922	3.247089	1.433870	0.500000
9.265282	4.104870	1.721409	0.500000
0.167941	4.130740	1.550102	0.500000
2.403826	4.233078	1.431178	0.500000
3.514959	4.082403	1.396080	0.500000
4.567254	4.108877	1.457985	0.500000
5.652037	4.048597	1.443480	0.500000
7.011476	4.285695	1.502984	0.500000
6.966865	4.820701	2.454211	0.500000
7.798142	2.974090	2.514476	0.500000
7.494066	5.218076	1.456206	0.500000
0.639938	5.149429	1.637063	0.500000
1.817374	5.158696	1.483817	0.500000
2.982927	5.094412	1.635783	0.500000
4.031832	5.088860	1.519553	0.500000
5.176164	4.999753	1.557190	0.500000
6.419396	5.155021	1.574253	0.500000
7.075923	6.143636	1.473506	0.500000
8.141500	6.074431	1.562866	0.500000
8.048173	4.028541	1.521335	0.500000
8.720622	5.045231	1.393208	0.500000
0.170790	6.118027	1.522120	0.500000
1.271826	6.023596	1.488383	0.500000
2.542245	6.018645	1.481853	0.500000
3.569168	6.002373	1.479483	0.500000
4.779788	6.028007	1.504034	0.500000
5.887626	6.005426	1.599812	0.500000
6.338177	6.922137	1.663527	0.500000
7.618897	7.032681	1.375482	0.500000
8.607712	7.049446	1.569614	0.500000
9.168487	6.221983	1.520659	0.500000
0.815615	6.931594	1.497318	0.500000
1.845854	7.003775	1.543574	0.500000
2.879877	6.980153	1.470774	0.500000
4.243425	6.911258	1.736640	0.500000
5.340721	6.984026	1.483562	0.500000
5.921107	7.830673	1.468300	0.500000
7.107235	7.891677	1.777900	0.500000
8.102006	7.946324	1.654550	0.500000
9.433269	7.899204	1.387827	0.500000
9.887429	7.005165	1.576799	0.500000
0.194962	7.901210	1.527869	0.500000
1.456056	7.927719	1.638268	0.500000
2.557581	7.967249	1.521434	0.500000
3.556103	7.882693	1.400161	0.500000
4.669551	7.824889	1.493797	0.500000
5.278574	8.744837	1.450540	0.500000
6.677474	8.800332	1.613606	0.500000
7.766753	8.893548	1.499164	0.500000
8.820247	8.765768	1.477946	0.500000
10.048679	8.828654	1.508764	0.500000
0.963071	8.884644	1.548356	0.500000
2.006362	8.820019	1.473476	0.500000
3.081337	8.840292	1.426177	0.500000
4.146990	8.825233	1.464998	0.500000
4.904974	9.868067	1.389141	0.500000
6.176554	9.651161	1.378910	0.500000
7.198940	9.765968	1.500170	0.500000
8.424292	9.684962	1.580618	0.500000
9.405864	9.597002	1.787973	0.500000
0.400708	9.760547	1.485936	0.500000
9.485757	0.207877	2.450834	0.500000
1.056849	9.611842	2.552516	0.500000
2.044647	9.519959	2.354498	0.500000
3.144794	9.422132	2.633977	0.500000
4.186734	9.449877	2.296051	0.500000
4.811605	0.044734	2.412959	0.500000
6.061570	0.114457	2.460378	0.500000
7.255200	0.195950	2.373939	0.500000
8.449944	0.262962	2.506756	0.500000
9.492501	0.823403	3.482650	0.500000
0.578608	0.320286	2.464559	0.500000
1.684460	0.291325	2.528564	0.500000
2.684088	0.087905	2.526137	0.500000
3.776547	0.679906	3.333634	0.500000
4.509621	1.025957	2.398897	0.500000
5.609503	1.021067	2.590960	0.500000
6.728583	1.112178	2.341228	0.500000
7.917811	1.249910	2.499470	0.500000
8.927984	1.146927	2.648355	0.500000
0.377941	0.961666	3.396387	0.500000
0.937514	1.852939	3.257016	0.500000
1.233783	1.200119	2.515961	0.500000
2.785169	1.487745	1.560635	0.500000
3.796373	0.166272	2.463319	0.500000
3.980374	1.884320	2.607313	0.500000
5.004983	2.025145	2.431640	0.500000
6.199538	1.980163	2.422583	0.500000
7.360390	2.072786	2.312257	0.500000
9.070732	1.826500	3.428069	0.500000
8.417845	2.187699	2.536265	0.500000
0.125645	3.064892	2.425768	0.500000
1.213453	3.080446	2.555360	0.500000
2.974257	2.079989	2.360628	0.500000
3.473630	2.948282	2.627172	0.500000
4.471156	2.949936	2.444323	0.500000
5.576080	2.861574	2.721045	0.500000
6.645581	2.936672	2.384544	0.500000
8.508017	2.732461	3.406793	0.500000
9.770103	3.854666	2.750116	0.500000
9.121373	3.091246	2.644361	0.500000
9.176194	4.797624	2.456050	0.500000
0.602490	3.997203	2.480789	0.500000
1.679600	3.202953	1.497834	0.500000
2.394948	2.917944	2.467440	0.500000
2.813572	3.954853	2.437705	0.500000
3.826864	3.916123	2.363473	0.500000
5.092565	3.757706	2.478667	0.500000
6.438568	3.925656	2.343148	0.500000
7.947086	3.573054	3.385372	0.500000
8.581376	3.957487	2.614456	0.500000
0.346672	4.997339	2.640547	0.500000
1.334266	5.059516	2.361584	0.500000
1.805238	4.080719	2.308401	0.500000
2.394218	4.940098	2.501668	0.500000
3.401205	4.824447	2.526587	0.500000
4.549929	4.781140	2.603490	0.500000
5.739604	4.787259	2.442624	0.500000
7.460429	3.940911	2.521228	0.500000
8.057333	4.788209	2.392936	0.500000
9.880041	4.985194	1.645260	0.500000
9.829231	5.700688	2.569664	0.500000
0.718071	5.918266	2.342801	0.500000
1.870925	5.971706	2.619368	0.500000
3.044178	5.760449	2.566920	0.500000
4.127969	5.737471	2.472244	0.500000
5.289406	5.742286	2.522469	0.500000
6.424433	5.648103	2.612534	0.500000
6.907571	5.405481	3.471764	0.500000
7.606581	5.875376	2.415892	0.500000
8.774452	5.720987	2.308733	0.500000
0.110287	6.710746	2.523463	0.500000
1.219139	6.770874	2.652938	0.500000
2.604373	6.691600	2.427643	0.500000
3.573846	6.722868	2.690660	0.500000
4.759343	6.657192	2.556457	0.500000
5.893757	6.569195	2.585100	0.500000
7.125263	6.749352	2.283510	0.500000
7.784819	7.694297	2.606258	0.500000
8.275605	6.790141	2.577987	0.500000
9.290412	6.736899	2.488694	0.500000
9.959183	7.673358	2.399358	0.500000
0.873288	7.729352	2.580040	0.500000
2.023109	7.592418	2.484610	0.500000
3.087184	7.593325	2.392351	0.500000
4.238953	7.520398	2.543301	0.500000
5.381553	7.521395	2.396138	0.500000
6.376355	7.646904	2.421751	0.500000
6.984215	8.572106	2.667557	0.500000
8.433624	8.561999	2.535210	0.500000
8.817810	7.624922	2.431091	0.500000
0.374325	8.605815	2.324155	0.500000
1.563897	8.537349	2.507798	0.500000
2.588009	8.551067	2.409297	0.500000
3.744541	8.408728	2.488630	0.500000
4.786786	8.418743	2.455844	0.500000
5.824160	8.608027	2.326210	0.500000
6.674690	9.533974	2.391359	0.500000
7.713867	9.523595	2.341735	0.500000
8.766524	9.505892	2.643580	0.500000
9.471994	8.577422	2.339869	0.500000
0.848621	0.074263	3.430159	0.500000
2.764041	0.785814	3.395326	0.500000
3.188153	10.071309	3.634954	0.500000
4.942890	0.826602	3.347164	0.500000
5.499797	0.004119	3.465856	0.500000
6.201183	1.024206	3.477283	0.500000
6.529174	0.041015	3.488148	0.500000
7.820891	10.204878	3.240800	0.500000
8.869056	10.214538	3.435058	0.500000
10.085906	10.210048	3.294061	0.500000
1.655269	0.830010	3.405320	0.500000
2.272564	1.146308	2.557692	0.500000
3.326222	1.079133	2.489002	0.500000
3.318898	0.990170	4.499977	0.500000
5.522224	1.768604	3.517748	0.500000
6.861019	1.808074	3.156920	0.500000
7.262585	0.894396	3.225344	0.500000
7.990627	1.852939	3.441192	0.500000
8.337055	0.842353	3.434855	0.500000
10.130486	1.866071	3.461674	0.500000
1.190183	1.180838	4.355769	0.500000
1.748681	2.651069	3.619710	0.500000
3.400277	1.602106	3.457178	0.500000
4.477307	1.742243	3.515738	0.500000
4.968529	2.628633	3.523353	0.500000
6.282432	2.589592	3.481001	0.500000
7.369275	2.717016	3.471885	0.500000
8.841357	2.318280	4.374343	0.500000
9.752070	2.089781	2.389719	0.500000
0.035239	3.493746	3.587983	0.500000
0.775426	2.127363	4.430484	0.500000
2.862880	2.646012	3.393589	0.500000
3.923482	2.653345	3.475385	0.500000
3.407833	3.519296	3.539399	0.500000
4.572928	3.586718	3.422165	0.500000
5.842829	3.620974	3.459164	0.500000
6.836304	3.578380	3.298790	0.500000
8.304859	3.302890	4.408171	0.500000
9.563900	2.775910	3.519623	0.500000
9.029114	3.621966	3.523583	0.500000
0.570920	4.469356	3.482743	0.500000
1.133363	3.647441	3.384088	0.500000
2.293605	3.481649	3.315584	0.500000
3.016597	4.652448	3.457018	0.500000
4.020332	4.499872	3.583074	0.500000
5.077748	4.523209	3.413576	0.500000
6.363114	4.470163	3.195555	0.500000
7.429653	4.539594	3.384864	0.500000
8.443560	4.451388	3.482275	0.500000
9.605066	4.459937	3.605054	0.500000
1.161198	5.373191	3.329057	0.500000
1.816808	4.540956	3.278070	0.500000
2.152229	5.493050	3.455812	0.500000
3.533301	5.627703	3.572386	0.500000
4.562493	5.388133	3.607776	0.500000
5.755940	5.336923	3.395994	0.500000
7.318130	5.183576	4.454851	0.500000
8.052959	5.433241	3.287366	0.500000
9.124228	5.374115	3.413828	0.500000
10.141562	5.387316	3.581122	0.500000
0.567806	6.220854	3.476600	0.500000
1.568259	6.310731	3.512257	0.500000
2.485774	7.297674	3.381393	0.500000
2.816506	6.319222	3.432352	0.500000
4.230516	6.424493	3.564119	0.500000
5.245358	6.299114	3.496172	0.500000
6.284208	6.208203	3.444042	0.500000
7.469691	6.296509	3.570438	0.500000
8.657836	6.280589	3.444280	0.500000
9.670704	6.391726	3.416766	0.500000
0.783199	8.162859	3.585677	0.500000
1.377235	7.340638	3.561042	0.500000
3.160841	8.217175	3.290529	0.500000
3.583445	7.332719	3.595865	0.500000
4.756869	7.308150	3.444566	0.500000
5.807240	7.295202	3.359934	0.500000
7.033856	7.324792	3.222150	0.500000
8.260099	7.366812	3.450687	0.500000
9.398543	7.543932	3.366456	0.500000
0.199483	7.363763	3.288772	0.500000
0.545802	9.319216	3.410979	0.500000
1.631533	9.095836	3.441059	0.500000
2.065177	8.206408	3.611744	0.500000
3.756991	9.079535	3.433404	0.500000
4.223269	8.199516	3.342004	0.500000
5.317698	8.209748	3.610897	0.500000
6.393851	8.167897	3.530012	0.500000
7.427386	8.259478	3.527965	0.500000
8.974481	8.477940	3.393430	0.500000
10.095069	8.477200	3.189880	0.500000
2.069809	10.031373	3.566435	0.500000
2.667504	9.057499	3.552114	0.500000
4.440189	9.999824	3.333388	0.500000
5.031002	9.213630	3.099052	0.500000
5.511857	9.548752	2.119772	0.500000
6.025195	9.059390	3.229281	0.500000
7.070363	9.283115	3.376196	0.500000
8.126452	9.079716	3.404841	0.500000
9.545931	9.332193	3.405024	0.500000
10.227988	9.578141	2.393237	0.500000
10.153388	9.659322	4.158036	0.500000
2.128605	9.501831	4.426397	0.500000
3.309349	9.385047	4.398257	0.500000
4.344255	9.298265	4.372424	0.500000
4.951154	10.094751	4.330173	0.500000
5.491969	0.723266	4.293879	0.500000
5.969273	10.012257	4.457393	0.500000
7.089896	9.895443	4.332173	0.500000
8.081384	9.946019	4.461686	0.500000
9.128520	9.851274	4.355118	0.500000
1.871856	2.109693	4.457631	0.500000
2.280678	1.780637	3.489370	0.500000
3.799166	0.032633	4.419984	0.500000
4.394520	0.926653	4.484642	0.500000
4.988609	1.746815	4.498959	0.500000
6.025642	1.570253	4.404733	0.500000
6.551242	0.629712	4.439293	0.500000
7.617411	0.597136	4.114641	0.500000
8.714990	0.547685	4.449086	0.500000
9.793112	0.420981	4.492540	0.500000
0.177600	1.318052	4.357388	0.500000
1.582643	0.253806	4.328024	0.500000
2.726742	0.091284	4.499225	0.500000
3.974079	1.907738	4.488362	0.500000
3.492494	2.813336	4.402323	0.500000
4.501376	2.833719	4.463891	0.500000
5.564747	2.671049	4.377748	0.500000
7.043933	1.456384	4.115996	0.500000
8.297816	1.472976	4.391152	0.500000
9.343562	1.347196	4.437259	0.500000
1.303352	3.044106	4.476474	0.500000
2.297398	1.066911	4.388444	0.500000
2.894236	1.968551	4.455391	0.500000
2.884839	3.948199	4.425930	0.500000
3.972410	3.701253	4.403710	0.500000
5.124784	3.622642	4.481759	0.500000
6.789049	2.545760	4.450071	0.500000
7.776568	2.329367	4.321801	0.500000
9.330432	3.216820	4.475777	0.500000
9.914736	2.211220	4.431436	0.500000
9.927266	4.099387	4.489063	0.500000
0.842810	3.992239	4.406699	0.500000
2.483725	3.026635	4.412859	0.500000
2.424352	4.832110	4.295383	0.500000
3.442497	4.789444	4.440434	0.500000
4.711918	4.611726	4.419901	0.500000
6.245215	3.513166	4.401159	0.500000
7.295163	3.391274	4.228436	0.500000
7.865912	4.275434	4.286814	0.500000
0.296011	3.022006	4.459089	0.500000
0.304961	5.029560	4.434392	0.500000
1.876991	3.990060	4.131966	0.500000
1.852554	5.766319	4.447160	0.500000
2.896558	5.702090	4.454304	0.500000
4.064411	5.578609	4.470352	0.500000
5.698026	4.410310	4.192659	0.500000
6.831453	4.319157	4.183639	0.500000
8.402712	5.131498	4.498913	0.500000
8.897966	4.260092	4.360526	0.500000
9.492346	5.065347	4.495772	0.500000
10.072866	5.916372	4.490701	0.500000
1.389928	4.863170	4.432753	0.500000
1.329432	6.818489	4.413477	0.500000
2.411402	6.639054	4.358349	0.500000
3.410186	6.540308	4.244798	0.500000
5.224645	5.476971	4.418306	0.500000
6.257306	5.262506	4.273851	0.500000
6.905183	6.200705	4.468873	0.500000
7.966398	6.178763	4.441432	0.500000
9.076618	5.997601	4.440224	0.500000
0.327715	6.842432	4.285627	0.500000
0.843486	5.916529	4.405248	0.500000
2.059831	7.600784	4.471638	0.500000
3.055018	7.465313	4.470476	0.500000
4.798954	6.410815	4.441153	0.500000
5.887980	6.230765	4.493511	0.500000
6.345321	7.221375	4.393295	0.500000
7.456151	7.117912	4.217238	0.500000
8.462109	7.065666	4.447540	0.500000
9.512779	6.984669	4.224675	0.500000
10.054280	7.854328	4.096147	0.500000
0.516100	8.662909	4.412250	0.500000
0.820072	7.692863	4.481045	0.500000
2.631681	8.586403	4.437370	0.500000
4.155614	7.202187	4.413206	0.500000
5.350391	7.244598	4.261253	0.500000
5.955111	8.139943	4.488218	0.500000
7.004783	8.099213	4.443305	0.500000
7.993908	7.970305	4.350604	0.500000
9.089715	7.898810	4.487175	0.500000
0.962176	9.572347	4.286051	0.500000
0.569298	0.354228	4.456738	0.500000
1.546752	8.670534	4.470882	0.500000
3.838774	8.417066	4.452995	0.500000
4.782973	8.080790	4.472659	0.500000
5.375331	9.089786	4.356951	0.500000
6.521319	8.988653	4.161986	0.500000
7.623694	8.947683	4.332079	0.500000
8.661847	8.884288	4.486362	0.500000
9.653613	8.735695	4.374392	0.500000
