100

0.117624	0.123201	0.582994	0.500000
1.167398	0.436565	0.516354	0.500000
2.178618	0.177646	0.589159	0.500000
3.130237	0.489748	0.515172	0.500000
4.096740	0.130710	0.561947	0.500000
5.074305	9.801750	0.572469	0.500000
6.048583	0.164551	0.592123	0.500000
7.085822	9.863502	0.504337	0.500000
8.094241	0.111803	0.552693	0.500000
9.082846	9.826192	0.553194	0.500000
0.379906	1.096615	0.585144	0.500000
1.366272	1.432124	0.562056	0.500000
2.337328	1.169231	0.572760	0.500000
3.325466	1.475727	0.507485	0.500000
4.310094	1.173783	0.591934	0.500000
5.309796	0.857709	0.562034	0.500000
6.323422	1.170688	0.549561	0.500000
7.374160	0.864692	0.579054	0.500000
8.380153	1.089514	0.561150	0.500000
9.381552	0.830768	0.507371	0.500000
0.072487	2.090522	0.514850	0.500000
1.063260	2.431156	0.510921	0.500000
2.102473	2.182794	0.528500	0.500000
3.101694	2.466424	0.510609	0.500000
4.069622	2.144757	0.544575	0.500000
5.115685	1.839539	0.585904	0.500000
6.161629	2.161698	0.541698	0.500000
7.144970	1.838709	0.595412	0.500000
8.121172	2.065590	0.572554	0.500000
9.092664	1.826203	0.516187	0.500000
0.329231	3.141919	0.574714	0.500000
1.354936	3.457445	0.583087	0.500000
2.379282	3.164589	0.577406	0.500000
3.403856	3.422859	0.533803	0.500000
4.368708	3.121113	0.552201	0.500000
5.411428	2.865832	0.554828	0.500000
6.377968	3.178702	0.561646	0.500000
7.355847	2.817094	0.553447	0.500000
8.339109	3.064715	0.506011	0.500000
9.360646	2.802512	0.531798	0.500000
0.071253	4.126764	0.500810	0.500000
1.030272	4.412377	0.542041	0.500000
2.059349	4.209769	0.505129	0.500000
3.117916	4.475295	0.522964	0.500000
4.117594	4.125193	0.527392	0.500000
5.085297	3.862277	0.550665	0.500000
6.107669	4.149332	0.582851	0.500000
7.108523	3.862311	0.573606	0.500000
8.105220	4.120541	0.556835	0.500000
9.091260	3.843588	0.508793	0.500000
9.873256	5.131174	0.507564	0.500000
0.889041	5.421020	0.542491	0.500000
1.941185	5.203307	0.523323	0.500000
2.910682	5.456767	0.539380	0.500000
3.875676	5.159236	0.554579	0.500000
4.932061	4.861675	0.592453	0.500000
5.915667	5.176828	0.599172	0.500000
6.898919	4.859701	0.530255	0.500000
7.934686	5.125739	0.543543	0.500000
8.902440	4.829024	0.594810	0.500000
0.210194	6.194445	0.591592	0.500000
1.180717	6.432104	0.539761	0.500000
2.204189	6.212434	0.516185	0.500000
3.190929	6.429973	0.578287	0.500000
4.163285	6.186070	0.518091	0.500000
5.169757	5.889862	0.573577	0.500000
6.155890	6.156903	0.539260	0.500000
7.135326	5.832680	0.563402	0.500000
8.164195	6.125374	0.537693	0.500000
9.138166	5.822613	0.550233	0.500000
9.835472	7.128993	0.548741	0.500000
0.805229	7.419211	0.575063	0.500000
1.858817	7.167735	0.590384	0.500000
2.863776	7.428782	0.517184	0.500000
3.903393	7.177298	0.565405	0.500000
4.909957	6.858009	0.581734	0.500000
5.913988	7.200854	0.573215	0.500000
6.867359	6.861017	0.568166	0.500000
7.864471	7.086413	0.521060	0.500000
8.876341	6.836054	0.557470	0.500000
0.103961	8.142732	0.575155	0.500000
1.103865	8.460654	0.509341	0.500000
2.100701	8.190994	0.504773	0.500000
3.163078	8.417178	0.519657	0.500000
4.165215	8.143204	0.577100	0.500000
5.138691	7.844048	0.553994	0.500000
6.138612	8.174149	0.503405	0.500000
7.088798	7.844094	0.514399	0.500000
8.110546	8.089284	0.573920	0.500000
9.119727	7.837283	0.586059	0.500000
0.282523	9.127061	0.552567	0.500000
1.347652	9.441729	0.577988	0.500000
2.379519	9.162053	0.544420	0.500000
3.332859	9.480156	0.505956	0.500000
4.302175	9.139862	0.550116	0.500000
5.365465	8.823210	0.562700	0.500000
6.376230	9.162472	0.593099	0.500000
7.328476	8.847611	0.551563	0.500000
8.315727	9.080076	0.537508	0.500000
9.318905	8.835904	0.513245	0.500000
