200

11.052559	0.064211	0.617641	0.500000
5.123948	10.361745	0.535890	0.500000
0.666090	9.647240	0.622310	0.500000
4.698913	1.414647	0.519923	0.500000
6.763218	1.858509	0.690150	0.500000
7.535091	9.633298	0.530911	0.500000
7.434204	1.025782	0.567077	0.500000
5.845746	1.328201	1.414020	0.500000
7.636381	3.491688	0.565524	0.500000
8.635500	3.661626	0.564603	0.500000
2.821344	3.177271	0.512547	0.500000
0.893458	1.498727	0.523895	0.500000
1.968776	3.884874	0.585025	0.500000
4.465856	2.407179	0.530551	0.500000
1.786337	0.797366	0.702673	0.500000
9.647483	1.803151	1.534718	0.500000
4.828008	9.649459	1.293989	0.500000
6.842549	1.179801	1.429115	0.500000
9.390501	6.093395	0.544793	0.500000
3.625825	1.285986	0.616242	0.500000
10.324731	0.581855	1.432016	0.500000
3.243511	10.849969	1.304710	0.500000
4.985610	6.339103	0.570849	0.500000
1.934985	6.237680	0.527986	0.500000
7.351436	2.439366	1.551724	0.500000
4.018236	1.843841	1.390920	0.500000
6.099353	4.131099	0.542330	0.500000
4.963634	0.794026	1.409750	0.500000
8.394002	10.944999	1.564782	0.500000
10.755660	1.480858	1.630154	0.500000
11.292624	3.753044	1.654065	0.500000
11.304316	2.298585	0.592785	0.500000
0.763804	6.142106	0.648555	0.500000
2.766225	6.913629	0.514540	0.500000
5.616620	5.183469	0.604888	0.500000
6.046997	2.319576	1.374888	0.500000
7.382416	7.055709	1.366335	0.500000
7.911945	1.597828	1.481038	0.500000
9.707747	5.360498	1.531073	0.500000
8.799080	11.150274	0.628652	0.500000
6.701281	3.022839	0.938313	0.500000
1.836578	5.103051	0.525396	0.500000
5.925134	3.453815	1.484470	0.500000
4.064535	3.420304	0.575296	0.500000
6.598627	4.299297	1.444642	0.500000
6.149728	10.789882	0.591786	0.500000
3.949606	6.853527	0.511663	0.500000
10.450407	2.513501	1.567524	0.500000
6.393221	6.353669	0.503471	0.500000
10.207051	5.488667	0.613935	0.500000
9.336661	2.593463	0.535175	0.500000
3.506584	3.733678	1.367544	0.500000
11.399558	8.088111	1.448691	0.500000
4.422169	6.463454	1.417208	0.500000
4.718820	5.190873	1.370603	0.500000
5.922852	7.630985	0.510700	0.500000
6.912644	7.445878	0.527046	0.500000
11.086814	6.509659	0.536000	0.500000
10.174659	0.984905	0.527561	0.500000
11.196982	8.888133	0.576376	0.500000
11.419779	4.773451	1.430400	0.500000
9.239360	4.798742	0.705145	0.500000
1.364643	7.292299	0.571876	0.500000
1.700970	8.574137	0.613843	0.500000
7.232366	8.311627	1.441457	0.500000
6.462246	7.610870	1.444093	0.500000
7.622461	3.999941	1.471676	0.500000
7.963740	7.766878	0.611148	0.500000
7.977894	6.128931	1.485055	0.500000
7.863463	4.615077	0.602418	0.500000
8.352858	8.193014	1.516638	0.500000
10.722179	7.649167	0.580719	0.500000
1.647808	10.152342	0.615488	0.500000
2.694457	7.952040	0.544117	0.500000
3.632395	4.966601	1.353237	0.500000
4.005091	5.604406	0.575071	0.500000
3.471013	5.954118	1.407663	0.500000
9.482446	8.780773	1.513361	0.500000
11.391682	10.159846	1.679772	0.500000
8.340873	5.746058	0.540488	0.500000
9.025908	10.032709	1.598063	0.500000
3.323171	0.220166	0.529346	0.500000
0.713710	8.394902	0.666512	0.500000
5.115612	8.690687	0.512247	0.500000
7.381264	4.987327	1.500998	0.500000
5.527828	4.531061	1.449223	0.500000
7.714947	10.708591	0.642258	0.500000
8.268416	1.634372	0.539552	0.500000
10.038052	10.279472	1.579710	0.500000
10.231462	2.111076	0.649640	0.500000
0.363477	10.914328	1.084487	0.500000
11.437254	2.214961	1.628000	0.500000
10.449121	8.528574	1.579658	0.500000
3.377237	7.328990	1.409519	0.500000
2.956946	9.236975	0.615025	0.500000
5.998846	9.059115	1.470945	0.500000
9.632237	10.231140	0.521637	0.500000
0.361630	7.239044	0.878370	0.500000
5.480732	8.104187	1.464343	0.500000
9.509472	11.214596	1.577404	0.500000
11.327118	0.599321	1.693333	0.500000
1.144114	0.000000	1.500000	0.500000
2.288228	0.000000	1.500000	0.500000
3.647225	9.891831	1.339371	0.500000
4.607237	10.852892	1.382372	0.500000
3.895242	0.186027	1.375707	0.500000
10.288779	4.539414	1.578555	0.500000
9.315733	1.530339	0.521391	0.500000
9.351272	0.817137	1.300354	0.500000
9.917620	11.378778	0.546163	0.500000
8.480445	5.136495	1.468839	0.500000
1.144114	1.144114	1.500000	0.500000
2.288228	1.144114	1.500000	0.500000
11.180372	1.192489	0.546983	0.500000
4.005170	10.654532	0.605997	0.500000
5.218495	11.367100	0.654066	0.500000
10.096048	8.567156	0.613105	0.500000
7.568621	0.210277	1.502408	0.500000
8.391124	0.717602	1.012148	0.500000
10.440247	9.499174	0.963809	0.500000
6.784008	8.742858	0.606541	0.500000
1.144114	2.288228	1.500000	0.500000
2.288228	2.288228	1.500000	0.500000
2.546511	1.602817	0.570834	0.500000
4.303241	7.909984	1.446432	0.500000
4.442296	3.004326	1.414991	0.500000
5.888803	0.750625	0.564336	0.500000
7.524608	2.491295	0.548736	0.500000
9.141173	7.841071	0.569399	0.500000
9.964096	3.532690	0.628484	0.500000
1.800917	2.291676	0.529510	0.500000
1.144114	3.432342	1.500000	0.500000
2.288228	3.432342	1.500000	0.500000
3.289796	2.611215	1.406811	0.500000
6.840634	0.114672	0.512489	0.500000
10.737828	5.538536	1.540124	0.500000
9.290791	2.741800	1.612984	0.500000
4.487151	4.037350	1.409699	0.500000
0.917214	3.019550	0.534085	0.500000
0.830453	5.023517	0.622342	0.500000
10.646092	4.452666	0.533570	0.500000
1.144114	4.576456	1.500000	0.500000
2.288228	4.576456	1.500000	0.500000
2.946466	4.195015	0.627848	0.500000
5.022015	2.155327	1.456221	0.500000
6.461987	6.342932	1.524404	0.500000
9.160269	9.086348	0.602163	0.500000
6.979832	5.391775	0.520222	0.500000
9.065414	4.318735	1.581228	0.500000
10.228421	6.479761	1.609949	0.500000
0.357305	3.977518	0.751557	0.500000
1.144114	5.720570	1.500000	0.500000
2.288228	5.720570	1.500000	0.500000
5.030983	3.816850	0.513657	0.500000
6.265112	5.373000	1.361889	0.500000
8.601100	10.154853	0.700688	0.500000
4.322498	0.453789	0.504526	0.500000
6.143908	9.779822	0.526712	0.500000
11.202973	5.359026	0.644767	0.500000
1.226896	11.156932	0.532449	0.500000
2.843347	5.277116	0.608323	0.500000
1.144114	6.864684	1.500000	0.500000
2.288228	6.864684	1.500000	0.500000
3.188382	8.501381	1.359249	0.500000
4.400431	4.684528	0.523951	0.500000
8.409964	7.155125	1.503894	0.500000
5.766903	1.868479	0.502069	0.500000
9.218261	6.247301	1.559396	0.500000
9.985131	6.936931	0.706560	0.500000
10.598492	7.485891	1.576044	0.500000
11.303640	9.107627	1.655081	0.500000
1.144114	8.008798	1.500000	0.500000
2.288228	8.008798	1.500000	0.500000
3.693475	7.983540	0.645171	0.500000
5.734245	10.351545	1.416109	0.500000
9.401016	7.323903	1.592595	0.500000
5.564396	7.049381	1.324951	0.500000
10.133874	3.471433	1.625960	0.500000
5.468109	6.033530	1.456304	0.500000
11.355584	6.365493	1.603314	0.500000
7.440560	6.507717	0.525603	0.500000
1.144114	9.152912	1.500000	0.500000
2.288228	9.152912	1.500000	0.500000
2.750988	10.383094	0.564996	0.500000
4.162508	9.032350	0.741062	0.500000
5.539316	2.875633	0.580853	0.500000
8.222275	8.737080	0.661187	0.500000
10.832222	11.106409	1.619069	0.500000
8.373136	2.701180	1.111625	0.500000
11.071643	10.323078	0.527379	0.500000
6.978388	10.843883	1.424661	0.500000
1.144114	10.297026	1.500000	0.500000
2.288228	10.297026	1.500000	0.500000
2.234142	11.262095	0.513732	0.500000
4.743442	7.500870	0.545172	0.500000
0.681204	0.547436	0.773968	0.500000
6.168061	0.358971	1.510398	0.500000
8.029924	9.449902	1.537475	0.500000
6.743402	9.742146	1.517816	0.500000
10.932243	3.228192	0.617655	0.500000
