100

9.666659	9.339577	0.635564	0.500000
0.536034	9.887091	0.667368	0.500000
1.567833	9.510142	0.631326	0.500000
2.444757	0.118149	0.574099	0.500000
3.382110	9.744874	0.655701	0.500000
4.228424	0.561754	0.561309	0.500000
5.159428	0.158633	0.630661	0.500000
6.422838	0.678148	0.604656	0.500000
7.274004	0.050773	0.522977	0.500000
9.488648	0.325186	0.675633	0.500000
0.261102	0.968232	0.530766	0.500000
1.105729	1.510008	0.658517	0.500000
1.351141	0.494281	0.511631	0.500000
2.244717	1.127083	0.652934	0.500000
3.357350	1.124608	0.540786	0.500000
4.511828	1.625432	0.616666	0.500000
5.401863	1.161024	0.638157	0.500000
7.392485	1.195232	0.676883	0.500000
8.422739	0.719012	0.548612	0.500000
9.302626	1.346114	0.634135	0.500000
0.113259	1.956693	0.645144	0.500000
0.953914	2.528634	0.648196	0.500000
1.925030	2.120769	0.606868	0.500000
2.771282	2.653659	0.524815	0.500000
3.627093	2.120707	0.665251	0.500000
4.555976	2.725517	0.551949	0.500000
6.282986	1.666421	0.524961	0.500000
7.241803	2.221409	0.699676	0.500000
8.250007	1.713874	0.556740	0.500000
9.173595	2.374563	0.556139	0.500000
0.040912	3.021099	0.569936	0.500000
0.861802	3.666700	0.520342	0.500000
1.755264	3.127355	0.697850	0.500000
2.632046	3.639785	0.654395	0.500000
3.602078	3.205754	0.684756	0.500000
4.548869	3.733231	0.604850	0.500000
5.449298	2.213686	0.638064	0.500000
6.342021	2.696156	0.582195	0.500000
8.178000	2.893603	0.553834	0.500000
9.046089	3.427746	0.558387	0.500000
9.895250	4.036757	0.661530	0.500000
0.871237	4.675714	0.502828	0.500000
1.739096	4.190379	0.694251	0.500000
2.721163	4.669007	0.698077	0.500000
3.664111	4.198480	0.501437	0.500000
4.564111	4.758161	0.516497	0.500000
5.451986	3.226028	0.506975	0.500000
6.408871	3.864327	0.523101	0.500000
7.331124	3.412115	0.675818	0.500000
8.172566	3.962332	0.525440	0.500000
9.013390	4.523520	0.679327	0.500000
9.934670	5.120628	0.520397	0.500000
1.710767	5.239262	0.535033	0.500000
2.630964	5.685673	0.523189	0.500000
3.558358	5.210973	0.604239	0.500000
4.407691	5.879854	0.679528	0.500000
5.432615	4.257394	0.660086	0.500000
6.307272	4.891512	0.502792	0.500000
7.265057	4.413347	0.688441	0.500000
8.115592	5.017582	0.693546	0.500000
8.991779	5.526941	0.677512	0.500000
9.792005	6.139012	0.642951	0.500000
0.728235	5.736272	0.622320	0.500000
1.634426	6.228625	0.659273	0.500000
3.459272	6.346033	0.522445	0.500000
4.329881	6.926211	0.518729	0.500000
5.386204	5.358584	0.520470	0.500000
6.169372	5.989814	0.624198	0.500000
7.139747	5.454816	0.512983	0.500000
7.976213	6.015434	0.589844	0.500000
8.842672	6.588391	0.504164	0.500000
9.817896	7.155514	0.560523	0.500000
0.740986	6.757392	0.532257	0.500000
1.620863	7.302238	0.511866	0.500000
2.570331	6.816956	0.598259	0.500000
5.151552	7.541721	0.675507	0.500000
5.302214	6.534018	0.621894	0.500000
6.138684	7.118848	0.576264	0.500000
7.040737	6.482288	0.530963	0.500000
7.941525	7.066811	0.535529	0.500000
8.839602	7.587294	0.590826	0.500000
9.686542	8.208866	0.658665	0.500000
0.669495	7.800628	0.661257	0.500000
2.434825	7.973442	0.590922	0.500000
3.503092	7.505706	0.683497	0.500000
4.592176	8.417285	0.635854	0.500000
6.016588	8.168392	0.583742	0.500000
6.832916	8.754393	0.625440	0.500000
6.996359	7.681529	0.652190	0.500000
7.913328	8.102305	0.530169	0.500000
8.756410	8.710199	0.613917	0.500000
0.595894	8.812505	0.691940	0.500000
1.514712	8.382704	0.527894	0.500000
2.554142	9.062640	0.637476	0.500000
3.578353	8.533670	0.656996	0.500000
4.364547	9.523621	0.594632	0.500000
5.362469	9.143920	0.593990	0.500000
6.233402	9.674656	0.529202	0.500000
7.820107	9.141435	0.553471	0.500000
8.690478	9.722404	0.610014	0.500000
