400

4.131124	0.823108	0.783288	0.500000
4.917929	0.181845	2.696903	0.500000
10.116193	9.011807	3.482011	0.500000
3.406200	2.569178	2.543116	0.500000
4.526334	2.836565	1.368563	0.500000
5.378395	6.211871	0.548508	0.500000
9.406298	1.467802	0.560950	0.500000
4.825663	1.107604	3.480068	0.500000
9.735428	0.357839	1.450422	0.500000
0.531954	0.509845	2.674776	0.500000
5.605610	2.018274	0.500629	0.500000
10.169649	10.423516	0.599386	0.500000
0.865812	2.226472	3.443242	0.500000
4.668123	0.012070	0.508629	0.500000
0.420794	0.060399	0.651612	0.500000
5.347983	9.882086	0.506667	0.500000
5.093662	5.140984	2.252072	0.500000
0.969445	2.345529	0.567429	0.500000
9.242509	0.192625	0.508505	0.500000
7.299809	1.065978	2.531379	0.500000
0.148273	9.208541	1.666028	0.500000
2.860821	3.541921	0.614060	0.500000
2.307716	10.060855	3.449310	0.500000
9.722663	7.344347	2.416621	0.500000
6.670537	0.593855	0.570000	0.500000
4.579743	3.118590	2.753726	0.500000
4.351817	1.975464	0.525635	0.500000
3.687606	8.801572	0.553081	0.500000
1.678842	7.768384	3.357390	0.500000
1.588136	6.561723	1.409149	0.500000
9.663503	2.560955	0.636039	0.500000
0.543607	3.574697	2.504223	0.500000
2.937188	6.430352	2.404136	0.500000
4.313203	2.046888	2.422164	0.500000
3.497413	9.555508	1.383126	0.500000
10.079370	1.882354	2.429088	0.500000
4.421818	9.689602	1.765508	0.500000
3.308965	1.389839	0.508889	0.500000
10.308593	3.760368	0.812671	0.500000
9.297596	6.248135	0.531938	0.500000
3.670892	3.543757	2.439076	0.500000
0.190996	2.188340	1.501750	0.500000
3.697249	6.339658	1.549353	0.500000
5.164610	7.413172	2.451459	0.500000
3.903629	5.605661	2.524600	0.500000
8.846740	3.508677	3.433707	0.500000
6.699415	2.758255	1.051816	0.500000
0.719494	3.763620	0.529504	0.500000
0.016989	2.920694	0.516020	0.500000
2.962415	2.039812	3.475905	0.500000
3.893135	3.026795	0.617529	0.500000
2.038151	0.300511	1.647970	0.500000
7.221678	5.290214	0.531951	0.500000
2.567729	7.349814	0.504635	0.500000
3.204758	7.593386	2.511992	0.500000
7.914645	1.054574	1.734724	0.500000
5.009653	3.992751	0.523591	0.500000
7.077811	3.896324	2.556077	0.500000
7.502173	1.228402	0.593808	0.500000
3.734309	1.699680	1.436186	0.500000
4.728374	0.516146	1.574387	0.500000
7.102218	9.967321	2.833671	0.500000
2.884496	4.604493	0.536576	0.500000
4.227212	6.107801	0.639116	0.500000
10.288925	7.886729	0.580568	0.500000
6.202971	7.036718	0.556759	0.500000
4.317551	7.150731	0.840678	0.500000
6.132467	6.345941	3.398913	0.500000
4.387502	3.831860	1.448689	0.500000
5.589616	9.433537	1.766344	0.500000
3.458300	9.574790	2.450047	0.500000
5.245589	7.555294	0.698880	0.500000
7.020557	1.640832	1.505357	0.500000
5.430890	3.393534	1.527205	0.500000
4.575269	4.120380	2.421878	0.500000
9.215208	4.054751	0.572893	0.500000
9.584193	3.847755	1.565099	0.500000
8.389634	9.067057	2.453386	0.500000
1.169618	4.833166	0.558249	0.500000
1.437059	3.286395	1.418652	0.500000
1.081343	9.286108	2.362246	0.500000
8.391358	6.733210	0.601817	0.500000
2.501526	4.796323	3.389021	0.500000
7.090595	7.585479	0.519584	0.500000
4.818693	8.786552	2.345554	0.500000
0.229590	4.549846	0.947377	0.500000
8.490745	7.472172	3.485395	0.500000
0.256173	6.925654	0.513483	0.500000
7.684936	7.155629	1.225875	0.500000
0.663298	7.219461	1.462982	0.500000
2.674775	5.341095	2.535867	0.500000
9.729672	5.912624	1.433286	0.500000
4.120621	0.346939	3.303980	0.500000
9.719094	1.366180	3.327449	0.500000
2.148708	10.359347	0.523898	0.500000
9.969699	8.866596	1.573296	0.500000
10.668580	7.955017	3.494309	0.500000
1.169051	10.101804	0.534627	0.500000
6.149591	3.518021	0.652436	0.500000
9.105993	7.443838	0.608059	0.500000
10.294699	0.783047	2.339751	0.500000
3.775003	7.782434	1.605036	0.500000
0.730479	5.632072	2.542610	0.500000
4.181182	0.963967	2.469938	0.500000
2.394401	3.572193	1.545886	0.500000
4.584545	5.897821	1.734809	0.500000
7.113744	3.262379	3.492641	0.500000
8.531575	9.117160	0.602996	0.500000
7.945767	8.990812	1.497536	0.500000
7.887220	9.930516	2.159776	0.500000
1.187206	2.311118	1.582573	0.500000
1.232696	1.833692	2.524022	0.500000
5.179940	2.950740	0.611871	0.500000
3.332158	10.768571	0.529500	0.500000
10.100435	1.380838	1.551710	0.500000
5.409658	3.166704	3.491174	0.500000
10.626361	8.074996	1.632908	0.500000
8.317359	7.957806	1.636271	0.500000
7.378826	4.689990	1.490494	0.500000
2.677374	8.448918	0.569259	0.500000
1.640016	5.438941	3.399018	0.500000
6.076718	4.645591	2.373986	0.500000
0.996399	10.545943	1.585478	0.500000
5.012747	5.198880	0.652533	0.500000
9.311957	8.422901	0.530068	0.500000
5.755003	3.665793	2.461216	0.500000
10.605175	1.954775	3.300135	0.500000
7.543386	0.105492	0.532381	0.500000
9.836784	3.923796	3.371423	0.500000
3.253948	1.464467	2.542040	0.500000
0.222452	1.498167	2.239645	0.500000
2.961279	3.108506	3.369628	0.500000
6.974139	5.117789	2.483538	0.500000
8.382666	10.154417	0.513816	0.500000
9.060990	1.967113	1.617870	0.500000
6.639073	10.211596	0.533832	0.500000
1.338812	2.846529	2.416953	0.500000
6.469673	1.735675	2.401002	0.500000
10.461645	1.898257	0.644968	0.500000
1.168218	1.333085	1.304177	0.500000
7.142550	6.197914	2.507926	0.500000
2.736851	4.230233	2.478403	0.500000
1.724125	3.809561	2.307766	0.500000
5.301004	5.779178	3.465966	0.500000
2.165643	1.275276	3.328945	0.500000
7.281265	2.538325	2.023481	0.500000
3.905654	2.545232	3.447951	0.500000
6.564005	1.588387	0.607223	0.500000
5.097288	6.830024	1.633958	0.500000
7.497332	2.292895	0.538277	0.500000
8.367133	0.011109	1.475007	0.500000
2.099215	5.357002	0.688235	0.500000
4.227244	7.336730	3.353629	0.500000
6.145603	4.118990	1.462707	0.500000
6.282712	5.670089	0.558845	0.500000
1.742648	6.128238	2.572327	0.500000
5.366829	2.500426	2.346162	0.500000
5.902245	4.482396	0.533791	0.500000
0.938701	4.233882	1.663391	0.500000
9.824844	5.967815	3.479526	0.500000
3.183238	2.960497	1.417983	0.500000
2.952413	7.736622	3.478235	0.500000
1.974650	8.721703	1.629169	0.500000
7.053286	6.504859	0.707479	0.500000
3.836029	1.484272	3.404512	0.500000
6.189946	5.235170	3.179251	0.500000
0.054204	0.706342	1.336904	0.500000
6.461053	5.165665	1.442058	0.500000
4.119833	4.916003	1.787508	0.500000
8.203669	5.585134	2.602770	0.500000
2.535323	7.737792	1.621692	0.500000
10.675794	8.940620	0.647462	0.500000
2.290775	7.187664	2.812068	0.500000
5.496526	8.879388	0.859918	0.500000
6.059417	10.225535	2.384476	0.500000
0.308886	3.462494	1.449998	0.500000
8.134550	6.470864	2.022837	0.500000
8.931754	3.090699	1.634715	0.500000
1.909892	2.877844	0.518733	0.500000
10.566154	5.331541	1.717047	0.500000
10.371795	5.807044	0.500815	0.500000
0.497654	10.116257	2.446995	0.500000
4.604880	8.398360	0.543951	0.500000
8.702332	3.144515	0.531397	0.500000
5.696542	8.263734	2.523533	0.500000
1.206476	10.534412	3.383491	0.500000
7.142160	6.871270	3.252630	0.500000
5.054732	1.184681	0.585110	0.500000
6.971580	0.631895	1.612386	0.500000
1.662551	8.369319	0.598265	0.500000
3.446806	5.415617	3.472880	0.500000
2.745727	10.377501	2.560621	0.500000
10.382714	9.482346	2.478472	0.500000
7.352834	10.439350	1.428145	0.500000
5.142822	10.349818	1.370273	0.500000
5.187033	6.948503	3.398237	0.500000
8.421914	4.700478	1.643339	0.500000
8.916120	0.915184	1.644388	0.500000
2.449192	9.609881	1.631418	0.500000
2.294436	9.388226	2.684298	0.500000
10.505535	6.770133	1.582539	0.500000
1.402128	7.615540	2.047571	0.500000
1.281782	5.522283	1.413790	0.500000
6.100526	2.396373	3.362755	0.500000
8.182534	3.719177	1.221959	0.500000
1.667720	10.193953	2.239630	0.500000
0.975168	3.300492	3.378878	0.500000
7.928050	3.182815	2.482274	0.500000
8.299034	0.389311	2.483200	0.500000
4.521388	10.218726	3.420758	0.500000
5.642654	0.390168	3.460548	0.500000
3.368943	4.049899	1.353361	0.500000
1.901931	1.242727	2.026184	0.500000
6.098123	1.222889	1.487369	0.500000
4.042812	10.579403	1.340685	0.500000
4.819371	7.903870	1.578336	0.500000
3.453495	6.733764	0.530556	0.500000
4.452363	9.178676	3.445399	0.500000
9.846362	9.949879	1.696870	0.500000
0.104793	10.662066	3.328986	0.500000
1.491697	4.942446	2.409333	0.500000
3.816138	10.624339	2.467361	0.500000
1.458380	9.458534	3.365155	0.500000
8.812177	10.451468	3.476212	0.500000
6.948970	4.570126	3.452075	0.500000
8.094252	1.790176	2.463658	0.500000
7.290815	0.046121	2.361710	0.500000
10.058812	8.257762	2.716925	0.500000
7.376196	8.946218	2.379159	0.500000
1.885562	9.372619	0.526635	0.500000
1.050881	6.294631	3.401136	0.500000
9.262914	6.885990	1.512067	0.500000
4.832854	2.153738	3.335269	0.500000
2.121520	3.707843	3.397298	0.500000
4.104649	9.853474	0.640028	0.500000
8.939031	8.759125	1.621694	0.500000
0.950527	8.580592	1.625547	0.500000
1.353164	9.572985	1.441047	0.500000
10.481245	5.233311	2.746481	0.500000
2.751284	1.493709	1.544818	0.500000
7.546492	9.642245	0.748820	0.500000
9.641058	3.129052	2.502358	0.500000
9.608126	7.861417	1.441971	0.500000
2.585303	0.664711	2.526852	0.500000
7.256451	1.915472	3.248423	0.500000
6.337712	8.374878	3.484588	0.500000
8.979657	4.162243	2.420181	0.500000
5.036381	1.756833	1.670287	0.500000
0.516818	4.645077	2.487151	0.500000
1.906164	3.887126	0.706278	0.500000
1.523407	7.373734	0.806854	0.500000
2.301478	5.913320	1.725873	0.500000
1.725402	8.456701	2.600587	0.500000
0.250578	9.873101	0.898293	0.500000
6.337413	10.676048	1.372780	0.500000
10.533783	3.145214	3.447718	0.500000
7.273861	7.225574	2.193537	0.500000
9.531362	2.508376	3.382125	0.500000
9.660413	9.466994	0.575562	0.500000
1.368283	0.549886	0.554419	0.500000
9.100709	6.672164	3.420337	0.500000
2.170642	2.512866	1.481753	0.500000
6.215288	0.804377	2.664512	0.500000
6.648581	6.555298	1.692196	0.500000
8.057716	9.662394	3.197599	0.500000
8.176517	5.662086	0.560642	0.500000
5.157581	9.734886	2.720154	0.500000
7.233479	8.609264	0.594754	0.500000
7.123290	3.553936	1.487920	0.500000
8.799788	2.581560	2.493750	0.500000
8.873098	0.736751	3.450651	0.500000
10.044851	4.724832	0.766116	0.500000
6.294454	8.622881	1.567252	0.500000
3.379813	10.444608	3.497442	0.500000
1.107727	1.036188	3.432898	0.500000
9.506298	7.697141	3.455418	0.500000
2.542106	0.668846	0.828883	0.500000
2.934698	9.636929	0.504527	0.500000
10.764207	4.351821	3.370982	0.500000
6.978903	4.237849	0.680658	0.500000
7.474051	3.354503	0.544834	0.500000
0.430362	8.414618	2.473363	0.500000
3.459958	7.795219	0.609724	0.500000
6.258520	7.364474	3.488883	0.500000
5.081189	8.023782	3.280685	0.500000
6.722423	7.992978	2.537305	0.500000
6.389610	9.210216	0.549377	0.500000
8.186723	4.601320	0.612253	0.500000
2.117639	6.430463	0.510473	0.500000
3.084262	0.675980	3.490279	0.500000
2.884923	2.324631	0.538114	0.500000
0.516355	1.174661	0.527339	0.500000
8.909599	8.175756	2.689697	0.500000
1.266087	4.415119	3.293326	0.500000
3.063011	9.384034	3.464870	0.500000
3.126322	5.314561	1.599987	0.500000
10.202550	10.457706	2.623740	0.500000
1.573074	0.379140	2.618671	0.500000
5.210074	4.488675	1.429834	0.500000
6.060841	7.491881	1.585441	0.500000
2.993978	5.860211	0.740065	0.500000
8.035425	8.644758	3.392201	0.500000
6.295738	8.198682	0.621660	0.500000
7.955247	3.982095	3.423240	0.500000
5.840048	9.403416	3.481922	0.500000
9.054680	1.444938	2.508464	0.500000
6.816593	0.929542	3.473423	0.500000
8.000090	2.685288	3.346840	0.500000
10.674783	0.895548	3.465583	0.500000
9.679745	9.942426	3.419274	0.500000
3.807274	8.519319	2.415366	0.500000
3.919750	6.768628	2.463758	0.500000
2.225355	2.067334	2.540568	0.500000
5.924088	2.270667	1.502035	0.500000
0.175093	2.633283	2.530664	0.500000
9.222689	6.279013	2.311073	0.500000
7.354942	5.715892	1.450631	0.500000
10.157411	0.749878	0.580828	0.500000
8.436006	0.819472	0.597647	0.500000
9.309594	5.205714	2.597315	0.500000
7.847288	10.777379	3.386647	0.500000
5.906942	1.402297	3.450962	0.500000
2.434050	3.083959	2.509100	0.500000
5.327053	6.353070	2.592810	0.500000
7.052787	5.788934	3.471844	0.500000
0.464060	6.079802	1.574812	0.500000
8.113296	2.529098	1.414713	0.500000
3.405628	0.763625	1.785644	0.500000
0.225255	9.661407	3.309174	0.500000
2.972355	8.683318	1.713054	0.500000
2.598854	6.106726	3.395133	0.500000
3.219091	4.072399	3.486730	0.500000
8.729074	5.687083	1.499545	0.500000
3.963783	4.149011	0.526379	0.500000
9.311258	0.294341	2.500559	0.500000
5.269981	4.542019	3.181239	0.500000
10.033162	2.792272	1.564548	0.500000
7.809224	1.079796	3.435582	0.500000
0.726657	7.354751	3.453176	0.500000
0.897589	9.045594	0.550711	0.500000
2.111816	4.687967	1.562327	0.500000
10.247949	3.940458	2.328054	0.500000
9.024724	8.849573	3.423322	0.500000
6.364584	2.863737	2.477982	0.500000
6.155288	5.772018	2.240503	0.500000
4.403839	4.061250	3.411306	0.500000
7.316321	8.123399	1.643040	0.500000
8.525409	2.100791	0.572125	0.500000
8.633949	7.212308	2.514322	0.500000
6.230834	6.934242	2.553278	0.500000
2.684037	6.747135	1.301713	0.500000
2.151319	0.265722	3.479052	0.500000
6.314113	10.396887	3.345756	0.500000
3.825133	5.201137	0.793933	0.500000
8.081434	6.563651	3.041699	0.500000
0.791774	6.723908	2.332390	0.500000
2.951693	10.677423	1.537662	0.500000
10.267099	6.162943	2.382057	0.500000
2.107397	8.696990	3.498474	0.500000
8.724077	4.621749	3.337340	0.500000
2.909915	8.590633	2.856406	0.500000
0.025473	7.418454	2.499002	0.500000
0.625933	5.234416	3.456158	0.500000
0.868417	8.395549	3.447706	0.500000
4.391105	5.085510	3.417614	0.500000
7.938406	4.512015	2.550614	0.500000
0.033401	6.186740	3.430100	0.500000
7.872845	5.152826	3.464928	0.500000
5.531108	5.651290	1.401673	0.500000
3.673879	4.591424	2.651179	0.500000
9.797895	4.934549	3.485860	0.500000
4.244237	8.749151	1.468624	0.500000
1.840806	2.668002	3.263662	0.500000
4.209611	6.210456	3.438982	0.500000
7.239063	7.914734	3.394470	0.500000
3.682913	8.484854	3.497851	0.500000
8.764701	5.698571	3.455923	0.500000
1.861820	1.753270	0.577577	0.500000
10.020663	6.923974	0.716247	0.500000
10.314935	7.037613	3.283596	0.500000
3.354801	6.781159	3.412250	0.500000
9.858020	0.255702	3.420997	0.500000
5.657768	0.318326	0.573670	0.500000
8.864793	9.791783	1.473816	0.500000
8.919736	10.131615	2.530179	0.500000
5.628870	0.289022	1.986651	0.500000
7.060140	9.140411	3.434446	0.500000
6.578273	9.580569	1.667420	0.500000
9.161374	5.250493	0.653086	0.500000
8.208297	8.122260	0.531184	0.500000
10.689047	10.531539	1.598633	0.500000
0.547074	8.130293	0.758618	0.500000
0.860586	6.119969	0.528001	0.500000
5.253351	1.272755	2.562404	0.500000
6.383957	8.999628	2.628181	0.500000
6.112103	3.933661	3.444908	0.500000
7.847821	7.964111	2.589817	0.500000
9.425439	4.886729	1.574823	0.500000
9.439858	9.079671	2.458496	0.500000
8.628584	1.810071	3.469420	0.500000
