400

2.404481	0.555628	0.543280	0.500000
3.995603	0.417750	1.579372	0.500000
7.277279	10.236144	1.757276	0.500000
1.069546	2.700464	1.747769	0.500000
3.466820	3.150111	0.552315	0.500000
3.991457	7.033194	0.721527	0.500000
9.126634	9.929546	2.400816	0.500000
5.897338	0.814281	1.388228	0.500000
9.483850	1.134939	0.510444	0.500000
0.041434	9.546789	1.339152	0.500000
1.621578	10.062853	0.528095	0.500000
0.635641	1.670436	0.664849	0.500000
2.666530	2.557298	2.423140	0.500000
5.642338	10.496929	0.531797	0.500000
8.905725	10.723216	0.971890	0.500000
5.171398	0.806955	0.508239	0.500000
8.792757	4.157276	0.843197	0.500000
10.093766	0.298782	0.509468	0.500000
8.226533	1.223356	0.517306	0.500000
4.695633	1.846026	0.689576	0.500000
9.788355	9.484937	1.505589	0.500000
10.177109	2.977774	1.488000	0.500000
3.891931	8.486601	2.358551	0.500000
8.518703	9.975549	1.579059	0.500000
5.559009	1.776384	1.450932	0.500000
3.697076	1.899370	0.617040	0.500000
3.834494	2.627054	1.424360	0.500000
0.705629	9.479861	0.556828	0.500000
0.360672	8.114645	1.425044	0.500000
10.636762	8.078277	2.340120	0.500000
1.662249	1.255901	0.610822	0.500000
1.176402	5.091656	2.488053	0.500000
4.455781	5.944431	0.748599	0.500000
3.206892	1.003293	0.949362	0.500000
4.172633	0.924253	0.601302	0.500000
7.002681	1.366425	2.612762	0.500000
2.784429	3.337915	1.531334	0.500000
4.842768	3.667197	1.471079	0.500000
6.924593	2.690824	0.517716	0.500000
9.694723	8.551113	2.396772	0.500000
1.384739	2.548273	0.588792	0.500000
2.276952	3.005336	0.546287	0.500000
3.370590	6.863906	1.521953	0.500000
3.659111	8.142497	0.709742	0.500000
4.301851	4.055019	0.703284	0.500000
6.802473	4.765514	2.473974	0.500000
6.457145	3.634504	0.523910	0.500000
10.744650	3.805399	0.560342	0.500000
0.948476	3.517480	0.573443	0.500000
10.433039	1.396443	0.773085	0.500000
3.031590	3.473700	3.495058	0.500000
2.490174	1.891818	0.713599	0.500000
7.319313	6.488911	0.521383	0.500000
4.018264	6.063843	1.672270	0.500000
5.230709	7.793831	1.458160	0.500000
5.470336	10.085870	2.468681	0.500000
7.250777	4.321892	0.558014	0.500000
7.963877	2.379243	0.583774	0.500000
9.919895	2.560952	0.509810	0.500000
2.343164	1.173362	1.570216	0.500000
4.597630	10.768833	0.675041	0.500000
5.406111	8.851287	0.656421	0.500000
1.311345	5.481853	0.524083	0.500000
2.957604	4.174088	0.578028	0.500000
6.823131	7.450555	0.795811	0.500000
5.101931	6.988122	0.554499	0.500000
6.479899	5.331352	1.621196	0.500000
5.186375	5.371715	3.094023	0.500000
0.311311	5.642842	2.479858	0.500000
2.944585	7.164194	0.517599	0.500000
3.208226	8.364721	1.613577	0.500000
4.121191	7.850902	1.614643	0.500000
5.864052	5.949163	2.333131	0.500000
3.613458	6.604706	2.630346	0.500000
5.332879	3.915781	2.468948	0.500000
8.020519	4.978932	0.511702	0.500000
10.647237	5.378548	0.607830	0.500000
7.841029	9.204621	1.493529	0.500000
0.762232	4.555673	0.509377	0.500000
1.891127	4.195147	0.527889	0.500000
10.088069	10.206932	2.493747	0.500000
6.187858	6.722055	0.515490	0.500000
0.584364	6.200867	0.508195	0.500000
4.756619	7.990848	0.516553	0.500000
5.186346	8.414001	2.484752	0.500000
9.065528	5.075993	0.526492	0.500000
8.818460	9.025212	1.742816	0.500000
8.517132	6.214373	0.545141	0.500000
8.567584	8.378446	2.549941	0.500000
10.242713	7.373849	1.510460	0.500000
2.530696	6.064897	1.607428	0.500000
0.166464	6.510788	1.427034	0.500000
2.831049	0.742894	3.480004	0.500000
5.689860	2.885458	2.690790	0.500000
3.017565	9.004553	0.807822	0.500000
10.122117	7.874984	0.534690	0.500000
8.962807	0.235277	2.603132	0.500000
0.164793	10.431596	0.522163	0.500000
2.534119	8.169088	0.509606	0.500000
0.661255	7.494798	0.587814	0.500000
1.064704	1.663402	3.336687	0.500000
1.338677	8.136837	1.911089	0.500000
0.336237	3.411932	1.655127	0.500000
1.911515	10.717078	1.348549	0.500000
5.398081	3.907740	0.660481	0.500000
4.677471	9.883989	1.580520	0.500000
4.517775	6.384639	3.488250	0.500000
8.931569	8.019738	0.714584	0.500000
8.052106	10.244169	0.534344	0.500000
6.289640	10.307360	1.282014	0.500000
2.164862	2.504000	1.507626	0.500000
1.150174	3.836874	2.330756	0.500000
2.423893	5.267953	0.689559	0.500000
4.312489	8.928727	0.558135	0.500000
6.881987	4.695266	3.480977	0.500000
6.009827	1.149523	2.335677	0.500000
9.872178	9.903094	0.577058	0.500000
8.645731	9.288546	0.791386	0.500000
9.634671	3.667808	0.507270	0.500000
1.797755	9.669537	1.579291	0.500000
2.443361	4.393238	3.466604	0.500000
2.837052	6.536996	3.402907	0.500000
1.308693	1.750738	1.414865	0.500000
6.317909	3.610591	2.350656	0.500000
7.976728	8.425386	0.559231	0.500000
4.131986	0.148467	3.452738	0.500000
9.852101	1.690817	1.537631	0.500000
9.221472	2.506339	1.727132	0.500000
0.177760	2.880965	2.494385	0.500000
1.302806	0.779388	2.265659	0.500000
0.162843	2.748783	0.651006	0.500000
3.792621	5.043470	0.557442	0.500000
6.450377	4.158154	1.461304	0.500000
6.463436	0.458200	0.554435	0.500000
6.966971	2.167750	3.460397	0.500000
7.565667	0.406027	0.513009	0.500000
9.262789	4.706680	3.452959	0.500000
7.768533	2.130290	2.323287	0.500000
7.806225	3.446195	0.754421	0.500000
1.770808	3.444356	1.506611	0.500000
3.521999	4.189650	1.428278	0.500000
2.983141	5.528844	3.467038	0.500000
3.217508	5.327760	1.366656	0.500000
6.672547	7.089044	2.496120	0.500000
4.417588	5.805658	2.568758	0.500000
5.642413	4.905838	2.274602	0.500000
4.708145	3.016980	0.583877	0.500000
7.184849	1.401506	0.568776	0.500000
3.459619	6.046548	0.598003	0.500000
6.899241	5.331803	0.651968	0.500000
7.651578	1.183693	1.566085	0.500000
1.709721	7.393743	0.547423	0.500000
2.354390	7.654391	1.363997	0.500000
5.068493	6.615194	2.519773	0.500000
5.092294	5.834204	1.701051	0.500000
2.594993	3.736768	2.530234	0.500000
4.266700	3.835837	2.281918	0.500000
4.980924	4.832253	0.614242	0.500000
0.730960	5.410777	1.421145	0.500000
9.634416	8.212335	3.439947	0.500000
9.823959	6.047369	0.631123	0.500000
2.426830	7.480477	3.445559	0.500000
0.507252	7.347367	2.061221	0.500000
5.844782	7.747548	0.540435	0.500000
2.342453	0.446595	2.551729	0.500000
7.310489	7.371137	3.455873	0.500000
10.141891	4.122561	1.680112	0.500000
7.658222	6.991725	1.512966	0.500000
4.559905	6.906453	1.705130	0.500000
9.931740	4.637143	2.526975	0.500000
10.039278	0.690367	1.504909	0.500000
10.786755	8.673722	0.628375	0.500000
4.297087	4.805356	2.647537	0.500000
5.529133	6.738898	1.476237	0.500000
5.629047	7.458260	2.497008	0.500000
9.235785	5.836925	1.426758	0.500000
6.902433	6.120454	2.373087	0.500000
8.704811	2.505587	3.499059	0.500000
2.269227	6.309019	0.657560	0.500000
0.494926	7.095102	3.195590	0.500000
9.555682	7.071606	0.809913	0.500000
0.446115	10.403503	2.407766	0.500000
2.213325	8.638386	1.539609	0.500000
0.274281	4.443272	1.405249	0.500000
6.090248	8.566166	1.442036	0.500000
2.831235	0.266570	1.647553	0.500000
9.603414	7.433078	2.553327	0.500000
7.041204	10.328627	0.505585	0.500000
5.896017	2.604977	0.555770	0.500000
0.964609	8.963059	1.412686	0.500000
2.456332	6.936401	2.380527	0.500000
1.496126	10.521485	2.460927	0.500000
8.196383	10.328284	2.499621	0.500000
6.655762	1.481614	1.421678	0.500000
4.567509	10.518755	2.377671	0.500000
4.912129	8.770474	1.538159	0.500000
6.551295	8.458394	0.535795	0.500000
8.655450	1.683440	1.437565	0.500000
0.301408	0.653835	0.520421	0.500000
1.064254	9.604079	2.524306	0.500000
9.988948	4.655478	0.838666	0.500000
0.906629	10.212092	1.305141	0.500000
1.436311	7.139501	1.722121	0.500000
5.189493	2.261497	3.341615	0.500000
5.979377	1.406078	0.566974	0.500000
2.552232	9.591133	3.495746	0.500000
1.933341	2.334593	3.402680	0.500000
7.345273	0.901167	3.437330	0.500000
7.314176	0.380968	2.493299	0.500000
1.670489	1.809330	2.396999	0.500000
3.236450	10.420636	3.360956	0.500000
2.628075	1.578462	2.790395	0.500000
10.773624	1.906602	3.391004	0.500000
3.368742	1.090814	2.172603	0.500000
5.020975	1.689056	2.496297	0.500000
2.824495	9.621988	1.664618	0.500000
3.658957	9.751706	0.524451	0.500000
5.300404	10.747108	1.601029	0.500000
8.235880	2.881587	1.547609	0.500000
10.642691	10.665609	1.565601	0.500000
10.374327	3.691519	2.599877	0.500000
2.670549	10.222223	0.585807	0.500000
1.320692	10.060465	3.442030	0.500000
9.999232	2.525055	2.481339	0.500000
5.300717	2.782013	1.718910	0.500000
4.181471	2.485064	3.451902	0.500000
6.358618	0.072994	2.175093	0.500000
7.931760	9.288653	2.527507	0.500000
6.969235	8.877132	2.287511	0.500000
0.087222	1.275972	1.701756	0.500000
1.989082	5.297467	3.473664	0.500000
0.570082	5.096579	3.357737	0.500000
1.882062	1.071898	3.478626	0.500000
6.299201	2.148838	2.182916	0.500000
3.487474	0.134534	0.517864	0.500000
8.439599	0.397716	1.739234	0.500000
8.949984	2.100885	0.530016	0.500000
0.112479	9.821299	3.491324	0.500000
0.765360	3.678058	3.442116	0.500000
3.535980	1.450129	3.198408	0.500000
5.311653	0.430340	2.520061	0.500000
0.341225	4.453775	2.585843	0.500000
10.117086	5.890766	2.509266	0.500000
0.867916	2.684520	3.366989	0.500000
5.140896	3.373160	3.495638	0.500000
6.197380	5.405852	3.174179	0.500000
8.335321	5.136773	1.498157	0.500000
0.975002	0.574372	3.451412	0.500000
9.306874	4.811468	1.672329	0.500000
9.318510	3.525177	1.525535	0.500000
3.108693	5.618664	2.472366	0.500000
10.313558	1.463260	2.592975	0.500000
1.742739	8.730358	2.640183	0.500000
4.601535	2.677812	2.537460	0.500000
3.554438	9.689642	2.405588	0.500000
7.913282	3.324994	2.486659	0.500000
7.670689	6.799157	2.533592	0.500000
10.477023	3.017087	3.380705	0.500000
8.798061	3.118422	0.594393	0.500000
1.653539	2.942387	2.622115	0.500000
10.081095	5.426156	3.476387	0.500000
1.715418	5.378711	1.649747	0.500000
4.604490	9.299194	2.471500	0.500000
4.163879	3.650780	3.292032	0.500000
5.621294	8.263181	3.477896	0.500000
8.390152	6.180394	1.895701	0.500000
6.256763	0.561832	3.428355	0.500000
7.366041	9.347890	0.556834	0.500000
9.392224	3.382176	3.460205	0.500000
7.695778	4.349328	2.661674	0.500000
0.768070	0.407532	1.474564	0.500000
10.224494	5.215085	1.750382	0.500000
3.847176	9.288492	1.419988	0.500000
5.202709	9.246930	3.328079	0.500000
2.461627	8.489763	3.422193	0.500000
7.222688	8.394031	3.315713	0.500000
4.345894	1.733043	1.637703	0.500000
5.064158	10.425642	3.474584	0.500000
7.734423	2.880538	3.421022	0.500000
7.454493	5.867496	1.306700	0.500000
9.491791	6.736372	1.795047	0.500000
9.715898	10.712650	3.326549	0.500000
3.509885	10.331578	1.396538	0.500000
5.026348	7.242531	3.341938	0.500000
6.026682	10.077105	3.452507	0.500000
6.805189	9.368059	1.410859	0.500000
6.209373	9.561419	0.604726	0.500000
5.584134	5.787221	0.522452	0.500000
9.204800	7.997858	1.720040	0.500000
3.423605	10.702683	2.380509	0.500000
1.293803	0.281457	0.525508	0.500000
3.609770	2.140730	2.403345	0.500000
1.521489	8.002678	3.487451	0.500000
2.378937	4.450904	1.473600	0.500000
4.165069	9.790980	3.486096	0.500000
8.192846	7.911572	3.383733	0.500000
9.649785	10.554618	1.650678	0.500000
8.799071	10.018546	3.386460	0.500000
6.704640	6.665969	1.548778	0.500000
8.658615	7.131259	1.377747	0.500000
2.009483	9.056966	0.564873	0.500000
4.357444	7.398177	2.570174	0.500000
7.137404	8.380816	1.376363	0.500000
8.457098	3.767914	3.390905	0.500000
4.552335	1.421310	3.404739	0.500000
6.858113	9.890328	2.660794	0.500000
7.207959	3.744764	3.456229	0.500000
10.336307	4.369185	3.446777	0.500000
8.671910	8.865100	3.449197	0.500000
10.658225	8.845609	3.250807	0.500000
2.233068	10.589035	3.464845	0.500000
3.362842	7.582116	2.242183	0.500000
1.357803	4.441315	1.447475	0.500000
7.355568	3.764356	1.629334	0.500000
6.878161	2.826020	2.650968	0.500000
5.991069	4.151296	3.383269	0.500000
8.401026	4.110111	1.767219	0.500000
8.803710	2.022847	2.612210	0.500000
0.105504	2.282796	1.602382	0.500000
1.392716	6.283137	1.154446	0.500000
10.068477	0.476704	2.490022	0.500000
6.054129	1.557042	3.379540	0.500000
1.387006	4.499321	3.300805	0.500000
6.866939	6.395850	3.385698	0.500000
6.357165	3.218024	3.481018	0.500000
7.627073	5.325372	2.370352	0.500000
6.396847	8.081084	2.694529	0.500000
3.442251	3.193493	2.310026	0.500000
9.672029	2.017306	3.360238	0.500000
1.210791	8.400424	0.561828	0.500000
1.849989	3.490590	3.480859	0.500000
2.240045	4.918575	2.545955	0.500000
7.371764	4.794818	1.533856	0.500000
3.486972	4.384623	3.432831	0.500000
6.386255	9.101402	3.467575	0.500000
4.341453	5.077496	1.425969	0.500000
7.228519	2.379778	1.460629	0.500000
7.943095	1.862900	3.386868	0.500000
8.836020	5.274579	2.436723	0.500000
10.114800	8.462030	1.434768	0.500000
3.270235	4.611523	2.427472	0.500000
9.015992	6.429884	2.674646	0.500000
1.743760	6.716893	3.476382	0.500000
3.087416	1.879881	1.565705	0.500000
3.425265	7.795614	3.424010	0.500000
3.146916	2.365656	3.386314	0.500000
8.151606	8.083342	1.483969	0.500000
8.941428	4.230389	2.604689	0.500000
9.009437	7.156374	3.380879	0.500000
8.564506	7.321793	2.369234	0.500000
4.973969	4.397445	3.328461	0.500000
0.347286	0.894956	2.702931	0.500000
5.253523	0.688257	3.497099	0.500000
2.082094	5.962502	2.529665	0.500000
6.309401	7.307965	3.402407	0.500000
1.168261	5.990492	3.096628	0.500000
0.529656	1.863345	2.418800	0.500000
10.539610	6.842615	0.559012	0.500000
10.486382	6.851616	2.439575	0.500000
9.062706	5.710013	3.453605	0.500000
1.183029	8.948592	3.479739	0.500000
0.509722	8.093874	3.447052	0.500000
1.366965	7.347393	2.718130	0.500000
2.471117	8.011302	2.484197	0.500000
5.835663	6.368472	3.447535	0.500000
4.026533	5.334575	3.471945	0.500000
9.992521	6.488607	3.468534	0.500000
8.170724	4.774291	3.454748	0.500000
6.339349	7.608864	1.702259	0.500000
1.027065	6.254523	2.131086	0.500000
0.191102	6.038141	3.466215	0.500000
2.086608	9.695002	2.551135	0.500000
10.735750	0.243929	3.414514	0.500000
2.818858	8.960549	2.490817	0.500000
7.488381	7.834314	2.202235	0.500000
4.343981	8.249792	3.427710	0.500000
7.474750	5.578009	3.372491	0.500000
9.739791	8.827750	0.508749	0.500000
6.039966	4.702544	0.677509	0.500000
10.374176	7.471000	3.410666	0.500000
3.480104	9.003673	3.294799	0.500000
9.675023	9.368410	3.236241	0.500000
4.885081	9.775031	0.513091	0.500000
6.991015	0.356148	1.439625	0.500000
5.930090	9.081484	2.426284	0.500000
7.136496	10.636576	3.395762	0.500000
8.259247	0.206418	3.461299	0.500000
7.448854	9.451220	3.438794	0.500000
8.070430	7.397194	0.590965	0.500000
0.731313	8.602056	2.602949	0.500000
9.292778	1.179087	2.338588	0.500000
9.849836	1.021792	3.383905	0.500000
10.682168	9.236273	2.318525	0.500000
4.328276	0.896107	2.582080	0.500000
5.716257	9.495145	1.483407	0.500000
6.375995	2.935125	1.496423	0.500000
8.126640	6.412215	3.494454	0.500000
9.029958	3.188599	2.490970	0.500000
8.780174	1.067244	3.406322	0.500000
8.040099	1.144480	2.647689	0.500000
