400

2.260626	10.121867	0.655139	0.500000
4.656263	0.654179	1.624216	0.500000
7.000961	9.717071	1.622476	0.500000
1.596752	2.274246	1.435385	0.500000
3.661496	3.425040	0.511109	0.500000
4.187125	7.069342	0.594485	0.500000
9.565653	9.988271	2.667655	0.500000
5.608920	0.163430	1.497784	0.500000
9.577150	0.936654	0.502479	0.500000
10.486165	9.512977	0.518753	0.500000
1.526336	0.282679	0.565529	0.500000
0.773633	2.295722	0.618650	0.500000
2.027042	3.166877	2.608500	0.500000
6.041721	10.464552	0.632475	0.500000
8.923964	0.184051	0.746629	0.500000
5.560161	0.858303	0.634150	0.500000
8.523751	4.208032	0.614111	0.500000
10.061893	10.783571	0.507329	0.500000
8.554698	1.135669	0.571522	0.500000
4.942154	2.081048	0.501398	0.500000
10.256204	10.126609	1.355827	0.500000
10.219097	3.498218	2.054029	0.500000
3.736276	8.875955	2.045641	0.500000
8.026559	9.653281	1.963678	0.500000
6.316380	2.359477	1.365464	0.500000
3.715915	1.753845	0.600026	0.500000
5.150315	2.566443	1.455421	0.500000
1.241075	9.817578	0.510579	0.500000
0.689268	8.103490	1.434699	0.500000
0.183299	8.677257	2.269164	0.500000
2.062257	1.856360	0.584106	0.500000
1.187635	5.273635	2.558797	0.500000
4.219212	5.977498	0.524991	0.500000
3.543325	0.618501	0.540433	0.500000
4.594910	1.133290	0.650788	0.500000
8.330899	0.553141	2.576769	0.500000
2.936683	1.772786	1.287164	0.500000
3.902529	2.741733	1.385863	0.500000
6.903878	2.425587	0.539889	0.500000
9.983747	8.481084	2.545993	0.500000
2.009615	2.919021	0.522843	0.500000
2.603345	3.754048	0.518747	0.500000
3.225912	7.444772	0.973284	0.500000
3.517226	8.327502	0.537212	0.500000
4.426800	4.247895	0.503197	0.500000
6.817552	5.397464	2.457724	0.500000
6.795823	3.464699	0.523116	0.500000
10.403824	3.820417	1.028771	0.500000
0.879486	3.398691	0.555313	0.500000
10.696951	1.681435	0.510532	0.500000
2.039395	4.308441	3.106691	0.500000
3.004324	2.619468	0.702540	0.500000
7.905072	6.594095	0.530604	0.500000
2.633942	6.730207	1.564986	0.500000
4.545412	6.878126	1.546035	0.500000
6.148005	0.025680	2.383572	0.500000
7.536612	4.415496	0.518817	0.500000
8.184957	2.185198	0.571728	0.500000
9.976911	2.795090	0.522765	0.500000
2.483986	0.769249	0.529087	0.500000
4.907435	0.060261	0.753232	0.500000
5.549991	8.649884	0.524007	0.500000
1.456934	5.062024	0.559056	0.500000
3.664113	5.046413	0.504551	0.500000
6.967845	7.477623	0.533170	0.500000
5.201825	6.745306	0.585334	0.500000
6.572236	5.909011	1.570757	0.500000
5.794491	4.966460	3.015584	0.500000
0.142089	5.431344	2.444955	0.500000
2.421294	6.993744	0.504435	0.500000
2.815724	8.734792	1.568745	0.500000
4.008926	7.996787	1.611405	0.500000
5.602012	5.731506	2.220682	0.500000
4.062648	6.639172	2.557064	0.500000
5.573405	4.186361	2.123704	0.500000
8.089692	5.330161	0.703389	0.500000
0.241769	5.434040	0.507051	0.500000
7.617859	8.897761	1.450556	0.500000
0.438253	4.294021	0.699287	0.500000
1.642128	4.071958	0.531600	0.500000
10.451095	9.508240	2.483192	0.500000
6.547720	6.448763	0.500536	0.500000
1.048847	6.163218	0.592017	0.500000
4.929670	7.814431	0.610224	0.500000
4.646143	9.214702	2.375833	0.500000
9.214237	5.059684	0.503254	0.500000
9.511289	9.171759	1.534966	0.500000
8.824025	6.146805	0.507092	0.500000
9.036208	8.144343	2.581970	0.500000
10.014471	7.067059	1.582810	0.500000
3.980608	5.294600	1.616815	0.500000
10.750230	6.462438	2.067783	0.500000
3.002528	0.353385	3.459307	0.500000
5.491543	2.889605	2.473391	0.500000
2.829596	9.169807	0.602689	0.500000
10.269668	7.772860	0.519001	0.500000
9.833490	10.634186	3.484060	0.500000
0.438310	10.565134	0.515321	0.500000
2.424475	8.064835	0.598081	0.500000
0.457178	7.496023	0.593895	0.500000
1.453649	1.915361	3.335957	0.500000
1.033635	8.182902	2.627177	0.500000
0.454717	3.736445	1.709774	0.500000
1.288903	10.686510	2.498078	0.500000
5.436981	3.957489	0.718848	0.500000
5.257202	9.132637	1.524919	0.500000
4.599191	6.193007	3.413959	0.500000
9.082414	7.955277	0.637066	0.500000
8.435278	10.056787	0.542618	0.500000
5.997841	9.923857	1.606748	0.500000
2.497865	2.719385	1.603400	0.500000
1.095114	2.437409	2.287853	0.500000
2.520328	4.898656	0.541952	0.500000
4.488753	8.765318	0.534573	0.500000
6.685636	3.684390	2.347734	0.500000
6.960324	1.729060	2.472115	0.500000
9.423956	9.887196	0.787305	0.500000
8.512491	9.010673	0.638940	0.500000
9.494796	3.795599	0.551896	0.500000
2.006100	9.422415	1.658230	0.500000
1.859930	5.252596	3.479408	0.500000
3.434057	6.360017	3.398201	0.500000
2.107513	0.843080	1.631573	0.500000
6.688671	4.031078	1.353532	0.500000
7.985570	7.837026	0.669974	0.500000
3.559667	1.287579	3.377649	0.500000
9.344503	1.726403	1.564229	0.500000
9.561407	2.730000	1.540014	0.500000
0.070554	2.749550	2.489563	0.500000
2.195110	0.565334	2.735482	0.500000
0.069190	2.850776	1.135463	0.500000
3.990715	4.266165	1.404859	0.500000
5.965532	4.919592	1.530462	0.500000
6.615461	0.588499	0.520975	0.500000
6.431532	1.780014	3.325836	0.500000
7.875382	0.369582	0.546291	0.500000
8.845392	4.157666	3.480766	0.500000
7.974480	1.498091	2.518424	0.500000
7.811897	3.447940	0.554894	0.500000
1.428232	3.290269	1.496352	0.500000
3.113032	3.497643	1.395115	0.500000
2.377417	6.151139	3.409368	0.500000
3.191151	4.874308	2.404386	0.500000
6.340894	6.629757	2.675983	0.500000
4.495304	5.499835	2.520873	0.500000
4.640312	4.475484	2.400749	0.500000
4.796922	3.140925	0.580665	0.500000
7.396226	1.292630	0.568332	0.500000
3.184353	6.300376	0.571440	0.500000
6.953082	5.530883	0.556673	0.500000
7.769900	0.845346	1.421140	0.500000
1.412337	7.157128	0.503652	0.500000
2.439250	7.711217	1.637636	0.500000
5.332034	6.801902	2.307660	0.500000
5.076012	5.829610	1.353894	0.500000
2.108088	4.110182	1.431469	0.500000
4.724332	3.431092	1.757465	0.500000
4.995073	5.163428	0.514971	0.500000
0.688039	5.530728	1.403322	0.500000
9.270769	8.643656	3.426456	0.500000
10.042845	5.671792	0.526987	0.500000
3.061138	7.295294	3.478958	0.500000
0.640209	6.910355	1.428345	0.500000
5.965449	7.625961	0.611950	0.500000
2.802265	10.302034	2.540352	0.500000
7.713442	7.303050	3.482054	0.500000
9.756107	4.398694	1.600666	0.500000
7.820698	7.253716	1.599162	0.500000
3.696742	6.285206	1.593276	0.500000
10.125110	4.734971	2.490994	0.500000
10.276189	1.100030	1.405093	0.500000
0.601323	8.955917	0.673378	0.500000
2.936580	4.683411	3.474113	0.500000
5.844936	6.616763	1.385428	0.500000
5.594200	8.629411	2.700792	0.500000
9.439422	5.347231	2.030072	0.500000
7.501780	5.376158	3.238005	0.500000
9.353158	1.902011	3.488442	0.500000
2.109829	5.988570	0.565237	0.500000
10.728387	7.694493	2.172694	0.500000
9.667451	6.823830	0.524741	0.500000
0.397107	10.180485	2.591585	0.500000
1.490760	7.419876	1.798492	0.500000
10.772530	4.634834	1.592456	0.500000
6.160821	7.695293	1.602860	0.500000
2.969031	0.334637	1.363955	0.500000
9.890236	7.246611	2.594666	0.500000
7.113692	10.328278	0.695498	0.500000
5.870862	2.997926	0.558843	0.500000
1.651679	8.458470	1.555537	0.500000
3.014054	7.138978	2.411997	0.500000
1.928933	9.721981	2.623716	0.500000
8.964977	10.243290	1.608037	0.500000
6.584250	1.037794	1.655222	0.500000
4.509252	10.780988	2.500211	0.500000
5.043284	8.178927	1.743791	0.500000
6.684454	8.390179	0.829836	0.500000
8.857377	0.849165	1.736956	0.500000
0.133342	0.718072	0.729897	0.500000
1.001184	9.304333	2.010452	0.500000
10.248730	4.680508	0.532610	0.500000
1.118069	10.491244	1.301038	0.500000
1.683313	6.474145	1.345984	0.500000
5.409679	1.980032	3.126124	0.500000
6.142685	1.690487	0.625372	0.500000
2.307534	9.196465	3.422904	0.500000
2.320113	2.563470	3.475347	0.500000
7.423007	1.546239	3.489841	0.500000
7.311699	0.603257	2.381420	0.500000
2.935657	1.171683	2.300332	0.500000
3.135407	10.048755	3.469566	0.500000
3.191661	2.821425	2.650978	0.500000
0.510998	1.259738	3.399032	0.500000
3.691938	2.004008	2.158383	0.500000
4.882189	1.999437	2.270379	0.500000
3.058114	9.965024	1.530920	0.500000
4.347857	10.014634	0.502723	0.500000
4.845761	10.123077	1.442740	0.500000
8.353107	1.667737	1.419958	0.500000
0.200566	0.046567	1.550984	0.500000
0.122115	4.107048	2.602357	0.500000
2.045307	10.620828	1.695779	0.500000
1.263932	9.882738	3.476521	0.500000
9.705991	2.325668	2.444508	0.500000
5.951798	3.346079	1.624780	0.500000
4.388599	2.078599	3.388852	0.500000
7.044077	10.325357	2.512200	0.500000
8.974460	9.200530	2.422470	0.500000
7.264750	9.176892	2.547206	0.500000
1.107042	0.653218	1.620841	0.500000
0.704335	5.491377	3.443789	0.500000
0.023230	4.752864	3.441236	0.500000
3.318216	2.253428	3.493231	0.500000
5.890881	1.967808	2.214744	0.500000
3.271932	10.422040	0.621871	0.500000
8.027615	10.628100	1.580216	0.500000
9.176482	1.928449	0.551519	0.500000
0.812558	0.118564	3.409242	0.500000
0.211444	3.538850	3.458257	0.500000
3.719105	3.462627	3.353821	0.500000
5.439682	1.059774	2.530031	0.500000
1.072333	3.726704	2.573015	0.500000
9.681782	6.176649	2.570785	0.500000
0.260194	2.369825	3.489115	0.500000
4.975793	4.110651	3.419095	0.500000
6.543285	5.631279	3.442685	0.500000
8.643071	4.948247	1.507876	0.500000
2.569063	1.421162	3.341045	0.500000
8.918557	3.789178	1.479343	0.500000
8.147937	3.091863	1.542451	0.500000
2.994211	5.871523	2.285570	0.500000
0.218033	1.646802	2.510959	0.500000
2.011017	8.614243	2.521812	0.500000
4.498893	2.909596	2.642689	0.500000
3.819547	9.943510	2.219080	0.500000
8.734821	2.587958	2.214960	0.500000
7.598903	6.388448	2.373909	0.500000
10.003897	2.735807	3.460019	0.500000
8.884329	3.015888	0.813144	0.500000
2.195504	1.913467	2.478906	0.500000
9.475190	5.259863	3.166691	0.500000
2.882825	5.605575	1.259829	0.500000
5.272490	10.102927	2.455173	0.500000
5.327440	3.154054	3.450650	0.500000
6.263605	8.667546	3.461084	0.500000
8.499761	6.179869	1.652513	0.500000
5.213129	0.155848	3.361926	0.500000
7.311466	9.183435	0.510484	0.500000
9.091928	3.169949	3.391513	0.500000
7.275181	4.502342	2.342902	0.500000
0.420244	0.466299	2.435209	0.500000
10.435552	5.637397	1.505684	0.500000
4.080366	9.385368	1.238262	0.500000
5.147889	9.605510	3.356226	0.500000
2.771411	8.308546	3.476076	0.500000
7.312163	8.481192	3.355352	0.500000
5.406840	1.535078	1.358173	0.500000
4.188117	9.856904	3.171580	0.500000
8.127044	2.323656	3.125156	0.500000
7.557951	5.913129	1.355590	0.500000
9.518906	6.161184	1.426792	0.500000
0.090756	9.808010	3.492762	0.500000
3.910962	10.756133	1.431846	0.500000
5.447535	6.919219	3.424055	0.500000
6.017686	10.131648	3.429852	0.500000
6.302005	8.902747	1.715118	0.500000
6.324348	9.336851	0.738215	0.500000
5.926876	5.521823	0.711916	0.500000
9.801440	8.107186	1.447263	0.500000
3.494262	0.288062	2.330595	0.500000
1.194890	1.339950	0.755747	0.500000
4.377723	1.829400	1.372323	0.500000
0.649088	7.220647	3.448681	0.500000
2.981432	4.607358	1.431038	0.500000
3.499975	9.109456	3.437937	0.500000
8.334944	8.238959	3.389734	0.500000
9.693140	0.279324	1.498793	0.500000
8.795112	0.074068	3.379311	0.500000
6.856484	6.959619	1.613822	0.500000
9.036487	7.074488	2.022325	0.500000
1.809858	8.998174	0.596290	0.500000
4.942947	7.669904	2.838207	0.500000
7.146084	8.051834	1.775618	0.500000
7.920884	3.267846	3.482127	0.500000
4.848083	1.135975	3.396821	0.500000
8.304146	10.290270	2.684084	0.500000
7.147737	2.544442	3.369180	0.500000
10.055375	3.926696	3.461835	0.500000
7.929116	9.348140	3.499844	0.500000
10.257704	8.978457	3.371130	0.500000
2.151690	10.519802	3.486016	0.500000
3.863883	7.678821	2.553737	0.500000
1.006145	4.593678	1.721092	0.500000
7.542074	2.682162	2.397600	0.500000
6.537440	2.700984	2.453483	0.500000
6.625433	4.287729	3.368277	0.500000
7.787691	4.075110	1.452268	0.500000
9.071055	1.352127	2.628847	0.500000
10.467997	2.094353	1.750838	0.500000
1.694544	5.390711	1.493291	0.500000
10.343595	10.704813	2.316243	0.500000
5.871269	0.918440	3.441322	0.500000
0.937513	4.289688	3.440733	0.500000
7.021465	6.525669	3.499019	0.500000
6.336104	3.274405	3.350665	0.500000
7.969470	5.438394	2.326576	0.500000
7.017950	7.367564	2.602404	0.500000
3.708267	3.760734	2.226090	0.500000
10.311459	1.639051	3.322352	0.500000
1.251453	8.159143	0.537036	0.500000
1.167136	3.138420	3.429175	0.500000
2.116508	4.771710	2.189918	0.500000
7.224555	4.942407	1.347589	0.500000
3.905121	5.433262	3.343337	0.500000
6.853910	9.525302	3.486805	0.500000
4.932100	4.614636	1.360045	0.500000
7.375549	1.947299	1.383717	0.500000
8.443178	1.257210	3.424782	0.500000
8.888497	4.588722	2.551990	0.500000
10.583407	8.732401	1.323881	0.500000
2.684952	3.904974	2.229815	0.500000
8.552731	6.440480	2.676109	0.500000
1.866411	7.103269	3.428584	0.500000
3.678887	1.074666	1.498046	0.500000
4.249730	7.200319	3.386673	0.500000
2.719536	3.523606	3.408874	0.500000
8.677865	8.348820	1.494567	0.500000
8.042746	3.780734	2.471388	0.500000
8.795491	7.349892	3.407852	0.500000
8.192178	7.439241	2.560675	0.500000
3.900442	4.433291	3.089184	0.500000
1.218621	1.420901	2.344921	0.500000
3.999742	0.200858	3.418235	0.500000
2.179863	6.446857	2.426868	0.500000
6.433792	7.674055	3.487771	0.500000
1.380831	6.188561	3.179946	0.500000
0.505842	1.471458	1.489851	0.500000
10.651218	6.577967	0.744764	0.500000
0.336130	6.357528	3.003048	0.500000
9.265352	6.196470	3.489268	0.500000
1.738095	8.235923	3.431876	0.500000
0.161307	8.108444	3.286849	0.500000
0.709348	7.096970	2.433735	0.500000
2.141787	7.624244	2.589865	0.500000
5.578930	5.913638	3.418300	0.500000
4.892835	5.161613	3.461180	0.500000
10.291528	6.884972	3.484506	0.500000
8.476517	5.115657	3.306871	0.500000
5.928199	7.554035	2.597086	0.500000
1.091958	6.216468	2.144757	0.500000
10.367634	5.658923	3.485305	0.500000
2.957393	9.291595	2.558800	0.500000
1.536676	0.887646	3.467980	0.500000
3.012927	8.219351	2.458217	0.500000
8.113547	8.495618	2.371009	0.500000
4.737640	8.683989	3.479934	0.500000
7.682308	4.393259	3.456531	0.500000
9.738800	8.753748	0.543045	0.500000
6.454349	4.660329	0.518333	0.500000
9.936329	7.893970	3.430692	0.500000
3.773483	8.142108	3.439752	0.500000
8.908356	9.675601	3.370104	0.500000
5.318281	9.635489	0.522647	0.500000
6.889343	0.044435	1.625474	0.500000
6.572689	8.390531	2.550248	0.500000
6.665669	0.164256	3.325246	0.500000
7.653411	0.575728	3.354229	0.500000
7.567305	10.369619	3.460504	0.500000
8.804846	7.004677	1.041369	0.500000
0.781056	9.021200	3.167443	0.500000
10.119287	0.974422	2.451198	0.500000
10.631974	0.453213	3.383246	0.500000
0.387122	9.727777	1.321782	0.500000
4.294274	1.121694	2.464025	0.500000
6.242856	9.468065	2.589715	0.500000
7.145549	3.009144	1.401345	0.500000
7.984378	6.226043	3.478278	0.500000
9.291706	3.399747	2.422237	0.500000
9.562684	0.898391	3.481604	0.500000
9.313548	0.302302	2.552837	0.500000
