400

2.536829	0.612634	0.538171	0.500000
3.765802	0.153155	1.603871	0.500000
7.587461	9.825341	0.513484	0.500000
0.968429	2.012295	1.622678	0.500000
4.049788	2.532157	0.547998	0.500000
4.419098	7.777690	0.710372	0.500000
8.905137	9.627167	2.320880	0.500000
6.561075	1.183727	2.445335	0.500000
10.253840	0.766813	0.528001	0.500000
10.497791	9.244732	0.564417	0.500000
1.425945	10.226804	0.539184	0.500000
1.409257	1.202570	0.557697	0.500000
3.310695	2.129971	1.416583	0.500000
5.589785	10.280485	0.562344	0.500000
8.382345	0.939747	0.553981	0.500000
4.778396	0.357099	1.556931	0.500000
9.388699	5.454681	0.505694	0.500000
10.187185	10.531674	0.525166	0.500000
9.364673	1.259329	0.518196	0.500000
5.073652	0.535484	0.517405	0.500000
10.002836	10.034495	1.491698	0.500000
1.064656	3.534849	2.454569	0.500000
2.854491	9.339942	2.614197	0.500000
8.303583	9.635229	1.468274	0.500000
5.397692	1.312192	1.853922	0.500000
4.601886	1.653259	0.522518	0.500000
5.087310	3.493711	1.345621	0.500000
0.891820	9.337369	0.536101	0.500000
10.358461	7.918832	1.551096	0.500000
10.656151	8.407115	2.374293	0.500000
2.335582	1.587288	0.671553	0.500000
10.381469	5.654360	2.564350	0.500000
3.055258	5.822379	0.578611	0.500000
3.500186	1.576276	0.580731	0.500000
4.160982	0.805039	0.831006	0.500000
7.874073	1.814594	1.591752	0.500000
3.249813	3.164409	1.456220	0.500000
5.702552	4.536983	1.624075	0.500000
7.681841	3.031302	0.515410	0.500000
8.395869	7.545203	2.597546	0.500000
1.701642	2.362385	0.750581	0.500000
2.233187	3.284197	0.570453	0.500000
3.285261	5.280774	1.590231	0.500000
3.725179	6.796596	0.579620	0.500000
4.381799	3.668886	0.542343	0.500000
4.489271	5.272847	2.168997	0.500000
6.786321	3.677185	0.556678	0.500000
10.566872	2.962029	0.669280	0.500000
0.998712	3.501240	0.598554	0.500000
10.468922	1.942816	0.661464	0.500000
1.526203	4.446931	2.534813	0.500000
3.042302	2.655093	0.538261	0.500000
7.614646	6.207252	0.542808	0.500000
4.249640	5.861194	0.514235	0.500000
4.858442	7.310355	1.592188	0.500000
5.697887	9.927852	2.066073	0.500000
7.821180	4.030810	0.609064	0.500000
7.627551	1.947874	0.539860	0.500000
9.558865	2.644314	0.685299	0.500000
3.213690	1.047325	1.393839	0.500000
4.545680	10.323058	0.610987	0.500000
5.262190	8.357041	0.537463	0.500000
2.831246	4.764366	0.585355	0.500000
3.395960	3.875009	0.647843	0.500000
8.237083	7.104270	0.668341	0.500000
4.030408	8.723433	0.508331	0.500000
6.219060	5.601799	1.501704	0.500000
5.180736	5.263466	3.477312	0.500000
0.016160	6.054111	0.509400	0.500000
1.958429	5.387370	0.628707	0.500000
2.395619	7.915333	2.673108	0.500000
3.777057	7.147664	1.529696	0.500000
4.456002	6.912367	2.499441	0.500000
4.790047	8.008163	2.669220	0.500000
5.428788	4.999194	2.474230	0.500000
7.534108	5.103652	0.536125	0.500000
0.802143	4.851425	0.550566	0.500000
8.887801	7.213376	1.782666	0.500000
0.156922	4.055288	0.591510	0.500000
1.664856	4.266512	0.533357	0.500000
10.153564	10.009261	3.429078	0.500000
6.798043	7.316104	0.650244	0.500000
1.616545	7.002317	0.617541	0.500000
3.351074	7.776603	0.713279	0.500000
5.503144	8.810934	2.311848	0.500000
9.802100	6.517308	0.513187	0.500000
8.143190	8.140049	1.771168	0.500000
8.630280	6.133666	0.522730	0.500000
7.293681	7.513099	2.481902	0.500000
0.091324	6.868325	1.670588	0.500000
2.307859	5.062324	1.592836	0.500000
1.049327	6.036685	0.571195	0.500000
3.083216	0.112597	2.414449	0.500000
5.273811	2.899710	2.487474	0.500000
3.199484	8.882770	1.234284	0.500000
9.745103	8.436500	0.684166	0.500000
8.997185	0.571228	2.570313	0.500000
0.384650	10.206689	0.554411	0.500000
2.374414	8.231105	0.602719	0.500000
0.519785	6.932288	0.585198	0.500000
0.236379	1.083347	2.498179	0.500000
1.680741	8.512058	1.464079	0.500000
0.716448	4.249529	1.649662	0.500000
0.919914	10.500533	1.555100	0.500000
5.727572	3.704842	0.540727	0.500000
6.726860	10.638742	1.597498	0.500000
4.670027	6.209264	3.195105	0.500000
8.334077	9.077263	0.632652	0.500000
7.873131	0.068060	0.585715	0.500000
7.757263	10.490598	1.681045	0.500000
1.852785	1.498769	1.630519	0.500000
3.064267	2.793250	2.443103	0.500000
2.782731	4.179315	1.555328	0.500000
3.358654	9.618493	0.546016	0.500000
7.069363	4.203084	3.355784	0.500000
5.871214	2.086636	2.530501	0.500000
9.144547	0.284317	0.693388	0.500000
8.606322	10.071898	0.523207	0.500000
9.809867	4.294698	0.504186	0.500000
2.613726	8.207760	1.728102	0.500000
2.314771	5.135674	3.446828	0.500000
2.769824	5.789240	2.417453	0.500000
1.734537	0.485981	1.177685	0.500000
6.456339	4.704348	2.438264	0.500000
7.752173	8.037812	0.610776	0.500000
4.335249	10.357137	3.416335	0.500000
10.380930	1.334185	1.517382	0.500000
9.409581	1.920346	1.528971	0.500000
10.296558	3.424628	2.481792	0.500000
10.449336	1.332358	3.454298	0.500000
0.704341	2.424080	0.512064	0.500000
3.814693	4.946264	0.608901	0.500000
6.252912	3.661885	1.517636	0.500000
6.580326	10.741460	0.572512	0.500000
5.977875	2.455187	3.484451	0.500000
7.357746	0.939480	0.543881	0.500000
9.085147	4.548952	3.497288	0.500000
7.087095	2.248609	2.652373	0.500000
8.679433	4.588556	0.570512	0.500000
1.304704	2.985155	1.641009	0.500000
2.376897	2.641050	1.591154	0.500000
2.297203	6.247052	3.372127	0.500000
4.085821	4.072270	1.442042	0.500000
5.234511	5.979785	2.385011	0.500000
4.705572	5.176915	1.192623	0.500000
6.604852	4.766321	1.047266	0.500000
5.024429	2.815737	0.562527	0.500000
6.649674	1.716418	0.505316	0.500000
2.724237	6.929256	0.690529	0.500000
6.688115	5.686406	0.500944	0.500000
8.837143	2.747738	1.536704	0.500000
2.014611	6.205026	1.237935	0.500000
2.977751	6.510341	1.600353	0.500000
3.728350	6.166512	2.486210	0.500000
5.120836	6.188501	1.367339	0.500000
1.781007	2.169497	2.530847	0.500000
4.647032	4.265523	2.397068	0.500000
5.862421	6.260217	0.606724	0.500000
1.279750	5.115085	1.525124	0.500000
10.202536	7.328076	3.429349	0.500000
10.269645	7.399019	0.619080	0.500000
2.871687	6.806693	2.673288	0.500000
0.354950	7.572021	2.661131	0.500000
5.712640	7.392917	0.819371	0.500000
2.382792	0.857379	2.196132	0.500000
6.810800	8.127493	3.412369	0.500000
10.366158	3.770840	1.481078	0.500000
7.957778	6.193022	1.602451	0.500000
4.029271	6.136310	1.488204	0.500000
9.606286	4.667683	1.509585	0.500000
0.287497	0.088548	2.245789	0.500000
0.126738	8.273234	0.726267	0.500000
4.089810	5.374581	3.219709	0.500000
5.938618	6.679029	1.718438	0.500000
5.503752	7.323670	2.477954	0.500000
8.624453	5.372812	1.271515	0.500000
6.263812	5.693883	2.625551	0.500000
8.753437	1.424826	3.320309	0.500000
1.231912	6.741632	1.565731	0.500000
0.387617	6.899852	3.481709	0.500000
8.710059	8.179534	0.901793	0.500000
1.502895	0.275893	2.293609	0.500000
2.170169	7.194772	1.616145	0.500000
10.624246	4.853377	1.676240	0.500000
5.658712	7.930028	1.676728	0.500000
2.774477	0.139451	1.424268	0.500000
9.207562	7.220788	3.332018	0.500000
6.372180	9.572465	0.615792	0.500000
5.600192	1.846201	0.932716	0.500000
0.519149	8.680476	1.621232	0.500000
1.747654	6.676418	2.631572	0.500000
1.404042	9.480722	1.385512	0.500000
7.452369	10.454348	3.463839	0.500000
6.460634	1.924258	1.629253	0.500000
5.029673	10.619736	2.488297	0.500000
4.100358	9.345257	1.530520	0.500000
6.440166	8.526470	0.554715	0.500000
8.896765	1.037512	1.446299	0.500000
0.376935	1.191543	0.660698	0.500000
0.301161	9.763988	2.526548	0.500000
10.509374	5.031174	0.595273	0.500000
10.751412	0.203919	1.226939	0.500000
1.310618	7.588468	2.283348	0.500000
4.994574	3.186136	3.448615	0.500000
6.067320	0.860478	0.509697	0.500000
2.241171	9.491604	3.459532	0.500000
2.453408	3.189795	3.466921	0.500000
6.595350	1.672730	3.373118	0.500000
7.157247	0.668527	3.421597	0.500000
1.227028	1.265893	2.386294	0.500000
3.119443	9.994175	3.456558	0.500000
3.345077	1.148776	2.650663	0.500000
2.088422	1.783873	3.401079	0.500000
4.240084	0.570672	2.398981	0.500000
4.734540	1.592745	2.549363	0.500000
3.183274	10.069476	1.808871	0.500000
4.857991	10.145742	1.546615	0.500000
5.787229	0.169160	1.355769	0.500000
8.326802	3.734523	1.452350	0.500000
9.783332	0.302895	1.525262	0.500000
10.036998	4.592370	2.480180	0.500000
2.445292	10.186295	0.588528	0.500000
1.422447	10.481661	3.217904	0.500000
0.274982	2.931023	1.756392	0.500000
5.780079	2.687265	1.487520	0.500000
4.184431	2.474829	3.493576	0.500000
7.196378	0.320583	2.350140	0.500000
8.316363	10.609808	2.501773	0.500000
7.216276	8.454943	2.081293	0.500000
0.766239	0.849305	1.522880	0.500000
1.206139	5.247831	3.376990	0.500000
0.260960	4.719687	3.469600	0.500000
0.628436	1.702748	3.228432	0.500000
5.667201	3.994402	2.582717	0.500000
3.572230	10.712220	0.574408	0.500000
7.883768	0.812516	1.523170	0.500000
8.737429	2.057540	0.687117	0.500000
10.487562	0.189771	3.387420	0.500000
9.997177	4.002309	3.371559	0.500000
2.703174	0.983858	3.438069	0.500000
6.008208	0.161379	2.504232	0.500000
0.296618	4.174842	2.585683	0.500000
0.507411	5.785231	1.581454	0.500000
1.042948	4.095570	3.379017	0.500000
5.169429	4.259699	3.450746	0.500000
6.703219	6.088886	3.459146	0.500000
9.359183	3.728534	1.254703	0.500000
1.707902	0.699057	3.494796	0.500000
9.334806	3.748969	2.324005	0.500000
10.075725	2.786741	1.540380	0.500000
3.575120	4.812960	2.425640	0.500000
10.657952	2.357136	3.485936	0.500000
1.794869	8.841208	2.460180	0.500000
3.855754	2.177520	2.461196	0.500000
3.823196	9.983043	2.623790	0.500000
7.779305	2.788591	1.812527	0.500000
7.430793	6.245539	2.545561	0.500000
9.800715	3.005355	3.448054	0.500000
8.652847	3.352667	0.582336	0.500000
2.184765	3.570606	2.513934	0.500000
9.989227	5.186847	3.491886	0.500000
1.584385	5.680649	2.399699	0.500000
4.257194	8.901984	2.495612	0.500000
4.120282	3.266065	2.407155	0.500000
4.901732	8.921442	3.469680	0.500000
9.135040	6.255075	1.607243	0.500000
5.715052	1.099247	2.994583	0.500000
7.414680	8.911679	1.042412	0.500000
8.742625	2.490756	3.225847	0.500000
7.326225	3.387254	2.515232	0.500000
1.944300	10.361681	1.554620	0.500000
10.258686	5.950842	1.599296	0.500000
4.085730	8.314360	1.579231	0.500000
5.998327	9.658123	3.411520	0.500000
3.021168	7.578732	3.484058	0.500000
5.786326	8.452776	3.365291	0.500000
4.733302	2.484363	1.606419	0.500000
5.322869	10.619271	3.482170	0.500000
7.882382	2.047132	3.492729	0.500000
7.249254	5.465455	1.895985	0.500000
9.894657	6.933238	1.450663	0.500000
9.180385	10.365863	3.463037	0.500000
2.418785	9.333532	1.668766	0.500000
5.000759	7.224408	3.403487	0.500000
6.764164	10.086962	2.772629	0.500000
6.902744	9.645711	1.574043	0.500000
6.112319	8.936920	1.417811	0.500000
4.831247	6.733321	0.508605	0.500000
9.136207	9.036750	1.434592	0.500000
1.298727	9.787162	2.334871	0.500000
0.881906	0.334190	0.537684	0.500000
3.198531	2.166759	3.433320	0.500000
1.210753	9.446234	3.470925	0.500000
1.821433	3.841920	1.443201	0.500000
4.980040	9.614293	2.713453	0.500000
7.801316	7.783826	3.442529	0.500000
8.963144	10.442550	1.701012	0.500000
8.206027	9.750713	3.313193	0.500000
6.941199	6.464467	1.424676	0.500000
8.871993	8.459166	2.460326	0.500000
2.015950	9.219413	0.627087	0.500000
3.242068	8.425780	2.478094	0.500000
6.665747	7.526234	1.652094	0.500000
7.927716	3.432814	3.467506	0.500000
3.661732	0.346911	3.377001	0.500000
7.667567	9.648712	2.328161	0.500000
6.922635	2.914015	3.486716	0.500000
8.925040	3.519332	3.461568	0.500000
8.840177	8.236606	3.461268	0.500000
9.793311	9.186939	2.601087	0.500000
2.449722	10.756696	3.364302	0.500000
3.628701	7.500490	2.483025	0.500000
0.727974	5.133729	2.429242	0.500000
7.263648	3.861105	1.492964	0.500000
6.339977	3.024279	2.474355	0.500000
6.148760	4.686592	3.426185	0.500000
7.815461	4.748480	1.457778	0.500000
9.533944	1.486932	2.532059	0.500000
10.779326	2.009484	2.204686	0.500000
0.840404	7.644084	1.353759	0.500000
9.678898	10.382013	2.569185	0.500000
5.074895	1.789982	3.496800	0.500000
2.078989	4.159461	3.438428	0.500000
7.043577	7.111881	3.395494	0.500000
6.107103	3.536450	3.487694	0.500000
7.112671	5.242649	3.041434	0.500000
6.301941	7.947441	2.496824	0.500000
2.676936	1.837401	2.204322	0.500000
9.608412	1.934379	3.473949	0.500000
1.322568	8.198513	0.558508	0.500000
1.446839	2.886220	3.318140	0.500000
2.540210	4.650531	2.506392	0.500000
7.524037	4.391648	2.417345	0.500000
3.447678	3.307009	3.483228	0.500000
7.195154	9.409550	3.400100	0.500000
5.042502	4.442509	0.566326	0.500000
6.828516	2.846851	1.291484	0.500000
8.524496	1.929193	2.409171	0.500000
9.039518	4.752798	2.430863	0.500000
10.156384	9.016422	1.647839	0.500000
3.262339	3.867034	2.529211	0.500000
9.358804	5.700155	2.558344	0.500000
2.069777	7.241286	3.443242	0.500000
4.098091	1.459209	1.742838	0.500000
3.731708	6.801888	3.434746	0.500000
4.181836	4.009876	3.280617	0.500000
8.466770	6.330401	2.636677	0.500000
8.349498	3.841344	2.572109	0.500000
9.541454	6.736525	2.431431	0.500000
8.058945	5.257314	2.616558	0.500000
3.162011	4.538027	3.297670	0.500000
0.185781	3.457806	3.387570	0.500000
4.027511	1.425431	3.486492	0.500000
1.232669	6.253125	3.477005	0.500000
5.992694	7.458454	3.360813	0.500000
0.267419	5.858745	3.305283	0.500000
0.755354	2.556080	2.591474	0.500000
9.380104	8.091218	1.670601	0.500000
9.697070	7.859793	2.680811	0.500000
8.807496	5.514853	3.388892	0.500000
10.690324	9.181266	3.254392	0.500000
9.827300	8.535668	3.478317	0.500000
1.099838	7.702537	3.461335	0.500000
1.797918	8.420280	3.480893	0.500000
5.621992	6.337372	3.495572	0.500000
3.176770	5.750183	3.410445	0.500000
9.702303	6.184469	3.440040	0.500000
8.047593	4.722064	3.492074	0.500000
7.628465	7.278559	1.523201	0.500000
0.720264	6.445320	2.550407	0.500000
10.522282	6.706663	2.705406	0.500000
2.292712	10.184851	2.502925	0.500000
0.353074	10.197055	3.480516	0.500000
2.802032	8.559534	3.472710	0.500000
6.371376	6.772351	2.717086	0.500000
3.982455	8.101520	3.323332	0.500000
7.851628	5.807537	3.452312	0.500000
9.493135	9.638193	0.694233	0.500000
5.783395	5.204921	0.655351	0.500000
0.028794	8.118346	3.433534	0.500000
3.825086	9.143618	3.492604	0.500000
9.174466	9.337653	3.439982	0.500000
5.096642	9.410879	0.685405	0.500000
6.532394	0.880875	1.449103	0.500000
6.533060	8.930417	2.807252	0.500000
6.323698	10.739965	3.487418	0.500000
8.377316	0.479730	3.497033	0.500000
7.993912	8.760152	2.994539	0.500000
9.213189	7.330244	0.527626	0.500000
0.847795	8.546452	2.706276	0.500000
10.063325	0.555489	2.510947	0.500000
0.717117	0.520148	3.355415	0.500000
0.226508	9.754820	1.433861	0.500000
4.805029	0.765511	3.477713	0.500000
4.995954	8.739519	1.431201	0.500000
6.082462	2.647582	0.512341	0.500000
8.082917	6.792990	3.476011	0.500000
9.477519	2.715116	2.348865	0.500000
9.494399	0.645432	3.448577	0.500000
7.669325	1.386673	2.588623	0.500000
