400

2.549552	0.106203	0.538503	0.500000
4.618178	0.888742	1.502832	0.500000
7.423521	9.903063	1.456642	0.500000
0.724946	2.406206	1.529969	0.500000
3.565359	2.950210	0.543411	0.500000
4.067483	6.888920	0.732154	0.500000
9.314025	9.555702	2.324395	0.500000
6.130493	0.214164	2.420016	0.500000
9.673009	0.667935	0.634580	0.500000
10.331485	9.355397	0.541369	0.500000
1.773110	10.181628	0.505491	0.500000
0.606865	1.316638	0.615707	0.500000
3.076305	2.263452	1.387187	0.500000
5.998830	10.407402	0.584271	0.500000
8.918783	10.750372	0.563340	0.500000
5.431518	1.169631	0.559765	0.500000
8.276896	4.006350	0.626824	0.500000
10.032616	10.433719	0.608620	0.500000
8.205205	1.025931	0.592057	0.500000
4.887363	2.009123	0.542905	0.500000
9.711979	10.089664	1.492431	0.500000
10.329381	3.150889	1.645825	0.500000
3.984416	9.480582	2.491901	0.500000
8.399388	10.117052	1.657720	0.500000
5.630930	1.784817	1.354528	0.500000
3.855411	1.995606	0.645611	0.500000
3.899448	3.026667	1.616355	0.500000
0.843786	9.313770	0.587906	0.500000
0.638612	8.108324	1.416675	0.500000
10.404411	7.922724	2.478657	0.500000
1.934723	1.017426	0.687205	0.500000
1.262325	5.034681	2.445872	0.500000
4.288234	5.923112	0.553389	0.500000
3.104244	1.149912	0.529543	0.500000
4.220026	1.000106	0.565643	0.500000
6.505356	1.168449	2.556388	0.500000
2.866374	3.305422	1.548020	0.500000
4.983025	3.979250	1.718260	0.500000
7.232279	2.222876	0.590584	0.500000
9.689037	8.651724	2.599677	0.500000
1.410893	1.921881	0.516477	0.500000
2.419036	2.938135	0.703578	0.500000
3.485282	6.589551	1.533304	0.500000
3.076280	7.598414	1.585163	0.500000
4.200608	3.908934	0.540090	0.500000
6.157774	5.168177	2.512272	0.500000
6.674248	3.512174	0.583849	0.500000
10.646381	3.378113	0.661460	0.500000
1.290940	2.955400	0.654171	0.500000
10.353734	1.404362	0.650877	0.500000
2.755660	3.347851	3.477983	0.500000
2.476710	1.941598	0.524847	0.500000
7.625784	6.082464	0.578290	0.500000
3.989056	5.674312	1.616135	0.500000
5.106087	7.633008	1.556735	0.500000
5.610586	10.052334	2.328399	0.500000
7.186584	4.340638	0.877360	0.500000
8.209238	2.121389	0.820972	0.500000
9.940639	2.641129	0.637361	0.500000
2.434294	1.297659	1.527814	0.500000
4.948680	10.634857	0.523235	0.500000
5.279884	8.478620	0.590043	0.500000
1.432923	5.193931	0.533508	0.500000
2.868958	3.949976	0.665358	0.500000
6.940423	7.357647	0.541364	0.500000
4.793325	7.562842	0.528417	0.500000
6.145674	5.583320	1.276804	0.500000
5.361682	5.365983	3.484585	0.500000
10.678082	5.493532	2.453753	0.500000
2.734777	6.967962	0.865221	0.500000
2.467433	7.848487	2.340263	0.500000
4.154869	7.843349	1.323959	0.500000
5.652176	6.056812	2.470022	0.500000
4.018116	7.056140	2.250726	0.500000
5.631596	4.142870	2.490234	0.500000
8.240048	5.094386	0.637168	0.500000
0.232273	5.509851	0.619469	0.500000
7.851704	8.896437	1.534269	0.500000
0.712899	3.942895	0.544431	0.500000
1.832055	3.828711	0.716802	0.500000
10.620759	9.650593	2.570254	0.500000
6.366990	6.327379	0.551829	0.500000
1.127177	6.212956	0.501582	0.500000
3.487523	7.739709	0.515005	0.500000
5.578948	8.065003	2.479202	0.500000
9.321471	4.819417	0.585107	0.500000
8.863408	9.038149	1.498810	0.500000
8.726806	6.014467	0.705515	0.500000
8.696295	8.471735	2.469772	0.500000
0.079878	6.995272	1.903314	0.500000
2.707505	5.864815	1.458550	0.500000
0.004350	6.132406	1.386118	0.500000
3.349683	0.224505	3.210967	0.500000
5.692555	3.069623	2.401537	0.500000
3.275193	8.767272	0.829653	0.500000
10.264219	7.721622	0.614492	0.500000
8.917378	10.593024	2.626493	0.500000
0.332054	10.205778	0.517496	0.500000
2.500540	8.106407	0.677731	0.500000
0.474397	7.564229	0.502300	0.500000
1.028458	1.740465	2.550123	0.500000
1.916986	7.726170	1.405382	0.500000
0.565228	3.514225	1.554574	0.500000
1.738621	0.191975	1.582375	0.500000
5.393693	3.754563	0.666492	0.500000
4.758832	9.819527	1.854610	0.500000
4.527326	6.639708	3.439825	0.500000
8.841101	7.813576	0.592569	0.500000
8.092041	9.860964	0.515094	0.500000
6.328362	10.148542	1.514940	0.500000
1.801776	2.375511	1.328430	0.500000
1.545254	4.017101	2.440007	0.500000
2.475973	5.010262	0.516552	0.500000
4.306854	8.736000	0.528896	0.500000
7.262739	4.619861	3.495841	0.500000
5.546114	1.149373	2.215943	0.500000
9.238858	9.794512	0.633194	0.500000
8.571320	8.921292	0.505725	0.500000
9.588112	3.749269	0.585518	0.500000
2.138164	9.892089	1.438863	0.500000
3.072568	4.315774	3.442859	0.500000
3.512785	6.719781	3.207410	0.500000
1.249112	1.547317	1.511642	0.500000
6.697750	4.279324	2.563780	0.500000
7.827144	7.891614	0.671494	0.500000
4.416931	0.588328	3.476285	0.500000
9.742322	1.103819	1.602749	0.500000
9.096067	2.147811	1.482444	0.500000
0.009131	3.493130	2.614319	0.500000
1.037237	0.615783	2.596363	0.500000
0.394328	2.354195	0.518132	0.500000
3.602133	4.894973	0.604595	0.500000
6.372858	3.950270	1.486050	0.500000
6.417254	0.592820	0.614524	0.500000
6.633326	2.722421	3.440186	0.500000
7.633262	0.124794	0.604788	0.500000
9.319838	4.155793	3.201847	0.500000
7.145385	2.128471	2.497546	0.500000
7.707229	3.135309	0.538167	0.500000
1.589809	3.348983	1.593090	0.500000
3.599748	4.054161	1.573831	0.500000
2.982405	5.630543	3.485798	0.500000
2.895163	4.871052	1.544041	0.500000
6.456434	6.797904	2.542371	0.500000
4.767028	5.051757	2.361309	0.500000
5.617353	4.788890	1.722593	0.500000
4.584659	2.984818	0.711342	0.500000
7.258023	1.140387	0.971111	0.500000
3.287244	6.063827	0.667283	0.500000
6.822681	5.390410	0.531484	0.500000
7.429354	1.042657	1.956031	0.500000
1.792772	7.232104	0.527802	0.500000
1.867363	6.700003	1.441048	0.500000
4.592957	6.038897	2.452256	0.500000
5.132011	5.709712	1.595082	0.500000
2.217010	3.193004	2.486248	0.500000
4.272305	4.148048	2.421105	0.500000
5.100148	4.915106	0.510194	0.500000
0.951802	5.735594	1.405532	0.500000
9.407692	7.915947	3.269184	0.500000
10.016830	5.612430	0.569743	0.500000
2.935570	7.542558	3.241321	0.500000
0.947881	7.656440	2.397978	0.500000
5.891305	7.330743	0.555039	0.500000
1.972803	1.093511	2.447011	0.500000
7.424987	7.398142	3.464926	0.500000
10.344276	4.141061	1.478094	0.500000
7.577081	7.057700	1.492711	0.500000
4.684197	6.630195	1.493134	0.500000
10.050174	4.656438	2.338611	0.500000
10.364241	0.333406	1.786593	0.500000
0.134222	8.516917	0.537934	0.500000
3.590229	4.918731	2.268290	0.500000
5.677195	6.706520	1.651471	0.500000
5.331466	7.062574	2.599785	0.500000
8.829291	5.291205	1.461278	0.500000
7.083518	5.612877	2.488519	0.500000
8.758796	2.124402	3.435946	0.500000
2.287461	6.113114	0.540410	0.500000
0.476329	6.015867	3.322661	0.500000
9.454667	6.818913	0.501626	0.500000
0.376390	10.579910	2.543055	0.500000
2.615969	8.862839	1.600286	0.500000
0.326551	4.839698	1.544993	0.500000
5.886976	8.537692	1.443357	0.500000
2.938904	0.403045	1.482102	0.500000
9.577110	6.883277	2.380421	0.500000
7.005112	10.137150	0.506100	0.500000
5.866935	2.852740	0.604372	0.500000
1.438264	8.775895	1.555562	0.500000
2.759655	6.771766	2.272586	0.500000
1.483664	10.491999	2.494393	0.500000
7.858002	10.289726	2.652898	0.500000
6.578293	1.568171	1.600129	0.500000
4.147820	10.639568	2.667111	0.500000
4.877691	8.615947	1.838746	0.500000
6.395637	8.210820	0.560056	0.500000
8.731115	1.142893	1.469985	0.500000
10.735245	0.440625	0.600740	0.500000
0.842783	9.628371	2.403435	0.500000
10.405465	4.579433	0.554553	0.500000
1.004823	9.868971	1.436717	0.500000
1.721393	7.001863	2.389761	0.500000
5.639768	2.488769	3.397728	0.500000
6.374908	1.693159	0.567576	0.500000
1.659421	9.421939	3.471164	0.500000
1.768002	1.460318	3.384844	0.500000
7.060832	1.592166	3.454947	0.500000
7.680828	0.763784	3.409670	0.500000
1.973923	2.098962	2.287337	0.500000
2.887383	9.325267	3.434249	0.500000
2.805452	1.519973	2.819686	0.500000
0.749564	1.189093	3.461904	0.500000
3.512022	0.758880	2.301000	0.500000
5.085535	2.191445	2.489223	0.500000
3.181484	9.692920	1.599425	0.500000
3.954656	9.655731	0.803045	0.500000
5.522093	0.303847	1.343382	0.500000
8.126037	2.032204	1.964825	0.500000
10.768094	10.255480	1.466352	0.500000
9.762273	3.689501	2.337408	0.500000
2.854080	9.620406	0.512175	0.500000
0.786690	10.129994	3.454962	0.500000
9.761851	2.646098	2.535021	0.500000
5.198609	2.756815	1.581328	0.500000
4.100704	2.587423	3.242554	0.500000
7.131147	0.271720	2.529794	0.500000
8.225759	9.379444	2.344272	0.500000
7.210952	9.147778	2.516475	0.500000
0.189381	1.301646	1.688306	0.500000
2.200109	4.871577	3.489580	0.500000
0.844266	4.414808	3.305933	0.500000
2.433915	0.641311	3.471226	0.500000
6.099894	2.085154	2.364996	0.500000
3.799127	10.713622	0.543520	0.500000
8.036301	0.314444	1.557188	0.500000
9.204124	1.611162	0.502146	0.500000
10.375150	10.226652	3.462475	0.500000
0.678332	3.354282	3.375129	0.500000
3.695983	1.425908	3.476412	0.500000
4.999907	0.100495	2.186874	0.500000
0.275424	4.471372	2.473939	0.500000
9.637139	5.726511	2.473482	0.500000
0.593192	2.242133	3.328313	0.500000
4.831184	3.263642	3.395607	0.500000
6.683470	5.478431	3.444196	0.500000
8.109908	4.564676	1.476300	0.500000
1.321630	0.227138	3.496717	0.500000
9.191062	4.264168	1.559398	0.500000
9.257996	3.164520	1.517406	0.500000
3.465606	5.941690	2.471673	0.500000
10.062689	1.682142	2.361988	0.500000
1.295597	8.631132	2.670979	0.500000
4.563899	3.121298	2.422316	0.500000
3.122040	10.021113	2.544268	0.500000
7.728066	3.160131	2.673420	0.500000
7.489295	6.692172	2.522802	0.500000
10.475095	2.794966	3.467064	0.500000
8.767183	3.012057	0.538288	0.500000
0.936739	2.936046	2.421382	0.500000
9.765877	5.059454	3.263343	0.500000
1.832518	5.086467	1.598661	0.500000
5.044574	9.342962	2.790389	0.500000
3.794104	3.565349	3.084615	0.500000
5.815651	8.452101	3.492061	0.500000
8.710393	6.625674	1.670452	0.500000
6.653305	0.636958	3.473352	0.500000
7.388001	8.879263	0.570271	0.500000
9.507573	3.107959	3.405007	0.500000
7.698837	4.456562	2.473854	0.500000
0.608910	0.373631	1.714110	0.500000
10.109878	5.318577	1.581987	0.500000
3.869053	8.745636	1.662884	0.500000
5.799138	9.514136	3.442348	0.500000
2.355640	8.423292	3.152236	0.500000
7.021831	8.327601	3.428252	0.500000
4.531096	1.991605	1.664629	0.500000
4.707078	10.048878	3.422494	0.500000
7.611613	2.482865	3.445732	0.500000
7.462026	5.600426	1.492495	0.500000
9.610769	6.187194	1.542065	0.500000
9.476763	10.725752	3.492570	0.500000
3.826422	10.630706	1.640970	0.500000
5.178080	7.609657	3.434468	0.500000
5.868340	10.603494	3.393221	0.500000
6.787817	9.076653	1.399995	0.500000
6.160019	9.205410	0.538703	0.500000
5.237577	6.359028	0.594289	0.500000
9.474566	8.142782	1.582700	0.500000
2.434410	0.015029	2.304480	0.500000
1.229203	0.268005	0.691719	0.500000
3.744075	1.944772	2.309684	0.500000
0.911072	7.932678	3.416181	0.500000
2.245326	4.112840	1.600825	0.500000
3.602477	10.066079	3.442809	0.500000
8.272609	8.012116	3.408701	0.500000
9.298633	0.205439	1.670550	0.500000
8.804948	9.912960	3.367530	0.500000
6.686372	6.596914	1.511915	0.500000
9.789555	7.198826	1.450943	0.500000
1.908493	9.182786	0.511986	0.500000
4.667911	8.282586	2.853480	0.500000
7.167871	8.116030	1.486514	0.500000
8.536002	3.554982	3.395186	0.500000
4.835284	1.583101	3.482022	0.500000
6.553703	9.982352	2.686016	0.500000
6.999014	3.643582	3.293658	0.500000
10.369371	4.131731	3.343739	0.500000
8.942490	8.837748	3.473097	0.500000
10.426196	8.356272	3.417009	0.500000
2.322527	10.214843	3.499340	0.500000
3.596920	7.958639	2.434804	0.500000
1.204117	4.288944	1.400375	0.500000
7.336495	3.755782	1.750601	0.500000
6.699367	3.177246	2.340076	0.500000
6.096240	4.595500	3.466207	0.500000
8.274879	3.336882	1.597927	0.500000
8.990079	1.696389	2.391417	0.500000
10.478897	2.109107	1.359918	0.500000
0.883305	6.823939	1.309707	0.500000
9.975950	10.420237	2.431586	0.500000
5.976049	1.453312	3.432474	0.500000
1.768468	3.885992	3.491454	0.500000
6.855620	6.479193	3.451565	0.500000
5.811482	3.585035	3.445532	0.500000
8.115938	5.585738	2.332020	0.500000
6.604420	8.229242	2.351989	0.500000
3.170636	2.759377	2.531731	0.500000
9.867888	1.977830	3.343131	0.500000
1.324153	8.306289	0.634412	0.500000
1.810940	2.881223	3.484143	0.500000
2.257565	4.785146	2.483674	0.500000
6.709654	4.871245	1.698473	0.500000
4.033408	4.629648	3.362021	0.500000
6.792581	9.304293	3.454611	0.500000
4.368029	4.760768	1.248290	0.500000
7.409959	2.741170	1.544970	0.500000
8.023212	1.564828	2.912777	0.500000
9.043252	4.837339	2.481145	0.500000
9.864371	9.077713	1.591138	0.500000
2.996637	3.967301	2.481092	0.500000
8.681304	6.289610	2.779048	0.500000
2.354779	6.446115	3.234797	0.500000
3.653333	1.311760	1.359789	0.500000
4.053909	7.539331	3.422303	0.500000
2.841918	2.328313	3.481504	0.500000
8.456950	7.908671	1.598812	0.500000
8.748888	3.805863	2.447453	0.500000
8.782106	7.132181	3.481402	0.500000
8.470824	7.276085	2.472276	0.500000
5.005135	4.400507	3.450295	0.500000
10.700501	0.936835	2.667343	0.500000
5.370790	0.652435	3.121431	0.500000
2.046520	5.981230	2.308776	0.500000
6.283430	7.597018	3.177698	0.500000
1.498964	5.740558	3.482346	0.500000
10.754352	2.438005	2.419696	0.500000
10.540279	6.685922	0.519934	0.500000
10.407729	6.445561	2.740101	0.500000
8.778094	5.537127	3.469422	0.500000
0.371971	9.140952	3.429136	0.500000
0.422742	7.112685	3.055431	0.500000
1.294498	6.721540	3.387320	0.500000
1.892641	7.533973	3.400312	0.500000
5.691819	6.668920	3.485565	0.500000
4.100759	5.670887	3.375172	0.500000
9.584707	6.506998	3.399913	0.500000
8.357904	4.637865	3.298034	0.500000
6.319324	7.549439	1.464650	0.500000
0.874835	5.996498	2.368010	0.500000
0.022727	5.113177	3.390383	0.500000
2.136315	9.213734	2.409758	0.500000
0.179217	0.315829	3.408364	0.500000
3.132749	8.911110	2.540888	0.500000
7.655608	8.152226	2.608586	0.500000
4.294029	9.016070	3.452915	0.500000
7.764482	5.533384	3.458651	0.500000
9.563392	8.642410	0.604157	0.500000
6.051272	4.518350	0.726558	0.500000
10.207853	7.322821	3.382218	0.500000
3.428445	8.481385	3.458339	0.500000
9.983495	9.264298	3.360204	0.500000
4.934026	9.596082	0.531457	0.500000
6.976892	0.124752	1.528872	0.500000
5.945984	9.066392	2.411212	0.500000
7.167818	10.511861	3.377952	0.500000
8.403486	0.067794	3.463358	0.500000
7.915947	9.358521	3.382205	0.500000
8.266621	6.930826	0.584702	0.500000
0.236877	8.719101	2.504977	0.500000
9.563394	0.820011	2.561739	0.500000
10.056921	0.876239	3.455477	0.500000
0.188255	9.269830	1.605852	0.500000
4.547549	1.043241	2.514216	0.500000
5.588969	9.498099	1.316987	0.500000
6.267485	2.690867	1.563071	0.500000
7.929385	6.532200	3.430335	0.500000
8.744824	2.730036	2.634589	0.500000
8.769085	1.094010	3.420531	0.500000
8.555414	0.761409	2.457091	0.500000
