400

2.502335	10.489004	0.519880	0.500000
4.982135	0.874184	1.638826	0.500000
7.335210	9.819562	1.480869	0.500000
1.112159	2.387741	1.495635	0.500000
4.050364	3.671178	0.533527	0.500000
4.109322	6.731691	0.527751	0.500000
9.289532	10.463172	2.618416	0.500000
5.449827	0.090976	2.063022	0.500000
9.589877	0.863006	0.688870	0.500000
10.314856	9.680248	0.563421	0.500000
1.449320	10.460792	0.580515	0.500000
0.699827	1.804296	0.573651	0.500000
1.936046	2.804632	2.397560	0.500000
6.024336	10.487839	0.524963	0.500000
9.033623	10.737956	0.729946	0.500000
5.710848	0.662097	0.728119	0.500000
8.579026	4.166984	0.720872	0.500000
10.018866	10.753852	0.510346	0.500000
8.649833	1.230458	0.659837	0.500000
5.180657	1.648271	0.677342	0.500000
9.804408	10.047026	1.457665	0.500000
9.656061	3.539852	1.324265	0.500000
3.319318	8.497375	2.311877	0.500000
8.726101	8.677781	2.351648	0.500000
6.855026	1.778033	1.570912	0.500000
4.075888	1.672499	0.507565	0.500000
4.603948	3.372925	1.500712	0.500000
1.244390	9.349252	0.568415	0.500000
0.203601	8.100598	1.335481	0.500000
0.044904	8.497541	2.280977	0.500000
1.743403	1.566374	0.555576	0.500000
1.092208	4.699282	2.483857	0.500000
4.567094	5.693076	0.570135	0.500000
3.404667	0.933120	0.578513	0.500000
4.553076	0.777636	0.694924	0.500000
8.163946	0.007812	2.565944	0.500000
2.887139	1.538780	1.597203	0.500000
3.546743	2.629635	0.565400	0.500000
6.902610	2.516675	0.610826	0.500000
9.794690	8.342101	2.365791	0.500000
2.187670	2.585217	0.542509	0.500000
2.738635	3.452055	0.502088	0.500000
3.388776	7.607496	1.469747	0.500000
3.892350	7.747849	0.576373	0.500000
4.619636	4.344166	1.258434	0.500000
6.752286	5.306723	2.497854	0.500000
6.488980	3.451646	0.574000	0.500000
10.485021	3.686894	0.575410	0.500000
1.127676	2.831569	0.592678	0.500000
10.243543	1.626809	0.821834	0.500000
2.257320	4.781839	2.547864	0.500000
2.922335	1.842245	0.524316	0.500000
7.430133	6.284773	0.601331	0.500000
2.021657	6.126449	1.634449	0.500000
4.412250	7.219952	1.795413	0.500000
6.256427	10.449671	2.573780	0.500000
7.564562	4.106558	0.554000	0.500000
8.332083	2.278049	0.596101	0.500000
0.109084	2.619956	0.546615	0.500000
2.359340	0.757433	0.548061	0.500000
4.998889	10.511405	0.574171	0.500000
5.661175	8.581342	0.581170	0.500000
1.394983	4.910723	0.550790	0.500000
4.061762	4.796442	0.531461	0.500000
7.130748	7.306519	0.574852	0.500000
5.125525	6.677101	0.565522	0.500000
5.659128	6.206488	1.515941	0.500000
5.940376	4.544555	2.849214	0.500000
0.219864	5.304453	2.378403	0.500000
2.804074	7.539542	0.570316	0.500000
2.705654	8.361143	1.477366	0.500000
4.103389	8.313525	1.647790	0.500000
5.628123	5.455563	2.406504	0.500000
4.394253	6.078660	2.566243	0.500000
5.695003	3.502010	1.331847	0.500000
7.932593	5.289911	0.501692	0.500000
0.520013	5.071321	1.180794	0.500000
7.999549	8.850033	1.460204	0.500000
0.645327	4.228498	0.627620	0.500000
1.818714	3.902749	0.552913	0.500000
10.436158	9.905544	2.499379	0.500000
6.391708	6.537819	0.667405	0.500000
1.316815	5.976672	0.740704	0.500000
5.027905	7.674759	0.520173	0.500000
4.520060	8.805584	2.414076	0.500000
9.092947	5.227476	0.583091	0.500000
9.294044	9.092292	1.587291	0.500000
9.255768	6.864790	0.759418	0.500000
9.003105	7.630910	2.400125	0.500000
0.289471	7.082677	1.413952	0.500000
4.249668	5.278028	1.515612	0.500000
10.506422	6.401495	2.402359	0.500000
3.659693	1.124682	3.315244	0.500000
5.321745	2.569936	2.183830	0.500000
3.282126	9.661942	0.643882	0.500000
10.557623	7.547151	0.530780	0.500000
9.905477	10.492155	3.473795	0.500000
0.440748	10.102653	0.548858	0.500000
3.375148	8.626497	0.524398	0.500000
1.163224	8.330654	0.744824	0.500000
1.504686	2.049243	2.892904	0.500000
0.795161	7.922484	2.778825	0.500000
0.308833	3.304355	1.366775	0.500000
1.464788	0.070803	2.554402	0.500000
5.197858	3.786073	0.505036	0.500000
5.430342	9.041359	1.588204	0.500000
4.771103	5.979986	3.494134	0.500000
9.238137	7.915954	0.529102	0.500000
8.283576	9.906892	0.898479	0.500000
5.925893	9.999333	1.495430	0.500000
2.657546	2.698655	1.472722	0.500000
1.261526	3.042819	3.293439	0.500000
2.641436	4.583620	0.527427	0.500000
4.421642	8.653053	0.738160	0.500000
6.445263	3.939875	1.902136	0.500000
6.897188	1.326939	2.472582	0.500000
9.223708	9.700010	0.599527	0.500000
8.636233	8.878502	0.504518	0.500000
9.648733	4.288081	0.567394	0.500000
1.756350	9.163606	1.426334	0.500000
1.618245	4.993844	3.426162	0.500000
3.739522	6.132291	3.345753	0.500000
1.724805	0.949725	1.346606	0.500000
6.667446	4.717716	1.296975	0.500000
7.824186	8.264648	0.598669	0.500000
4.115176	2.017162	3.334456	0.500000
9.418900	1.340743	1.572257	0.500000
9.905209	2.820913	0.563627	0.500000
10.379237	3.046026	2.072341	0.500000
2.392381	0.708741	2.139905	0.500000
0.087703	2.092140	1.476695	0.500000
4.144337	4.037326	2.114194	0.500000
5.572837	5.088858	1.477785	0.500000
6.958851	0.686990	0.512914	0.500000
6.697469	1.158978	3.483812	0.500000
8.026663	0.444058	0.665627	0.500000
8.952543	3.827329	3.361892	0.500000
7.893254	1.413585	2.444174	0.500000
7.727400	3.117686	0.521658	0.500000
1.717283	3.358592	1.432665	0.500000
3.520325	3.295641	1.341381	0.500000
2.600914	6.167495	3.439840	0.500000
3.433986	4.799620	2.099354	0.500000
6.208177	6.291984	2.544906	0.500000
4.419278	4.942301	2.622671	0.500000
4.260881	4.089593	3.380844	0.500000
4.904520	2.752261	0.517349	0.500000
7.688033	1.486042	0.523437	0.500000
3.066701	6.540487	0.503354	0.500000
6.805227	5.440246	0.510341	0.500000
7.688076	0.981328	1.525821	0.500000
1.909494	6.801317	0.792199	0.500000
2.407482	7.146374	1.649409	0.500000
5.275708	6.667136	2.339397	0.500000
4.654923	6.300776	1.400472	0.500000
2.394218	4.572600	1.563339	0.500000
4.733331	3.333413	2.521701	0.500000
5.088075	4.813133	0.508540	0.500000
0.641816	6.081705	1.677400	0.500000
9.434298	8.680592	3.422827	0.500000
9.993915	6.097420	0.559066	0.500000
2.382785	7.428323	3.433898	0.500000
0.853824	7.303994	0.590397	0.500000
6.058318	7.655218	0.534416	0.500000
2.401788	10.481324	2.430258	0.500000
7.817749	7.220292	3.492774	0.500000
9.694976	4.914902	1.421255	0.500000
7.555359	7.166912	1.517462	0.500000
3.559689	6.554997	1.594038	0.500000
10.079153	4.726985	2.340128	0.500000
10.482044	0.822542	1.595400	0.500000
0.180891	8.699285	0.530965	0.500000
2.618201	5.097703	3.454631	0.500000
5.367696	7.187550	1.432144	0.500000
5.507410	8.734256	2.626633	0.500000
9.067066	4.783927	2.392740	0.500000
7.655560	5.032658	3.486893	0.500000
9.226215	2.105808	3.494616	0.500000
2.255328	5.668215	0.565692	0.500000
10.774868	7.414410	2.314297	0.500000
9.957792	6.738468	1.586256	0.500000
0.536772	10.425575	2.389832	0.500000
1.782057	7.955766	1.506643	0.500000
10.669952	4.212179	1.550430	0.500000
5.960994	8.187583	1.684967	0.500000
3.066941	10.335840	1.355776	0.500000
9.592163	6.790251	2.663163	0.500000
7.044997	10.329349	0.609225	0.500000
5.898995	2.472852	0.506838	0.500000
1.085284	8.602940	1.992816	0.500000
3.270662	6.650280	2.621735	0.500000
1.685020	9.565341	2.358426	0.500000
8.796180	10.334100	1.653031	0.500000
6.266954	0.901694	1.585728	0.500000
4.537340	0.003169	2.512611	0.500000
5.139054	7.824065	2.279593	0.500000
6.792311	8.385952	0.637988	0.500000
8.615522	0.594393	1.557525	0.500000
0.120121	0.420539	0.712930	0.500000
0.654972	9.415601	2.605230	0.500000
10.357826	4.996519	0.650660	0.500000
1.118667	10.084753	1.608020	0.500000
1.377512	7.034581	1.679718	0.500000
5.502824	1.397037	3.417861	0.500000
6.454122	1.565849	0.602918	0.500000
2.078757	9.318888	3.472232	0.500000
2.214415	2.635883	3.397012	0.500000
7.566714	1.708772	3.421995	0.500000
7.258227	0.327024	2.280091	0.500000
2.824490	1.448734	2.680467	0.500000
3.510104	9.888569	3.476029	0.500000
2.961979	2.438176	2.483264	0.500000
0.906007	1.382570	3.481140	0.500000
3.822652	1.909772	2.344235	0.500000
4.900565	1.774015	2.654875	0.500000
2.934412	9.358512	1.718489	0.500000
4.339154	9.753479	0.515694	0.500000
4.901640	9.924680	1.572402	0.500000
8.448800	1.667751	1.541754	0.500000
0.018083	10.192532	1.503057	0.500000
0.368714	3.954435	2.495612	0.500000
1.896817	10.709670	1.514817	0.500000
1.456974	10.189532	3.356323	0.500000
10.183653	2.132307	2.494545	0.500000
6.160449	2.602672	1.631507	0.500000
5.144914	2.526449	3.487506	0.500000
7.401155	9.918927	2.626545	0.500000
9.594542	9.333350	2.548005	0.500000
7.443708	8.945682	2.323496	0.500000
0.936519	0.291916	1.468395	0.500000
0.728606	5.412508	3.242491	0.500000
0.019343	4.646400	3.294540	0.500000
3.106393	2.117601	3.483759	0.500000
5.991131	1.905719	2.633307	0.500000
3.702553	10.679156	0.579072	0.500000
7.842977	10.718605	1.562507	0.500000
9.328542	1.969977	0.546708	0.500000
0.882819	0.277587	3.392111	0.500000
0.222296	3.532618	3.459610	0.500000
4.058881	3.065161	3.363849	0.500000
5.928441	0.834870	2.545636	0.500000
1.535533	3.784242	2.455207	0.500000
9.660765	5.672206	2.314430	0.500000
0.435771	2.471019	3.342347	0.500000
5.185986	3.536737	3.499127	0.500000
7.103871	5.954615	3.379649	0.500000
8.460099	4.975624	1.384542	0.500000
2.188312	1.551700	3.499957	0.500000
8.867387	4.034848	1.695295	0.500000
8.169340	3.259080	1.582421	0.500000
3.068031	5.653914	1.607046	0.500000
0.565755	2.470070	2.349320	0.500000
2.210020	8.614497	2.433722	0.500000
4.276643	2.382278	1.361244	0.500000
3.397692	10.179436	2.339818	0.500000
8.077149	2.466992	2.325037	0.500000
7.320350	6.283356	2.315619	0.500000
10.171842	2.647960	3.480490	0.500000
8.755962	3.185603	0.539362	0.500000
1.856093	1.813988	1.856972	0.500000
9.686394	4.658223	3.358039	0.500000
3.269436	5.544273	0.505159	0.500000
5.310715	9.925177	2.546731	0.500000
6.197911	3.297773	2.653782	0.500000
5.968124	9.003424	3.492081	0.500000
8.148578	6.294083	1.356684	0.500000
4.888000	10.447863	3.452688	0.500000
7.494981	9.344979	0.524473	0.500000
9.278968	2.952982	2.956482	0.500000
7.156876	4.281842	2.609413	0.500000
0.339847	0.954741	2.471091	0.500000
10.376376	5.705450	1.615664	0.500000
4.040493	9.300019	1.483293	0.500000
4.836276	9.372193	3.414372	0.500000
2.733789	8.561149	3.371559	0.500000
7.590997	8.312665	3.288047	0.500000
5.533965	1.753546	1.614117	0.500000
4.292254	9.837121	2.700964	0.500000
8.145335	2.801666	3.291365	0.500000
6.798931	6.045766	1.462667	0.500000
9.213021	5.919563	1.389621	0.500000
0.285731	10.117648	3.491030	0.500000
4.130586	10.586253	1.559537	0.500000
5.449852	6.998220	3.441181	0.500000
5.813209	10.035718	3.453185	0.500000
6.546656	8.993847	1.565577	0.500000
6.478309	9.426478	0.549418	0.500000
5.800242	5.632854	0.633565	0.500000
9.901466	7.862631	1.429156	0.500000
3.215738	0.305128	2.713531	0.500000
1.171786	0.665661	0.559257	0.500000
3.959941	1.333244	1.443382	0.500000
0.209919	7.505906	3.481040	0.500000
3.455021	4.302876	1.182546	0.500000
3.793321	8.900595	3.199443	0.500000
8.533411	7.934636	3.452974	0.500000
9.556896	0.374997	1.914947	0.500000
8.756184	0.001501	3.416832	0.500000
6.502934	7.292107	1.728725	0.500000
8.975080	6.816611	1.806016	0.500000
2.239333	9.516769	0.616859	0.500000
5.528042	8.062082	3.470740	0.500000
7.190415	8.160569	1.599123	0.500000
7.066274	3.083075	3.280075	0.500000
4.645717	0.709300	3.327314	0.500000
8.354372	9.639578	2.281078	0.500000
6.198936	2.471597	3.451895	0.500000
10.003704	3.643704	3.444147	0.500000
8.407386	8.928761	3.316426	0.500000
10.286883	9.342548	3.480554	0.500000
2.637165	10.485552	3.431891	0.500000
4.163112	7.786129	2.616384	0.500000
0.985030	4.025994	1.622959	0.500000
7.485202	3.328157	2.357143	0.500000
7.006825	2.362394	2.557555	0.500000
6.426730	5.180664	3.473603	0.500000
7.881486	4.240562	1.759778	0.500000
8.957887	1.963322	2.540563	0.500000
9.888739	2.293941	1.478372	0.500000
1.443493	5.310800	1.492065	0.500000
10.237213	0.119789	2.606890	0.500000
5.858063	0.436800	3.487453	0.500000
1.104552	4.117823	3.393987	0.500000
6.674130	6.863097	3.432695	0.500000
6.602433	4.022565	3.466780	0.500000
8.051318	4.921598	2.567698	0.500000
7.177946	7.425502	2.599799	0.500000
3.738077	3.126824	2.349909	0.500000
10.554327	1.650781	3.305328	0.500000
2.215010	8.381905	0.562725	0.500000
2.079343	3.793120	3.473369	0.500000
2.632810	5.711174	2.518791	0.500000
7.572073	5.389524	1.655143	0.500000
3.721052	5.031337	3.453002	0.500000
7.042525	9.257798	3.486583	0.500000
5.316525	4.159197	2.069525	0.500000
7.613952	2.443611	1.391287	0.500000
8.605573	1.285178	3.485228	0.500000
9.788873	3.767538	2.436250	0.500000
10.382420	9.203025	1.487092	0.500000
2.846628	3.645400	2.020232	0.500000
8.481998	5.965814	2.240853	0.500000
1.363967	7.346992	3.443748	0.500000
3.340364	0.519897	1.612561	0.500000
4.387128	7.026970	3.393906	0.500000
3.022973	3.205724	3.162770	0.500000
8.736102	7.866179	1.441918	0.500000
8.440048	3.585449	2.520238	0.500000
8.836493	6.895058	3.312811	0.500000
8.139599	6.885804	2.529809	0.500000
3.037535	4.235478	3.112917	0.500000
1.482834	1.080701	2.488242	0.500000
3.860348	0.106661	3.471272	0.500000
1.932497	6.571041	2.540347	0.500000
6.590118	7.972388	3.473842	0.500000
1.547161	6.029614	3.375483	0.500000
0.662000	1.276732	1.552504	0.500000
0.231840	5.802195	0.525163	0.500000
0.572602	6.461364	3.444745	0.500000
9.249893	5.867916	3.269495	0.500000
1.696187	8.314263	3.239250	0.500000
0.220936	8.615171	3.265025	0.500000
0.720042	6.743864	2.489232	0.500000
1.794507	7.571304	2.488177	0.500000
5.775786	5.976274	3.439610	0.500000
5.191185	5.034988	3.495638	0.500000
10.217448	6.858535	3.442424	0.500000
8.661151	5.083360	3.488430	0.500000
6.020833	7.439425	2.617442	0.500000
1.306797	5.724627	2.419552	0.500000
10.497310	5.631975	3.379436	0.500000
2.734861	9.455170	2.718680	0.500000
2.152956	0.616625	3.139944	0.500000
2.830000	7.575968	2.529166	0.500000
8.007195	7.866759	2.141746	0.500000
4.503466	8.206770	3.470639	0.500000
7.747660	3.981870	3.377284	0.500000
9.974149	8.660856	0.658580	0.500000
5.998523	4.396483	0.559666	0.500000
10.074702	7.912692	3.472855	0.500000
3.523955	7.563490	3.371162	0.500000
9.216756	9.716111	3.392324	0.500000
5.421884	9.568555	0.608955	0.500000
6.727520	10.684464	1.506595	0.500000
6.509731	8.437368	2.492277	0.500000
6.997740	10.712645	3.346394	0.500000
7.788937	0.573740	3.495771	0.500000
8.022316	9.981257	3.421528	0.500000
8.208420	7.275225	0.571149	0.500000
1.083782	9.088150	3.483646	0.500000
9.985450	1.139914	2.460039	0.500000
10.686087	0.554353	3.428950	0.500000
0.608206	9.254377	1.383645	0.500000
4.180185	0.955326	2.364114	0.500000
6.423245	9.442905	2.512759	0.500000
7.091497	3.305241	1.424360	0.500000
8.127855	5.932079	3.467795	0.500000
9.046294	2.872492	1.927382	0.500000
9.548964	0.706878	3.368994	0.500000
8.777859	0.887068	2.557821	0.500000
