400

2.533976	10.742128	0.630780	0.500000
4.253432	10.705353	1.494748	0.500000
7.412744	9.800651	0.823565	0.500000
1.079694	2.342737	1.476280	0.500000
3.592735	3.055275	0.853640	0.500000
4.742757	7.645449	0.565775	0.500000
8.699404	9.303716	2.458987	0.500000
6.857448	0.889610	2.643882	0.500000
9.987148	0.440778	0.547394	0.500000
10.640820	9.031642	0.545843	0.500000
1.649863	10.103784	0.570011	0.500000
1.082421	1.684771	0.662031	0.500000
3.242836	1.743817	1.454332	0.500000
5.655207	0.537087	0.545272	0.500000
8.943247	0.612539	0.516477	0.500000
4.837784	0.701944	1.239794	0.500000
8.680528	4.576224	0.617600	0.500000
10.229179	10.137905	0.588797	0.500000
9.729068	1.600529	0.505142	0.500000
5.102634	1.602698	0.518086	0.500000
9.835433	9.669261	1.533186	0.500000
0.493082	3.184370	1.356373	0.500000
3.855580	9.289252	2.452571	0.500000
7.850124	9.219630	1.524852	0.500000
5.618404	1.541941	1.481017	0.500000
3.854184	1.668615	0.572855	0.500000
4.444315	3.192539	1.488751	0.500000
0.939687	9.338522	0.616178	0.500000
0.063547	8.144354	1.337131	0.500000
0.077943	8.458879	2.466996	0.500000
2.097379	0.944835	0.568807	0.500000
0.704377	5.392857	2.439344	0.500000
3.499853	5.588463	0.548762	0.500000
3.101128	0.988778	0.503611	0.500000
4.156734	0.499700	0.500133	0.500000
7.958760	0.919511	2.133318	0.500000
3.438404	2.640005	1.873806	0.500000
5.189064	4.133751	1.301047	0.500000
7.789350	2.729962	0.597349	0.500000
9.120959	8.335719	2.360202	0.500000
1.715183	2.576096	0.557672	0.500000
2.575632	3.033644	0.919149	0.500000
3.420145	6.070210	1.506235	0.500000
3.913127	6.662698	0.572144	0.500000
4.470730	3.827757	0.573770	0.500000
5.436597	5.516720	2.473408	0.500000
6.708856	3.759991	0.577923	0.500000
0.020232	3.813636	0.529284	0.500000
1.058805	3.489084	0.554714	0.500000
10.769316	1.713587	0.500211	0.500000
2.201589	3.747951	3.431790	0.500000
2.816434	2.013984	0.552950	0.500000
7.153596	5.917046	0.528067	0.500000
4.478365	5.770507	0.782853	0.500000
4.739662	8.272383	1.425393	0.500000
5.657373	9.906823	2.528428	0.500000
7.692409	3.733645	0.872635	0.500000
8.472714	1.707474	0.508586	0.500000
10.195420	2.677356	0.523336	0.500000
2.434861	1.090130	1.620005	0.500000
4.992036	10.545067	0.603465	0.500000
5.820704	8.599186	0.550454	0.500000
2.359569	5.310217	0.610813	0.500000
3.072187	4.009889	0.518682	0.500000
7.260192	7.045843	0.646422	0.500000
4.901042	8.998891	0.519548	0.500000
6.426419	5.744042	1.392155	0.500000
5.043940	5.525228	3.471161	0.500000
10.129768	5.685399	0.699062	0.500000
1.669454	6.089852	0.590714	0.500000
2.208845	7.961991	2.504651	0.500000
4.169561	7.448409	1.393634	0.500000
4.927305	6.473110	2.471249	0.500000
4.847299	7.700102	2.291491	0.500000
5.615558	4.459648	2.399507	0.500000
7.797854	5.035217	0.501119	0.500000
0.818037	5.528802	0.500950	0.500000
8.199094	8.087641	1.633553	0.500000
1.006213	4.515726	0.519163	0.500000
1.961893	4.143874	0.610378	0.500000
10.555874	9.815852	2.417526	0.500000
6.274645	6.454130	0.687036	0.500000
1.036166	6.866607	0.506407	0.500000
3.490476	7.766600	0.521586	0.500000
5.620452	8.342328	2.403779	0.500000
9.157091	6.292205	0.604409	0.500000
8.864519	8.861685	1.537973	0.500000
8.152933	6.136513	0.525108	0.500000
7.597104	8.039404	2.442685	0.500000
0.228755	6.356990	1.683168	0.500000
2.423260	5.938135	1.392704	0.500000
0.157588	6.356009	0.594847	0.500000
3.569086	10.531708	2.597023	0.500000
5.106638	2.326150	2.539013	0.500000
3.330172	8.777808	0.594955	0.500000
10.117597	8.032782	0.583064	0.500000
8.488873	0.163583	2.525561	0.500000
0.466977	10.248347	0.533348	0.500000
2.430491	7.336752	0.518789	0.500000
0.146176	7.397733	0.622636	0.500000
0.642842	2.106526	2.380796	0.500000
1.553569	8.123726	1.621879	0.500000
1.133833	4.112460	1.607442	0.500000
0.848827	10.103279	1.485943	0.500000
5.439374	3.402909	0.607773	0.500000
6.224715	10.395742	1.604615	0.500000
4.640439	6.524197	3.432382	0.500000
8.969943	8.421581	0.616397	0.500000
8.035088	0.084751	0.518902	0.500000
7.531136	10.581506	1.444150	0.500000
2.224515	2.114482	1.407574	0.500000
2.739342	3.618688	2.506925	0.500000
3.022934	4.878735	1.227193	0.500000
4.115421	9.714415	0.633921	0.500000
6.946629	4.219876	3.489571	0.500000
6.019761	1.674312	2.448887	0.500000
8.919442	10.274885	0.532912	0.500000
8.446722	9.334938	0.686198	0.500000
9.828976	4.625500	0.620348	0.500000
2.751669	8.978121	1.555398	0.500000
3.045082	4.990528	3.431194	0.500000
3.464309	5.948829	2.572071	0.500000
1.468588	1.372813	1.636622	0.500000
6.485431	3.866610	2.452281	0.500000
7.943788	7.888980	0.582600	0.500000
4.548276	10.779535	3.388519	0.500000
10.473100	0.565455	1.791557	0.500000
10.151039	2.082533	1.498613	0.500000
10.655382	3.612295	2.367051	0.500000
0.782808	0.929165	2.626530	0.500000
0.548069	2.577064	0.546641	0.500000
3.861932	4.621406	0.578719	0.500000
6.122953	3.610994	1.531658	0.500000
7.023447	0.779345	0.724949	0.500000
6.111725	2.340940	3.493683	0.500000
7.942564	0.914930	1.114037	0.500000
9.117830	4.396593	3.432156	0.500000
7.120751	1.888486	2.497733	0.500000
8.625610	3.341181	0.619109	0.500000
1.754925	3.144213	1.489514	0.500000
3.268545	3.742937	1.626769	0.500000
2.611131	6.014793	3.475740	0.500000
4.031232	4.401151	1.546103	0.500000
6.135217	6.279906	2.459801	0.500000
4.921463	5.078853	1.527958	0.500000
5.962393	4.816656	1.433146	0.500000
4.578767	2.535907	0.520449	0.500000
7.425121	1.718112	0.592577	0.500000
2.827213	6.423078	0.615234	0.500000
6.685599	4.878982	0.536841	0.500000
8.686631	1.604681	1.529294	0.500000
1.902561	6.898799	1.373616	0.500000
3.097413	7.137413	1.416337	0.500000
4.361120	5.548215	2.212155	0.500000
5.377288	5.977558	1.381786	0.500000
1.731770	2.403461	2.344846	0.500000
4.699658	3.935784	2.167752	0.500000
5.703245	5.410082	0.620556	0.500000
1.414998	5.212582	1.293402	0.500000
9.593967	7.656639	3.347400	0.500000
10.035112	6.892633	0.530740	0.500000
3.467459	6.710811	3.463598	0.500000
0.135238	7.230589	2.416594	0.500000
5.744243	7.382372	0.514582	0.500000
2.221241	0.302924	2.534360	0.500000
7.507242	7.260666	3.426605	0.500000
0.064054	4.203350	1.470813	0.500000
7.198888	6.405484	1.461456	0.500000
4.399414	6.466796	1.514230	0.500000
10.685217	4.735436	2.539611	0.500000
10.781191	0.073714	2.677687	0.500000
0.701572	8.361368	0.515353	0.500000
4.709544	4.816606	2.798296	0.500000
5.309455	7.089044	1.494975	0.500000
5.749876	7.240413	2.526175	0.500000
8.290567	5.568131	1.343621	0.500000
6.567793	4.912034	2.292320	0.500000
8.694717	1.864947	3.495835	0.500000
1.351129	6.127660	1.831217	0.500000
10.721470	6.866186	3.420638	0.500000
8.873993	7.316688	0.555085	0.500000
0.942170	10.707490	2.383839	0.500000
2.581581	8.013692	1.316699	0.500000
0.387260	5.306922	1.466878	0.500000
5.835786	7.931101	1.374648	0.500000
3.307750	0.349408	1.556763	0.500000
8.878327	7.319155	2.463847	0.500000
6.533073	10.648378	0.602018	0.500000
5.814950	2.398935	0.698731	0.500000
0.937370	8.916502	1.905961	0.500000
2.654832	6.720873	2.531419	0.500000
1.701868	9.557740	1.474752	0.500000
7.766240	10.291230	3.482487	0.500000
6.457788	2.100885	1.623225	0.500000
5.430825	0.144616	1.908934	0.500000
4.190434	9.123557	1.453432	0.500000
6.640947	8.012250	0.604383	0.500000
9.650945	0.992429	1.320879	0.500000
0.250869	0.589577	0.554096	0.500000
0.776293	9.587431	2.631147	0.500000
0.015576	4.903387	0.616032	0.500000
10.630041	10.310973	1.541567	0.500000
1.473540	6.975495	2.353600	0.500000
5.225125	2.928755	3.488661	0.500000
6.231124	1.470237	0.683552	0.500000
2.059351	9.437338	3.379162	0.500000
3.155814	2.755875	3.089040	0.500000
6.780554	1.566887	3.464943	0.500000
7.840116	1.230640	3.118068	0.500000
1.959409	1.386307	2.567572	0.500000
3.130029	9.668880	3.467496	0.500000
3.109247	0.884772	2.561743	0.500000
2.249278	2.042654	3.366260	0.500000
4.205845	0.524111	2.482541	0.500000
4.868016	1.292283	2.101597	0.500000
3.591567	9.911680	1.689651	0.500000
5.151557	9.938838	1.628440	0.500000
6.360057	0.604282	1.639806	0.500000
8.626620	2.688034	1.404443	0.500000
9.554342	10.610925	1.236978	0.500000
9.705260	4.152425	2.508119	0.500000
2.736857	9.755634	0.571139	0.500000
1.211051	9.987711	3.479892	0.500000
10.450500	2.598798	2.423869	0.500000
5.416414	2.752126	1.575384	0.500000
4.043194	2.481510	3.484435	0.500000
7.480173	0.078505	2.498722	0.500000
7.951414	9.979242	2.312527	0.500000
7.381939	9.033383	2.457534	0.500000
0.742460	0.391356	1.501349	0.500000
1.781684	4.660249	3.443245	0.500000
0.771646	4.791346	3.409584	0.500000
1.402440	1.397400	3.417911	0.500000
5.598537	3.353894	2.382346	0.500000
3.504716	10.509500	0.792527	0.500000
8.804589	0.494477	1.574034	0.500000
9.186001	2.447644	0.585568	0.500000
9.988724	10.512217	3.254543	0.500000
10.636441	3.797059	3.383514	0.500000
2.436250	1.013508	3.442742	0.500000
6.262311	10.772149	2.654764	0.500000
0.769218	4.231622	2.550633	0.500000
10.037817	5.062427	1.779302	0.500000
0.539254	3.029415	3.420056	0.500000
5.265007	3.926983	3.243422	0.500000
6.270103	5.589126	3.354558	0.500000
8.532852	4.649210	1.750859	0.500000
1.184255	0.219087	3.463168	0.500000
9.295411	3.724638	1.544259	0.500000
10.105240	3.111012	1.487176	0.500000
3.684361	4.897705	2.565601	0.500000
10.603374	1.514077	2.578733	0.500000
1.945114	9.010724	2.408887	0.500000
3.980759	1.860436	2.365851	0.500000
4.605085	10.254210	2.459691	0.500000
7.894759	2.808084	2.542345	0.500000
7.087415	5.845059	2.299766	0.500000
10.448249	2.486653	3.426578	0.500000
9.657140	3.602832	0.560772	0.500000
1.700927	3.594756	2.459113	0.500000
10.078062	4.709140	3.370601	0.500000
2.124857	5.765207	2.614869	0.500000
4.835256	9.069161	2.494449	0.500000
4.175865	2.930584	2.581856	0.500000
5.765154	8.180378	3.411160	0.500000
8.896991	6.566289	1.570390	0.500000
6.164529	0.681718	3.425590	0.500000
7.417215	8.757802	0.601351	0.500000
9.472649	2.448179	3.155801	0.500000
7.491266	3.726081	2.619703	0.500000
1.674855	10.705319	1.401789	0.500000
9.277844	5.464838	1.207125	0.500000
3.552474	8.330495	1.612791	0.500000
5.422639	9.354527	3.356611	0.500000
2.765531	7.544706	3.410936	0.500000
6.743266	8.390631	3.300876	0.500000
4.528101	2.124861	1.545886	0.500000
5.588183	10.630140	3.473004	0.500000
7.635240	2.256060	3.338510	0.500000
7.336968	5.235191	1.380705	0.500000
10.016165	6.220375	1.639882	0.500000
9.013306	10.202588	3.336315	0.500000
2.569800	10.202943	1.544379	0.500000
4.891538	7.498670	3.430248	0.500000
6.386197	9.770604	3.373237	0.500000
6.766335	9.420631	1.512302	0.500000
6.561200	9.338993	0.515457	0.500000
5.131759	6.484823	0.524009	0.500000
9.141846	7.773988	1.452910	0.500000
1.789606	10.042830	2.492458	0.500000
1.274429	0.288112	0.506791	0.500000
3.272084	1.646028	3.344600	0.500000
1.251438	8.803565	3.179725	0.500000
2.295858	4.098340	1.731472	0.500000
4.287976	9.736999	3.493758	0.500000
8.562025	7.623742	3.485440	0.500000
8.739546	9.885595	1.514558	0.500000
8.361053	9.418755	3.444097	0.500000
6.347901	7.014538	1.754666	0.500000
10.000475	7.860977	2.294355	0.500000
2.045037	8.883243	0.510456	0.500000
4.005871	8.212481	2.581666	0.500000
6.828747	8.380144	1.542179	0.500000
8.592370	2.863305	3.411985	0.500000
3.579718	0.534362	3.427424	0.500000
6.895633	10.035215	2.386422	0.500000
7.209669	3.177990	3.482056	0.500000
9.632226	3.481987	3.460048	0.500000
9.107099	8.565684	3.497031	0.500000
9.879455	9.038825	2.392662	0.500000
2.061768	10.515504	3.369725	0.500000
3.628838	7.100862	2.382180	0.500000
1.571559	4.869326	2.472043	0.500000
7.175549	3.180690	1.644011	0.500000
6.503179	2.801083	2.550010	0.500000
6.013314	4.595139	3.348308	0.500000
8.217659	3.609172	1.747427	0.500000
9.382764	2.177486	2.142355	0.500000
0.323061	1.672042	1.481678	0.500000
0.750074	7.372668	1.529537	0.500000
9.283077	10.191449	2.335101	0.500000
5.296949	1.768615	3.390950	0.500000
1.142447	3.863661	3.481843	0.500000
7.143639	6.245115	3.351180	0.500000
6.126906	3.431573	3.471655	0.500000
7.651173	4.748017	2.297751	0.500000
6.550558	7.918252	2.405381	0.500000
2.695891	2.072690	2.376896	0.500000
9.920092	1.536800	3.489940	0.500000
1.629159	7.973386	0.504201	0.500000
1.619953	2.943355	3.284016	0.500000
2.658066	5.013769	2.175822	0.500000
7.012020	4.278532	1.602720	0.500000
3.215968	3.957038	3.429160	0.500000
7.302707	9.280390	3.462738	0.500000
4.882889	4.743165	0.568364	0.500000
7.644559	2.234807	1.626319	0.500000
8.395354	1.887750	2.452963	0.500000
8.734798	5.025234	2.656131	0.500000
9.859578	8.487183	1.493057	0.500000
3.759402	3.839690	2.570861	0.500000
9.283539	6.128470	2.523118	0.500000
1.977216	6.838691	3.312080	0.500000
3.998605	1.074115	1.654096	0.500000
3.806095	7.660081	3.410237	0.500000
4.267412	3.570773	3.455925	0.500000
7.885273	6.976150	2.384868	0.500000
8.589357	3.929460	2.666752	0.500000
9.210438	6.672117	3.402431	0.500000
8.208998	5.964366	2.482481	0.500000
4.000282	4.651028	3.495288	0.500000
0.435205	1.759794	3.362601	0.500000
4.322601	1.350506	3.265357	0.500000
1.339545	5.898390	3.414066	0.500000
6.463948	7.405626	3.493804	0.500000
0.332007	5.788361	3.345043	0.500000
0.777528	3.131557	2.328000	0.500000
10.221621	7.277976	1.486046	0.500000
9.956036	6.894613	2.761448	0.500000
9.129490	5.578469	3.399441	0.500000
0.268865	9.079185	3.334152	0.500000
10.229128	8.488457	3.354778	0.500000
0.994973	7.130371	3.280186	0.500000
1.755247	7.849899	3.454199	0.500000
5.818382	6.535204	3.415658	0.500000
4.032230	5.655762	3.392621	0.500000
10.122348	6.005869	3.457821	0.500000
7.976821	4.454967	3.355043	0.500000
7.281777	7.381720	1.687720	0.500000
0.702713	6.383705	2.603487	0.500000
10.387028	5.755295	2.477622	0.500000
2.738697	9.637377	2.460234	0.500000
0.183214	10.112797	3.365898	0.500000
2.834283	8.801332	3.052401	0.500000
6.912210	6.987091	2.640434	0.500000
4.801230	8.545427	3.416289	0.500000
7.202323	5.210908	3.153953	0.500000
9.509083	9.301895	0.512005	0.500000
5.825952	4.334027	0.512917	0.500000
0.294772	7.955185	3.497142	0.500000
3.832496	8.840853	3.467163	0.500000
9.908392	9.457610	3.451587	0.500000
5.701389	9.818645	0.800351	0.500000
7.142809	1.270283	1.658607	0.500000
6.275100	9.091421	2.570189	0.500000
7.132704	0.365224	3.453401	0.500000
8.430778	0.442121	3.494856	0.500000
7.960547	8.512139	3.304518	0.500000
8.113464	7.058760	1.184839	0.500000
0.991274	7.923970	2.663343	0.500000
9.740308	0.293044	2.464798	0.500000
10.701568	0.723137	3.469302	0.500000
10.767439	9.130148	1.585734	0.500000
5.176701	0.786866	3.225120	0.500000
5.587485	9.016758	1.497530	0.500000
6.748236	2.727331	0.529430	0.500000
8.250587	6.172911	3.496135	0.500000
9.234008	3.130668	2.452090	0.500000
9.467043	0.641660	3.471604	0.500000
9.064849	1.115586	2.465400	0.500000
