400

3.465247	9.214578	0.522424	0.500000
3.852687	0.003236	2.022189	0.500000
8.561304	0.023837	2.291661	0.500000
2.724982	2.696123	1.591622	0.500000
4.360842	1.929608	1.405137	0.500000
5.124369	6.517118	0.915967	0.500000
8.555464	0.599987	1.408337	0.500000
5.417264	0.818838	2.522434	0.500000
0.069131	0.948602	0.608688	0.500000
0.838149	10.269497	0.511239	0.500000
4.747277	2.462508	0.515038	0.500000
10.224039	0.171172	0.754923	0.500000
2.565660	1.303034	2.321523	0.500000
4.688258	10.451995	1.519315	0.500000
8.272066	10.688168	0.649122	0.500000
5.123292	1.513080	0.773111	0.500000
6.359443	4.596541	1.585783	0.500000
1.203069	0.467989	0.628107	0.500000
7.441563	9.955827	0.784839	0.500000
6.167053	2.240507	0.530596	0.500000
9.016032	10.469923	1.389494	0.500000
0.354726	3.887358	0.685984	0.500000
3.802033	7.831384	2.563992	0.500000
9.238827	6.341242	2.453423	0.500000
6.157210	0.428527	1.641452	0.500000
3.670170	4.945318	0.507415	0.500000
3.735830	2.712419	1.566164	0.500000
1.502869	8.724130	0.581168	0.500000
1.637027	9.587496	1.857843	0.500000
9.696665	6.441644	3.387627	0.500000
1.405738	3.644071	0.791770	0.500000
0.548582	5.288565	2.492400	0.500000
3.566204	5.945468	0.529125	0.500000
5.973907	1.420011	1.804612	0.500000
4.553579	0.288076	0.523791	0.500000
8.966926	1.006635	2.378177	0.500000
3.381663	1.686878	1.471468	0.500000
3.349775	2.780241	0.574291	0.500000
6.777739	4.073911	0.766140	0.500000
9.544901	8.932195	2.587645	0.500000
2.793706	3.504696	2.372804	0.500000
1.492610	2.313517	1.559708	0.500000
2.589717	5.660209	0.548913	0.500000
2.866599	7.333715	1.607546	0.500000
2.461386	4.476973	1.471639	0.500000
9.281663	4.250445	2.332377	0.500000
5.073007	3.508711	0.571849	0.500000
10.435065	3.003041	0.562189	0.500000
1.221917	1.545462	0.600501	0.500000
10.644072	0.858627	1.623164	0.500000
1.555656	5.669983	0.669159	0.500000
2.108399	10.724808	0.640520	0.500000
7.345596	5.731004	0.526989	0.500000
1.041350	6.690132	1.741236	0.500000
2.025682	8.492649	1.558159	0.500000
7.224989	2.278751	1.437116	0.500000
5.822965	4.311418	0.579500	0.500000
6.194390	1.229128	0.603836	0.500000
10.695181	1.936145	0.543738	0.500000
3.838012	1.854466	0.540093	0.500000
5.170694	0.672738	1.409920	0.500000
6.168210	8.564858	3.374775	0.500000
0.703361	4.835459	0.698587	0.500000
1.931963	4.641061	0.588579	0.500000
9.264007	8.327406	1.183388	0.500000
5.965600	7.911393	1.785824	0.500000
4.479885	5.984385	1.682347	0.500000
6.800875	5.900956	3.492565	0.500000
1.634172	5.230758	2.546281	0.500000
4.326124	8.778126	0.790302	0.500000
3.003717	6.948355	2.586341	0.500000
3.400161	7.705763	0.727212	0.500000
5.677062	4.154741	2.425808	0.500000
4.761239	4.498220	0.505268	0.500000
6.668946	3.882234	2.355045	0.500000
7.405149	4.843952	1.021635	0.500000
9.538018	4.528434	1.395889	0.500000
8.322843	7.727056	1.637978	0.500000
10.463064	4.640250	0.846343	0.500000
0.709995	2.848646	0.548118	0.500000
0.174885	8.529035	2.294342	0.500000
7.015879	6.691802	0.540994	0.500000
3.843058	6.891549	1.499943	0.500000
4.817351	7.218831	1.568411	0.500000
3.304008	8.934254	2.581416	0.500000
9.600563	5.135101	0.501014	0.500000
7.333026	9.863220	2.529073	0.500000
8.064515	6.707862	0.593397	0.500000
8.642510	6.483423	1.548565	0.500000
10.622195	6.709967	1.741982	0.500000
4.511276	4.508932	2.597055	0.500000
10.103578	8.156316	1.758288	0.500000
3.102621	0.450031	3.453764	0.500000
7.256407	1.802011	2.322277	0.500000
5.355887	9.303174	0.608398	0.500000
0.631708	9.259427	0.547890	0.500000
10.015362	10.205582	3.339572	0.500000
1.758950	9.768500	0.549708	0.500000
5.553174	5.316515	0.736049	0.500000
0.938344	7.669681	0.616484	0.500000
10.240774	0.108924	2.233969	0.500000
1.671641	7.300425	2.566293	0.500000
10.645929	2.921791	1.660254	0.500000
2.916626	0.131929	2.401186	0.500000
4.082971	3.768763	0.599121	0.500000
2.655835	6.986597	0.544878	0.500000
7.153852	3.587926	3.434474	0.500000
8.895857	7.275383	0.695781	0.500000
8.476012	8.526430	0.551538	0.500000
5.957365	9.085908	1.529295	0.500000
1.465491	4.554021	1.584062	0.500000
2.219474	2.545116	3.425973	0.500000
2.428203	3.387779	0.638240	0.500000
5.268033	10.328859	0.544368	0.500000
8.178139	2.224615	2.612520	0.500000
4.518398	0.869860	3.055665	0.500000
9.529078	9.966079	0.661791	0.500000
9.078061	9.427875	1.480664	0.500000
7.836318	3.973843	0.517228	0.500000
2.530926	10.380417	1.537353	0.500000
2.108500	5.741228	3.408428	0.500000
5.210477	4.371206	3.358527	0.500000
2.193675	0.966163	0.525697	0.500000
4.491901	5.511841	0.673977	0.500000
7.852262	7.708202	0.583052	0.500000
5.188012	2.039917	2.065056	0.500000
0.489213	1.487695	2.266002	0.500000
9.879003	1.201805	0.552546	0.500000
10.436846	3.367603	3.471462	0.500000
3.683018	1.239671	2.575784	0.500000
10.215740	2.379343	2.481636	0.500000
4.085051	4.036756	3.488908	0.500000
6.814579	3.295518	1.440737	0.500000
7.290146	8.881058	0.547332	0.500000
7.503956	2.630644	3.393270	0.500000
7.338230	1.759332	0.528923	0.500000
0.885048	2.382956	2.496252	0.500000
6.853198	2.818422	2.325324	0.500000
9.739999	2.271865	0.565406	0.500000
0.536497	1.957515	1.372679	0.500000
4.787035	4.998787	1.614910	0.500000
3.328542	5.338323	3.263111	0.500000
1.850144	2.122685	2.546971	0.500000
6.529062	6.575627	2.509602	0.500000
4.195977	2.913700	3.373920	0.500000
5.986199	3.746841	3.492293	0.500000
3.899151	2.396609	2.541826	0.500000
7.098517	0.263489	0.555876	0.500000
4.096855	6.852804	0.501865	0.500000
6.153550	3.296656	0.577397	0.500000
7.958522	1.487015	1.567944	0.500000
0.633735	6.067110	0.573002	0.500000
4.090589	7.985032	1.399825	0.500000
5.104301	6.243976	2.426492	0.500000
3.941015	4.422039	1.418635	0.500000
2.160103	4.269575	2.515599	0.500000
3.221044	2.442076	3.499536	0.500000
5.043269	2.822506	1.420240	0.500000
10.529219	5.370042	1.829673	0.500000
9.304747	8.402780	3.452105	0.500000
3.192419	3.646943	1.399888	0.500000
2.901601	7.545742	3.470300	0.500000
1.391588	7.624363	1.644200	0.500000
5.744451	7.430584	0.777985	0.500000
3.246247	9.948678	2.122757	0.500000
6.813901	7.590061	3.464428	0.500000
10.286315	1.981378	1.547345	0.500000
7.639495	6.672159	1.545043	0.500000
3.189147	5.176701	1.367605	0.500000
8.562580	7.169804	2.440188	0.500000
10.477234	9.457588	2.465859	0.500000
0.103992	8.332812	0.595334	0.500000
2.558622	5.985267	2.546257	0.500000
5.208030	8.375998	1.257768	0.500000
5.559846	8.774688	2.514873	0.500000
9.893968	3.429168	2.389390	0.500000
7.740527	6.254541	2.456935	0.500000
9.030871	2.938009	2.550148	0.500000
1.870082	2.480093	0.507183	0.500000
0.573266	6.389050	2.619700	0.500000
10.031818	7.692082	0.503989	0.500000
9.540767	9.925709	2.428804	0.500000
2.680744	9.312248	1.415231	0.500000
10.141901	3.728509	1.199201	0.500000
4.565633	7.896944	3.305914	0.500000
1.420276	10.602387	2.646318	0.500000
7.793659	7.817494	3.442919	0.500000
6.026257	0.218671	0.534624	0.500000
6.986623	1.057072	1.557350	0.500000
10.467922	5.642414	0.678171	0.500000
4.672628	5.269088	3.426066	0.500000
2.292266	10.031575	2.509946	0.500000
9.854513	8.836119	0.536006	0.500000
6.974921	9.277666	1.571648	0.500000
5.617988	10.079311	1.462767	0.500000
4.476591	7.021377	2.608917	0.500000
6.854652	7.705523	0.508265	0.500000
7.619250	0.189424	1.431390	0.500000
1.096402	0.852691	1.607284	0.500000
0.855915	9.251399	2.442181	0.500000
10.013609	6.688613	0.605852	0.500000
2.561726	8.786846	0.553098	0.500000
1.570946	6.254151	2.570866	0.500000
6.093076	1.668633	2.819394	0.500000
7.185916	2.909850	0.526797	0.500000
1.716104	9.421038	3.260136	0.500000
1.563552	1.626897	3.431626	0.500000
8.691887	2.618244	3.454479	0.500000
7.420214	0.610539	3.303115	0.500000
4.170144	9.803443	2.540888	0.500000
3.266920	10.114353	3.223444	0.500000
2.650820	4.513140	3.415488	0.500000
2.160073	0.808464	3.211562	0.500000
6.206816	2.448461	1.526155	0.500000
5.003638	9.284680	1.755266	0.500000
3.124209	8.335819	1.792459	0.500000
4.299576	8.775168	2.525775	0.500000
5.553377	7.749836	3.449192	0.500000
10.208745	1.160988	2.510236	0.500000
0.369241	0.048010	1.232155	0.500000
0.832183	3.669427	1.857543	0.500000
2.036901	0.453684	1.987657	0.500000
0.991950	10.175882	3.453452	0.500000
7.743356	0.714887	2.348902	0.500000
8.207887	1.666418	3.485548	0.500000
5.201639	1.758199	3.439261	0.500000
6.892923	10.670094	2.126676	0.500000
8.718823	8.377947	2.299522	0.500000
7.707912	8.899469	2.499857	0.500000
1.431372	10.508148	1.385362	0.500000
1.001809	5.460364	3.447166	0.500000
10.301000	6.152640	2.629229	0.500000
2.957823	1.475504	3.482424	0.500000
2.890741	2.234246	2.486556	0.500000
4.138569	9.978522	0.560338	0.500000
10.234402	9.107291	1.426525	0.500000
10.486995	10.103076	1.605822	0.500000
0.357440	10.239467	2.426239	0.500000
1.127405	2.608673	3.485057	0.500000
3.820735	3.392760	2.473130	0.500000
6.609286	10.366799	1.167700	0.500000
1.042337	4.315970	2.726572	0.500000
9.430743	7.105724	1.532183	0.500000
0.548377	1.407715	3.434549	0.500000
6.423775	2.663276	3.252191	0.500000
7.456296	6.716209	3.340846	0.500000
9.572768	2.734523	1.712810	0.500000
4.876431	3.434547	2.675983	0.500000
9.204164	3.237882	0.509765	0.500000
8.354382	2.629289	0.516269	0.500000
1.418657	6.734109	0.628265	0.500000
1.522377	3.236567	2.648782	0.500000
2.501141	7.986181	2.514861	0.500000
4.162321	0.942978	1.232128	0.500000
5.181519	9.799204	2.601539	0.500000
9.839806	2.473561	3.474967	0.500000
7.693397	7.759489	2.424788	0.500000
0.072300	2.391641	3.284180	0.500000
7.906886	0.902736	0.561963	0.500000
1.428162	1.098456	2.555823	0.500000
8.975346	5.666505	3.353568	0.500000
2.935202	4.263523	0.573582	0.500000
5.957572	10.667533	2.529824	0.500000
7.480704	5.029080	2.207574	0.500000
7.191408	8.697113	3.392522	0.500000
9.095519	6.252849	0.621754	0.500000
5.210793	8.915773	3.452483	0.500000
6.054122	8.398173	0.511278	0.500000
7.968184	3.246624	1.257189	0.500000
9.582544	5.244434	2.554336	0.500000
0.631374	0.487903	2.522312	0.500000
9.889667	6.078628	1.413188	0.500000
3.982136	9.383379	1.533664	0.500000
4.621076	10.011138	3.416291	0.500000
2.045608	8.368646	3.460104	0.500000
8.284714	8.719983	3.354485	0.500000
3.700807	10.775596	1.018694	0.500000
3.095154	0.711420	1.591911	0.500000
9.264975	3.490296	3.382931	0.500000
5.824297	3.620918	1.537487	0.500000
8.805036	4.260640	0.502423	0.500000
0.080589	8.244754	3.461406	0.500000
2.000276	7.812970	0.694927	0.500000
4.046992	6.089242	3.488057	0.500000
3.888921	9.294790	3.390561	0.500000
6.533702	8.578410	2.319312	0.500000
4.795165	7.697550	0.609631	0.500000
6.211036	6.179369	0.968788	0.500000
0.184622	7.603420	1.429026	0.500000
2.012843	10.463178	3.498314	0.500000
3.217494	0.900546	0.612537	0.500000
3.065004	10.136332	0.522680	0.500000
10.445922	7.460919	2.471477	0.500000
0.296440	3.250292	2.645929	0.500000
3.404872	8.418762	3.449061	0.500000
10.056092	7.468075	3.463720	0.500000
9.170626	0.346024	0.637053	0.500000
10.251518	1.551827	3.434060	0.500000
5.687147	6.750838	1.738595	0.500000
7.093706	8.284758	1.385644	0.500000
2.049814	6.724525	1.532847	0.500000
4.936682	6.704128	3.473728	0.500000
6.530959	7.105697	1.311906	0.500000
8.212917	3.556499	3.493232	0.500000
4.044936	0.081355	3.498522	0.500000
6.668647	0.875819	2.534437	0.500000
6.968798	1.727695	3.343066	0.500000
9.197946	1.428265	3.474961	0.500000
9.634336	0.441347	3.202749	0.500000
10.060450	9.105219	3.490527	0.500000
2.723277	9.273903	3.378244	0.500000
3.840808	5.138920	2.184268	0.500000
0.466126	4.646423	1.653646	0.500000
4.761258	3.763394	1.686917	0.500000
9.316775	1.942069	2.587195	0.500000
8.532815	5.578033	2.404380	0.500000
7.551291	4.094068	1.856912	0.500000
9.324906	1.562325	1.616053	0.500000
8.917037	1.592754	0.522904	0.500000
10.420216	4.365521	2.212304	0.500000
8.512987	9.634585	2.577498	0.500000
5.287909	0.234814	3.441882	0.500000
2.002023	3.697552	3.429843	0.500000
5.558758	5.929926	3.267187	0.500000
7.719193	3.310238	2.610956	0.500000
8.005757	5.555444	1.470808	0.500000
6.963938	5.671458	1.470300	0.500000
2.761752	1.956832	0.720509	0.500000
10.683684	0.170548	3.200490	0.500000
0.719409	8.506872	1.409196	0.500000
0.806737	3.584692	3.457516	0.500000
3.507254	4.317129	2.720835	0.500000
9.074793	5.428362	1.375143	0.500000
1.905017	3.370085	1.646572	0.500000
8.957459	10.409393	3.218874	0.500000
5.289526	2.933811	3.437360	0.500000
8.577262	2.388481	1.582424	0.500000
6.276321	0.895314	3.476727	0.500000
0.158789	4.677239	3.184988	0.500000
0.655508	9.771793	1.455577	0.500000
2.037805	5.434550	1.617242	0.500000
8.459772	4.654844	1.710552	0.500000
0.282844	7.246755	3.462109	0.500000
4.589519	1.227925	2.094386	0.500000
5.508975	5.159995	2.608151	0.500000
3.087922	3.492068	3.397883	0.500000
8.056022	9.132789	1.476273	0.500000
8.946118	3.650106	1.592674	0.500000
8.992528	7.443060	3.466959	0.500000
6.688226	7.568826	2.411845	0.500000
1.628913	4.650710	3.479474	0.500000
1.147485	0.602210	3.442758	0.500000
5.706093	9.948154	3.471512	0.500000
2.924021	6.234849	1.543525	0.500000
6.128956	6.829794	3.490105	0.500000
2.152511	6.798278	3.304654	0.500000
1.999302	1.370295	1.432337	0.500000
0.921898	5.711919	1.518828	0.500000
1.298680	7.521397	3.479956	0.500000
9.005480	4.609317	3.405400	0.500000
1.452456	8.410862	2.582062	0.500000
0.729916	7.689480	2.585776	0.500000
1.190079	6.484995	3.492932	0.500000
1.025534	8.710555	3.458853	0.500000
6.259018	5.015586	3.449474	0.500000
6.552999	5.485159	2.484850	0.500000
10.037292	5.474260	3.436018	0.500000
7.252166	4.575835	3.263082	0.500000
5.818213	5.555268	1.700595	0.500000
2.822984	5.013653	2.367825	0.500000
9.973917	4.258095	3.319458	0.500000
2.288466	8.979341	2.464647	0.500000
3.957172	1.640547	3.467209	0.500000
3.676581	6.206865	2.242522	0.500000
5.588862	7.098046	2.683083	0.500000
3.800394	7.075227	3.443626	0.500000
7.765228	5.457337	3.371630	0.500000
10.570030	9.847115	0.636269	0.500000
6.552504	5.021189	0.510988	0.500000
0.075570	6.061990	3.490948	0.500000
3.068495	6.340887	3.493889	0.500000
9.065793	9.388513	3.477465	0.500000
6.417670	9.378015	0.614694	0.500000
8.075247	10.117147	1.720455	0.500000
7.782463	9.593298	3.493022	0.500000
6.727314	9.632778	3.424542	0.500000
6.736901	10.674278	3.458126	0.500000
6.253001	9.695685	2.398210	0.500000
8.367963	5.445133	0.543202	0.500000
9.450236	7.680020	2.578074	0.500000
9.643083	0.576608	1.489665	0.500000
0.203231	9.537871	3.345602	0.500000
0.178333	7.022564	0.526825	0.500000
4.795816	10.749201	2.473661	0.500000
4.841105	7.944385	2.272698	0.500000
5.783744	2.833981	2.394241	0.500000
8.445615	6.533717	3.212774	0.500000
8.145782	4.272283	2.764678	0.500000
8.536812	0.668032	3.276918	0.500000
7.888749	10.560419	3.008540	0.500000
