200

10.006874	9.982619	1.816302	0.500000
8.792626	5.689493	1.933601	0.500000
8.064047	0.467159	0.710100	0.500000
3.296104	5.835601	1.228332	0.500000
3.683954	9.222822	0.513160	0.500000
1.499389	7.839743	1.607954	0.500000
3.949289	1.522772	0.508055	0.500000
7.131463	2.588010	1.987994	0.500000
0.985216	6.859138	1.152009	0.500000
0.125494	6.699816	0.512278	0.500000
4.848502	6.467563	1.280671	0.500000
2.918311	7.310360	0.713603	0.500000
1.664768	4.252590	1.134585	0.500000
3.031703	1.128548	1.881952	0.500000
0.073175	1.133982	1.970423	0.500000
6.504508	9.536965	0.542199	0.500000
6.413773	2.548517	0.502715	0.500000
7.826246	9.932070	1.957773	0.500000
3.544126	9.529067	1.951562	0.500000
4.450426	4.635272	0.854060	0.500000
6.985091	0.262107	0.527901	0.500000
9.019657	1.990164	0.820265	0.500000
9.010855	2.567943	1.921758	0.500000
3.162953	4.235960	0.598647	0.500000
2.151518	1.933219	1.734658	0.500000
3.022645	2.827546	1.891923	0.500000
4.307125	2.569146	0.520725	0.500000
6.682916	4.776976	0.519779	0.500000
5.574893	3.781877	0.570151	0.500000
2.091854	3.553794	0.516548	0.500000
8.181297	2.779418	1.230899	0.500000
4.138597	5.165710	1.740132	0.500000
5.377827	7.747601	1.472097	0.500000
7.662423	5.486356	1.999992	0.500000
2.978092	3.867073	1.946012	0.500000
0.703413	8.436625	1.774400	0.500000
1.943088	7.051797	0.779594	0.500000
8.157450	1.814219	1.634030	0.500000
7.013384	7.735371	0.529486	0.500000
3.706635	0.340164	1.611530	0.500000
2.713956	8.910408	1.984226	0.500000
0.325050	6.016553	1.289977	0.500000
0.093665	3.551806	1.065163	0.500000
1.636484	9.826128	1.933912	0.500000
1.871231	6.093432	1.167144	0.500000
9.332456	3.092860	0.531790	0.500000
1.099677	6.063827	0.529766	0.500000
1.182953	3.130204	0.524650	0.500000
10.084593	4.451860	0.686884	0.500000
4.093531	4.081959	1.870295	0.500000
0.884647	3.781999	1.744459	0.500000
0.066996	2.546788	0.590724	0.500000
2.486941	7.596417	1.852231	0.500000
5.915918	3.100280	1.234737	0.500000
0.415046	8.667592	0.566933	0.500000
6.884146	9.933787	1.516221	0.500000
4.858675	7.530473	0.514609	0.500000
6.590855	6.731241	0.518755	0.500000
7.288672	2.114808	1.002756	0.500000
5.588008	4.809693	0.531081	0.500000
1.653477	1.093549	0.757830	0.500000
9.110505	6.068092	0.935392	0.500000
9.915279	7.902475	0.587227	0.500000
4.050494	6.194327	0.632759	0.500000
8.090987	1.615974	0.586476	0.500000
9.670281	7.922265	1.922522	0.500000
7.612405	3.579531	1.793297	0.500000
7.713152	4.481729	0.722533	0.500000
3.664039	1.960047	1.974141	0.500000
3.249255	4.781781	1.465838	0.500000
4.268352	7.912438	1.265257	0.500000
6.011768	4.489539	1.430293	0.500000
3.997132	0.467159	0.639424	0.500000
1.366956	4.773696	1.948925	0.500000
0.207587	5.270994	1.997766	0.500000
4.618533	0.133639	1.966204	0.500000
6.166639	0.756732	1.845265	0.500000
3.610047	8.345164	1.960143	0.500000
7.900952	6.504703	1.910593	0.500000
8.208294	7.580861	0.584591	0.500000
1.138732	2.785938	1.944318	0.500000
1.921307	3.714280	1.992160	0.500000
3.939462	3.522271	0.592635	0.500000
1.745015	8.810974	1.605951	0.500000
4.939418	5.735974	0.514149	0.500000
0.236213	9.848529	0.632079	0.500000
10.045739	8.879885	1.343941	0.500000
0.621879	1.373596	0.618744	0.500000
9.248897	4.437625	1.787257	0.500000
9.049513	7.917475	1.104681	0.500000
2.670333	6.193780	0.517526	0.500000
4.486528	7.179526	1.948514	0.500000
6.352166	8.521185	0.990347	0.500000
6.181709	9.236666	1.869688	0.500000
8.797832	1.016361	1.146476	0.500000
4.419622	9.404536	1.474618	0.500000
5.345513	2.416249	0.602045	0.500000
6.482990	1.537060	0.827451	0.500000
5.553186	10.172822	1.639868	0.500000
0.730198	7.713647	0.637664	0.500000
7.460398	3.048694	0.566235	0.500000
5.826949	7.813657	0.508048	0.500000
3.376590	2.405802	1.053097	0.500000
10.048694	0.488475	1.036895	0.500000
2.379987	5.107199	1.929363	0.500000
8.941250	9.997290	1.690877	0.500000
1.300621	5.787777	1.975046	0.500000
5.082833	5.432127	1.472537	0.500000
7.325085	8.962470	0.554449	0.500000
4.812385	3.247719	1.084809	0.500000
9.727988	6.266187	1.822047	0.500000
8.234198	4.495633	1.779005	0.500000
1.356614	1.992348	1.115506	0.500000
2.679313	10.225555	1.964238	0.500000
8.329770	5.311790	1.077696	0.500000
5.554119	6.790012	0.634994	0.500000
7.226989	4.579481	1.969003	0.500000
9.045362	0.099231	0.747767	0.500000
9.812529	1.355877	0.538401	0.500000
9.430102	0.631390	1.931533	0.500000
3.417714	7.090772	1.789286	0.500000
9.370227	9.362165	0.737276	0.500000
8.492144	3.674431	0.721041	0.500000
4.066257	2.892002	1.691883	0.500000
5.444721	3.635292	1.976456	0.500000
1.557223	8.384005	0.687651	0.500000
9.223439	8.921994	1.949493	0.500000
6.560661	3.807760	1.960542	0.500000
6.867071	6.683642	1.893958	0.500000
0.031398	4.283022	1.906527	0.500000
8.433528	8.145771	1.951094	0.500000
6.322502	7.408523	1.310307	0.500000
9.043018	4.574800	0.665180	0.500000
0.841340	4.094740	0.530383	0.500000
1.581636	5.061283	0.511137	0.500000
9.443448	1.655965	1.750825	0.500000
7.165106	0.661771	1.527836	0.500000
9.910036	7.130900	1.300494	0.500000
2.854483	1.590684	0.693695	0.500000
2.975730	3.330133	0.991047	0.500000
0.621113	5.018006	1.043009	0.500000
1.112962	0.437239	1.617157	0.500000
5.466866	9.289837	0.925870	0.500000
2.707118	0.601481	0.640459	0.500000
0.943998	1.632718	1.992610	0.500000
4.313286	1.095394	1.869676	0.500000
5.181830	2.627130	1.915903	0.500000
1.944555	10.201936	1.042557	0.500000
9.614469	5.275871	1.363442	0.500000
9.829678	3.194298	1.988797	0.500000
2.604064	5.100135	0.605116	0.500000
2.630835	6.143435	1.967027	0.500000
2.093554	0.837752	1.683660	0.500000
3.002182	9.847177	1.087800	0.500000
5.456315	1.311166	0.536682	0.500000
4.013488	6.216418	1.843019	0.500000
7.078157	8.731305	1.788977	0.500000
7.436871	5.745675	0.562163	0.500000
0.376790	6.842696	1.988708	0.500000
8.641446	3.517418	1.875464	0.500000
7.722578	8.232557	1.184158	0.500000
4.988236	4.534476	1.948445	0.500000
3.909959	7.184682	0.597770	0.500000
8.162641	0.831181	1.989759	0.500000
2.331434	9.355913	0.523980	0.500000
5.321382	1.512535	1.982133	0.500000
7.164288	7.678567	1.927279	0.500000
6.934160	1.593297	1.992027	0.500000
3.516669	8.111158	0.614647	0.500000
8.321876	8.690490	0.514030	0.500000
6.165872	5.651084	0.510076	0.500000
9.144084	7.014373	0.515178	0.500000
4.617478	8.721937	0.545781	0.500000
6.205980	8.199086	1.955770	0.500000
2.419174	2.476317	0.517989	0.500000
4.969578	0.505574	0.947019	0.500000
8.264280	9.076118	1.613725	0.500000
8.282134	6.471635	0.503426	0.500000
2.037017	2.916895	1.399468	0.500000
3.704221	5.232119	0.522181	0.500000
4.685710	8.575817	1.991022	0.500000
5.946685	0.218225	0.555613	0.500000
1.297739	9.529650	0.586831	0.500000
0.750452	9.448658	1.557325	0.500000
5.663467	6.924480	1.970717	0.500000
6.167340	2.180725	1.642620	0.500000
8.795201	6.899554	1.567736	0.500000
6.818830	5.343329	1.358879	0.500000
10.077934	5.580077	0.505495	0.500000
8.165229	9.679933	0.605111	0.500000
1.725935	6.807023	1.990093	0.500000
2.645515	8.295408	1.081074	0.500000
0.992449	0.269011	0.551830	0.500000
6.070073	6.211925	1.336308	0.500000
7.450678	6.874411	1.018240	0.500000
4.706819	1.860753	1.262439	0.500000
4.540180	9.842093	0.546449	0.500000
0.076538	2.276950	1.832582	0.500000
6.909260	3.903329	1.002341	0.500000
5.985353	5.400311	1.918254	0.500000
