200

0.122363	9.573708	1.337714	0.500000
1.191101	2.375616	0.539942	0.500000
9.702094	1.223675	0.720259	0.500000
0.757821	9.811832	0.579243	0.500000
2.257086	9.243493	1.517610	0.500000
9.991711	7.803531	0.728652	0.500000
5.202328	9.004906	1.954974	0.500000
8.883377	9.594054	1.109190	0.500000
9.458400	8.748852	0.640268	0.500000
0.268516	8.666249	0.675839	0.500000
10.103967	8.588385	1.627902	0.500000
9.099437	6.620637	1.967495	0.500000
3.850590	7.443354	0.589715	0.500000
4.408110	0.645395	1.912755	0.500000
1.979932	7.857331	0.531580	0.500000
6.717552	9.354449	1.244122	0.500000
8.441098	1.268268	0.790985	0.500000
8.958035	0.418915	0.568639	0.500000
6.769129	1.639953	0.533091	0.500000
1.954319	3.124703	0.785556	0.500000
7.484594	9.559955	0.590264	0.500000
9.721021	0.169546	1.461549	0.500000
0.553081	1.336276	0.512468	0.500000
9.965493	3.158367	1.775390	0.500000
1.565099	2.131928	1.830726	0.500000
4.294335	2.492618	0.502482	0.500000
7.876204	0.824144	1.823227	0.500000
4.651264	5.146302	1.965718	0.500000
6.745710	7.796208	1.542062	0.500000
8.201606	2.898717	1.479798	0.500000
9.136528	2.209934	0.771372	0.500000
6.026784	8.229730	0.607131	0.500000
2.327323	2.224985	0.532966	0.500000
7.025355	2.630103	0.579084	0.500000
4.386935	0.371724	0.898506	0.500000
9.936367	1.904336	1.499689	0.500000
4.411545	6.138921	1.938569	0.500000
8.713977	5.595552	0.610276	0.500000
7.325780	10.098529	1.899787	0.500000
8.719436	0.165413	1.820543	0.500000
0.820162	3.251423	1.137151	0.500000
0.562845	0.228984	1.925121	0.500000
3.903409	3.523332	1.802837	0.500000
4.197843	3.709240	0.690194	0.500000
2.963443	4.304666	1.948431	0.500000
7.605750	1.786670	1.148221	0.500000
2.554312	5.986781	1.636528	0.500000
6.507203	0.182992	1.029678	0.500000
9.652926	4.544620	1.985227	0.500000
7.402602	4.932936	1.989560	0.500000
9.623923	4.104585	1.023696	0.500000
3.538950	5.624615	1.952532	0.500000
0.407540	7.523268	1.963088	0.500000
5.205738	3.826090	0.659990	0.500000
0.832852	1.164368	1.490957	0.500000
8.528091	3.569492	0.519958	0.500000
5.465777	3.497433	1.912690	0.500000
7.829980	6.063047	0.672949	0.500000
6.155042	3.878418	1.073894	0.500000
2.223081	4.767540	0.506577	0.500000
5.799322	4.663995	0.558011	0.500000
0.446454	6.930523	0.524789	0.500000
1.600173	7.243453	1.558774	0.500000
1.489002	5.479378	1.031202	0.500000
8.564883	7.474058	1.915008	0.500000
2.868098	7.608185	1.065152	0.500000
6.932546	6.443793	1.945906	0.500000
6.385265	5.384351	1.955065	0.500000
7.115564	3.656181	0.651316	0.500000
5.502629	8.031503	1.961038	0.500000
2.927567	5.144664	1.130351	0.500000
9.052492	3.596975	1.951020	0.500000
6.820242	1.718109	1.932116	0.500000
3.766320	8.495583	0.750781	0.500000
3.813310	4.692955	1.561707	0.500000
6.093967	6.904239	1.422683	0.500000
4.825606	8.645575	0.623446	0.500000
4.941267	9.622485	1.164764	0.500000
8.345973	8.898025	0.621810	0.500000
0.384053	6.019878	0.962202	0.500000
3.650523	6.123317	0.971037	0.500000
2.358509	5.778567	0.531995	0.500000
4.708753	4.699973	0.517490	0.500000
2.620708	8.692952	0.649446	0.500000
6.374308	4.305098	1.970145	0.500000
7.415252	0.676516	0.648053	0.500000
7.795348	7.679059	0.576486	0.500000
1.376942	4.301163	0.868581	0.500000
0.583497	2.427215	1.930376	0.500000
7.994752	0.018159	1.147059	0.500000
2.639315	2.118688	1.757285	0.500000
6.104975	3.020869	0.505666	0.500000
4.812827	7.723781	1.031090	0.500000
3.492493	6.638272	1.923873	0.500000
5.212420	0.013453	1.898250	0.500000
4.303866	9.624496	1.960075	0.500000
5.499700	0.287114	0.506684	0.500000
6.230503	5.489746	0.969895	0.500000
3.377758	7.897145	1.933017	0.500000
8.408641	6.842860	1.046425	0.500000
1.834368	1.162510	1.971987	0.500000
0.899756	9.186558	1.900286	0.500000
4.873643	1.228638	0.511172	0.500000
2.962740	3.209408	0.855710	0.500000
2.341732	0.081451	1.996820	0.500000
2.824737	1.058479	1.817812	0.500000
2.316796	0.497369	0.998677	0.500000
4.154860	9.520246	0.502436	0.500000
8.169659	1.960425	1.984007	0.500000
6.704622	0.650638	1.936251	0.500000
9.695607	9.788968	0.522136	0.500000
8.802225	4.534002	0.501877	0.500000
10.121197	2.234670	0.503171	0.500000
3.408818	0.599489	1.087318	0.500000
5.668954	7.276195	0.578698	0.500000
1.336330	0.484209	0.504823	0.500000
9.691246	5.000324	0.500064	0.500000
7.323226	2.702015	1.925358	0.500000
9.542719	3.130259	0.565305	0.500000
9.146405	2.545941	1.962694	0.500000
3.440615	0.089733	1.950100	0.500000
6.315708	9.897568	1.983484	0.500000
3.508802	2.622468	1.481539	0.500000
1.744017	1.479424	0.974761	0.500000
5.876534	1.196815	0.757554	0.500000
5.487460	2.201515	1.896184	0.500000
8.884094	8.538834	1.985396	0.500000
5.631137	0.975977	1.989123	0.500000
7.942952	8.340021	1.362555	0.500000
5.570003	4.879833	1.546560	0.500000
8.881952	7.866038	1.041918	0.500000
8.649679	4.649003	1.893661	0.500000
1.544956	6.162924	1.972905	0.500000
3.253290	4.212067	0.609520	0.500000
0.618835	6.543641	1.975611	0.500000
7.216451	3.700929	1.984596	0.500000
4.725892	4.184570	1.472438	0.500000
7.817176	4.999483	0.654928	0.500000
2.765625	3.291566	1.870054	0.500000
2.819704	1.276789	0.514863	0.500000
3.772111	1.507225	0.820456	0.500000
8.981358	1.236732	1.765327	0.500000
2.536108	6.781393	0.588435	0.500000
1.530531	4.277968	1.899536	0.500000
5.294702	2.211211	0.594594	0.500000
5.529416	5.988431	1.761324	0.500000
8.196482	2.518557	0.517913	0.500000
0.487488	3.964126	1.866453	0.500000
7.919052	4.057016	1.257562	0.500000
9.237101	5.321615	1.440471	0.500000
1.647090	3.227870	1.772590	0.500000
1.014060	7.935087	0.816290	0.500000
6.836515	4.657072	0.738494	0.500000
2.296223	4.003685	1.186667	0.500000
4.818494	3.025325	1.183477	0.500000
5.185690	6.999350	1.854570	0.500000
8.022051	6.634263	1.999124	0.500000
0.874941	5.384685	1.840384	0.500000
0.742800	5.007526	0.502451	0.500000
0.121634	4.770054	1.288228	0.500000
7.414636	6.913708	1.180161	0.500000
1.392839	8.271935	1.862089	0.500000
2.558809	7.088166	1.912149	0.500000
6.809741	6.339826	0.603286	0.500000
0.071293	0.372596	0.648684	0.500000
5.539283	6.177324	0.629980	0.500000
4.236395	7.385939	1.891224	0.500000
4.577618	6.741866	1.004034	0.500000
9.604522	7.790170	1.994729	0.500000
1.477757	6.471885	0.514730	0.500000
4.438074	2.397817	1.947000	0.500000
10.036565	5.748503	1.909028	0.500000
4.108210	8.620483	1.991155	0.500000
1.467525	9.993379	1.602664	0.500000
2.040396	9.613811	0.506045	0.500000
4.877409	1.449374	1.525686	0.500000
7.114892	8.434630	0.795186	0.500000
7.161549	5.673714	1.339455	0.500000
2.237727	5.078414	1.983139	0.500000
6.190339	2.214258	1.114693	0.500000
9.987354	6.762117	1.267192	0.500000
3.450755	9.264443	1.501407	0.500000
3.788030	5.106181	0.599444	0.500000
1.319076	8.922985	0.657391	0.500000
6.356195	8.694357	1.990349	0.500000
4.678611	5.653036	1.001720	0.500000
8.169306	9.505609	1.858599	0.500000
8.244990	5.623702	1.605290	0.500000
9.688612	6.140499	0.504458	0.500000
9.544903	9.419046	1.946600	0.500000
9.252401	7.093024	0.510563	0.500000
2.413562	8.244872	1.850013	0.500000
3.707627	1.512293	1.978655	0.500000
3.121043	9.710555	0.621520	0.500000
5.668659	9.202467	0.510224	0.500000
7.338382	8.898493	1.996644	0.500000
9.967243	0.991922	1.980834	0.500000
0.389810	3.998968	0.540200	0.500000
6.359852	2.993106	1.977357	0.500000
6.675337	7.376546	0.551948	0.500000
