200

0.171231	9.353852	0.976895	0.500000
9.351402	4.862522	1.939963	0.500000
8.887541	1.504891	1.854392	0.500000
5.058293	6.273434	1.933952	0.500000
2.036274	9.406734	0.837476	0.500000
2.922860	7.564924	0.540866	0.500000
5.076770	9.985857	1.158056	0.500000
7.482598	2.690604	0.714160	0.500000
1.815834	7.188387	0.618097	0.500000
0.821408	8.442326	1.370513	0.500000
3.589888	6.811488	0.965379	0.500000
3.935615	6.857536	1.959212	0.500000
1.919617	3.914941	0.812621	0.500000
4.156640	1.410521	1.997086	0.500000
0.351442	0.042735	0.573439	0.500000
8.011251	8.971498	0.743221	0.500000
8.021575	1.704202	0.835220	0.500000
8.985410	0.702884	1.155929	0.500000
3.096956	0.470798	1.986534	0.500000
3.786258	2.381355	0.526853	0.500000
7.857938	9.336606	1.988900	0.500000
9.757110	2.496371	1.175059	0.500000
9.834974	1.249173	1.575251	0.500000
3.004760	2.934645	1.200899	0.500000
3.084817	1.862480	1.964910	0.500000
3.905604	2.550782	1.894888	0.500000
5.477574	2.240430	0.502994	0.500000
5.933000	3.489524	0.532388	0.500000
6.376370	5.391026	0.827551	0.500000
1.061955	3.338863	1.974264	0.500000
8.557984	2.577189	0.840397	0.500000
5.707643	7.259528	0.832729	0.500000
4.911190	7.289668	1.923591	0.500000
9.720366	5.269348	0.967377	0.500000
4.511153	3.869942	1.928871	0.500000
1.105444	9.908664	1.228860	0.500000
2.713039	6.421686	0.557710	0.500000
7.022600	2.808617	1.852131	0.500000
7.120030	8.362029	0.609536	0.500000
3.850855	0.025510	1.483252	0.500000
2.934966	9.500371	1.937744	0.500000
0.973520	7.558148	1.902859	0.500000
10.215033	3.065049	1.974219	0.500000
2.373248	0.189319	1.272105	0.500000
1.720423	6.087218	0.585971	0.500000
7.885677	4.164376	0.637168	0.500000
0.752446	6.193481	1.948147	0.500000
0.813905	4.140883	1.245329	0.500000
9.741170	4.183773	0.764112	0.500000
5.308807	4.615862	1.984955	0.500000
0.300957	4.791405	0.625733	0.500000
0.610424	2.723437	1.229259	0.500000
2.501851	8.444406	1.762722	0.500000
6.070243	2.015523	1.979748	0.500000
9.938525	0.859950	0.572424	0.500000
7.869494	1.015430	1.821783	0.500000
5.787785	6.219385	0.639242	0.500000
7.330097	5.064807	0.504930	0.500000
6.044307	0.850488	1.920325	0.500000
4.525742	4.088947	0.662236	0.500000
2.331501	2.440241	0.534840	0.500000
0.606673	5.801170	0.685461	0.500000
1.164593	8.972862	0.556301	0.500000
4.791909	6.934780	0.546379	0.500000
7.791484	10.070634	1.034970	0.500000
2.203685	7.358873	1.785822	0.500000
7.667943	4.021314	1.934917	0.500000
8.785107	4.848452	0.624785	0.500000
4.587186	1.734722	0.827481	0.500000
4.329412	5.491330	1.997532	0.500000
3.442020	8.048230	1.875871	0.500000
7.757869	5.170910	1.984896	0.500000
4.630259	0.720331	0.908695	0.500000
2.470010	5.216539	1.939165	0.500000
1.443637	4.476069	1.995066	0.500000
4.920777	2.618694	1.588009	0.500000
6.790381	9.375628	1.967677	0.500000
5.561736	9.053779	1.877380	0.500000
9.123338	6.367263	1.952541	0.500000
9.456149	7.312639	0.541520	0.500000
2.049357	3.611316	1.763435	0.500000
2.836062	4.359289	1.454823	0.500000
3.613723	4.794723	1.936079	0.500000
1.851296	8.323855	1.005947	0.500000
3.554622	4.600995	0.557526	0.500000
8.636277	0.002654	0.511338	0.500000
9.322616	7.480012	1.815466	0.500000
1.323100	1.971270	1.834938	0.500000
10.070589	3.221097	0.534012	0.500000
0.132078	8.386484	0.541234	0.500000
3.352681	5.722772	1.658726	0.500000
4.648477	8.343503	1.972206	0.500000
6.370093	8.584152	1.479858	0.500000
7.425460	7.221024	1.518122	0.500000
7.078979	0.103384	1.743267	0.500000
4.281845	9.637350	0.636945	0.500000
6.915635	0.976551	1.252702	0.500000
4.602251	9.476675	1.970831	0.500000
5.892532	10.000305	1.743749	0.500000
0.423403	9.462093	1.993974	0.500000
7.997477	2.156200	1.983386	0.500000
4.907144	8.956129	1.036761	0.500000
3.746690	0.295532	0.513277	0.500000
0.589762	1.109419	1.864194	0.500000
2.946693	6.587385	1.999457	0.500000
0.102363	0.170345	1.567703	0.500000
2.118160	6.138706	1.518395	0.500000
6.941205	6.334031	0.504823	0.500000
8.690403	9.532079	1.340154	0.500000
6.469515	2.580451	0.815244	0.500000
10.112615	6.522973	1.016377	0.500000
8.556508	4.370825	1.519906	0.500000
0.206789	2.074918	1.909187	0.500000
1.567770	0.292192	0.506201	0.500000
8.208094	5.678561	0.619729	0.500000
5.973292	8.201172	0.578128	0.500000
7.930751	6.449007	1.973577	0.500000
7.618294	0.748983	0.524105	0.500000
9.076294	1.689021	0.822070	0.500000
9.062262	2.617159	1.954174	0.500000
2.897194	8.683570	0.615240	0.500000
8.362020	0.140794	1.949652	0.500000
6.526931	4.369566	0.556523	0.500000
5.526124	4.488466	0.552930	0.500000
5.296164	3.687584	1.284422	0.500000
4.917354	8.039926	0.592733	0.500000
9.656343	9.304145	1.957575	0.500000
7.021473	1.705186	1.930435	0.500000
8.716157	5.475463	1.463972	0.500000
1.301276	4.735297	0.512577	0.500000
8.537173	6.945884	1.341023	0.500000
7.910065	6.727788	0.511895	0.500000
8.791006	3.667535	0.538180	0.500000
0.935656	3.427517	0.543228	0.500000
1.065835	6.792918	1.205486	0.500000
8.207801	3.160578	1.908262	0.500000
6.854855	9.467994	0.501962	0.500000
0.019230	6.912156	1.987675	0.500000
3.955495	3.338813	1.168789	0.500000
3.488422	3.755089	1.975735	0.500000
1.479723	5.371774	1.420971	0.500000
9.378789	0.041234	1.904436	0.500000
5.852022	6.890658	1.835431	0.500000
2.996316	1.774999	0.880480	0.500000
1.879056	1.201285	0.834220	0.500000
3.552119	0.997184	1.205363	0.500000
6.885638	3.501381	0.924697	0.500000
1.126796	1.968138	0.502907	0.500000
10.232923	4.229611	1.969115	0.500000
0.597940	5.150427	1.843062	0.500000
2.260995	4.998504	0.796806	0.500000
4.292214	4.947982	1.147302	0.500000
2.834167	0.749595	0.516422	0.500000
2.339025	1.179886	1.935862	0.500000
5.582493	0.685188	0.534256	0.500000
5.151017	5.411250	0.841011	0.500000
6.577149	7.620054	1.952840	0.500000
9.130983	6.129471	0.740746	0.500000
0.069518	8.154679	1.990106	0.500000
9.321504	3.604482	1.788267	0.500000
8.885485	8.163665	0.535816	0.500000
3.355452	5.613077	0.643963	0.500000
4.443180	6.102844	1.114455	0.500000
5.155052	1.575387	1.912725	0.500000
1.557617	8.767306	1.994085	0.500000
5.888660	3.007225	1.987056	0.500000
7.179224	5.717682	1.329462	0.500000
5.001436	0.537503	1.904365	0.500000
3.673952	9.041501	1.390271	0.500000
9.599646	8.289483	1.225148	0.500000
6.751232	4.788861	1.892241	0.500000
0.049798	7.540443	1.125450	0.500000
4.170165	7.749483	1.232796	0.500000
7.963984	7.718759	0.688023	0.500000
1.587000	2.927259	1.159373	0.500000
6.029598	1.515096	0.937171	0.500000
7.445299	8.472413	1.550698	0.500000
10.000800	5.858223	1.903434	0.500000
2.356402	2.575399	1.882008	0.500000
2.928999	3.766147	0.612965	0.500000
5.627238	8.012278	1.912858	0.500000
5.840935	9.357396	0.740185	0.500000
0.814142	0.974173	0.687241	0.500000
9.620476	10.115335	0.786565	0.500000
6.720198	6.385678	1.978266	0.500000
4.755209	3.050018	0.503502	0.500000
8.863216	8.661709	1.986829	0.500000
6.239884	4.012837	1.517886	0.500000
0.925601	7.710874	0.542922	0.500000
9.285570	9.182471	0.504941	0.500000
3.937886	8.520831	0.539501	0.500000
1.948655	9.770961	1.955436	0.500000
1.489098	0.621387	1.942145	0.500000
6.762343	7.424898	0.590873	0.500000
8.221214	7.869418	1.888811	0.500000
7.012710	1.738741	0.603250	0.500000
3.033587	9.765034	0.531352	0.500000
0.191795	1.809386	0.849271	0.500000
6.477395	0.196289	0.609450	0.500000
6.002238	5.569912	1.831279	0.500000
