200

9.789001	9.287610	0.869280	0.500000
8.666284	5.022329	1.931272	0.500000
8.693017	1.325109	1.973567	0.500000
5.239633	6.221099	1.902222	0.500000
1.328470	9.407143	1.695667	0.500000
2.320532	8.370785	1.191304	0.500000
5.789032	8.672680	0.522264	0.500000
7.373910	2.174318	0.508757	0.500000
1.886639	7.615712	0.500928	0.500000
1.055174	7.911993	0.984419	0.500000
3.274568	6.704534	1.392331	0.500000
4.825184	7.579752	1.994369	0.500000
2.372630	3.704061	0.614310	0.500000
4.917951	0.932661	1.987852	0.500000
10.036913	0.057137	0.661881	0.500000
8.087976	9.232456	0.502656	0.500000
7.938532	1.717247	1.378385	0.500000
8.610947	1.057459	0.548000	0.500000
3.866164	0.864194	1.998105	0.500000
4.227531	2.609369	0.533552	0.500000
7.275353	8.247447	1.887760	0.500000
8.721115	2.343903	1.911696	0.500000
9.697531	1.784194	1.910065	0.500000
2.905398	2.593278	1.668857	0.500000
3.232594	1.656421	1.868604	0.500000
5.104891	1.957809	1.973714	0.500000
6.132573	2.086572	0.639430	0.500000
5.518997	3.120371	0.594573	0.500000
5.934007	5.348481	0.572505	0.500000
1.161671	2.762750	1.952493	0.500000
8.288153	2.539702	0.803804	0.500000
6.093933	7.226346	0.523257	0.500000
4.895366	6.904383	1.235543	0.500000
9.489940	4.501057	0.502089	0.500000
4.276951	3.774438	1.915371	0.500000
1.137073	1.039861	1.496333	0.500000
2.380318	6.711218	0.916999	0.500000
6.931574	3.543470	1.970003	0.500000
7.045340	8.742027	0.502375	0.500000
4.091189	0.230783	1.122150	0.500000
3.733378	10.007056	1.954962	0.500000
1.393755	7.251256	1.803851	0.500000
9.567747	3.405188	1.959212	0.500000
1.079086	0.106358	1.973262	0.500000
1.765392	5.762004	0.505861	0.500000
8.410441	3.890148	0.625231	0.500000
1.151173	5.717242	1.598794	0.500000
0.622545	3.565302	1.579056	0.500000
0.295246	3.214730	0.541463	0.500000
4.735332	4.682122	1.991283	0.500000
10.036275	3.903843	1.101681	0.500000
0.513077	2.160364	1.092817	0.500000
3.204879	8.480158	1.999863	0.500000
5.991831	2.423376	1.954936	0.500000
9.414596	0.918405	1.380909	0.500000
7.611243	0.925511	1.980068	0.500000
5.169448	6.214458	0.535873	0.500000
7.370727	4.387775	0.980556	0.500000
5.904895	1.460448	1.416251	0.500000
3.951727	3.741823	0.595361	0.500000
3.307679	1.986219	0.559505	0.500000
1.141673	4.809358	1.171654	0.500000
0.615791	9.627398	0.519638	0.500000
4.145345	6.323878	0.653132	0.500000
7.883617	9.052284	1.749318	0.500000
2.538963	7.631662	1.976217	0.500000
6.886156	4.568652	1.972258	0.500000
8.580066	4.959838	0.713523	0.500000
5.121705	2.009640	0.515774	0.500000
4.140469	5.615358	1.941372	0.500000
4.759641	8.937906	0.864653	0.500000
7.665679	5.199419	1.936289	0.500000
3.591373	1.016293	0.733842	0.500000
2.162368	5.209145	1.989113	0.500000
1.535491	4.053346	1.981012	0.500000
5.259434	3.482943	1.930875	0.500000
6.512674	9.983922	1.979684	0.500000
5.240209	9.301178	1.877498	0.500000
9.723984	6.308978	1.884114	0.500000
9.964321	6.222733	0.510931	0.500000
2.099963	3.240501	1.727655	0.500000
2.586538	4.235922	1.483191	0.500000
3.734784	4.591730	1.616609	0.500000
1.357338	8.840700	0.505720	0.500000
3.263362	4.543763	0.559090	0.500000
7.951473	0.001358	0.517181	0.500000
9.047885	7.322037	1.844348	0.500000
0.481656	1.678746	1.990691	0.500000
9.765377	2.555727	1.151826	0.500000
0.386176	8.563048	0.523754	0.500000
3.001815	5.911144	1.942456	0.500000
5.284186	8.324911	1.506998	0.500000
6.870014	9.113125	1.431922	0.500000
7.522040	6.271787	1.976617	0.500000
7.506883	10.100730	1.755710	0.500000
3.887347	9.438499	0.566996	0.500000
6.547969	0.826949	1.894579	0.500000
4.183998	9.104157	1.953726	0.500000
5.676648	0.354105	1.415513	0.500000
0.426047	8.859578	1.508092	0.500000
7.654197	2.642093	1.867177	0.500000
3.907514	7.641497	0.551976	0.500000
2.700939	10.150279	0.545296	0.500000
0.143061	0.668527	1.557071	0.500000
3.632695	7.527750	1.976499	0.500000
0.199271	9.817944	1.897478	0.500000
2.150965	6.473500	1.876926	0.500000
6.095416	6.267007	0.937387	0.500000
8.659399	9.653893	1.497590	0.500000
6.716966	2.635355	1.274596	0.500000
0.719386	5.807010	0.507386	0.500000
7.927044	4.126888	1.925805	0.500000
0.104142	2.721449	1.963464	0.500000
1.622195	9.826471	0.820313	0.500000
8.088229	6.134699	0.653760	0.500000
6.391870	8.035575	1.070858	0.500000
8.523773	6.052271	1.923535	0.500000
7.626611	0.869753	0.948864	0.500000
9.038084	1.849255	1.097385	0.500000
8.521725	3.326848	1.718109	0.500000
3.293078	8.603068	0.518744	0.500000
8.501248	0.445937	1.376392	0.500000
6.382786	4.346896	0.514258	0.500000
4.784779	4.742767	0.526820	0.500000
4.968933	3.886287	1.062478	0.500000
5.050625	7.645120	0.578481	0.500000
9.668358	9.076418	1.971559	0.500000
6.850165	1.837635	1.903680	0.500000
9.436968	5.458166	1.273631	0.500000
1.197587	3.662446	0.588818	0.500000
9.106022	6.488430	1.027706	0.500000
7.081899	6.156623	0.678966	0.500000
9.386822	3.378087	0.543997	0.500000
1.371252	2.706528	0.942828	0.500000
1.295969	6.558160	0.969047	0.500000
7.653043	3.364603	1.111888	0.500000
7.067106	9.746699	0.636184	0.500000
0.478615	6.640789	1.662056	0.500000
4.058354	2.778565	1.852164	0.500000
3.268355	3.535517	1.970655	0.500000
1.973534	4.709634	0.511765	0.500000
9.399407	0.038348	1.999700	0.500000
5.730649	7.415004	1.521967	0.500000
2.558985	1.214037	0.529061	0.500000
2.109179	10.134117	1.963311	0.500000
4.342363	1.550539	1.421029	0.500000
6.825801	3.415483	0.519043	0.500000
1.474503	1.706073	0.606620	0.500000
9.663172	4.800369	1.998229	0.500000
0.543463	4.615888	1.954704	0.500000
2.690819	5.254824	1.080950	0.500000
3.873744	5.380479	0.948809	0.500000
2.986154	0.455298	1.398946	0.500000
2.261977	1.083496	1.995380	0.500000
5.018238	9.959864	0.594922	0.500000
5.049694	5.436733	1.227551	0.500000
6.880543	7.282773	1.778802	0.500000
0.249300	4.776542	0.607797	0.500000
10.226903	7.989994	1.935783	0.500000
9.070002	4.177156	1.470491	0.500000
9.395552	7.304685	0.515855	0.500000
3.139005	6.009641	0.587250	0.500000
4.217374	6.619024	1.950468	0.500000
4.629620	0.895409	0.510359	0.500000
1.460817	8.246064	1.950340	0.500000
6.029902	3.659225	1.272667	0.500000
7.565954	5.277160	0.521470	0.500000
4.735139	10.172031	1.951749	0.500000
3.230002	9.306127	1.399065	0.500000
9.815345	8.165129	0.991069	0.500000
6.856052	5.416155	1.339266	0.500000
9.940624	7.217581	1.365116	0.500000
4.036941	8.294270	1.381910	0.500000
8.396717	7.122249	0.538475	0.500000
2.377503	2.448793	0.590479	0.500000
5.672497	0.851768	0.546999	0.500000
7.899558	8.298218	0.885365	0.500000
0.210925	5.445850	1.382180	0.500000
1.687227	1.949040	1.594877	0.500000
3.192906	3.040441	0.650170	0.500000
6.159993	8.546426	1.990089	0.500000
5.967254	9.545325	1.014036	0.500000
0.648461	1.059788	0.578508	0.500000
8.978264	10.127654	0.512293	0.500000
6.361302	6.424505	1.895002	0.500000
4.934045	2.688716	1.307788	0.500000
8.725591	8.441143	1.586786	0.500000
5.818381	4.424537	1.932806	0.500000
0.465500	7.136214	0.684185	0.500000
8.906976	8.484867	0.568449	0.500000
2.901905	7.579212	0.686861	0.500000
2.389333	9.146349	1.981100	0.500000
1.621346	0.664430	0.533257	0.500000
7.222825	7.535748	0.735484	0.500000
8.044477	7.475573	1.594765	0.500000
6.791533	1.260311	0.507302	0.500000
2.426530	9.163725	0.517426	0.500000
9.867405	1.314127	0.558907	0.500000
6.583528	0.352029	0.971869	0.500000
5.930344	5.410189	1.750435	0.500000
