200

0.578452	0.226074	1.768033	0.500000
9.363089	6.142431	1.488555	0.500000
8.330008	0.304995	0.584413	0.500000
3.181584	6.069294	1.536870	0.500000
3.531046	0.115373	1.390941	0.500000
1.980438	7.955933	1.946915	0.500000
4.082657	1.579954	0.774577	0.500000
7.193388	2.295527	1.929644	0.500000
1.444589	7.145171	1.132340	0.500000
0.204413	7.134511	0.508351	0.500000
4.197517	7.533419	0.910332	0.500000
2.749102	7.576584	1.366017	0.500000
1.737335	3.890338	1.052670	0.500000
2.689587	0.738367	1.306940	0.500000
9.818857	2.270999	1.973377	0.500000
6.451041	9.835285	0.526199	0.500000
6.902841	2.488758	0.524863	0.500000
8.103140	8.745650	1.956624	0.500000
3.977115	0.904231	1.949067	0.500000
4.647768	4.847941	1.089832	0.500000
6.879094	0.157680	1.783379	0.500000
8.680406	2.162759	0.542600	0.500000
8.994258	1.932385	1.486444	0.500000
2.433893	4.481338	0.537656	0.500000
2.057257	1.115824	1.999726	0.500000
2.557855	2.367033	1.979985	0.500000
4.113160	2.616000	0.576787	0.500000
7.190279	4.326895	0.612919	0.500000
4.999600	4.089787	0.509327	0.500000
2.505374	3.443002	0.521574	0.500000
7.696337	2.148106	1.061655	0.500000
3.770797	4.681128	1.912526	0.500000
5.710142	7.598806	1.505853	0.500000
8.402087	5.009911	1.841468	0.500000
3.126620	3.988817	1.289370	0.500000
0.263311	8.383146	1.413561	0.500000
3.161026	6.006533	0.500324	0.500000
8.139028	1.527415	1.959597	0.500000
7.153744	7.650241	0.555668	0.500000
3.115193	1.435278	1.887009	0.500000
2.182226	9.002997	1.946451	0.500000
10.202999	6.800661	1.996410	0.500000
0.726929	3.467210	1.115262	0.500000
1.639622	10.177243	1.981180	0.500000
2.232165	6.833181	0.561205	0.500000
10.000739	3.465571	0.775705	0.500000
1.188779	6.090012	0.517119	0.500000
1.474683	2.908712	0.676173	0.500000
10.040242	4.501370	0.713334	0.500000
4.672537	4.155684	1.917904	0.500000
1.198512	4.358889	1.952447	0.500000
0.348019	2.654629	0.576595	0.500000
3.116183	8.528383	1.850123	0.500000
6.347799	2.555608	1.390794	0.500000
0.653436	8.927460	0.557935	0.500000
7.600902	9.687075	1.808267	0.500000
5.146693	7.830367	0.654257	0.500000
7.388738	6.310997	0.998087	0.500000
6.967963	1.471705	0.549865	0.500000
5.885080	4.943341	0.626148	0.500000
1.974672	0.999573	0.530544	0.500000
9.254977	6.617162	0.527598	0.500000
10.114463	8.148084	0.508572	0.500000
5.902762	5.929608	0.831212	0.500000
8.058906	1.313818	0.503587	0.500000
9.611623	8.278787	1.993835	0.500000
7.235588	4.998325	1.937052	0.500000
7.639615	3.320425	0.602947	0.500000
3.818215	2.179785	1.590836	0.500000
2.871705	5.091767	1.525196	0.500000
3.977322	8.018105	1.982973	0.500000
5.564507	4.218806	1.357326	0.500000
4.122815	0.491835	0.659653	0.500000
2.328251	4.368662	1.983952	0.500000
10.164866	5.705344	1.951743	0.500000
4.807783	0.354932	1.844848	0.500000
5.789171	0.617931	1.996706	0.500000
3.121437	9.531489	1.962557	0.500000
8.228233	6.844935	1.689999	0.500000
8.146951	6.797716	0.556227	0.500000
0.439533	2.874962	1.876367	0.500000
2.435891	3.369094	1.932475	0.500000
3.833708	4.522872	0.590137	0.500000
1.487547	8.529828	1.251789	0.500000
5.472204	6.790212	0.516042	0.500000
0.171693	10.142360	0.503376	0.500000
10.047671	9.442277	1.910153	0.500000
0.654917	1.610224	1.006248	0.500000
9.609016	4.770294	1.578868	0.500000
8.560761	7.896309	1.485562	0.500000
4.910965	5.945619	0.654592	0.500000
4.867533	7.306562	1.985605	0.500000
6.271387	8.779262	1.096585	0.500000
5.162783	9.276526	1.931330	0.500000
9.039570	1.058520	0.504907	0.500000
4.128068	9.297718	1.814132	0.500000
5.502191	3.128760	0.813248	0.500000
6.955095	0.460417	0.635734	0.500000
5.540942	10.027288	1.373089	0.500000
0.915678	7.905581	0.640131	0.500000
7.622048	3.318279	1.998254	0.500000
6.149431	7.795451	0.528558	0.500000
3.036919	2.917074	1.223721	0.500000
10.154597	0.839161	1.169703	0.500000
2.138577	5.632500	1.962662	0.500000
8.752719	10.158907	1.923783	0.500000
1.076456	5.387737	1.996697	0.500000
4.366756	5.668714	1.952368	0.500000
7.562983	9.856174	0.599054	0.500000
4.494368	3.432834	1.086559	0.500000
0.185936	6.137892	0.976402	0.500000
8.851693	4.113698	1.977700	0.500000
1.906315	1.905600	1.258222	0.500000
2.361618	9.683123	1.216139	0.500000
8.603329	4.969668	0.543908	0.500000
6.530155	6.814602	0.664813	0.500000
6.268300	4.710353	1.980754	0.500000
9.486230	0.059545	0.902922	0.500000
9.828463	1.687162	0.521614	0.500000
9.723812	0.161463	1.991861	0.500000
3.471391	7.017388	1.824625	0.500000
9.979506	9.181887	0.915030	0.500000
8.586034	3.137423	0.989839	0.500000
3.759680	3.561618	1.953839	0.500000
5.500635	3.286683	1.962441	0.500000
1.959807	7.828841	0.582991	0.500000
9.033475	9.002898	1.538868	0.500000
6.607889	3.752864	1.741417	0.500000
7.778051	5.847581	1.864393	0.500000
0.218752	3.962752	1.910046	0.500000
7.661314	7.648544	1.901576	0.500000
6.686764	7.778553	1.632652	0.500000
8.947256	4.037325	0.701357	0.500000
0.986101	4.285190	0.503527	0.500000
1.499908	5.023048	1.109078	0.500000
9.651426	1.226044	1.944623	0.500000
7.899647	0.483236	1.671167	0.500000
9.911482	7.572381	1.301870	0.500000
3.062714	1.354031	0.516927	0.500000
3.659456	3.507552	0.508767	0.500000
0.469509	4.833869	1.417769	0.500000
0.445867	1.200295	1.995343	0.500000
5.246355	9.312892	0.641533	0.500000
2.955690	0.168860	0.528972	0.500000
1.126184	2.086770	1.984907	0.500000
4.933771	1.356390	1.857400	0.500000
4.527384	2.817490	1.977322	0.500000
1.579523	0.028763	0.601771	0.500000
9.497119	5.450602	0.692053	0.500000
9.130406	3.092517	1.944899	0.500000
2.255162	5.626102	0.773873	0.500000
2.279194	6.696346	1.560934	0.500000
1.257910	0.845280	1.370408	0.500000
3.393174	9.408428	0.812845	0.500000
5.910370	2.252151	0.529857	0.500000
4.144707	6.414779	1.319481	0.500000
6.239123	9.553340	1.924031	0.500000
7.956878	4.053148	1.254816	0.500000
0.959365	7.450710	1.965948	0.500000
8.267809	2.541322	1.918676	0.500000
7.132221	8.843246	0.579420	0.500000
5.253119	5.160928	1.922069	0.500000
3.201849	7.227204	0.522268	0.500000
8.819629	0.884113	1.478934	0.500000
1.719092	9.226840	0.541338	0.500000
5.071449	2.271417	1.222522	0.500000
7.129547	8.806778	1.682537	0.500000
7.047974	1.277227	1.861905	0.500000
3.404336	8.162536	0.853954	0.500000
9.181116	8.617650	0.551015	0.500000
6.701581	5.280607	1.100475	0.500000
8.993103	7.617852	0.547491	0.500000
4.253706	8.819202	0.863790	0.500000
5.938649	8.456305	1.990457	0.500000
2.534934	2.332220	0.516753	0.500000
5.173300	0.473481	0.654443	0.500000
8.243256	8.658550	0.898940	0.500000
8.486688	5.766348	1.148824	0.500000
1.431851	3.033284	1.880589	0.500000
3.815857	5.418328	1.072154	0.500000
5.004858	8.342285	1.607608	0.500000
6.080076	1.068975	0.841661	0.500000
0.991011	9.691258	1.176557	0.500000
0.840683	9.042944	1.980970	0.500000
6.150093	6.670765	1.627354	0.500000
6.051117	1.613265	1.858101	0.500000
9.201272	7.080244	1.881523	0.500000
7.536021	5.278523	0.508642	0.500000
0.436004	5.268510	0.511589	0.500000
8.733652	9.583517	0.718404	0.500000
1.165073	6.379196	1.731383	0.500000
2.568154	8.770203	0.833553	0.500000
0.775439	0.721355	0.502323	0.500000
6.418222	5.750438	1.946551	0.500000
7.127622	6.744471	1.899990	0.500000
5.088673	1.529385	0.517250	0.500000
4.435244	9.846296	1.029842	0.500000
9.621346	2.553866	1.000631	0.500000
6.374146	3.624446	0.659497	0.500000
5.211401	6.201367	1.645453	0.500000
