200

10.229485	9.345979	1.036588	0.500000
8.850871	5.031246	1.934627	0.500000
8.758244	1.603056	1.925256	0.500000
5.461152	6.381716	1.978347	0.500000
1.942943	9.116482	1.116309	0.500000
2.695471	8.551921	0.706324	0.500000
4.900037	9.166633	1.100514	0.500000
7.546586	2.735729	0.532141	0.500000
1.903359	6.703092	0.521959	0.500000
0.727251	8.415896	1.215540	0.500000
3.364441	6.730040	0.532419	0.500000
4.336333	6.767894	1.967978	0.500000
2.468082	3.451784	0.513121	0.500000
4.098170	1.155529	1.954180	0.500000
0.388834	10.171869	0.580552	0.500000
8.175404	8.984039	0.598280	0.500000
7.963474	1.658220	0.563523	0.500000
8.765403	0.822065	0.696600	0.500000
3.096645	0.786502	1.557142	0.500000
4.575572	3.191788	0.861052	0.500000
7.610490	8.565003	1.802485	0.500000
9.307930	2.360962	1.394350	0.500000
9.809573	1.673685	1.960185	0.500000
3.174377	2.675022	1.574222	0.500000
3.095759	1.731496	1.998369	0.500000
4.595916	2.031426	1.873765	0.500000
5.801844	1.873560	0.536863	0.500000
5.658148	3.515350	0.573120	0.500000
5.905636	5.348120	0.666748	0.500000
1.152673	2.799373	1.556527	0.500000
8.507491	2.843908	0.847141	0.500000
5.677111	7.351151	0.515537	0.500000
5.093298	7.240782	1.455021	0.500000
9.402933	4.642612	0.627600	0.500000
4.214817	3.986833	1.587816	0.500000
1.495687	9.725531	1.920573	0.500000
2.688952	6.020231	0.948479	0.500000
7.054340	2.864707	1.765411	0.500000
7.365462	8.316136	0.511981	0.500000
4.031064	0.303535	1.385604	0.500000
3.407783	10.007667	1.974499	0.500000
1.053490	7.589434	1.964984	0.500000
9.724534	3.255593	1.893443	0.500000
2.376780	0.141071	1.247586	0.500000
1.082852	5.745973	0.509462	0.500000
8.011845	3.723276	0.501814	0.500000
0.845295	5.852133	1.978907	0.500000
0.504230	3.607139	1.632095	0.500000
10.111649	3.705572	0.700023	0.500000
4.963846	4.730302	1.995251	0.500000
0.832929	4.361292	0.712748	0.500000
0.436573	2.813065	0.591436	0.500000
2.996183	7.970880	1.977726	0.500000
5.620581	1.828789	1.638274	0.500000
9.881505	0.879379	0.587108	0.500000
7.658457	1.262778	1.984716	0.500000
5.118379	6.295192	0.584968	0.500000
7.303267	4.664096	0.697644	0.500000
5.731853	0.777784	1.932104	0.500000
4.281088	4.146968	0.552459	0.500000
3.068926	2.343617	0.538465	0.500000
0.358612	5.200440	1.078683	0.500000
1.004747	9.202298	0.586933	0.500000
4.497385	7.117130	0.535567	0.500000
8.033521	9.703443	1.799982	0.500000
2.260090	7.200167	1.815817	0.500000
6.925948	3.944650	1.695115	0.500000
8.367205	4.419687	1.134041	0.500000
4.668436	2.042709	0.631158	0.500000
4.292752	5.755503	1.910678	0.500000
4.228644	8.315955	1.911427	0.500000
7.761828	5.347700	1.295046	0.500000
3.967558	0.993322	0.581265	0.500000
2.348913	5.063456	1.991471	0.500000
1.367297	4.058510	1.891375	0.500000
5.058290	3.160074	1.963794	0.500000
7.032845	9.429800	1.959586	0.500000
6.006675	9.190232	1.864418	0.500000
9.202804	6.318598	1.978046	0.500000
9.613419	6.598420	0.842781	0.500000
2.153135	3.301600	1.930856	0.500000
2.295480	4.208541	1.459591	0.500000
3.311955	4.739451	1.981461	0.500000
1.540202	8.342343	0.545053	0.500000
3.182419	4.223301	0.776662	0.500000
8.448476	9.989420	0.669740	0.500000
9.507634	7.340430	1.913413	0.500000
1.056665	1.722455	1.676659	0.500000
9.611639	2.822235	0.537589	0.500000
10.078888	8.346336	0.582069	0.500000
3.168861	5.729401	1.956513	0.500000
5.233314	8.249789	1.819982	0.500000
6.723604	8.808794	1.195942	0.500000
7.454251	6.543185	1.473204	0.500000
7.303678	0.165768	1.949672	0.500000
4.167289	9.695621	0.622964	0.500000
6.687658	0.802440	1.451846	0.500000
4.341062	9.552364	1.961344	0.500000
6.401221	10.072291	1.437866	0.500000
0.626830	9.162951	1.960916	0.500000
7.965124	2.228301	1.435054	0.500000
3.700301	7.763530	0.504306	0.500000
3.344322	0.132439	0.637713	0.500000
0.283813	0.915592	1.966011	0.500000
3.183145	6.716180	1.595542	0.500000
0.112394	10.128359	1.757000	0.500000
2.202367	6.046473	1.879851	0.500000
5.970028	6.552383	1.083152	0.500000
9.209108	9.968913	1.989783	0.500000
6.356305	2.813367	0.715377	0.500000
0.417966	6.557151	0.610303	0.500000
7.812776	4.551386	1.977697	0.500000
0.188116	2.480632	1.743138	0.500000
1.632082	10.093428	0.638045	0.500000
8.209810	6.083074	0.545318	0.500000
5.718775	8.604993	0.954195	0.500000
8.284670	5.888183	1.983760	0.500000
7.673216	0.605277	0.944561	0.500000
9.138251	1.751168	0.530423	0.500000
8.626631	2.957341	1.927854	0.500000
3.763868	8.774664	0.760413	0.500000
8.506474	0.391782	1.603093	0.500000
6.198757	4.362215	0.805850	0.500000
5.006754	4.923451	0.552152	0.500000
5.130313	4.124816	1.182944	0.500000
4.710258	8.252633	0.651897	0.500000
9.679153	8.984939	1.950774	0.500000
6.627670	1.769645	1.712610	0.500000
8.913847	5.587467	1.091709	0.500000
1.815724	4.251319	0.544120	0.500000
8.595824	6.722705	1.222029	0.500000
6.726632	6.940122	0.507780	0.500000
9.116548	3.717713	0.902222	0.500000
1.274730	3.368962	0.566400	0.500000
1.233229	6.802441	1.346307	0.500000
7.879913	3.544798	1.596617	0.500000
7.411623	9.777381	0.737194	0.500000
0.200159	6.719022	1.904364	0.500000
4.076358	2.910362	1.945375	0.500000
3.125669	3.655409	1.857708	0.500000
1.473704	5.015290	1.190246	0.500000
9.602244	0.671969	1.628398	0.500000
6.381303	7.083935	1.984650	0.500000
2.204343	1.639454	1.145192	0.500000
1.968019	0.840449	0.557634	0.500000
3.717903	1.853175	1.134096	0.500000
6.932276	3.722343	0.559236	0.500000
1.154036	1.805379	0.567065	0.500000
9.860149	4.379248	1.753591	0.500000
0.618637	4.765802	1.944653	0.500000
2.444705	5.023570	0.652613	0.500000
4.117896	4.989105	1.252168	0.500000
2.940269	1.174843	0.615074	0.500000
1.958238	1.113938	1.984860	0.500000
5.191518	10.094606	0.728669	0.500000
5.098103	5.556639	1.339126	0.500000
7.330984	7.462864	1.941147	0.500000
9.833348	5.605906	0.565323	0.500000
0.047537	8.115983	1.990341	0.500000
8.945288	4.014126	1.949139	0.500000
9.085731	7.468584	0.507117	0.500000
3.435646	5.261869	0.514949	0.500000
4.155862	5.891212	0.821948	0.500000
4.950060	0.951933	1.243166	0.500000
2.027073	8.109116	1.438369	0.500000
6.096864	3.149818	1.969210	0.500000
6.973351	5.632016	0.710885	0.500000
4.974688	0.048894	1.695585	0.500000
3.411972	8.901897	1.864644	0.500000
9.367755	8.183611	1.360260	0.500000
6.828435	4.946590	1.716336	0.500000
0.019057	7.390747	1.144124	0.500000
3.805130	7.496645	1.496890	0.500000
7.882283	7.140719	0.537325	0.500000
1.963730	2.560964	0.784855	0.500000
5.693304	0.760757	0.545641	0.500000
8.230811	8.083664	1.147784	0.500000
9.769219	5.494668	1.822118	0.500000
1.970421	2.147471	1.991981	0.500000
3.464168	3.282975	0.528044	0.500000
6.266741	8.224130	1.911892	0.500000
6.200919	9.446862	0.553343	0.500000
1.097812	0.911179	1.048289	0.500000
9.444854	10.123293	0.729735	0.500000
6.697834	6.055225	1.916367	0.500000
5.411807	2.691879	1.146049	0.500000
8.687917	8.734563	1.879393	0.500000
5.948180	4.235106	1.857936	0.500000
0.966206	7.422349	0.505683	0.500000
9.224931	9.061282	0.519870	0.500000
2.707133	7.530541	0.690438	0.500000
2.538533	9.495290	1.987555	0.500000
1.175193	0.462706	1.994614	0.500000
6.544069	7.819167	1.039808	0.500000
8.335232	7.414108	1.940791	0.500000
6.710691	1.394794	0.522235	0.500000
2.658100	9.578449	0.584101	0.500000
0.084193	1.774453	0.959482	0.500000
6.726259	0.298462	0.546874	0.500000
5.897190	5.402221	1.958498	0.500000
