100

0.001221	0.006148	0.693419	0.500000
1.000316	8.651217	0.562295	0.500000
2.016426	8.654902	0.619243	0.500000
3.012105	0.003343	0.508044	0.500000
4.018547	8.657217	0.543201	0.500000
5.018736	0.011610	0.517465	0.500000
6.005434	0.004562	0.683056	0.500000
6.995239	0.011893	0.522666	0.500000
7.987553	0.003754	0.699313	0.500000
8.991141	0.010714	0.678604	0.500000
0.504168	0.861236	0.512407	0.500000
1.501208	0.866156	0.688325	0.500000
2.510622	0.869071	0.566151	0.500000
3.504766	0.861835	0.687747	0.500000
4.506761	0.874974	0.503777	0.500000
5.497359	0.876904	0.671320	0.500000
6.493498	0.879363	0.526919	0.500000
7.482173	0.876580	0.697337	0.500000
8.482341	0.880418	0.519597	0.500000
9.491117	0.863427	0.504661	0.500000
0.005849	1.721350	0.652538	0.500000
1.010992	1.726814	0.517979	0.500000
2.027140	1.739506	0.695777	0.500000
3.020712	1.731698	0.503558	0.500000
4.014251	1.724083	0.694743	0.500000
5.008973	1.739913	0.507832	0.500000
6.004876	1.751787	0.682832	0.500000
7.001426	1.744803	0.543506	0.500000
7.991787	1.753373	0.696286	0.500000
9.005182	1.726122	0.692719	0.500000
0.496038	2.591861	0.698969	0.500000
1.499260	2.597093	0.615520	0.500000
2.512439	2.594018	0.508476	0.500000
3.504817	2.588848	0.684741	0.500000
4.507241	2.598116	0.676111	0.500000
5.493556	2.617328	0.504726	0.500000
6.495972	2.610008	0.509012	0.500000
7.498425	2.611926	0.505642	0.500000
8.502815	2.595357	0.520448	0.500000
9.505307	2.577739	0.513085	0.500000
0.002464	3.457306	0.508285	0.500000
0.997447	3.462567	0.632793	0.500000
2.004564	3.457683	0.523983	0.500000
2.995332	3.459160	0.692214	0.500000
3.988298	3.454134	0.544921	0.500000
4.988947	3.474468	0.686872	0.500000
5.989201	3.472296	0.692309	0.500000
6.992742	3.458859	0.697843	0.500000
8.005556	3.459930	0.683994	0.500000
9.004042	3.459227	0.604286	0.500000
0.507734	4.332312	0.502170	0.500000
1.512050	4.319787	0.698769	0.500000
2.504529	4.337538	0.526750	0.500000
3.497962	4.325362	0.696035	0.500000
4.481795	4.327643	0.514535	0.500000
5.492752	4.342138	0.635939	0.500000
6.492367	4.323772	0.530057	0.500000
7.511997	4.326891	0.533349	0.500000
8.512513	4.332966	0.510349	0.500000
9.512897	4.332946	0.679808	0.500000
0.013570	5.203709	0.511847	0.500000
1.002109	5.193570	0.688378	0.500000
1.991620	5.197241	0.509407	0.500000
2.997554	5.195038	0.681697	0.500000
4.004120	5.197943	0.694143	0.500000
4.995789	5.203900	0.529604	0.500000
6.000707	5.199970	0.539220	0.500000
7.004158	5.186169	0.696464	0.500000
8.011330	5.181051	0.689905	0.500000
9.013912	5.197273	0.609159	0.500000
0.532898	6.060838	0.501078	0.500000
1.515748	6.059069	0.693445	0.500000
2.506734	6.058641	0.522088	0.500000
3.509277	6.054985	0.512721	0.500000
4.499580	6.070178	0.693488	0.500000
5.505503	6.073638	0.699914	0.500000
6.508223	6.062822	0.532305	0.500000
7.506467	6.048694	0.623203	0.500000
8.501467	6.052956	0.519790	0.500000
9.522575	6.058454	0.691441	0.500000
0.017180	6.920116	0.501929	0.500000
1.001311	6.931833	0.697351	0.500000
2.001197	6.924002	0.506252	0.500000
3.004506	6.923870	0.651199	0.500000
4.004603	6.934038	0.520957	0.500000
5.008341	6.928482	0.547108	0.500000
6.014931	6.935190	0.531053	0.500000
7.011125	6.922079	0.674646	0.500000
8.008079	6.929837	0.532688	0.500000
9.008520	6.933971	0.549927	0.500000
0.488847	7.792096	0.642679	0.500000
1.512317	7.791043	0.623858	0.500000
2.509565	7.789422	0.521965	0.500000
3.503170	7.794313	0.698459	0.500000
4.509396	7.798186	0.690388	0.500000
5.514122	7.800349	0.503272	0.500000
6.514558	7.798716	0.696779	0.500000
7.502740	7.803412	0.525154	0.500000
8.495838	7.794858	0.680046	0.500000
9.494793	7.810551	0.529750	0.500000
