400

8.957006	1.442333	0.682725	0.500000
8.266478	8.455923	0.570822	0.500000
9.283203	8.995794	3.206560	0.500000
2.882275	2.709720	0.529836	0.500000
3.072660	8.228865	0.643285	0.500000
5.769525	0.851096	3.919981	0.500000
5.957085	0.520901	2.931075	0.500000
5.019171	7.756221	0.713541	0.500000
10.031034	6.952757	1.796049	0.500000
7.462918	10.060679	1.265468	0.500000
1.900624	8.784206	1.598558	0.500000
1.637772	3.313358	3.025406	0.500000
2.963277	8.797117	1.460705	0.500000
2.121866	2.471426	1.224956	0.500000
2.837981	3.201978	1.490456	0.500000
4.079266	9.184315	1.373425	0.500000
9.618195	0.113588	0.978846	0.500000
8.386587	9.628504	1.442110	0.500000
4.770670	1.578384	1.551446	0.500000
0.467546	8.631007	0.935566	0.500000
1.338689	2.861712	0.512861	0.500000
8.783938	1.904462	1.746418	0.500000
3.501583	5.306182	1.691130	0.500000
3.282851	2.109317	1.258959	0.500000
4.720126	0.883547	0.533248	0.500000
5.810185	2.416752	1.586980	0.500000
3.874073	1.458731	3.218164	0.500000
7.115916	3.117188	1.468279	0.500000
8.349440	2.355865	0.540235	0.500000
2.354355	9.437932	0.844785	0.500000
0.408500	2.109996	0.522882	0.500000
2.076401	1.169045	2.995645	0.500000
2.065528	3.672285	0.527746	0.500000
3.158403	6.373744	3.948569	0.500000
3.907438	3.398650	1.262042	0.500000
7.083721	0.996571	1.357613	0.500000
6.476195	3.311615	0.565775	0.500000
6.414474	10.166698	1.541351	0.500000
8.532015	5.188288	1.359471	0.500000
7.973349	4.369606	1.036890	0.500000
5.332306	2.908754	0.646433	0.500000
0.350871	6.180892	2.802405	0.500000
0.486303	4.026597	1.400621	0.500000
4.900973	3.321113	2.333905	0.500000
5.708700	3.147721	3.990621	0.500000
2.086844	5.973509	3.928871	0.500000
4.119558	5.417716	0.867416	0.500000
6.086762	5.175116	0.540068	0.500000
8.255329	3.296938	2.002946	0.500000
4.589721	6.470292	2.339073	0.500000
10.103756	4.264114	0.561878	0.500000
0.989210	4.851458	0.597381	0.500000
2.147594	4.864178	0.591964	0.500000
2.150070	6.085306	0.555242	0.500000
2.738570	1.510351	0.650581	0.500000
4.641875	2.643190	1.406433	0.500000
9.240992	2.879625	0.502879	0.500000
5.994286	1.523521	3.067978	0.500000
6.707504	4.284795	0.504177	0.500000
0.010803	6.559326	0.542542	0.500000
2.243642	7.401495	1.554457	0.500000
0.934573	7.179998	1.614292	0.500000
1.562769	7.421173	3.923835	0.500000
3.570790	8.916969	2.560655	0.500000
3.062427	3.883878	0.625532	0.500000
4.616915	5.148798	1.760859	0.500000
6.033633	6.333325	0.548137	0.500000
7.847563	5.314125	0.564866	0.500000
6.808467	8.337555	0.507845	0.500000
7.861830	6.587967	0.549408	0.500000
8.823341	6.537892	2.942152	0.500000
3.093997	7.099324	0.566686	0.500000
3.975730	7.796133	0.501968	0.500000
5.804836	10.140907	0.585917	0.500000
3.188898	4.967310	0.625664	0.500000
4.380241	4.337928	2.545506	0.500000
4.543873	7.271417	1.517140	0.500000
4.530420	8.635611	0.594569	0.500000
9.534973	6.939631	3.973213	0.500000
0.116725	5.352946	0.659395	0.500000
2.748751	6.350845	1.434601	0.500000
0.894570	5.374139	2.423424	0.500000
0.852221	8.977837	1.885858	0.500000
4.913314	5.990684	0.572004	0.500000
7.159750	8.830282	2.979492	0.500000
5.068680	4.809383	0.591701	0.500000
2.749719	0.320286	0.574831	0.500000
4.839114	8.011093	2.148638	0.500000
8.213868	7.431572	2.813142	0.500000
9.956287	9.410653	0.547423	0.500000
10.141137	8.851775	2.440858	0.500000
1.694255	0.228718	0.501321	0.500000
1.684391	6.520652	1.394419	0.500000
5.708153	8.711670	2.355767	0.500000
4.615977	9.806520	0.523305	0.500000
4.432406	0.330110	1.475506	0.500000
5.957632	9.737212	2.411374	0.500000
6.655698	9.436925	0.609718	0.500000
9.635198	8.433214	0.688256	0.500000
9.104471	7.201687	2.120460	0.500000
1.963712	7.182354	0.510389	0.500000
3.785356	1.448978	0.577524	0.500000
0.864938	1.139230	0.515865	0.500000
1.563849	2.595043	2.235121	0.500000
4.747683	1.999216	0.569512	0.500000
3.559784	1.069320	1.638696	0.500000
8.720188	1.017677	2.274426	0.500000
9.291862	2.836517	1.638611	0.500000
8.555157	7.483987	0.689015	0.500000
8.661669	0.263350	0.561590	0.500000
0.248321	7.686552	0.544320	0.500000
1.676122	9.813520	1.527037	0.500000
1.742446	2.716888	3.992017	0.500000
4.782510	2.554323	3.979396	0.500000
4.319873	2.784686	3.108447	0.500000
2.232316	1.674193	1.854373	0.500000
5.346276	0.750423	1.528172	0.500000
8.976657	3.457799	3.020866	0.500000
7.379385	2.596055	0.626489	0.500000
7.845873	1.405343	0.636749	0.500000
1.236360	9.138825	0.543675	0.500000
0.856046	2.857349	1.405378	0.500000
1.739873	4.499994	2.386520	0.500000
0.401989	1.270860	1.897611	0.500000
1.824568	0.990383	1.184624	0.500000
4.047066	4.398778	0.765069	0.500000
3.955447	2.636853	0.555195	0.500000
8.607336	2.480983	2.733108	0.500000
0.754268	2.774053	2.841535	0.500000
9.495616	4.791859	1.201602	0.500000
2.780040	4.998075	2.364217	0.500000
8.843106	4.161175	2.036039	0.500000
0.985008	3.829856	0.515235	0.500000
0.507192	6.255521	1.402231	0.500000
1.740665	1.769370	0.543354	0.500000
2.117512	2.378004	3.039630	0.500000
4.749799	3.623542	3.805122	0.500000
6.883354	4.288697	3.203329	0.500000
6.481469	3.674625	2.419722	0.500000
2.211189	0.096499	2.665137	0.500000
1.074960	3.609361	2.242235	0.500000
1.773014	3.379450	1.462357	0.500000
3.592191	4.293266	1.671958	0.500000
1.003263	8.074062	3.112117	0.500000
5.770336	5.353387	1.781812	0.500000
5.555211	2.551929	3.120468	0.500000
2.433141	4.157401	1.678837	0.500000
6.124438	4.402649	1.470312	0.500000
9.460408	5.227112	2.268547	0.500000
9.671581	1.504965	2.265499	0.500000
3.873668	6.391580	1.451178	0.500000
0.243833	1.806059	3.120016	0.500000
2.347143	6.715593	2.318277	0.500000
3.276919	6.291898	2.317222	0.500000
3.314465	2.717580	3.141506	0.500000
5.702273	4.011154	0.579332	0.500000
4.249559	4.548721	3.525196	0.500000
4.318480	6.855423	0.571325	0.500000
8.854189	4.432769	0.504334	0.500000
10.149013	5.050538	2.991490	0.500000
2.265862	7.840855	3.085537	0.500000
9.831571	6.927424	2.788501	0.500000
1.259615	9.718624	3.919443	0.500000
3.057638	9.952523	1.545071	0.500000
5.112842	9.666695	1.529708	0.500000
5.625083	8.929503	0.531121	0.500000
1.183414	7.901292	0.861161	0.500000
7.810472	6.286349	3.085398	0.500000
0.006479	3.322026	2.054845	0.500000
0.036035	3.094388	0.882771	0.500000
7.811398	9.414688	0.535361	0.500000
9.572958	7.496766	1.079659	0.500000
2.666174	8.107227	2.168618	0.500000
3.298638	8.044822	2.987991	0.500000
3.356875	6.044714	0.645156	0.500000
8.857134	9.352112	0.515536	0.500000
4.671875	9.078824	2.260164	0.500000
9.191050	6.720291	0.564439	0.500000
2.466010	5.289607	1.444147	0.500000
1.722024	5.040656	3.258453	0.500000
1.240349	9.844196	2.446685	0.500000
1.205356	1.702606	2.847386	0.500000
3.683062	8.284724	3.952645	0.500000
4.286094	0.978063	2.366284	0.500000
4.937362	0.006157	3.925548	0.500000
6.020788	8.165018	1.194870	0.500000
7.134409	9.436114	2.123364	0.500000
8.276835	7.743346	1.623674	0.500000
1.175462	5.393395	1.447147	0.500000
9.177853	7.548573	3.232565	0.500000
9.021629	0.199668	3.018367	0.500000
0.565199	0.296702	3.911853	0.500000
2.457864	9.363256	2.221743	0.500000
9.353655	0.961878	1.470148	0.500000
6.124740	9.200373	3.318094	0.500000
6.099952	9.167220	1.453526	0.500000
6.627624	8.380105	2.143469	0.500000
0.571909	10.167566	1.693051	0.500000
6.810955	1.578858	0.513503	0.500000
8.265159	10.088986	2.323450	0.500000
10.079246	9.349668	1.561440	0.500000
1.575948	7.379680	2.441542	0.500000
3.028612	0.157794	3.958980	0.500000
3.179329	0.743855	3.026500	0.500000
5.783729	2.077137	3.971017	0.500000
2.941477	2.439024	2.155155	0.500000
7.409021	10.031106	3.891304	0.500000
6.983170	1.300863	3.077190	0.500000
5.869592	1.999783	0.507545	0.500000
8.742228	0.795269	3.929181	0.500000
7.919049	2.433908	1.585801	0.500000
0.197053	0.775025	2.963305	0.500000
6.788386	0.396882	0.525196	0.500000
4.571208	1.164230	3.960663	0.500000
9.736234	1.910611	1.157623	0.500000
5.890213	1.000355	0.726932	0.500000
7.442652	3.478742	2.875921	0.500000
8.954360	8.281529	2.542629	0.500000
7.507097	4.071412	1.908527	0.500000
10.112649	2.964865	3.638657	0.500000
4.569797	3.554689	0.517157	0.500000
9.911288	1.008865	0.548328	0.500000
9.815306	2.011384	3.897254	0.500000
3.795021	5.174318	2.709379	0.500000
5.281411	1.311621	2.389830	0.500000
3.852170	3.247916	2.281947	0.500000
6.964404	2.011537	1.483086	0.500000
5.043704	2.283928	2.258627	0.500000
7.763198	0.584858	3.188918	0.500000
8.213052	0.603333	1.467164	0.500000
2.747084	3.357760	3.920069	0.500000
9.732624	2.544612	2.756196	0.500000
0.196912	2.337830	1.987507	0.500000
0.597076	10.038616	0.629906	0.500000
4.834177	1.848330	3.221088	0.500000
7.265635	5.306494	3.156525	0.500000
6.721581	4.942962	2.288448	0.500000
7.566157	2.538539	2.519856	0.500000
7.804461	1.479538	1.943528	0.500000
7.460987	3.601811	0.618451	0.500000
1.515434	4.426682	1.355919	0.500000
1.253487	0.565605	3.173597	0.500000
2.654088	3.448544	2.542162	0.500000
9.844411	0.256245	2.071146	0.500000
3.766753	7.190746	3.793234	0.500000
2.872802	5.804426	3.123396	0.500000
5.501961	3.487032	1.514590	0.500000
9.351568	3.852111	3.982874	0.500000
9.316539	5.630468	3.198312	0.500000
9.475626	6.071061	1.629063	0.500000
9.845310	5.212624	3.967949	0.500000
1.107025	5.942578	0.529787	0.500000
5.481288	7.155996	2.245502	0.500000
6.697028	5.876356	1.572566	0.500000
6.395894	7.997825	3.103144	0.500000
7.029291	4.934725	1.321785	0.500000
7.698494	4.695867	3.897496	0.500000
5.283516	4.643357	3.916198	0.500000
8.535903	7.294064	3.987258	0.500000
1.928310	5.577017	2.284221	0.500000
5.391711	4.427542	2.185643	0.500000
1.170533	6.399886	2.254519	0.500000
2.071935	8.387813	0.612488	0.500000
2.101483	6.842743	3.309462	0.500000
4.661515	7.281298	2.993465	0.500000
6.313452	5.658487	3.062946	0.500000
6.421963	5.145055	3.940456	0.500000
5.916658	6.961814	1.340474	0.500000
0.091840	6.239199	3.784585	0.500000
6.926442	5.834749	0.510854	0.500000
8.461495	6.715323	1.341944	0.500000
2.492867	5.000203	3.895611	0.500000
2.713856	7.274880	3.983622	0.500000
3.919109	8.128815	1.505522	0.500000
4.712649	8.026231	3.934754	0.500000
5.386390	8.064634	3.095046	0.500000
6.982653	6.374704	2.402461	0.500000
6.943118	6.748165	1.078988	0.500000
7.776720	5.160208	2.064510	0.500000
7.670361	6.004438	1.347282	0.500000
8.285011	6.091831	2.165003	0.500000
0.565070	8.016221	2.077976	0.500000
0.665585	9.225928	3.066594	0.500000
9.725312	8.123140	3.991819	0.500000
1.450789	1.032571	2.131426	0.500000
2.660437	0.713454	1.909483	0.500000
3.305293	7.312474	1.570608	0.500000
5.139512	8.600459	1.398241	0.500000
6.507596	7.241123	2.187385	0.500000
5.995382	6.249370	2.241812	0.500000
8.968093	5.684749	0.552283	0.500000
9.734276	7.993582	1.968557	0.500000
0.776290	7.031961	3.163477	0.500000
3.354427	9.190026	0.586661	0.500000
3.847512	1.938646	2.328210	0.500000
3.091159	9.852866	2.921589	0.500000
6.292104	7.460818	0.511719	0.500000
4.380336	8.482517	3.055086	0.500000
10.162731	9.959804	2.944542	0.500000
8.163402	8.525381	3.120665	0.500000
7.615246	8.148989	2.304027	0.500000
6.965042	10.010238	2.977803	0.500000
4.169786	9.720835	3.231696	0.500000
3.942705	0.442113	3.665727	0.500000
1.665937	8.774493	2.623186	0.500000
7.074495	0.596107	2.326939	0.500000
5.058495	0.062180	2.362625	0.500000
9.756489	0.539456	3.835860	0.500000
9.342937	1.289007	3.218399	0.500000
8.325177	8.988394	2.214847	0.500000
0.509919	1.324552	3.981330	0.500000
0.000625	9.520407	3.926782	0.500000
1.178209	1.905835	1.572504	0.500000
1.572122	1.557028	3.833024	0.500000
3.241113	1.143502	3.968673	0.500000
6.845297	2.069815	3.787466	0.500000
4.933599	0.689643	3.134235	0.500000
9.370174	9.496663	2.334773	0.500000
0.571188	8.622676	3.936174	0.500000
2.196828	9.657503	3.562423	0.500000
8.280810	3.540093	3.991672	0.500000
7.700921	1.515002	3.885023	0.500000
2.190712	0.712023	3.889146	0.500000
2.910048	1.765272	2.929327	0.500000
6.860349	0.902772	3.987522	0.500000
6.444374	2.366779	2.429204	0.500000
3.623110	3.843992	3.096472	0.500000
6.516439	2.990951	3.276551	0.500000
8.152100	1.493144	2.949529	0.500000
9.080009	2.853119	3.952209	0.500000
0.807110	4.385490	2.922198	0.500000
0.705773	2.386888	3.966035	0.500000
0.758247	3.548811	3.586468	0.500000
2.780890	2.218179	3.933097	0.500000
5.872626	4.738525	3.038646	0.500000
3.783130	2.156502	3.947200	0.500000
7.229375	3.377225	3.927398	0.500000
8.867928	6.093477	3.988725	0.500000
4.638358	4.038019	1.555683	0.500000
10.088873	3.792081	2.986371	0.500000
3.265866	4.359825	3.953658	0.500000
1.814754	3.826613	3.921839	0.500000
2.599528	4.212019	3.202113	0.500000
3.793367	3.211293	3.897180	0.500000
4.614053	6.653707	3.953242	0.500000
4.913436	5.360277	2.697994	0.500000
6.201439	4.119145	3.972675	0.500000
8.452487	3.464832	0.803950	0.500000
8.688894	5.098167	3.978483	0.500000
8.290979	5.271868	3.006094	0.500000
9.420091	3.702124	1.127732	0.500000
1.082093	4.707561	3.979253	0.500000
3.062253	7.038738	3.035468	0.500000
5.790720	6.065285	3.965822	0.500000
4.758994	5.602877	3.907202	0.500000
7.531067	7.582669	0.789679	0.500000
7.854412	2.540745	3.742176	0.500000
8.192224	4.167468	3.085000	0.500000
7.797847	9.042257	3.982471	0.500000
9.169229	4.556750	2.983462	0.500000
2.544482	8.833277	3.106422	0.500000
0.152833	4.322172	3.879315	0.500000
0.867943	5.601018	3.443705	0.500000
3.985889	6.123470	3.238756	0.500000
7.381285	8.669060	1.362816	0.500000
4.713774	9.128354	3.924429	0.500000
5.218955	6.202226	1.596799	0.500000
7.830681	5.698426	3.913038	0.500000
6.921859	6.258398	3.744013	0.500000
0.213863	5.137975	1.694311	0.500000
0.478993	7.577646	3.975104	0.500000
0.977909	6.970803	0.509368	0.500000
9.869466	4.311171	2.077480	0.500000
3.831834	7.379244	2.440113	0.500000
5.170506	9.454113	3.087531	0.500000
6.844832	8.706356	3.976783	0.500000
5.732322	3.670011	3.136742	0.500000
7.478400	7.186641	1.880986	0.500000
8.813681	1.873251	3.834260	0.500000
1.180208	6.396127	3.966547	0.500000
7.505148	7.919164	3.695854	0.500000
0.021707	7.879638	3.126545	0.500000
3.308300	9.219403	3.859574	0.500000
3.617635	5.298061	3.973961	0.500000
1.548946	8.737620	3.714279	0.500000
6.213619	1.366083	1.763862	0.500000
6.606327	7.320937	3.875370	0.500000
5.482825	7.205922	3.722873	0.500000
9.019133	8.619759	1.571695	0.500000
7.191599	7.276323	2.990223	0.500000
8.852722	9.910530	3.916566	0.500000
2.529228	8.285891	3.980284	0.500000
8.762203	8.522084	3.956757	0.500000
6.227311	6.788001	3.109564	0.500000
3.798208	0.024013	2.237403	0.500000
5.294189	6.291108	3.050465	0.500000
3.748804	0.380753	0.547677	0.500000
6.268147	10.143424	3.810755	0.500000
5.869155	8.169738	3.999340	0.500000
7.929225	9.597826	3.140916	0.500000
