400

0.708098	1.279350	0.508318	0.500000
8.522363	8.263840	1.346852	0.500000
0.560934	7.924213	3.291644	0.500000
3.776978	1.338460	0.513390	0.500000
2.737634	6.322370	0.501850	0.500000
4.865614	7.563615	1.566920	0.500000
6.740060	8.582247	3.947638	0.500000
4.150566	4.739662	0.569341	0.500000
1.875011	7.739270	0.519224	0.500000
0.949532	0.681128	3.285708	0.500000
2.714730	0.169481	0.526825	0.500000
4.704834	4.961381	2.266455	0.500000
4.775815	6.787194	0.592367	0.500000
3.546973	0.153649	3.043425	0.500000
1.338038	5.677049	1.898234	0.500000
6.127792	9.462852	3.957303	0.500000
1.465274	9.665516	3.987488	0.500000
0.543503	0.144571	0.555787	0.500000
5.795335	0.724618	1.427093	0.500000
1.873731	0.528956	3.948366	0.500000
9.401419	2.750727	3.973323	0.500000
8.705502	9.467002	2.756444	0.500000
1.436085	7.773110	1.500824	0.500000
0.994599	0.819620	1.402681	0.500000
7.021821	0.037907	3.052005	0.500000
8.441959	5.004640	1.523181	0.500000
7.222088	1.111558	0.734846	0.500000
6.157097	0.223990	0.524522	0.500000
1.955526	3.290225	0.577279	0.500000
2.710929	9.317112	1.459805	0.500000
8.946251	1.526475	1.373970	0.500000
4.302115	8.983760	3.706633	0.500000
7.781152	4.210388	0.516828	0.500000
2.059345	4.406978	3.907362	0.500000
3.204130	4.842660	2.211738	0.500000
3.811540	0.267080	0.508545	0.500000
4.705427	3.068739	0.552601	0.500000
5.635241	0.045311	3.316635	0.500000
8.917691	3.203795	2.439291	0.500000
8.699140	2.275654	0.572159	0.500000
1.717251	1.397763	0.622412	0.500000
1.452078	4.147047	3.154445	0.500000
0.509680	3.446459	3.176051	0.500000
6.494473	2.675489	1.549445	0.500000
5.049772	9.700076	3.983925	0.500000
2.660115	3.410377	3.920250	0.500000
3.200347	5.831205	1.483748	0.500000
4.233300	6.357410	3.172772	0.500000
7.919641	7.834059	0.500526	0.500000
7.433472	6.213184	3.022799	0.500000
10.095035	9.380320	0.521755	0.500000
1.668494	1.901630	1.572905	0.500000
1.960132	4.323679	0.509184	0.500000
8.591634	6.802557	0.538817	0.500000
1.721599	9.862698	1.547312	0.500000
5.036591	2.119446	3.887432	0.500000
1.008910	3.635009	0.659905	0.500000
7.367737	0.758259	3.941582	0.500000
6.220137	0.192879	2.288683	0.500000
8.510764	5.984843	3.115958	0.500000
3.411694	7.670674	3.932076	0.500000
2.040214	8.619778	3.952022	0.500000
9.644825	9.527796	3.103426	0.500000
5.436658	8.420167	3.878042	0.500000
2.627056	5.369452	0.803501	0.500000
4.184216	2.872758	1.426665	0.500000
7.776259	6.754790	2.210051	0.500000
9.037248	7.878592	0.534262	0.500000
7.432607	8.367973	3.218765	0.500000
0.444122	6.506223	0.583030	0.500000
7.587761	8.992738	1.406887	0.500000
2.278330	7.166637	1.390054	0.500000
5.668088	6.979167	1.765457	0.500000
4.893130	8.006274	0.508990	0.500000
5.297289	3.119636	1.383349	0.500000
7.260231	4.771362	3.937829	0.500000
6.602887	7.568027	1.937983	0.500000
5.549007	9.010574	0.540327	0.500000
1.821885	7.688367	3.029275	0.500000
8.268485	3.984517	1.365258	0.500000
3.892380	4.690697	2.976013	0.500000
9.499774	4.023259	3.118519	0.500000
4.040325	8.611147	1.226940	0.500000
6.723484	3.996149	0.644201	0.500000
0.164085	9.124788	3.916242	0.500000
5.765469	5.787391	1.112002	0.500000
2.979804	8.217217	1.356333	0.500000
4.826377	0.359804	1.441651	0.500000
7.878555	5.397732	0.759556	0.500000
1.118086	8.448452	0.515488	0.500000
8.954133	0.396592	3.114758	0.500000
2.749835	1.248306	0.521410	0.500000
3.632133	8.322360	3.141806	0.500000
4.424302	6.737634	2.264627	0.500000
4.034878	0.394592	2.099028	0.500000
6.929912	7.496166	3.011059	0.500000
7.892814	7.813490	3.913393	0.500000
9.186063	8.850959	0.760169	0.500000
0.065775	8.297177	0.582514	0.500000
9.367210	5.815394	2.198842	0.500000
1.996433	9.530080	0.581441	0.500000
1.551231	5.453740	0.822112	0.500000
10.039679	1.938181	2.047773	0.500000
4.600454	0.749102	3.970217	0.500000
6.144436	3.849712	3.068122	0.500000
3.268810	9.309544	0.503386	0.500000
6.119214	1.895159	3.999648	0.500000
7.842370	2.036172	1.549194	0.500000
7.736554	0.235502	0.518051	0.500000
4.907376	1.002211	0.582740	0.500000
0.484611	5.500893	1.239064	0.500000
1.229902	4.590425	1.833599	0.500000
4.851319	1.740692	2.420633	0.500000
2.952607	0.965865	2.205356	0.500000
3.668433	2.425033	0.530539	0.500000
3.756165	1.673681	2.153990	0.500000
6.895002	8.534705	2.182488	0.500000
8.974965	3.797512	3.964751	0.500000
4.752215	2.805467	2.275094	0.500000
0.352027	1.670148	3.017730	0.500000
9.502523	8.201904	1.634559	0.500000
0.879847	9.381398	0.925740	0.500000
3.425128	6.747683	2.117137	0.500000
9.785728	3.675042	2.198342	0.500000
1.449276	0.489401	2.358242	0.500000
1.336311	2.844914	1.439738	0.500000
5.116360	4.211697	0.524989	0.500000
8.266547	9.786414	3.630094	0.500000
0.813490	2.744209	3.942286	0.500000
9.561927	6.099299	0.543360	0.500000
6.088493	3.462794	2.114450	0.500000
7.231427	3.752611	3.000378	0.500000
1.423024	2.404165	0.501384	0.500000
6.846473	4.685844	2.980238	0.500000
10.134240	4.828437	0.562010	0.500000
2.760327	2.423760	3.117432	0.500000
5.350437	4.599238	3.221999	0.500000
5.982458	5.947547	2.102187	0.500000
6.630547	2.892153	2.874560	0.500000
3.077519	6.014109	3.874048	0.500000
8.143957	2.054638	3.027885	0.500000
1.614604	3.378954	3.934278	0.500000
8.876498	5.321530	0.509084	0.500000
0.036833	7.408671	3.986234	0.500000
5.737952	4.581185	2.191862	0.500000
7.308293	2.793833	3.751133	0.500000
4.681309	5.769659	0.620902	0.500000
7.332880	3.217599	1.422643	0.500000
6.832395	9.652157	1.829708	0.500000
7.014650	2.049219	2.189311	0.500000
4.965751	8.783086	1.663344	0.500000
1.978721	3.050817	3.054489	0.500000
0.714346	5.227267	3.000593	0.500000
2.452187	5.613053	2.188261	0.500000
5.268389	0.720630	2.410602	0.500000
7.561967	6.604510	0.525595	0.500000
4.518463	2.970460	3.743400	0.500000
3.579359	5.766665	0.515749	0.500000
6.060496	7.982697	0.500413	0.500000
8.773572	6.619559	2.301220	0.500000
1.167511	6.953268	3.454895	0.500000
8.950904	5.670432	3.966698	0.500000
1.629747	0.399487	0.505627	0.500000
3.649941	3.433347	0.573686	0.500000
6.767230	9.158429	2.955383	0.500000
4.121767	6.251816	1.370776	0.500000
0.025995	8.003265	2.333507	0.500000
2.027599	6.189682	1.317299	0.500000
10.032809	1.926854	3.881006	0.500000
8.763612	3.514443	0.505646	0.500000
9.278399	0.939300	0.541705	0.500000
8.200721	9.046603	0.588977	0.500000
1.106156	9.173440	2.050689	0.500000
3.139958	5.382606	3.051543	0.500000
3.748524	6.800944	0.500699	0.500000
0.361727	0.772575	2.277687	0.500000
4.524112	7.793371	3.964604	0.500000
5.780636	8.104509	1.593548	0.500000
3.813865	7.939924	0.509206	0.500000
4.036443	2.260200	3.049190	0.500000
10.103551	1.181653	1.151722	0.500000
0.914773	9.904434	2.785579	0.500000
3.205163	4.865260	3.961282	0.500000
3.315702	0.805729	1.274480	0.500000
2.790781	10.094389	2.226303	0.500000
7.411948	7.957516	1.475909	0.500000
1.389706	8.953476	3.234607	0.500000
8.724700	9.921324	0.811291	0.500000
0.241523	4.455983	1.467204	0.500000
6.968369	7.415142	0.545994	0.500000
0.524933	2.184054	1.207663	0.500000
0.689302	10.073712	1.671326	0.500000
3.242167	0.650903	3.917848	0.500000
6.474979	5.075007	1.451975	0.500000
9.423446	7.090598	1.417520	0.500000
4.686945	1.985669	0.542600	0.500000
7.955439	10.011136	1.444785	0.500000
0.513456	8.375699	1.529392	0.500000
9.765415	1.893115	0.518472	0.500000
10.021445	9.162970	1.649496	0.500000
9.013589	9.477458	1.714369	0.500000
9.860464	6.039679	3.063336	0.500000
3.757551	9.813940	3.889590	0.500000
2.207376	1.056162	1.504822	0.500000
5.779126	2.960730	3.941427	0.500000
2.038675	9.908512	3.047531	0.500000
8.297981	8.664357	2.245122	0.500000
6.364371	0.946639	3.243282	0.500000
8.256122	1.294070	0.556813	0.500000
10.039557	0.446161	3.122387	0.500000
9.162356	4.383514	1.128952	0.500000
1.344487	2.222385	3.005763	0.500000
0.981813	1.566531	2.241062	0.500000
6.141563	8.352215	3.152790	0.500000
8.363293	2.956190	1.585513	0.500000
2.502331	8.631503	0.548604	0.500000
9.335291	1.043922	3.927911	0.500000
9.887495	7.292048	0.502779	0.500000
5.737314	2.420912	0.561833	0.500000
8.274635	4.000030	3.167472	0.500000
2.849472	3.089129	1.166570	0.500000
8.411105	2.890669	3.857903	0.500000
2.449657	8.516401	3.023006	0.500000
3.218370	1.460251	3.056900	0.500000
8.007195	0.276592	2.743408	0.500000
5.615910	0.885609	3.966934	0.500000
7.511116	1.156376	2.662444	0.500000
4.532277	3.860389	3.140818	0.500000
9.320559	8.727218	2.481898	0.500000
8.562007	1.092538	2.396346	0.500000
2.102650	4.330575	2.392754	0.500000
9.408451	2.585238	1.270239	0.500000
0.506432	2.712346	2.443078	0.500000
3.107898	1.921536	1.254882	0.500000
4.444686	1.338584	1.484764	0.500000
5.391382	3.938889	3.976911	0.500000
5.994019	1.303655	0.513742	0.500000
5.372158	1.982298	1.465325	0.500000
5.249129	9.205729	2.987833	0.500000
8.237508	7.233008	1.383853	0.500000
9.560290	1.041919	2.023721	0.500000
4.682192	0.056333	2.910666	0.500000
3.973901	5.139814	1.541589	0.500000
8.913889	0.312557	1.787401	0.500000
4.032940	6.884467	3.999772	0.500000
2.536855	6.228704	3.023793	0.500000
5.354356	3.214417	3.004861	0.500000
1.198118	5.182473	3.957146	0.500000
0.381260	6.430229	3.788904	0.500000
0.569379	4.292102	3.946273	0.500000
9.873381	4.962770	3.060743	0.500000
1.622333	6.745468	0.536869	0.500000
7.635546	9.399752	2.436365	0.500000
5.498795	6.291766	2.965323	0.500000
7.779539	5.174780	3.156447	0.500000
7.128564	9.560823	0.516723	0.500000
7.697881	3.822264	3.974047	0.500000
8.790366	4.945641	2.886303	0.500000
6.935328	4.207770	1.939110	0.500000
0.973322	4.643508	0.685657	0.500000
5.821143	4.061019	1.296447	0.500000
0.590152	7.096144	2.534828	0.500000
1.645695	6.823197	2.228814	0.500000
1.931972	6.392741	3.817377	0.500000
8.387942	7.145638	3.101551	0.500000
7.852339	3.068192	2.568344	0.500000
6.695369	3.664544	3.979248	0.500000
3.728028	7.235795	2.982778	0.500000
6.983998	5.519844	2.339113	0.500000
6.956329	5.032023	0.513034	0.500000
9.821326	6.800841	2.327809	0.500000
3.901261	5.705516	2.401727	0.500000
2.335684	2.742255	2.012392	0.500000
4.322326	9.303508	0.520774	0.500000
6.091721	5.381438	2.991118	0.500000
8.738030	8.087640	3.083713	0.500000
4.859057	7.236260	3.079643	0.500000
4.125910	9.715115	1.456257	0.500000
8.856484	7.640462	2.183868	0.500000
9.020617	2.212635	2.169512	0.500000
5.862770	9.701763	1.296691	0.500000
0.227714	7.361707	1.547668	0.500000
2.655647	1.521291	3.897380	0.500000
1.274030	7.800002	3.998662	0.500000
0.225420	2.919346	0.502328	0.500000
3.163813	8.685856	2.310960	0.500000
2.901757	7.424499	0.519154	0.500000
6.561614	5.635328	3.978967	0.500000
5.852586	6.651569	0.568531	0.500000
5.087763	5.047634	1.268928	0.500000
8.565980	6.094958	1.382310	0.500000
1.112488	8.158536	2.466255	0.500000
9.558678	6.526118	3.937547	0.500000
2.610035	0.655783	3.135799	0.500000
1.818977	1.317128	3.127398	0.500000
5.523859	7.340760	3.980499	0.500000
5.144436	9.994202	0.510218	0.500000
5.816658	7.415892	2.808632	0.500000
9.556515	7.327289	3.138251	0.500000
8.923935	7.526096	3.983459	0.500000
0.380870	8.991538	2.929629	0.500000
7.888037	0.866045	1.589347	0.500000
6.204066	4.534750	3.909185	0.500000
5.075635	8.223438	2.906321	0.500000
4.124835	9.380160	2.494259	0.500000
5.899733	2.405968	2.369534	0.500000
2.727160	7.468610	2.654909	0.500000
10.087469	9.934168	2.293854	0.500000
7.790617	4.650252	2.300735	0.500000
2.296225	8.184932	2.086950	0.500000
0.453786	10.091688	3.764910	0.500000
9.724356	8.391953	3.464853	0.500000
0.988389	1.754556	3.972554	0.500000
2.568230	9.898899	3.899864	0.500000
2.364843	1.774487	2.406276	0.500000
8.528974	1.790492	3.965988	0.500000
3.668577	3.892276	3.917706	0.500000
8.370722	0.753468	3.906229	0.500000
3.040398	8.954051	3.999021	0.500000
7.218276	9.569813	3.976478	0.500000
1.232201	3.536976	2.316153	0.500000
7.521428	1.842614	3.975554	0.500000
3.303114	9.349892	3.114157	0.500000
3.814027	1.589313	3.981515	0.500000
6.900712	0.487646	1.519270	0.500000
6.513395	0.234851	3.955811	0.500000
5.857261	3.424604	0.512246	0.500000
5.103112	3.777791	2.205886	0.500000
9.366371	1.741898	2.996139	0.500000
9.993963	3.559391	3.981770	0.500000
2.835592	3.656882	2.179622	0.500000
3.451928	2.632310	2.149477	0.500000
2.063540	3.731770	1.521469	0.500000
4.430334	3.848305	1.320087	0.500000
4.007361	5.657373	3.982880	0.500000
4.245917	0.980166	3.044824	0.500000
6.194400	1.316126	2.315157	0.500000
7.749650	5.851060	3.937556	0.500000
2.154227	4.736337	1.419253	0.500000
9.687879	3.523848	1.038050	0.500000
4.008139	3.568865	2.262732	0.500000
2.852705	4.293504	3.090798	0.500000
2.021785	5.157054	3.004676	0.500000
1.961637	2.325881	3.929147	0.500000
0.297344	5.712249	2.204960	0.500000
4.696237	5.428143	3.190953	0.500000
4.631569	4.643631	3.963795	0.500000
7.848968	3.054211	0.505718	0.500000
8.048311	5.707071	2.201675	0.500000
0.737126	7.509466	0.587274	0.500000
8.780359	4.184236	2.229671	0.500000
3.338931	3.278547	3.159640	0.500000
0.495656	4.210700	2.479254	0.500000
6.732374	6.045563	0.649777	0.500000
6.840477	2.892396	0.551175	0.500000
6.497029	8.826400	1.271653	0.500000
6.778611	1.951234	3.236038	0.500000
4.917342	5.890371	1.941033	0.500000
9.080058	9.274890	3.913931	0.500000
9.655940	4.630980	3.994771	0.500000
5.285910	9.803880	2.119200	0.500000
3.337494	2.671143	3.955126	0.500000
9.509805	5.327069	1.286411	0.500000
5.526095	5.367415	3.931400	0.500000
5.617978	1.763626	3.136773	0.500000
5.011659	6.270500	3.978781	0.500000
5.957949	4.764604	0.587583	0.500000
0.119184	5.429342	3.942584	0.500000
6.700825	6.603075	2.391445	0.500000
9.641099	4.685209	2.090388	0.500000
2.245539	5.424456	3.974824	0.500000
1.046028	6.556365	1.403715	0.500000
10.048910	6.306234	1.418916	0.500000
6.049121	9.074369	2.146788	0.500000
6.282496	6.625861	3.537469	0.500000
8.406005	6.666262	3.994220	0.500000
0.493430	3.403302	1.547174	0.500000
3.099167	4.273060	0.554659	0.500000
9.585169	10.155747	3.989373	0.500000
9.771999	3.020316	2.970901	0.500000
0.276178	0.952121	3.988584	0.500000
1.739094	8.798068	1.262023	0.500000
3.820391	7.557458	1.510372	0.500000
6.665684	6.741511	1.377623	0.500000
1.242841	6.097518	2.887420	0.500000
3.455185	4.113585	1.505074	0.500000
8.244404	8.763977	3.662725	0.500000
4.239988	8.133853	2.364055	0.500000
9.927346	0.056382	1.187339	0.500000
7.412586	6.001408	1.479517	0.500000
2.191867	9.210313	2.311462	0.500000
2.292259	7.536826	3.960422	0.500000
8.278348	4.776261	3.948536	0.500000
7.575412	2.034170	0.573199	0.500000
6.511805	7.535102	3.987476	0.500000
7.211369	6.723920	3.922689	0.500000
2.448871	2.282791	0.544789	0.500000
7.119420	8.502186	0.506637	0.500000
6.454016	1.571402	1.381696	0.500000
7.729603	7.806469	2.426799	0.500000
