400

7.701731	1.794674	2.114951	0.500000
10.418461	0.185743	1.310460	0.500000
9.363058	1.858157	3.220802	0.500000
2.018525	0.546143	1.793167	0.500000
4.126081	0.595750	1.604200	0.500000
5.119999	0.804963	2.082289	0.500000
3.579224	9.084130	1.722308	0.500000
4.809814	9.337564	1.433933	0.500000
7.800372	4.922215	1.897038	0.500000
9.408693	1.047020	1.327884	0.500000
10.037480	0.769954	0.581538	0.500000
2.836381	5.201434	0.540099	0.500000
8.275942	3.466721	0.518624	0.500000
1.998391	1.823533	2.364245	0.500000
1.736624	3.493354	1.386908	0.500000
3.827944	4.525499	0.556319	0.500000
5.159088	5.098737	3.402700	0.500000
7.343360	2.829321	0.512972	0.500000
3.885084	2.703597	1.858690	0.500000
9.184012	9.111200	3.040654	0.500000
0.192877	6.728261	0.518900	0.500000
1.285335	1.350459	3.093802	0.500000
3.575609	2.370431	0.765730	0.500000
2.254990	3.100350	2.210170	0.500000
3.976887	9.313249	0.531327	0.500000
0.917254	6.944692	1.479463	0.500000
4.771687	5.373471	0.572152	0.500000
8.273125	8.195597	1.381428	0.500000
6.813001	0.033160	2.975112	0.500000
7.670236	6.992601	0.614025	0.500000
0.404668	7.835502	3.113700	0.500000
1.522186	2.880109	0.502139	0.500000
0.949748	5.244532	1.272724	0.500000
5.104381	4.824530	1.363258	0.500000
4.126041	4.086538	3.096034	0.500000
2.311895	3.795015	0.572903	0.500000
4.540926	2.077490	0.634165	0.500000
10.578607	4.509729	3.989620	0.500000
6.888293	0.111372	0.678910	0.500000
8.968905	2.639753	0.529667	0.500000
0.114290	0.920362	0.560520	0.500000
9.396836	3.545409	0.506589	0.500000
0.924639	4.007317	0.732522	0.500000
4.869575	4.271421	0.514165	0.500000
10.249466	2.518736	3.105363	0.500000
8.678091	3.403724	1.938579	0.500000
3.001453	3.051426	1.496643	0.500000
7.775424	2.368587	3.922425	0.500000
6.645196	3.603551	0.507631	0.500000
6.492135	2.249262	0.502224	0.500000
0.214631	3.991016	2.532790	0.500000
3.298045	4.901805	3.232414	0.500000
10.571051	3.949116	0.507140	0.500000
0.339325	3.170994	0.544600	0.500000
5.033496	9.100914	3.950355	0.500000
7.859916	4.440453	0.674523	0.500000
3.717686	7.197259	0.527229	0.500000
5.587258	3.069322	0.613773	0.500000
7.103964	7.880377	0.604445	0.500000
9.325070	4.368995	2.596223	0.500000
7.169862	0.194225	1.966868	0.500000
8.645608	5.094496	0.647115	0.500000
2.977663	4.352030	1.092962	0.500000
9.944279	6.480607	1.770266	0.500000
1.360136	1.734317	1.547721	0.500000
0.947451	6.004832	0.554527	0.500000
2.875154	7.493792	2.227989	0.500000
8.598240	7.476977	2.316495	0.500000
4.583692	3.108927	0.514692	0.500000
6.379562	7.955089	1.431993	0.500000
9.208077	7.900397	3.021351	0.500000
0.920225	8.662684	0.625410	0.500000
2.792831	6.236031	0.506499	0.500000
9.684600	4.210741	1.400839	0.500000
2.898349	5.781833	1.438252	0.500000
4.446892	8.443165	1.023364	0.500000
4.553385	6.438581	0.524810	0.500000
7.786452	8.885639	0.540241	0.500000
6.467106	8.788179	1.999572	0.500000
8.431199	5.699932	1.425555	0.500000
1.100299	7.500649	0.668196	0.500000
9.770403	9.026239	0.589293	0.500000
0.694619	0.003649	1.380364	0.500000
3.703096	5.764322	0.536375	0.500000
4.442009	0.935682	0.554160	0.500000
10.555348	5.861698	0.520146	0.500000
3.251731	1.249283	0.508396	0.500000
10.926558	7.945630	0.524409	0.500000
8.814757	8.462218	0.516979	0.500000
7.983060	9.190154	1.476172	0.500000
2.199223	0.908693	0.505938	0.500000
1.904117	5.683729	0.534272	0.500000
2.881815	0.144735	0.554918	0.500000
0.002139	6.304009	1.449356	0.500000
5.869235	2.234325	1.426665	0.500000
3.689238	7.775199	1.398118	0.500000
4.312626	9.024405	2.413875	0.500000
5.353910	0.629503	0.862078	0.500000
7.938770	3.073059	3.189703	0.500000
8.391158	8.467096	2.346112	0.500000
2.021220	2.483490	1.449337	0.500000
10.514769	1.719082	0.981674	0.500000
3.325202	3.169602	2.553795	0.500000
6.045641	9.319877	3.828054	0.500000
6.505103	1.058655	0.606824	0.500000
4.911429	7.760045	2.960879	0.500000
7.108722	3.331662	3.968885	0.500000
7.118194	7.465062	3.107092	0.500000
1.759744	6.624949	0.879682	0.500000
1.784669	7.456625	1.739468	0.500000
0.865384	2.616288	1.371303	0.500000
2.797425	2.122240	3.959709	0.500000
2.524640	2.767430	0.528015	0.500000
3.134854	0.653865	1.406303	0.500000
1.188335	0.866321	0.851998	0.500000
4.044761	1.501476	2.370174	0.500000
6.140095	1.260949	1.606891	0.500000
7.370232	1.643664	0.541846	0.500000
7.427386	2.769339	2.220343	0.500000
9.888438	8.997231	2.124000	0.500000
1.156940	0.938448	2.133378	0.500000
2.440055	1.398216	1.420673	0.500000
10.503974	2.552342	1.610821	0.500000
2.835825	4.989478	2.287212	0.500000
3.306765	3.523051	0.625070	0.500000
5.614849	2.677723	3.179696	0.500000
4.888742	1.448296	1.337137	0.500000
8.709007	4.085904	1.187474	0.500000
10.255558	5.531199	1.423451	0.500000
5.794952	1.224950	2.920247	0.500000
1.613865	6.227041	1.817575	0.500000
0.579524	3.344352	3.398708	0.500000
0.697694	1.858285	0.651767	0.500000
6.614456	6.671705	0.504280	0.500000
7.006286	7.159663	1.382418	0.500000
6.994462	5.333267	1.442275	0.500000
8.478573	1.745370	0.568215	0.500000
6.817654	3.699869	2.121182	0.500000
8.219243	1.682949	3.234548	0.500000
7.714873	4.239946	3.958332	0.500000
2.685381	8.833146	3.131062	0.500000
5.103768	0.749873	3.928128	0.500000
10.875032	9.158806	2.071830	0.500000
4.472472	6.433040	2.586906	0.500000
3.487227	8.401268	2.640884	0.500000
5.802334	7.325092	3.171312	0.500000
6.677112	4.301758	3.893934	0.500000
5.583224	6.722856	0.523249	0.500000
10.255693	4.827640	2.605680	0.500000
9.220116	1.234075	3.991132	0.500000
1.523068	4.142432	3.940588	0.500000
0.510690	1.857832	2.080720	0.500000
0.261820	6.513776	3.050728	0.500000
2.401735	5.436723	3.283132	0.500000
5.769278	5.431866	0.512540	0.500000
9.568402	6.243463	3.783227	0.500000
5.554170	1.684177	0.568009	0.500000
8.515277	4.964682	2.706436	0.500000
0.097253	2.796164	2.441126	0.500000
6.303305	8.704046	0.587869	0.500000
10.493652	7.254987	1.435315	0.500000
10.319635	5.621678	3.270437	0.500000
3.345575	8.419326	0.637217	0.500000
2.692415	4.020862	3.005990	0.500000
10.630005	3.493489	3.983276	0.500000
9.258714	8.211507	1.762722	0.500000
2.633987	8.073716	1.418188	0.500000
9.367579	7.152002	1.231662	0.500000
8.681861	6.509462	0.551298	0.500000
9.854960	7.547275	2.262872	0.500000
5.467681	6.024948	3.140842	0.500000
9.110075	5.026042	1.808801	0.500000
0.183947	0.805313	2.663115	0.500000
2.654409	7.126861	3.907817	0.500000
4.651231	8.099766	1.996028	0.500000
4.615853	4.302715	3.979407	0.500000
3.614147	5.802137	2.282724	0.500000
8.004408	5.824594	2.492718	0.500000
4.615835	7.000170	1.434245	0.500000
2.514862	6.684603	1.698501	0.500000
10.055326	8.514613	3.002747	0.500000
3.912219	7.423294	2.348189	0.500000
0.486021	8.013369	1.585363	0.500000
4.788237	7.618474	0.528804	0.500000
4.427293	0.474583	2.817720	0.500000
2.553761	7.340719	0.641392	0.500000
5.415877	8.380061	1.374765	0.500000
5.326949	9.054573	0.506160	0.500000
9.903893	6.583534	2.777225	0.500000
1.901497	8.173503	0.600975	0.500000
10.767182	9.164198	0.503476	0.500000
2.177785	9.219240	3.949259	0.500000
10.095434	6.770180	0.647747	0.500000
1.728188	4.693818	0.638445	0.500000
5.801461	7.075279	1.501101	0.500000
8.732600	4.379566	3.990248	0.500000
8.873387	9.337119	1.008506	0.500000
8.920295	0.049556	2.023540	0.500000
10.386923	7.500403	3.166842	0.500000
4.153289	0.438237	3.876528	0.500000
9.597814	7.272830	3.883088	0.500000
10.633130	6.410050	3.959477	0.500000
5.374491	0.211450	3.112204	0.500000
1.737274	1.816902	0.511996	0.500000
3.567098	0.991087	3.157745	0.500000
5.981610	5.290416	1.750103	0.500000
7.274290	1.019384	1.368230	0.500000
4.779709	1.423229	3.135564	0.500000
7.207467	1.963076	3.029641	0.500000
9.515002	1.744753	0.560991	0.500000
0.554970	8.924157	3.039317	0.500000
1.627884	8.781888	3.114769	0.500000
9.963011	0.579354	2.233848	0.500000
2.730749	3.414423	3.859282	0.500000
5.354944	3.759636	1.346726	0.500000
8.288762	0.742198	1.670033	0.500000
7.576501	5.528714	0.560790	0.500000
0.192429	7.077467	2.198687	0.500000
10.332393	0.193429	3.154299	0.500000
6.666402	4.325753	1.309315	0.500000
10.171381	1.227833	3.166605	0.500000
0.004974	0.939885	3.923468	0.500000
10.564268	5.886417	2.313772	0.500000
4.339769	5.870332	1.488846	0.500000
10.706629	4.381764	1.427645	0.500000
4.845004	2.168283	3.998456	0.500000
9.687055	0.347305	3.970110	0.500000
5.138637	5.508851	2.248728	0.500000
8.803949	0.769062	0.520600	0.500000
0.086350	0.977792	1.567090	0.500000
10.241069	2.846387	0.653172	0.500000
10.216296	1.806145	3.991833	0.500000
3.211317	2.229022	2.982784	0.500000
0.979704	2.415983	3.245844	0.500000
5.716248	6.687059	3.974459	0.500000
5.056636	3.708327	3.092904	0.500000
6.704030	4.954322	0.508279	0.500000
7.558953	6.224842	1.565836	0.500000
0.226391	1.742546	3.037520	0.500000
8.660691	2.394645	2.637190	0.500000
9.612106	5.585833	2.475443	0.500000
8.658938	6.478187	2.087671	0.500000
2.256402	2.619645	3.203876	0.500000
9.524545	4.915433	3.578164	0.500000
7.190753	3.855953	3.083726	0.500000
0.056694	4.925375	0.581000	0.500000
1.062457	4.292776	1.695270	0.500000
0.679847	6.166948	2.190254	0.500000
6.166702	3.797693	3.014476	0.500000
6.886689	4.691843	2.239027	0.500000
1.890270	4.612923	2.807962	0.500000
1.309516	2.775967	2.302463	0.500000
3.315417	8.458446	3.944931	0.500000
5.930557	4.324100	0.627212	0.500000
3.946070	5.178556	3.946207	0.500000
7.771146	6.419034	3.380562	0.500000
7.547443	4.881601	3.163805	0.500000
3.682503	4.006697	2.113064	0.500000
3.040099	6.196454	3.883778	0.500000
9.679589	3.920532	3.974638	0.500000
2.540062	9.180629	1.462117	0.500000
0.053393	2.541638	3.805445	0.500000
1.118437	8.140874	2.390925	0.500000
9.632883	2.303154	2.294435	0.500000
2.347084	6.949610	2.914867	0.500000
1.788014	7.775127	3.137215	0.500000
5.914280	4.365761	2.186121	0.500000
5.474232	8.605829	3.160518	0.500000
7.468220	3.485935	1.383632	0.500000
1.321684	3.734965	2.813092	0.500000
0.761935	6.393050	3.929568	0.500000
9.926329	7.880222	0.538420	0.500000
7.909034	3.993641	2.265378	0.500000
8.179929	7.317225	3.957809	0.500000
2.239677	8.270879	2.344271	0.500000
6.190083	4.974971	3.152001	0.500000
8.002827	7.122900	1.548614	0.500000
8.557585	6.276652	3.995705	0.500000
9.423939	3.248065	2.769885	0.500000
9.831619	8.525077	3.986140	0.500000
1.318076	6.194922	3.105641	0.500000
2.039560	0.428512	3.140278	0.500000
4.064810	7.592901	3.797597	0.500000
1.936177	6.122283	3.974388	0.500000
1.177652	9.265056	3.888422	0.500000
6.350414	0.970908	3.816070	0.500000
6.919919	2.198711	1.425361	0.500000
5.793582	8.043861	2.283217	0.500000
6.820574	2.014583	3.985555	0.500000
5.263655	1.856877	2.204289	0.500000
10.786511	8.184141	3.895025	0.500000
0.634741	4.385285	3.503987	0.500000
4.046460	1.438581	3.922317	0.500000
4.278388	8.475892	3.376195	0.500000
4.899606	5.879022	3.979630	0.500000
6.221537	2.308253	2.383347	0.500000
7.285429	7.903040	2.041706	0.500000
8.362924	0.693243	3.882878	0.500000
7.151086	8.627467	1.273825	0.500000
10.732764	8.099307	2.334685	0.500000
8.816579	9.103242	3.976317	0.500000
2.890743	1.062739	3.988911	0.500000
2.579380	6.036474	2.470796	0.500000
3.784137	2.421944	3.791997	0.500000
6.135117	0.478223	2.343204	0.500000
7.373747	1.148349	3.709507	0.500000
3.881001	1.543735	1.340204	0.500000
3.444967	9.434495	2.756542	0.500000
1.712630	2.077467	3.924600	0.500000
10.903191	9.195527	3.879446	0.500000
2.758561	1.024335	2.382671	0.500000
0.368292	5.088339	2.086090	0.500000
1.604298	0.879878	3.997355	0.500000
7.631874	6.767168	2.434267	0.500000
5.345258	6.090918	1.350189	0.500000
5.555672	3.131690	2.257872	0.500000
6.348930	6.212646	1.435021	0.500000
7.777481	0.600877	0.504321	0.500000
9.861248	2.841435	3.992873	0.500000
0.464024	7.346583	3.991973	0.500000
9.508573	3.093072	1.396518	0.500000
1.029725	0.355130	2.954761	0.500000
3.077312	2.065208	1.808767	0.500000
4.818722	4.368851	2.340675	0.500000
5.312329	9.048330	2.256598	0.500000
4.857807	2.744871	1.516128	0.500000
6.531073	8.413055	3.961357	0.500000
8.837239	2.287903	3.958086	0.500000
9.074677	0.702880	3.121708	0.500000
8.006286	2.288263	1.299270	0.500000
9.037326	2.023425	1.461138	0.500000
2.312124	1.500390	3.273294	0.500000
2.470453	4.074833	1.950541	0.500000
5.644321	3.985408	3.904333	0.500000
3.560611	6.725731	1.640260	0.500000
8.304428	5.315499	3.831308	0.500000
6.091147	9.444132	1.342996	0.500000
0.752239	1.726301	3.998268	0.500000
6.328327	3.124094	1.406811	0.500000
0.362382	3.489862	1.670347	0.500000
10.187704	3.880388	3.091970	0.500000
3.467552	4.170513	3.933358	0.500000
2.078229	5.094189	1.515699	0.500000
7.411487	8.711283	2.620959	0.500000
8.011807	7.918853	3.169199	0.500000
4.237448	5.038707	2.804715	0.500000
6.973505	5.892223	2.800749	0.500000
6.917538	1.030249	2.781311	0.500000
7.269281	5.472286	3.935368	0.500000
8.549877	7.505628	0.656773	0.500000
9.912105	4.895880	0.563491	0.500000
3.835981	5.004220	1.498707	0.500000
4.254110	3.789501	1.223145	0.500000
4.360278	3.282810	3.941367	0.500000
5.899841	5.566233	3.918436	0.500000
8.748921	3.346687	3.930458	0.500000
6.516445	8.349502	2.931904	0.500000
6.628497	6.253868	3.910077	0.500000
10.389077	8.407196	1.300700	0.500000
4.509071	3.409893	2.195484	0.500000
9.487019	5.814852	0.794529	0.500000
0.155498	5.475128	3.967456	0.500000
1.390529	5.318318	2.305205	0.500000
2.495624	4.592199	3.993782	0.500000
2.230168	8.162942	3.946745	0.500000
6.583453	6.711780	2.347189	0.500000
6.607369	7.388274	3.971410	0.500000
10.202875	3.416100	2.049436	0.500000
10.455245	1.580366	2.262900	0.500000
8.564904	3.887158	3.062873	0.500000
0.587111	5.364017	3.065150	0.500000
1.274885	9.195173	2.187558	0.500000
1.705308	8.579801	1.500185	0.500000
1.892118	9.211874	0.632488	0.500000
3.166221	0.009629	3.801798	0.500000
5.912159	7.777920	0.562274	0.500000
7.523331	8.671129	3.953910	0.500000
5.506900	6.658760	2.367039	0.500000
5.790968	1.837847	3.803146	0.500000
3.897808	5.899680	3.248865	0.500000
1.564952	7.153375	3.999379	0.500000
1.633821	3.093387	3.879539	0.500000
8.892462	6.934973	3.188373	0.500000
5.032846	7.900668	3.953322	0.500000
7.132275	0.195547	3.986792	0.500000
8.936451	8.069696	3.994845	0.500000
8.041612	9.281690	3.327516	0.500000
4.864166	6.828680	3.442775	0.500000
8.841074	5.834463	3.137913	0.500000
6.704302	2.951283	3.062782	0.500000
1.459783	5.177248	3.762306	0.500000
3.993602	6.581944	3.999299	0.500000
6.140579	3.077449	3.995999	0.500000
3.340493	6.692552	2.851392	0.500000
2.882458	7.807107	3.198468	0.500000
4.383248	2.512773	2.853896	0.500000
7.972589	0.558279	2.610956	0.500000
8.908718	1.235956	2.290301	0.500000
1.197523	7.091438	2.567539	0.500000
0.931039	8.251712	3.915069	0.500000
