400

9.053286	1.533478	0.664440	0.500000
7.066196	7.983508	0.501362	0.500000
9.376986	8.939504	3.038613	0.500000
2.483627	2.572890	0.630805	0.500000
2.836355	7.083260	0.577808	0.500000
5.502467	0.663603	3.969282	0.500000
6.027789	0.397281	3.144928	0.500000
4.969794	7.882320	0.533119	0.500000
0.046877	7.116444	2.126861	0.500000
7.412164	9.531016	1.397383	0.500000
1.612596	8.409037	1.269337	0.500000
2.416897	3.283867	3.274518	0.500000
2.854396	9.054633	1.323636	0.500000
2.076679	1.987663	1.368230	0.500000
3.053115	3.232368	1.500486	0.500000
4.113805	9.648265	1.440334	0.500000
9.890749	9.969910	0.682367	0.500000
8.403989	9.720403	1.484738	0.500000
4.034960	1.515293	1.419188	0.500000
0.565026	8.328737	1.098971	0.500000
1.612997	2.933555	1.227928	0.500000
8.890192	2.369714	2.351488	0.500000
3.170538	5.573278	1.526821	0.500000
3.146520	2.232802	1.389634	0.500000
4.678691	1.284358	0.508605	0.500000
6.075350	2.824675	1.431872	0.500000
3.808057	1.272138	3.323430	0.500000
7.386281	2.958082	1.546315	0.500000
8.027443	2.090862	0.507686	0.500000
2.202849	9.538922	0.627357	0.500000
0.076087	1.784823	0.540367	0.500000
2.345898	0.767968	3.176312	0.500000
2.148768	3.570433	0.506683	0.500000
2.766659	6.351266	3.978721	0.500000
4.048405	3.735007	1.474894	0.500000
7.110311	0.512990	1.364057	0.500000
6.397771	3.600786	0.613438	0.500000
6.072792	0.509188	1.430293	0.500000
8.451298	4.835649	1.332959	0.500000
8.253379	3.760333	1.409289	0.500000
5.179731	2.762907	0.500585	0.500000
0.281729	5.605081	2.924682	0.500000
0.323487	3.708788	1.355864	0.500000
4.721928	3.691275	2.417575	0.500000
5.935550	3.112901	3.897645	0.500000
1.807278	5.947630	3.969662	0.500000
3.977958	5.511632	0.664519	0.500000
6.022908	5.331138	0.596455	0.500000
8.627306	3.479899	2.322473	0.500000
5.625796	6.954467	2.189086	0.500000
9.371563	4.185929	0.602688	0.500000
0.879581	4.410492	0.734321	0.500000
1.965912	4.655924	0.511648	0.500000
1.850182	5.720051	0.543134	0.500000
2.491033	1.397861	0.578545	0.500000
4.588159	2.847455	1.312827	0.500000
9.099826	2.621026	0.642773	0.500000
6.604676	0.701460	3.905039	0.500000
6.844492	4.717067	0.503706	0.500000
9.890788	5.948953	0.518904	0.500000
2.131273	7.506360	1.263887	0.500000
0.774436	7.393592	1.481693	0.500000
1.823603	7.123735	3.964503	0.500000
3.360783	8.576086	2.099084	0.500000
3.122746	3.934531	0.526518	0.500000
4.034718	6.098869	1.553119	0.500000
5.779839	6.511689	0.517749	0.500000
7.801188	5.181555	0.580623	0.500000
6.702001	8.927442	0.537480	0.500000
7.788522	6.712733	0.619347	0.500000
8.477475	6.467909	2.874948	0.500000
3.835151	6.803221	0.516238	0.500000
3.431151	8.768783	0.552228	0.500000
5.478880	0.298176	0.516881	0.500000
2.932480	4.955083	0.649901	0.500000
4.421311	4.659744	2.749725	0.500000
4.181180	7.482414	1.612574	0.500000
4.595828	9.199200	0.662371	0.500000
9.048795	7.175189	3.905275	0.500000
10.154678	4.848411	0.503141	0.500000
3.325809	6.843564	1.427524	0.500000
0.854640	4.953861	2.350603	0.500000
0.660443	9.212106	1.656880	0.500000
4.736522	6.378956	0.667738	0.500000
7.335635	8.911358	2.970462	0.500000
5.030189	5.201764	0.712773	0.500000
2.711057	0.150144	1.258366	0.500000
5.145270	7.872736	1.994995	0.500000
8.356928	7.632036	2.636700	0.500000
0.112794	9.016663	0.511227	0.500000
10.046376	8.723710	2.323653	0.500000
1.795645	0.382978	0.581995	0.500000
1.396161	6.193398	1.407933	0.500000
5.948039	8.618486	2.211025	0.500000
4.391311	0.205470	0.576322	0.500000
3.852780	0.467677	1.469053	0.500000
5.636462	10.111040	2.200928	0.500000
6.633858	9.980919	0.615237	0.500000
9.535774	8.093804	0.576480	0.500000
9.221491	7.323983	2.167422	0.500000
1.800176	6.751284	0.588235	0.500000
3.800707	1.915255	0.500396	0.500000
0.790389	0.988161	0.600400	0.500000
1.698939	2.617894	2.217510	0.500000
5.265556	1.916592	1.370469	0.500000
2.985979	1.185709	1.458252	0.500000
8.553989	0.644169	3.004378	0.500000
8.463208	2.673572	1.460056	0.500000
8.463585	8.040867	0.530283	0.500000
8.967476	0.245972	0.503373	0.500000
0.284182	7.513513	0.572537	0.500000
1.504969	10.158435	1.735180	0.500000
1.691251	2.820646	3.855129	0.500000
4.955586	2.477253	3.977586	0.500000
4.445801	2.722759	3.151532	0.500000
2.316657	1.547152	2.336815	0.500000
4.931648	0.855873	1.382637	0.500000
9.394247	3.586994	3.024408	0.500000
6.996360	2.717711	0.611130	0.500000
7.868565	1.101807	0.502247	0.500000
1.306780	9.044263	0.504734	0.500000
0.661073	2.556462	0.833019	0.500000
1.815268	4.573108	2.247382	0.500000
0.289890	1.533456	1.492664	0.500000
1.793747	0.943177	1.598076	0.500000
4.089785	4.509986	0.835573	0.500000
3.798967	3.023543	0.636353	0.500000
8.539980	2.811568	3.228932	0.500000
0.961946	2.813920	2.878612	0.500000
9.515591	4.545717	1.536477	0.500000
2.800792	4.928347	2.343681	0.500000
8.885942	4.743930	2.364213	0.500000
1.072376	3.452432	0.520899	0.500000
0.473343	6.077161	1.857116	0.500000
1.354933	1.831058	0.664344	0.500000
2.097310	2.240517	3.091206	0.500000
4.939858	3.557963	3.805168	0.500000
6.814269	3.922742	3.065492	0.500000
6.845790	3.859271	2.035499	0.500000
1.691911	10.057605	2.988202	0.500000
1.100867	3.519618	2.059502	0.500000
2.208365	3.531970	2.169649	0.500000
3.791062	4.788218	1.923631	0.500000
1.086266	7.699297	2.997375	0.500000
5.639599	5.045494	1.902212	0.500000
5.781190	2.179093	2.888880	0.500000
2.688253	4.271773	1.398608	0.500000
6.281718	4.366327	1.315491	0.500000
9.848613	5.231140	2.210614	0.500000
9.859541	1.298344	2.296775	0.500000
4.651722	6.644493	2.186371	0.500000
0.390191	1.711487	2.955445	0.500000
2.833904	7.491194	2.247080	0.500000
3.182705	6.248148	2.283372	0.500000
3.365305	2.844873	3.151484	0.500000
5.565900	4.352971	0.616746	0.500000
4.413328	4.687710	3.982095	0.500000
3.975377	7.805358	0.677682	0.500000
8.283764	4.237451	0.502063	0.500000
0.649725	4.598902	3.285403	0.500000
2.181186	7.801645	2.948361	0.500000
9.571568	6.660031	2.895032	0.500000
1.078284	9.681280	3.858558	0.500000
3.377297	10.065030	2.158414	0.500000
5.150332	9.819677	1.315241	0.500000
5.602861	9.310522	0.509809	0.500000
1.295333	7.631874	0.640172	0.500000
7.485228	6.325744	3.135880	0.500000
9.991999	3.223816	2.102122	0.500000
9.989812	3.230982	0.624034	0.500000
7.830548	9.101545	0.576769	0.500000
9.439509	7.086995	0.646753	0.500000
2.396211	8.348035	1.950669	0.500000
3.285177	8.077663	3.071664	0.500000
2.799743	6.037179	0.508270	0.500000
9.004507	9.351670	0.573198	0.500000
3.944548	9.300200	2.512432	0.500000
8.610470	6.133005	0.565673	0.500000
2.308896	6.594407	1.685958	0.500000
1.880234	5.166378	3.080032	0.500000
0.748373	9.468711	2.643872	0.500000
1.465199	1.392177	2.954755	0.500000
3.490549	8.521364	3.961178	0.500000
4.418135	1.114640	2.332236	0.500000
4.647003	10.122997	3.880197	0.500000
5.571857	8.445002	1.117958	0.500000
6.727655	9.287799	2.195380	0.500000
8.398801	7.748700	1.620357	0.500000
1.354303	5.090894	1.365948	0.500000
9.264975	7.770216	3.098381	0.500000
9.332911	9.995229	3.241539	0.500000
0.070006	10.148119	3.842605	0.500000
2.528069	9.498421	2.178511	0.500000
8.842926	1.372534	2.077584	0.500000
6.180140	9.318615	3.203379	0.500000
6.093549	9.339325	1.382430	0.500000
6.463031	7.654129	2.161050	0.500000
0.507400	0.094757	1.509695	0.500000
7.090522	1.656241	0.812587	0.500000
7.741741	10.017720	2.213329	0.500000
9.702892	9.131787	1.422897	0.500000
1.502251	7.747842	2.077149	0.500000
2.710907	0.223891	3.990576	0.500000
3.345793	0.871393	2.497371	0.500000
5.630002	1.677152	3.954685	0.500000
2.799248	2.622969	2.298260	0.500000
7.633967	0.568406	3.971570	0.500000
6.666735	1.559597	2.992890	0.500000
6.060241	2.281553	0.535062	0.500000
8.587316	0.260040	3.965728	0.500000
8.047089	1.754842	1.466167	0.500000
9.995516	0.614731	3.039652	0.500000
7.735116	10.116113	0.616289	0.500000
4.609223	1.209757	3.988793	0.500000
9.910935	2.402565	1.274461	0.500000
6.511291	0.868696	0.550310	0.500000
7.595362	3.248141	2.620748	0.500000
9.033526	8.363482	2.295694	0.500000
7.736323	4.204579	2.343686	0.500000
0.125554	2.961353	3.820968	0.500000
4.648564	3.638320	0.660793	0.500000
9.896276	0.827183	0.640516	0.500000
10.075512	1.975935	3.961549	0.500000
3.686957	5.431825	2.755386	0.500000
5.589062	1.225449	2.300743	0.500000
3.797766	2.952938	2.174819	0.500000
7.006134	1.372891	1.907987	0.500000
5.190686	2.571455	2.140631	0.500000
7.382178	0.729666	2.978766	0.500000
8.341602	0.578730	1.233897	0.500000
3.144580	3.685423	3.956477	0.500000
9.768915	2.370780	2.887360	0.500000
0.416421	2.402562	2.067158	0.500000
0.803647	10.156440	0.515741	0.500000
4.748961	1.685440	3.116804	0.500000
7.325878	4.955739	3.153198	0.500000
6.575616	4.882844	2.366662	0.500000
7.699629	2.274721	2.289492	0.500000
7.917389	0.843359	2.102455	0.500000
7.388343	3.882315	0.908425	0.500000
1.676682	4.023412	1.359577	0.500000
0.748201	0.203018	3.124603	0.500000
3.148118	3.871074	2.287301	0.500000
9.403991	0.541754	1.635659	0.500000
3.866613	7.341669	3.810703	0.500000
2.559518	5.929666	3.041999	0.500000
5.406947	3.592991	1.518571	0.500000
9.180855	3.838937	3.995075	0.500000
9.434546	5.693954	3.172694	0.500000
9.537868	5.965134	1.486245	0.500000
10.020456	5.245119	3.878295	0.500000
0.774905	5.489826	0.569905	0.500000
5.661091	7.748605	2.846872	0.500000
6.491334	5.443313	1.521316	0.500000
6.689922	8.088339	3.143000	0.500000
7.237265	4.775017	1.485800	0.500000
7.679666	4.484375	3.969979	0.500000
5.340266	5.110968	3.984367	0.500000
8.085045	6.867434	3.935749	0.500000
2.119213	5.582452	1.790345	0.500000
5.838582	4.154637	2.450096	0.500000
1.168272	6.806633	2.209253	0.500000
2.457315	8.486129	0.565946	0.500000
1.832936	6.816405	2.958845	0.500000
4.714793	7.412971	2.929237	0.500000
6.662325	5.746563	3.334935	0.500000
6.495581	4.902612	3.854515	0.500000
5.123202	7.086996	1.261183	0.500000
9.893293	6.372921	3.828710	0.500000
6.960673	5.850479	0.654941	0.500000
8.744388	6.691552	1.416048	0.500000
2.593459	4.788538	3.990283	0.500000
2.872741	7.643364	3.939838	0.500000
4.071538	8.553991	1.350008	0.500000
4.662067	7.986112	3.797592	0.500000
5.125324	8.586329	2.972914	0.500000
7.068658	6.080766	2.130292	0.500000
6.727104	6.978973	0.574291	0.500000
7.959033	5.228797	2.156776	0.500000
7.851899	5.908936	1.277115	0.500000
8.911613	5.779642	2.247163	0.500000
0.878380	8.486106	2.407202	0.500000
0.477036	8.743858	3.292528	0.500000
9.867869	7.873468	3.991256	0.500000
0.816760	0.803083	2.309415	0.500000
2.459819	0.460415	2.186512	0.500000
3.138178	7.820023	1.235296	0.500000
4.832600	8.973017	1.962284	0.500000
6.438787	6.823960	1.584684	0.500000
6.079771	5.911362	2.428346	0.500000
9.051400	5.156045	0.592465	0.500000
9.782579	8.007252	1.671502	0.500000
0.482470	6.592963	3.032352	0.500000
3.420180	10.030217	0.528471	0.500000
3.879398	2.001715	2.486331	0.500000
2.811697	10.014510	3.008300	0.500000
5.934638	7.611234	0.509382	0.500000
4.180099	8.239781	2.594582	0.500000
9.776629	9.858023	2.244227	0.500000
8.263119	8.554772	3.090413	0.500000
7.453909	8.148996	2.329411	0.500000
6.959527	9.929613	2.946605	0.500000
4.263497	9.040536	3.512446	0.500000
3.685944	0.470577	3.923431	0.500000
1.592230	9.132834	2.013930	0.500000
6.589751	0.520326	2.288263	0.500000
4.657738	0.149327	2.039221	0.500000
9.538198	0.932895	3.967485	0.500000
9.115002	1.473361	3.141120	0.500000
8.040196	9.005379	2.148299	0.500000
0.509482	1.002466	3.978538	0.500000
9.875691	8.944761	3.998698	0.500000
1.266190	1.760456	1.931904	0.500000
1.840248	1.368592	3.953316	0.500000
2.963958	1.267801	3.877098	0.500000
6.545003	2.297511	3.893841	0.500000
5.053290	0.660714	3.026334	0.500000
8.765652	9.641073	2.446552	0.500000
0.910665	7.915413	3.990299	0.500000
2.134814	9.571457	3.979221	0.500000
8.058191	3.518636	3.956978	0.500000
7.252413	1.507506	3.890606	0.500000
1.601642	0.391396	3.912949	0.500000
3.041349	1.883744	3.082428	0.500000
7.252367	9.744337	3.959084	0.500000
6.528577	2.237253	2.182309	0.500000
3.815504	3.776004	3.114048	0.500000
6.629037	2.918045	2.972434	0.500000
7.955287	1.556376	2.956699	0.500000
9.266477	2.649484	3.940298	0.500000
1.477362	4.044694	3.103028	0.500000
0.965022	2.015806	3.751607	0.500000
0.991681	3.614299	3.891648	0.500000
2.631121	2.378047	3.968742	0.500000
5.399455	5.005159	2.966430	0.500000
3.858894	2.093179	3.986759	0.500000
6.968985	3.395366	3.983751	0.500000
8.911264	6.087364	3.947939	0.500000
4.768211	4.671065	1.567036	0.500000
0.266252	3.577611	2.959378	0.500000
3.475617	4.676526	3.453992	0.500000
1.959723	4.011117	3.995728	0.500000
2.530264	4.254354	3.057915	0.500000
4.030849	3.158606	3.977723	0.500000
4.635764	6.502599	3.869046	0.500000
4.829928	5.528710	2.280768	0.500000
5.834408	4.111256	3.830156	0.500000
8.035838	3.112561	0.631995	0.500000
8.769328	5.036962	3.853302	0.500000
8.227101	5.468533	3.129993	0.500000
9.227364	3.412514	1.436311	0.500000
1.415525	5.015694	3.982871	0.500000
2.894721	6.970873	3.171677	0.500000
5.849544	6.045433	3.901999	0.500000
4.612312	5.538088	3.313370	0.500000
7.356277	7.318821	1.307941	0.500000
7.700926	2.421081	3.623919	0.500000
8.514769	4.098038	3.102461	0.500000
7.936403	9.015116	3.936260	0.500000
9.782112	4.571801	3.126816	0.500000
2.568405	8.778556	3.111480	0.500000
10.160300	4.072867	3.973605	0.500000
1.268436	5.924355	2.694723	0.500000
3.828873	6.343814	3.178934	0.500000
7.003732	8.491778	1.416584	0.500000
5.409715	9.170657	3.868562	0.500000
5.499879	6.143436	1.589444	0.500000
7.644648	5.724849	3.979143	0.500000
7.018123	6.526098	3.998553	0.500000
0.355003	5.003924	1.461924	0.500000
0.835823	6.916576	3.957087	0.500000
0.661579	6.580540	0.808968	0.500000
0.110537	4.219978	2.189976	0.500000
3.735190	7.141352	2.578778	0.500000
4.936403	9.724704	2.815037	0.500000
6.748602	8.769205	3.991464	0.500000
5.477809	3.183070	2.949118	0.500000
7.898094	6.735311	2.071001	0.500000
8.376362	1.684336	3.990465	0.500000
0.692357	5.939275	3.786849	0.500000
8.022423	7.865749	3.808197	0.500000
0.092767	7.586654	3.030218	0.500000
3.511400	9.593783	3.971404	0.500000
3.451045	5.604625	3.868933	0.500000
1.559481	8.952388	3.213331	0.500000
6.199964	1.540251	1.255656	0.500000
6.575030	7.467487	3.964020	0.500000
5.570025	7.120356	3.878429	0.500000
8.662598	8.687873	1.323092	0.500000
7.375482	7.317635	2.994319	0.500000
8.921225	9.411731	3.950382	0.500000
2.041911	8.296423	3.860956	0.500000
8.925785	8.295745	3.884000	0.500000
6.558592	6.735726	2.995285	0.500000
4.113571	0.123594	2.905972	0.500000
5.273647	6.356003	2.932176	0.500000
3.399931	0.901536	0.551905	0.500000
6.036318	9.987927	3.965583	0.500000
5.876409	8.212545	3.961629	0.500000
8.175433	9.840224	3.242795	0.500000
