400

9.514320	10.036423	2.437366	0.500000
8.004359	9.725476	1.304903	0.500000
1.413845	6.956930	3.130085	0.500000
3.831732	3.948027	0.509125	0.500000
3.077458	7.988757	3.971245	0.500000
5.136504	6.899762	0.512843	0.500000
6.980823	4.240990	3.989114	0.500000
5.602978	3.862506	0.640849	0.500000
0.768153	7.282573	2.371760	0.500000
1.925888	9.659945	0.516404	0.500000
2.960402	0.185453	0.518272	0.500000
3.194263	4.330118	1.335508	0.500000
5.452868	0.118241	0.545675	0.500000
5.937221	7.416309	2.226430	0.500000
3.831693	6.784522	2.023873	0.500000
8.520014	2.100704	3.999526	0.500000
9.498789	8.062274	3.853290	0.500000
2.346511	8.889760	1.034627	0.500000
6.173768	8.333551	3.107290	0.500000
1.886904	0.417943	3.989337	0.500000
0.526068	2.144668	3.956352	0.500000
7.070515	0.157525	2.942231	0.500000
0.598268	1.455768	2.993109	0.500000
0.851714	9.789835	2.358341	0.500000
5.347805	7.482042	1.395714	0.500000
7.957302	4.314490	2.358179	0.500000
7.231460	0.223148	1.534589	0.500000
4.391964	0.172892	1.712822	0.500000
0.546251	1.520559	0.550193	0.500000
3.698460	8.508081	2.529560	0.500000
7.982880	2.995546	3.392960	0.500000
7.434195	8.793629	3.799842	0.500000
6.324953	4.372517	2.176934	0.500000
0.655757	7.306060	3.973741	0.500000
2.561814	5.008573	0.522792	0.500000
6.853453	2.708363	3.043625	0.500000
9.147452	2.668714	0.567498	0.500000
5.615236	0.995529	3.833745	0.500000
7.996845	3.832115	3.994056	0.500000
9.504533	1.957060	1.991722	0.500000
0.332819	1.051428	1.438698	0.500000
1.727634	4.455103	3.966011	0.500000
2.793051	2.447665	0.567359	0.500000
6.115827	2.408926	2.353119	0.500000
3.622562	1.763003	3.318918	0.500000
0.025132	4.283811	2.354087	0.500000
5.213369	5.356176	2.940143	0.500000
4.796989	6.435935	1.334630	0.500000
7.171521	8.981183	1.383837	0.500000
8.991113	6.466257	0.640765	0.500000
8.386878	0.062452	2.407772	0.500000
7.698643	1.003847	0.520862	0.500000
2.911256	7.962591	1.631289	0.500000
7.235032	5.901135	1.646372	0.500000
2.781964	9.528538	2.139041	0.500000
6.153997	1.565771	1.575494	0.500000
2.806550	1.241794	0.516169	0.500000
8.233306	0.853496	1.480583	0.500000
5.981136	0.437922	1.473755	0.500000
0.261234	5.524009	3.055305	0.500000
3.778420	7.724380	3.219683	0.500000
4.938494	6.931757	3.998747	0.500000
6.966752	6.617172	3.931939	0.500000
7.765033	1.186481	3.927327	0.500000
2.364437	6.308639	2.879862	0.500000
4.588708	2.915140	1.942313	0.500000
8.338965	7.289300	1.218391	0.500000
7.733603	6.639647	0.674253	0.500000
9.637659	7.670823	2.363968	0.500000
0.580662	5.349775	0.965024	0.500000
8.149140	8.930479	0.538906	0.500000
5.591416	5.857906	3.891514	0.500000
6.822314	9.214807	3.075978	0.500000
7.912874	8.269493	1.375001	0.500000
5.246744	0.245057	2.884048	0.500000
7.125609	3.215378	3.872558	0.500000
7.683665	7.165123	2.924830	0.500000
5.989159	1.020625	0.502456	0.500000
0.971700	3.913374	3.001360	0.500000
9.158748	5.481889	0.515247	0.500000
2.697205	4.985381	3.951767	0.500000
0.816136	4.835089	3.632742	0.500000
4.204428	10.119243	0.684287	0.500000
4.145357	4.850480	1.387203	0.500000
1.385527	8.068402	1.445038	0.500000
2.306694	5.347458	2.330079	0.500000
2.790563	7.099296	0.582831	0.500000
5.326847	1.785909	0.611743	0.500000
0.026844	8.087943	0.591231	0.500000
0.616071	8.878931	1.351616	0.500000
7.704657	0.795765	2.416735	0.500000
1.792742	1.661284	0.727258	0.500000
0.620621	0.000399	3.935507	0.500000
1.693537	6.541029	2.126044	0.500000
5.783729	2.584244	1.370812	0.500000
6.032932	6.981105	3.984196	0.500000
9.994318	9.361454	3.217828	0.500000
8.671585	9.193637	2.338189	0.500000
8.906560	1.062037	3.971193	0.500000
9.298187	5.708115	2.396378	0.500000
5.788759	8.927030	1.472204	0.500000
3.350035	8.043734	0.594687	0.500000
7.881085	2.573352	1.458991	0.500000
4.361685	1.325411	3.856506	0.500000
5.269696	4.204836	1.579283	0.500000
4.144692	8.780808	0.704007	0.500000
5.917976	4.143164	3.923665	0.500000
6.880316	0.582081	3.999342	0.500000
6.320061	8.976522	3.930787	0.500000
4.180158	1.687210	2.170532	0.500000
9.785314	6.067575	1.490293	0.500000
2.601306	6.377073	1.671037	0.500000
4.454771	9.336234	1.509964	0.500000
2.439531	0.949094	2.321254	0.500000
6.862431	2.670283	1.385113	0.500000
3.777086	4.740332	3.958375	0.500000
5.040844	6.957639	2.205203	0.500000
4.829361	5.007185	3.895312	0.500000
2.937266	3.455062	0.523999	0.500000
9.382421	0.593421	3.120574	0.500000
9.996674	9.140253	0.765627	0.500000
2.219926	8.520300	2.111185	0.500000
3.927793	6.890436	0.760088	0.500000
1.132718	3.135938	1.269278	0.500000
2.260272	1.887417	3.050462	0.500000
0.578125	3.630340	0.521083	0.500000
6.617159	6.540730	0.524975	0.500000
8.135275	1.735763	3.058197	0.500000
0.648390	2.617334	0.514872	0.500000
6.755505	3.874300	0.567932	0.500000
7.414504	4.850218	3.244940	0.500000
5.975915	3.357938	3.162356	0.500000
2.237918	0.196953	1.262226	0.500000
3.881627	3.669645	3.888362	0.500000
1.829079	2.995741	0.507758	0.500000
3.190874	1.817873	2.408080	0.500000
5.873841	1.779371	3.170119	0.500000
3.069927	4.429703	3.175777	0.500000
8.775605	2.493621	2.585867	0.500000
4.632102	8.695983	3.078157	0.500000
9.581134	10.046695	0.651702	0.500000
0.396643	2.275428	2.237448	0.500000
0.173051	7.051030	1.063662	0.500000
0.462328	6.617661	3.113680	0.500000
5.461546	4.255522	2.782949	0.500000
2.986431	5.465497	3.081307	0.500000
2.894808	6.083029	0.534939	0.500000
7.733483	4.317641	0.508114	0.500000
9.038481	8.265747	1.710079	0.500000
8.397639	3.300323	0.804489	0.500000
5.635208	1.138356	2.408389	0.500000
1.320106	2.934658	2.341095	0.500000
1.609790	5.712124	1.523055	0.500000
5.104768	0.987334	1.406973	0.500000
1.933443	0.051623	2.220002	0.500000
9.635633	7.119337	3.237671	0.500000
7.076814	1.360879	2.989608	0.500000
3.660007	5.020614	0.524235	0.500000
5.024177	9.280835	0.632299	0.500000
8.935385	3.451263	2.865388	0.500000
1.769919	7.638544	2.368650	0.500000
2.281543	2.709288	3.915902	0.500000
3.926861	2.720369	0.570749	0.500000
7.069277	4.793537	1.084643	0.500000
8.184655	8.637570	3.106761	0.500000
6.626348	8.563001	0.546069	0.500000
0.850635	9.733462	0.604970	0.500000
0.980428	6.232367	3.892995	0.500000
7.518275	2.291280	3.982307	0.500000
8.120333	5.431457	0.623638	0.500000
8.693281	1.525285	0.739766	0.500000
7.130136	9.531884	0.536610	0.500000
1.981798	7.792967	0.509971	0.500000
4.290513	3.953294	1.967410	0.500000
5.746604	5.872479	0.555211	0.500000
0.173644	0.279057	2.986228	0.500000
4.523402	6.967468	3.067605	0.500000
7.616656	7.645164	0.515599	0.500000
3.999528	7.663772	1.390195	0.500000
4.523093	0.907575	0.536311	0.500000
1.413127	1.132058	1.533626	0.500000
2.186710	9.598646	3.000595	0.500000
10.080307	6.495966	3.947654	0.500000
3.774055	1.598767	0.837904	0.500000
7.309849	1.596794	1.429552	0.500000
9.443018	7.374257	0.555676	0.500000
3.301608	5.840820	2.209303	0.500000
9.692625	0.026804	3.977308	0.500000
1.559924	3.860827	2.040573	0.500000
8.618858	6.207540	1.604905	0.500000
9.617083	1.062021	0.673143	0.500000
1.092421	8.736497	2.310415	0.500000
1.957018	6.697871	3.951650	0.500000
8.518932	4.382331	3.193319	0.500000
9.850038	6.646730	2.312199	0.500000
4.663938	3.555101	1.117308	0.500000
6.029065	9.410396	0.518215	0.500000
8.544825	7.696489	3.226274	0.500000
8.501661	0.241981	0.538108	0.500000
1.306876	0.183852	3.151226	0.500000
1.278770	0.670546	0.621080	0.500000
0.874821	6.341277	0.572948	0.500000
4.124147	9.678156	3.528477	0.500000
1.903442	6.621493	0.624151	0.500000
4.991515	9.315456	3.977519	0.500000
3.633597	0.617637	3.761963	0.500000
7.145863	9.612857	2.201562	0.500000
6.173852	10.099387	2.429529	0.500000
6.226815	2.902125	0.502137	0.500000
0.929252	1.029740	3.994604	0.500000
8.767551	4.469024	0.621382	0.500000
0.287570	0.464969	0.606545	0.500000
9.943959	3.585647	3.048022	0.500000
6.680769	8.003669	3.944197	0.500000
9.029887	0.090956	1.500745	0.500000
4.848772	8.365994	1.526346	0.500000
2.683073	6.015436	3.862591	0.500000
0.874587	7.931273	3.158074	0.500000
4.654124	4.834547	2.271610	0.500000
6.056631	2.668840	3.921181	0.500000
1.051631	2.078661	1.341049	0.500000
8.994712	3.054091	3.860514	0.500000
3.595890	4.869308	2.241810	0.500000
0.555839	2.950282	3.141290	0.500000
7.164809	9.794873	3.860676	0.500000
2.958588	9.970334	3.967702	0.500000
7.271415	8.145080	3.030455	0.500000
4.189327	5.237380	3.078035	0.500000
1.229157	0.049433	1.501449	0.500000
8.298890	0.695962	3.233154	0.500000
3.342660	3.843185	2.405412	0.500000
9.144104	1.009172	1.881963	0.500000
7.955537	6.215828	3.993722	0.500000
5.163560	1.996051	2.098908	0.500000
3.422624	3.315022	1.397341	0.500000
5.215690	2.612635	3.054216	0.500000
9.132789	4.525438	2.358419	0.500000
6.551313	1.929360	0.524562	0.500000
6.482468	8.721402	2.205145	0.500000
4.623288	7.825253	0.577775	0.500000
9.703125	2.539903	3.031188	0.500000
3.641840	0.787724	2.271732	0.500000
4.595673	5.773139	0.555316	0.500000
8.241852	7.751406	2.242451	0.500000
4.513696	7.811218	2.364885	0.500000
4.734780	4.618602	0.587332	0.500000
4.247620	0.344720	2.943786	0.500000
3.634713	6.408987	3.079140	0.500000
9.264601	5.121692	3.206190	0.500000
9.247722	1.586688	3.013885	0.500000
8.907440	6.944796	2.485186	0.500000
0.242809	9.960663	1.369854	0.500000
6.267618	8.032982	1.353687	0.500000
5.063536	3.011485	3.984703	0.500000
9.138685	4.054250	3.965633	0.500000
6.840456	0.454145	0.519903	0.500000
7.105141	5.605852	3.957210	0.500000
8.901354	2.739711	1.549100	0.500000
7.657391	8.706165	2.242184	0.500000
1.535006	5.582208	0.500614	0.500000
5.241937	5.214677	1.211163	0.500000
2.777706	8.154227	2.910646	0.500000
5.852240	6.522004	1.333378	0.500000
1.934798	7.706503	3.890118	0.500000
7.803904	9.576696	3.058721	0.500000
10.115537	2.930200	1.251986	0.500000
7.442306	3.086373	0.567513	0.500000
1.450903	5.720017	2.870235	0.500000
7.742408	6.847513	1.944112	0.500000
7.144120	5.689316	0.518259	0.500000
1.354232	1.865602	2.274346	0.500000
5.302564	5.921410	2.048550	0.500000
2.453441	3.556730	1.480101	0.500000
5.534689	8.406443	0.509071	0.500000
0.213677	7.905123	1.696151	0.500000
1.279572	8.493753	3.980725	0.500000
9.562947	4.458606	1.409573	0.500000
3.462356	9.946525	1.423779	0.500000
0.047661	8.568056	2.640488	0.500000
7.585715	3.705289	1.352575	0.500000
7.082924	7.853505	2.060623	0.500000
9.163621	6.013517	3.900687	0.500000
3.306028	0.792582	1.302919	0.500000
2.351623	8.754524	3.920367	0.500000
1.616927	9.288839	1.607072	0.500000
3.992939	8.751410	3.905432	0.500000
2.926830	7.243859	2.453172	0.500000
6.427347	6.284255	3.136380	0.500000
6.119534	4.719626	0.545323	0.500000
6.206526	5.484406	2.348158	0.500000
6.503896	7.329931	3.136583	0.500000
0.823729	9.229353	3.196659	0.500000
0.351135	3.333199	2.153340	0.500000
4.744405	0.278543	3.970962	0.500000
1.726977	1.796205	3.975143	0.500000
5.553070	8.228638	3.994856	0.500000
2.703387	3.050346	2.309449	0.500000
8.343915	6.223721	2.994058	0.500000
0.989442	0.654690	2.312001	0.500000
7.618298	7.484537	3.927187	0.500000
3.105275	10.147022	2.960245	0.500000
8.504289	9.110207	3.953648	0.500000
1.024108	4.872607	2.060410	0.500000
6.380311	5.499265	1.282903	0.500000
5.654704	9.469558	3.034996	0.500000
3.900648	2.652816	2.624966	0.500000
4.236429	2.407554	3.781930	0.500000
1.604167	9.474074	3.999518	0.500000
7.384234	5.922074	2.878964	0.500000
2.179102	7.299671	1.370129	0.500000
3.284671	2.804375	3.797060	0.500000
9.967286	5.331224	3.969908	0.500000
1.284706	3.493461	3.891855	0.500000
1.414053	2.448799	3.251595	0.500000
3.266192	9.395988	0.594794	0.500000
8.425485	1.812635	1.916673	0.500000
3.731115	5.770637	3.852414	0.500000
8.148793	0.050518	3.991077	0.500000
2.663184	3.636201	3.855784	0.500000
6.597822	1.819930	3.948330	0.500000
1.076062	4.567057	0.535067	0.500000
9.692315	2.001683	3.963751	0.500000
2.552735	0.904824	3.378364	0.500000
1.640426	4.733421	2.989002	0.500000
9.146710	8.355609	0.676737	0.500000
5.513765	3.201103	2.199652	0.500000
8.179896	3.292146	2.120173	0.500000
0.051002	3.091985	3.995946	0.500000
7.344071	2.247735	2.261165	0.500000
1.584484	1.146495	3.126889	0.500000
1.930927	2.556176	1.567501	0.500000
3.880754	5.920114	1.323662	0.500000
2.547038	1.584745	1.458618	0.500000
5.208341	2.805387	0.511529	0.500000
2.840653	1.783024	3.980686	0.500000
5.332166	9.815327	1.631513	0.500000
6.266433	0.760674	3.108941	0.500000
9.991361	4.818183	0.515616	0.500000
4.064463	4.231607	3.075632	0.500000
0.657157	4.103930	1.527144	0.500000
4.930370	3.981316	3.636604	0.500000
4.658321	6.038783	3.476139	0.500000
2.005142	3.667801	3.071801	0.500000
1.798118	5.509450	3.882503	0.500000
0.963711	7.683301	0.523771	0.500000
4.326882	5.801744	2.254443	0.500000
4.605061	3.403475	2.835044	0.500000
6.125009	3.603023	1.461888	0.500000
6.388120	4.985491	3.609053	0.500000
1.276946	8.778765	0.526216	0.500000
8.247959	5.263903	2.636653	0.500000
4.880852	1.537850	3.021252	0.500000
1.185619	7.034394	1.295819	0.500000
7.206849	4.982971	2.122947	0.500000
6.721700	0.855322	2.158164	0.500000
4.755636	9.533043	2.513716	0.500000
8.611424	4.005418	1.548006	0.500000
6.022628	7.389371	0.533379	0.500000
0.097091	8.736417	3.951491	0.500000
10.166871	4.106063	3.976395	0.500000
3.748455	9.604029	2.392591	0.500000
2.726914	7.152053	3.498285	0.500000
1.942254	4.033558	0.625040	0.500000
7.340582	3.764397	3.019483	0.500000
5.145112	1.995012	3.873438	0.500000
3.726952	6.889047	3.975758	0.500000
6.857461	3.429743	2.171030	0.500000
9.524540	3.423731	2.014960	0.500000
6.930445	7.224951	1.194564	0.500000
8.929506	9.324031	1.147235	0.500000
4.570173	7.875195	3.902092	0.500000
3.160440	9.101957	3.177443	0.500000
9.990236	6.181664	0.514178	0.500000
5.696466	10.119141	3.892846	0.500000
9.232248	8.585737	2.926035	0.500000
0.579029	6.044458	1.813919	0.500000
2.480325	4.352780	2.331041	0.500000
2.935076	5.384059	1.373852	0.500000
0.014431	5.258138	2.072863	0.500000
9.802667	2.024687	0.963127	0.500000
10.007341	1.042600	3.899224	0.500000
3.574327	2.329820	1.567184	0.500000
3.438365	8.957149	1.622338	0.500000
9.324351	7.009136	1.491824	0.500000
1.870342	4.668081	1.446634	0.500000
10.008586	1.086142	2.428483	0.500000
8.931617	9.772646	3.324243	0.500000
6.736579	6.669173	2.232353	0.500000
9.806022	9.126877	1.781638	0.500000
9.581430	3.683333	0.734217	0.500000
1.820545	8.540069	3.073555	0.500000
5.317797	7.685831	3.134137	0.500000
8.508588	5.253885	3.977491	0.500000
7.798431	2.104129	0.566460	0.500000
5.496619	6.694678	3.144239	0.500000
8.861836	6.965440	3.965450	0.500000
8.587268	5.139065	1.671110	0.500000
5.362916	8.394338	2.395598	0.500000
4.555996	2.167665	1.133064	0.500000
6.473846	9.709492	1.380877	0.500000
