200

0.855937	7.895231	0.533820	0.500000
2.047510	9.661830	1.528467	0.500000
2.402189	8.375894	1.063902	0.500000
5.568783	8.386326	0.506003	0.500000
5.271397	0.483536	1.973128	0.500000
8.811536	8.271644	1.095792	0.500000
4.620205	0.982756	0.573440	0.500000
5.295134	5.713885	1.981382	0.500000
9.305561	9.369842	1.198387	0.500000
6.823795	8.270416	1.976237	0.500000
3.835404	9.673404	1.981425	0.500000
2.925126	0.189362	1.950858	0.500000
4.678929	0.076010	1.005036	0.500000
5.606075	2.060594	1.987934	0.500000
1.972341	3.187503	1.321471	0.500000
5.520663	0.368684	0.518563	0.500000
3.501062	1.243065	0.591935	0.500000
6.471366	0.443083	1.708234	0.500000
1.023455	9.282511	1.984170	0.500000
0.830064	0.655967	0.888061	0.500000
0.909688	4.518256	1.879802	0.500000
1.109510	4.604786	0.563256	0.500000
1.225326	1.346412	1.707507	0.500000
5.997206	3.400990	0.504997	0.500000
3.843632	3.091626	1.996022	0.500000
5.904869	5.478801	0.901961	0.500000
5.901098	4.678721	1.993305	0.500000
4.608354	5.746710	0.528181	0.500000
8.208113	7.410503	1.223980	0.500000
1.185371	0.343872	1.789369	0.500000
1.388643	3.577814	0.571194	0.500000
1.138575	2.360752	1.860734	0.500000
1.474905	1.499370	0.575244	0.500000
2.056597	2.166615	1.294262	0.500000
2.832815	4.593275	1.186832	0.500000
7.123373	4.630614	1.999374	0.500000
5.609592	1.150994	1.242147	0.500000
9.700652	3.493356	0.524518	0.500000
9.428421	1.374130	0.524202	0.500000
9.225666	2.602584	1.998062	0.500000
1.168808	7.264817	1.981965	0.500000
0.534073	3.816394	1.119642	0.500000
1.529178	2.560293	0.525049	0.500000
8.796765	0.869733	1.205996	0.500000
4.939302	3.241953	0.535618	0.500000
3.170932	5.311873	0.506890	0.500000
5.798917	7.610583	1.974142	0.500000
8.919998	5.587664	1.997091	0.500000
7.677586	2.210992	0.575059	0.500000
7.932759	4.671807	0.563220	0.500000
2.134916	7.656153	1.952593	0.500000
1.144246	3.481239	1.966250	0.500000
2.798956	6.773806	0.517024	0.500000
3.595977	4.091275	1.973634	0.500000
2.686417	2.642698	1.986702	0.500000
3.981821	7.228760	0.559422	0.500000
4.305470	5.439120	1.956249	0.500000
5.084864	4.956612	1.187153	0.500000
6.920921	5.038998	0.601169	0.500000
9.248696	5.783878	0.504259	0.500000
9.984461	6.708264	0.514841	0.500000
0.637965	5.547713	1.992442	0.500000
3.666132	6.275459	0.596656	0.500000
2.500517	2.800408	0.527548	0.500000
3.914872	7.245685	1.932060	0.500000
7.005950	5.611691	1.723140	0.500000
7.651951	8.903363	1.941243	0.500000
9.787200	5.013977	1.942812	0.500000
6.403168	6.259326	0.508848	0.500000
2.366280	3.806307	0.601109	0.500000
8.657419	9.171369	1.980129	0.500000
1.416149	8.081298	1.354666	0.500000
2.107807	7.520658	0.545617	0.500000
2.782624	5.994075	1.158363	0.500000
3.707238	6.269758	1.774817	0.500000
2.147372	5.059461	0.521505	0.500000
3.936696	4.930880	1.061415	0.500000
2.608889	6.619804	1.986230	0.500000
4.582944	4.174707	0.594811	0.500000
8.085598	6.695671	0.528375	0.500000
8.129424	5.699455	0.840087	0.500000
8.786005	6.381777	1.257012	0.500000
9.976109	6.743908	1.954117	0.500000
1.654403	8.817514	0.554788	0.500000
4.936759	7.510584	0.928194	0.500000
3.104082	1.209542	1.782832	0.500000
8.293963	8.085159	1.978968	0.500000
8.143813	1.292871	0.503040	0.500000
9.093795	7.261390	1.883529	0.500000
5.985857	7.345473	0.526475	0.500000
0.788844	8.816753	1.098331	0.500000
4.455990	8.344366	0.532017	0.500000
1.843453	6.216077	0.572870	0.500000
2.865701	0.424004	0.958179	0.500000
3.246529	9.051026	0.502909	0.500000
6.426473	0.858809	0.610779	0.500000
4.511405	6.580762	1.110739	0.500000
9.658528	0.039937	1.885516	0.500000
8.513685	0.198509	1.905075	0.500000
7.518865	9.586085	1.157216	0.500000
9.899155	8.418617	0.659625	0.500000
3.740160	0.131202	0.560745	0.500000
2.511511	1.486859	0.713503	0.500000
2.144089	0.904967	1.992951	0.500000
4.217436	2.122042	0.505490	0.500000
6.575964	1.957551	0.620237	0.500000
3.910482	2.021970	1.959514	0.500000
8.476357	9.904962	0.710788	0.500000
1.186815	9.741955	0.574610	0.500000
5.099333	6.725947	1.910719	0.500000
0.026570	1.042986	1.523085	0.500000
1.844517	0.551903	1.006510	0.500000
4.007260	8.658502	1.989984	0.500000
0.594177	8.166261	1.936573	0.500000
4.105578	0.658560	1.920303	0.500000
6.511858	2.444701	1.539165	0.500000
7.507026	2.165459	1.959500	0.500000
6.970258	2.929312	0.569699	0.500000
8.402263	2.220817	1.443593	0.500000
9.368092	8.223159	1.926481	0.500000
9.208703	1.608838	1.757671	0.500000
4.789187	1.449580	1.739598	0.500000
4.922103	9.483724	1.929311	0.500000
5.382959	2.075611	0.642591	0.500000
0.418100	9.758988	1.271095	0.500000
4.604434	4.332259	1.837199	0.500000
8.752506	4.187738	1.983168	0.500000
7.109178	8.814890	0.534512	0.500000
9.708853	0.373994	0.666564	0.500000
0.118092	2.003876	1.909568	0.500000
8.884744	4.917496	1.169547	0.500000
0.450214	1.680037	0.656683	0.500000
2.434171	4.055282	1.984405	0.500000
4.037476	3.093907	0.951565	0.500000
4.842127	3.252253	1.997966	0.500000
3.135917	3.434374	1.349429	0.500000
6.588769	9.423467	1.906933	0.500000
8.172849	1.282241	1.993987	0.500000
2.071562	8.674500	1.967795	0.500000
9.628047	2.369881	1.110649	0.500000
0.649219	2.774536	1.007721	0.500000
9.827318	4.014161	1.869132	0.500000
3.541739	3.981887	0.586020	0.500000
5.877703	4.427219	0.559718	0.500000
5.568847	2.847974	1.280618	0.500000
5.364522	6.418710	0.501631	0.500000
7.378415	1.205451	1.143036	0.500000
7.973122	3.209762	0.555111	0.500000
8.047094	4.954958	1.720755	0.500000
9.967685	9.046035	1.971301	0.500000
9.849487	5.972773	1.330073	0.500000
1.418710	5.381981	1.209819	0.500000
1.730356	6.067431	1.992288	0.500000
3.200819	2.324411	1.157139	0.500000
5.461448	3.979398	1.395383	0.500000
6.859803	3.971944	0.701408	0.500000
8.130331	3.114523	1.976071	0.500000
8.827769	2.179842	0.522941	0.500000
8.801354	3.265569	1.153090	0.500000
0.819633	6.217169	1.252091	0.500000
6.071339	6.289119	1.505495	0.500000
0.182445	3.018734	1.944915	0.500000
8.827817	4.145732	0.507399	0.500000
3.247436	5.083043	1.994394	0.500000
5.710811	8.735173	1.998502	0.500000
7.277668	6.293345	1.012715	0.500000
4.088948	9.252136	1.087310	0.500000
4.663350	2.435554	1.403764	0.500000
7.894571	3.988350	1.405440	0.500000
9.966953	7.537931	1.155323	0.500000
6.583000	7.427957	1.326038	0.500000
0.979444	6.882205	0.506325	0.500000
1.818914	4.444845	1.296424	0.500000
2.220623	5.155757	1.928915	0.500000
2.323046	9.636754	0.552657	0.500000
3.017609	7.328249	1.326693	0.500000
1.847907	6.864028	1.341566	0.500000
4.929137	9.230509	0.500627	0.500000
7.521806	8.143892	1.194794	0.500000
9.025956	7.333510	0.639853	0.500000
0.388765	5.310714	0.777058	0.500000
9.733353	4.580675	0.534624	0.500000
4.922549	8.621837	1.371904	0.500000
4.806340	7.826847	1.999709	0.500000
6.512491	9.747434	0.584736	0.500000
7.241510	3.187059	1.503540	0.500000
6.646273	1.510554	1.888773	0.500000
8.065575	6.127915	1.972072	0.500000
6.934868	6.600980	1.946716	0.500000
5.796420	9.674700	1.333788	0.500000
7.198985	7.227181	0.514020	0.500000
7.501300	0.365019	1.997059	0.500000
3.267566	7.934214	0.540760	0.500000
3.065305	8.213776	1.857429	0.500000
2.977534	9.245731	1.473038	0.500000
6.320523	8.615906	1.128872	0.500000
7.366263	0.385277	0.513979	0.500000
6.410551	3.699891	1.802917	0.500000
7.490228	7.444246	1.971370	0.500000
8.112653	8.884525	0.578246	0.500000
