500

4.879429	7.116805	1.520701	0.500000
9.239173	5.012921	0.515293	0.500000
7.878520	5.086897	0.569686	0.500000
9.386514	4.940676	1.688446	0.500000
0.700645	8.205538	3.164283	0.500000
1.382474	2.785478	3.385331	0.500000
6.251496	7.715139	2.592158	0.500000
10.966714	5.004907	0.687011	0.500000
4.099030	8.481471	0.571582	0.500000
3.224553	3.203656	2.671765	0.500000
1.610212	4.526890	0.573091	0.500000
6.672850	11.013053	0.519192	0.500000
1.940377	11.047764	4.499001	0.500000
5.272180	6.058245	1.493654	0.500000
9.106419	8.678087	4.483235	0.500000
1.660462	0.939542	4.379293	0.500000
7.298590	2.637918	3.130631	0.500000
8.103420	7.486084	1.821493	0.500000
5.906687	6.383085	0.522196	0.500000
6.971448	5.508375	0.658442	0.500000
7.540194	10.101329	4.350974	0.500000
5.005478	10.021067	1.935033	0.500000
9.833841	10.962203	0.670471	0.500000
5.182156	6.307990	4.316554	0.500000
2.515025	11.308821	2.110928	0.500000
7.206647	3.061258	1.682342	0.500000
0.536805	5.691776	0.551013	0.500000
3.092684	9.537781	4.482818	0.500000
7.960881	10.072910	0.564339	0.500000
4.459581	1.412629	3.134925	0.500000
6.745846	8.790035	0.506882	0.500000
7.803602	5.367593	3.595220	0.500000
5.984109	10.579421	1.295088	0.500000
6.101334	4.601102	3.819416	0.500000
9.363084	2.389314	4.363289	0.500000
0.716016	0.730211	0.512194	0.500000
8.342671	9.461676	4.466195	0.500000
6.261127	5.805154	1.302748	0.500000
8.753239	1.189167	2.656828	0.500000
3.797031	1.937700	0.578089	0.500000
1.690332	9.947587	0.611170	0.500000
3.538521	10.974215	1.414527	0.500000
8.674119	8.750935	1.561911	0.500000
8.968726	3.122141	1.298492	0.500000
5.503278	7.097458	3.539354	0.500000
3.100613	3.166143	3.753352	0.500000
7.361804	5.286254	1.723500	0.500000
8.007818	8.565090	3.164539	0.500000
0.856552	0.191257	3.330778	0.500000
1.127979	2.389516	1.430281	0.500000
10.237412	5.467402	2.017942	0.500000
3.798554	1.164698	1.360055	0.500000
6.951558	8.589088	4.365046	0.500000
10.965860	0.886109	2.185904	0.500000
8.940816	9.689509	0.916586	0.500000
1.145676	1.242696	3.217356	0.500000
4.809088	7.284241	4.464567	0.500000
9.752177	3.835709	1.632782	0.500000
11.363811	3.739089	0.624650	0.500000
7.808594	1.933793	2.345384	0.500000
4.534714	0.402168	1.564425	0.500000
10.175306	9.950981	3.439699	0.500000
3.598553	1.394308	4.419458	0.500000
6.763200	0.195142	2.648550	0.500000
2.512407	3.711605	4.351930	0.500000
4.030061	11.291030	0.507995	0.500000
5.707924	3.647074	3.949866	0.500000
10.387181	0.388059	4.479604	0.500000
9.769614	2.550275	2.980450	0.500000
5.900356	10.595491	3.177878	0.500000
6.010325	6.892331	1.511506	0.500000
1.267112	7.161792	3.402243	0.500000
4.944161	6.718302	0.519505	0.500000
2.988781	9.990875	1.773750	0.500000
1.652585	7.028954	4.432018	0.500000
3.062938	11.038625	3.498289	0.500000
8.746848	7.937459	0.570106	0.500000
11.039427	5.585933	3.410263	0.500000
4.895868	9.139050	4.290066	0.500000
5.260613	11.270262	0.742353	0.500000
6.343784	3.651795	1.269377	0.500000
2.153141	0.054512	0.717998	0.500000
11.018564	0.125439	0.559251	0.500000
2.830908	10.621185	0.731766	0.500000
5.326848	1.789192	2.494008	0.500000
9.410363	2.583119	0.552054	0.500000
3.008246	6.095565	3.513279	0.500000
10.734768	4.200179	3.614710	0.500000
6.188940	0.317292	3.611260	0.500000
5.624759	10.970032	4.181494	0.500000
10.563981	1.742416	1.783814	0.500000
6.309566	9.590321	1.485122	0.500000
9.332753	1.487399	0.567248	0.500000
11.271990	5.211275	4.328406	0.500000
10.191854	1.403541	4.412502	0.500000
0.027519	3.330891	2.540502	0.500000
1.106622	8.874513	2.367621	0.500000
8.519845	2.078888	0.543341	0.500000
1.642982	1.302976	0.758188	0.500000
9.392754	10.889526	3.174784	0.500000
3.103394	4.589834	4.462060	0.500000
2.697381	0.586156	2.840165	0.500000
5.992970	2.671896	1.153624	0.500000
6.384570	1.243456	2.435205	0.500000
1.733595	3.834448	1.699407	0.500000
10.575189	2.995300	0.542625	0.500000
2.579296	8.670184	4.456159	0.500000
4.918101	0.110507	3.760773	0.500000
5.332305	1.917289	3.990153	0.500000
4.004555	3.538850	3.520487	0.500000
4.097228	4.935595	4.400434	0.500000
0.174705	8.159497	2.178654	0.500000
2.401686	6.325729	4.329687	0.500000
10.387535	8.942776	4.355800	0.500000
0.683697	6.080218	1.917191	0.500000
5.831783	1.334309	1.572056	0.500000
10.396322	1.957932	0.654839	0.500000
1.249006	8.576467	1.381111	0.500000
10.761574	9.874150	1.409249	0.500000
1.910239	2.438255	2.578020	0.500000
6.728319	3.850269	4.410077	0.500000
3.563912	4.798029	3.469561	0.500000
9.338849	10.957353	1.742366	0.500000
9.743118	4.377834	2.983518	0.500000
11.084535	0.378636	3.047185	0.500000
0.750633	1.839593	0.609105	0.500000
8.770187	3.881905	3.500855	0.500000
3.237142	2.352503	4.446931	0.500000
10.793858	3.561378	4.475303	0.500000
10.205531	0.582001	1.462742	0.500000
3.762523	8.628312	2.725946	0.500000
0.469082	0.793149	2.531023	0.500000
9.793223	5.403337	4.480928	0.500000
4.542493	1.033521	0.688405	0.500000
3.412003	9.561611	2.590960	0.500000
5.294572	9.683232	3.400406	0.500000
3.469691	9.968787	3.565788	0.500000
0.261895	5.048573	2.506773	0.500000
7.308623	8.722697	1.366598	0.500000
1.373737	2.023154	4.474048	0.500000
4.314136	9.034060	1.673686	0.500000
8.387903	1.169010	1.254592	0.500000
4.553144	3.168504	2.528454	0.500000
9.479238	3.640106	0.597227	0.500000
1.968902	3.500575	2.660650	0.500000
8.795971	10.563984	4.278672	0.500000
1.790088	0.603996	2.043147	0.500000
3.293017	9.000686	1.444494	0.500000
2.916692	4.260405	2.325877	0.500000
2.951948	8.080473	0.683170	0.500000
7.978436	6.085798	0.555287	0.500000
8.004167	0.012518	0.520101	0.500000
7.788760	4.041014	2.642674	0.500000
4.291728	2.209422	4.386838	0.500000
4.111869	10.793268	3.547578	0.500000
3.403529	6.684855	4.498315	0.500000
3.750919	10.071677	0.562564	0.500000
0.540600	10.704305	4.487080	0.500000
2.656879	6.956080	0.619619	0.500000
4.426582	6.538967	3.559489	0.500000
5.898591	3.301443	2.294452	0.500000
2.357105	3.376469	0.560414	0.500000
2.697810	1.458792	0.529203	0.500000
6.701447	1.920026	0.565105	0.500000
1.004042	10.416686	3.636126	0.500000
4.871531	2.900725	0.714984	0.500000
9.221834	0.632000	1.698152	0.500000
10.744946	8.661780	2.056098	0.500000
2.974874	8.025280	3.087466	0.500000
8.971293	0.241532	3.639822	0.500000
6.973234	4.863200	4.446909	0.500000
10.405244	7.515727	1.552815	0.500000
1.691019	7.600402	0.621832	0.500000
0.314925	10.320437	1.469069	0.500000
10.705503	2.607100	3.347214	0.500000
0.970769	0.930072	1.546685	0.500000
1.869212	4.528104	4.426340	0.500000
5.646264	0.778996	0.506297	0.500000
5.943496	3.993624	3.033419	0.500000
2.298063	2.585539	4.077819	0.500000
8.952674	6.302001	0.745559	0.500000
9.884231	9.787591	0.518678	0.500000
5.859412	5.132857	0.523842	0.500000
1.191664	9.755361	1.747740	0.500000
3.399836	4.253173	1.399228	0.500000
4.610835	10.379830	0.976161	0.500000
1.947312	6.080907	3.339648	0.500000
4.008424	7.872319	1.859590	0.500000
9.618998	7.415740	2.622721	0.500000
2.536323	5.262375	3.080530	0.500000
2.594582	1.497362	4.463833	0.500000
4.171360	5.945507	4.379694	0.500000
7.529526	9.885819	1.475832	0.500000
9.776501	10.900781	4.314059	0.500000
4.976687	4.188715	4.488201	0.500000
10.685473	4.777178	2.744056	0.500000
0.447268	6.627852	3.157543	0.500000
5.309929	0.809766	2.257638	0.500000
8.752848	10.017566	3.203551	0.500000
1.439136	9.570122	3.009484	0.500000
10.811426	7.047634	2.439856	0.500000
7.808546	0.423852	3.560483	0.500000
3.688195	0.549569	3.488044	0.500000
9.644048	9.276156	1.631905	0.500000
0.090543	2.164526	1.481722	0.500000
5.325796	11.436130	2.853556	0.500000
6.751731	2.213976	2.225441	0.500000
8.947181	5.703957	2.626424	0.500000
2.689235	4.428474	0.690174	0.500000
1.703673	8.159016	3.854201	0.500000
11.114365	5.936781	2.277483	0.500000
11.405867	4.189236	2.026376	0.500000
1.010269	8.877359	4.428364	0.500000
9.123684	6.953766	3.473787	0.500000
0.414886	9.719338	4.247120	0.500000
2.324785	7.253655	3.030880	0.500000
2.664987	3.142939	1.541536	0.500000
3.478823	5.073223	0.782446	0.500000
2.053732	5.683520	2.225121	0.500000
0.002480	3.345511	3.607556	0.500000
10.516145	10.970299	3.186832	0.500000
9.547510	9.766975	4.421353	0.500000
6.745041	0.432474	4.443878	0.500000
4.287005	9.958581	4.354098	0.500000
10.884339	10.547899	0.537660	0.500000
6.010615	8.829076	3.733392	0.500000
9.607938	8.272329	1.824314	0.500000
10.464390	4.537179	1.708488	0.500000
7.107254	6.257948	4.264006	0.500000
1.240608	6.761983	2.419869	0.500000
9.526355	6.075913	1.648940	0.500000
11.400486	2.628722	4.354604	0.500000
10.864620	6.671287	3.514444	0.500000
2.120312	5.066461	1.377019	0.500000
9.185238	0.268542	2.637515	0.500000
3.538404	10.762409	4.419661	0.500000
1.822438	9.177552	3.862319	0.500000
0.023394	8.444826	4.404316	0.500000
5.110372	10.986887	1.696198	0.500000
5.744802	8.701971	0.588755	0.500000
3.240892	6.946304	1.607242	0.500000
0.967479	3.844308	2.390957	0.500000
6.911472	6.624409	0.611227	0.500000
10.108539	5.487931	0.938694	0.500000
6.872568	3.613742	2.451364	0.500000
3.932795	2.528184	3.411110	0.500000
8.483144	5.510373	1.533744	0.500000
7.794325	11.086804	4.472978	0.500000
2.442771	10.156914	3.918830	0.500000
9.809916	9.591616	2.572745	0.500000
11.312457	10.883736	2.263663	0.500000
3.364582	5.589848	1.790553	0.500000
4.343529	9.924528	2.870496	0.500000
6.630536	6.914933	3.572881	0.500000
3.770173	1.937616	2.517046	0.500000
6.124538	1.831916	3.360738	0.500000
8.304792	5.529246	4.498037	0.500000
1.208774	10.833481	0.986781	0.500000
10.035204	7.384882	4.465622	0.500000
2.704105	9.556471	0.579915	0.500000
6.211909	6.706829	4.472940	0.500000
10.873088	1.528760	3.661566	0.500000
6.978866	4.232475	3.319227	0.500000
3.071119	9.032694	3.453103	0.500000
10.197080	10.429002	2.150322	0.500000
5.636091	0.660769	4.452607	0.500000
0.332028	4.163298	3.132200	0.500000
8.905932	6.626886	4.491662	0.500000
5.949465	5.932424	2.485332	0.500000
7.447361	6.069914	2.559692	0.500000
4.749160	8.273145	2.436071	0.500000
6.553582	10.294686	4.431466	0.500000
1.622224	10.618497	2.776270	0.500000
10.632555	2.618285	2.266598	0.500000
11.259480	10.268825	3.247139	0.500000
0.632082	10.318819	2.634991	0.500000
1.102152	11.277565	1.934846	0.500000
1.886758	10.500470	1.696777	0.500000
6.789777	0.679487	0.540564	0.500000
1.245568	3.291408	0.818229	0.500000
9.226443	3.477932	2.599880	0.500000
10.686017	3.489659	1.429312	0.500000
4.557400	5.245985	3.536656	0.500000
4.961099	3.084672	4.498624	0.500000
8.171959	6.349214	3.545344	0.500000
0.352386	0.001234	1.273112	0.500000
5.475531	7.016288	2.485640	0.500000
7.565615	2.365419	0.877861	0.500000
7.316452	10.475000	2.571961	0.500000
4.940360	4.166481	3.402470	0.500000
4.464845	1.349304	2.100251	0.500000
4.000665	10.158976	1.786118	0.500000
11.301106	7.334404	4.275277	0.500000
3.816731	3.363522	0.596250	0.500000
10.319694	7.955198	3.645232	0.500000
0.188279	0.534125	4.036142	0.500000
8.878036	4.412777	4.417683	0.500000
1.734781	4.660595	2.374278	0.500000
3.166693	1.920671	1.568840	0.500000
5.201038	8.153731	4.150309	0.500000
1.138068	6.040866	4.466404	0.500000
6.630857	5.460817	3.063212	0.500000
6.361827	3.005042	3.470407	0.500000
8.114444	7.145624	0.785369	0.500000
8.771039	2.204171	2.555414	0.500000
1.588385	7.983088	2.712541	0.500000
10.909971	9.605996	2.462909	0.500000
8.260284	8.991099	0.523114	0.500000
5.276924	5.103802	2.612629	0.500000
7.101155	2.053478	4.007669	0.500000
9.326974	1.658833	1.745958	0.500000
5.351355	4.141380	0.501439	0.500000
5.617639	8.084137	1.902888	0.500000
1.678729	4.811876	3.433197	0.500000
2.609791	5.896606	0.751211	0.500000
9.980130	5.460073	3.304242	0.500000
6.345530	1.558642	4.472038	0.500000
5.528634	9.849955	0.730285	0.500000
8.524149	1.232717	4.085488	0.500000
6.931523	8.354573	3.268615	0.500000
7.013814	1.295351	1.378579	0.500000
6.803447	7.725821	1.598188	0.500000
4.548311	1.115336	4.234812	0.500000
8.875717	10.653212	0.565160	0.500000
8.487002	3.930389	1.669318	0.500000
4.951532	5.695867	0.615565	0.500000
5.127516	2.598992	1.841943	0.500000
3.864410	7.827594	4.330686	0.500000
10.191001	11.431614	2.352173	0.500000
0.422209	9.361162	3.024760	0.500000
1.079899	1.709232	2.224910	0.500000
5.670381	1.822785	0.510452	0.500000
10.361393	2.593190	4.395623	0.500000
10.441913	3.780363	2.564294	0.500000
1.043977	0.136497	4.401079	0.500000
3.386892	10.573346	2.580741	0.500000
2.368018	1.530537	2.625898	0.500000
3.747177	3.518192	4.490161	0.500000
3.704255	5.616988	2.763517	0.500000
2.377615	9.958690	2.662834	0.500000
3.268873	1.465658	3.273103	0.500000
9.932565	6.326722	2.669846	0.500000
0.272504	1.497259	4.383228	0.500000
3.460478	0.679874	0.524254	0.500000
5.168859	4.675376	1.495560	0.500000
1.793321	2.329651	0.540925	0.500000
8.381114	10.964042	3.270610	0.500000
8.719699	9.093904	2.657096	0.500000
9.093369	7.086321	1.529659	0.500000
10.596709	10.151309	4.453924	0.500000
8.061223	10.732273	1.363960	0.500000
9.925458	6.495477	3.934203	0.500000
3.749682	7.298036	0.582579	0.500000
3.904947	4.251063	2.614607	0.500000
8.369298	2.344969	1.515443	0.500000
4.974101	4.043324	2.279084	0.500000
6.265464	4.802453	1.419182	0.500000
7.327810	3.008661	4.489305	0.500000
5.427489	1.011945	3.275673	0.500000
1.403284	9.866714	4.494096	0.500000
2.672910	4.287188	3.320737	0.500000
9.738497	3.463727	3.987792	0.500000
3.726773	2.832553	1.813808	0.500000
7.703873	4.054509	0.957360	0.500000
11.046675	7.063932	0.558391	0.500000
11.432958	8.040353	1.025919	0.500000
0.851262	7.671171	1.534976	0.500000
6.822206	9.954063	0.702216	0.500000
7.966035	1.504045	3.268570	0.500000
7.542807	8.261798	2.292860	0.500000
10.930566	8.734963	3.047617	0.500000
7.726002	3.488519	3.592199	0.500000
0.382343	2.400365	3.368131	0.500000
7.457705	7.128779	2.989634	0.500000
8.415605	3.524707	4.441286	0.500000
7.771599	9.293612	2.387065	0.500000
8.637268	4.200415	0.606716	0.500000
0.682029	9.900825	0.563824	0.500000
0.653508	4.357468	0.943778	0.500000
1.316917	3.813291	3.384125	0.500000
9.477968	1.465900	3.419195	0.500000
5.991242	9.899038	2.440804	0.500000
10.087645	4.503987	0.704169	0.500000
6.813888	2.955416	0.558196	0.500000
6.055115	0.297906	1.316691	0.500000
10.631179	5.999336	4.481262	0.500000
0.134184	6.848932	1.543145	0.500000
6.606275	4.376163	0.522665	0.500000
4.884244	8.240044	1.199806	0.500000
4.442836	4.751125	0.563249	0.500000
0.859068	7.881167	4.400741	0.500000
0.594494	7.300060	0.597774	0.500000
8.766953	8.042606	2.521192	0.500000
9.512273	9.098596	3.606188	0.500000
8.343091	7.585139	3.345524	0.500000
10.161606	0.917747	0.520650	0.500000
9.906213	2.662728	1.524345	0.500000
8.945131	9.953806	1.992519	0.500000
11.018704	9.208745	0.670318	0.500000
1.144262	5.762285	2.776522	0.500000
8.906226	0.536143	0.574895	0.500000
0.142159	6.306243	4.114244	0.500000
8.178861	3.097690	0.557945	0.500000
1.840723	0.090550	3.555222	0.500000
2.388724	1.217426	1.465249	0.500000
6.114183	7.711662	4.207445	0.500000
8.612579	2.736026	3.531190	0.500000
10.063635	0.519712	3.506861	0.500000
5.547300	9.945254	4.463714	0.500000
9.937526	8.474964	2.851293	0.500000
7.576047	1.000228	4.482280	0.500000
0.389401	3.319009	1.536277	0.500000
4.975339	2.677285	3.405306	0.500000
9.603166	8.833811	0.629170	0.500000
4.225932	4.947187	1.940505	0.500000
6.280892	5.709288	4.442518	0.500000
3.505896	6.963314	3.388340	0.500000
2.007052	1.716987	3.642304	0.500000
2.106578	2.212031	1.550917	0.500000
5.289405	5.235294	4.302750	0.500000
10.928813	5.994051	0.516102	0.500000
7.990900	5.212758	2.530679	0.500000
8.334782	6.674108	2.553109	0.500000
4.709981	1.971544	1.119403	0.500000
4.782253	3.750179	1.327287	0.500000
7.718277	1.281794	0.504172	0.500000
3.669089	0.330582	4.489053	0.500000
9.987864	1.159515	2.420394	0.500000
11.173429	11.082098	3.958845	0.500000
5.720009	7.699080	0.918531	0.500000
9.367948	0.774487	4.476376	0.500000
2.232428	8.878286	2.926665	0.500000
0.879629	4.307770	4.448257	0.500000
1.481994	6.590524	0.814632	0.500000
2.068112	8.619994	0.715535	0.500000
7.636389	0.909764	2.299394	0.500000
9.661092	7.018275	0.660094	0.500000
6.127252	10.977942	2.204154	0.500000
8.298386	7.443424	4.421946	0.500000
8.050164	3.042889	2.452557	0.500000
4.561353	10.919764	4.470819	0.500000
0.794009	2.696515	2.403549	0.500000
11.161000	0.961827	1.198079	0.500000
2.948176	0.368406	1.331185	0.500000
3.612820	0.247591	2.331684	0.500000
8.296482	11.337500	2.266069	0.500000
9.834428	4.492804	4.065122	0.500000
0.136003	2.767264	0.513889	0.500000
0.094736	5.288671	1.528472	0.500000
3.919378	8.931157	4.055327	0.500000
7.786416	9.694274	3.388484	0.500000
10.422425	8.172155	0.555879	0.500000
1.684247	5.542441	0.509364	0.500000
2.069666	6.631436	1.660230	0.500000
2.873626	2.517116	0.541313	0.500000
6.966187	11.008923	3.579869	0.500000
6.875025	1.160236	3.367602	0.500000
6.549556	6.729565	2.593314	0.500000
0.535859	8.720889	0.509344	0.500000
8.977402	4.887789	3.482145	0.500000
10.701317	10.986902	1.434407	0.500000
7.411257	7.604675	3.969522	0.500000
6.185915	2.923078	4.476966	0.500000
2.674696	6.484660	2.457339	0.500000
2.816208	7.511545	4.003830	0.500000
9.084693	5.864500	3.675735	0.500000
11.297732	1.752467	2.566690	0.500000
7.054348	6.659784	1.690408	0.500000
4.636117	9.398064	0.670022	0.500000
6.409908	9.715197	3.451200	0.500000
1.094009	5.112964	1.729061	0.500000
6.964702	10.779537	1.508558	0.500000
4.494982	7.828933	3.432468	0.500000
4.022285	6.881371	2.504843	0.500000
7.906563	4.567767	4.225649	0.500000
10.405530	6.519956	1.304848	0.500000
6.545308	4.626617	2.476457	0.500000
0.594644	5.085562	3.502846	0.500000
8.179223	2.197964	4.407755	0.500000
11.203909	7.635854	3.154345	0.500000
6.560238	8.919834	2.227325	0.500000
7.436657	0.217223	1.416849	0.500000
7.976090	8.422579	4.436253	0.500000
3.166673	5.589242	4.377430	0.500000
4.704964	8.841187	3.320668	0.500000
2.755760	2.380370	3.177968	0.500000
5.757244	5.805622	3.547766	0.500000
2.211966	9.255003	1.534767	0.500000
2.585323	0.390295	4.374824	0.500000
3.915870	6.231690	0.540797	0.500000
2.982573	7.964354	1.889471	0.500000
5.582671	8.917250	2.818243	0.500000
8.086744	6.474053	1.559042	0.500000
0.235703	9.239846	1.867828	0.500000
5.364245	9.062086	1.669402	0.500000
8.820344	4.414934	2.570944	0.500000
4.257618	6.117690	1.592064	0.500000
4.901402	6.057481	2.795936	0.500000
0.779599	3.272281	4.304270	0.500000
2.016066	7.643075	1.626790	0.500000
