500

7.589404	11.410605	0.625156	0.500000
10.307987	7.414148	4.249543	0.500000
6.547033	5.873812	3.822825	0.500000
11.279011	4.270843	1.399799	0.500000
11.365176	1.395865	1.814909	0.500000
3.088997	8.798331	2.244377	0.500000
8.221167	10.904361	3.347251	0.500000
5.380709	10.051193	2.644275	0.500000
7.200695	8.808330	1.953796	0.500000
10.979813	1.140281	3.010889	0.500000
1.154291	10.337022	1.627131	0.500000
2.453242	11.352103	2.753464	0.500000
4.051619	9.022874	1.946268	0.500000
9.610398	3.623848	0.501310	0.500000
4.968966	0.520525	1.536704	0.500000
9.751770	11.117279	2.451556	0.500000
7.521717	7.199418	3.462208	0.500000
2.667891	5.407421	2.455745	0.500000
7.475045	6.366334	4.275108	0.500000
5.129638	0.670066	3.534497	0.500000
6.331534	1.443265	2.647020	0.500000
0.034823	6.617581	3.410107	0.500000
5.566321	3.436048	0.542351	0.500000
3.035611	10.546870	1.717769	0.500000
3.034281	1.516712	3.321289	0.500000
5.026060	2.432366	0.718757	0.500000
11.224966	7.694418	1.597121	0.500000
6.007308	11.338355	1.483047	0.500000
2.357819	2.726849	1.985778	0.500000
6.832832	9.799419	0.558746	0.500000
9.803679	8.776083	2.697676	0.500000
2.153108	0.312070	4.480499	0.500000
2.157936	3.579366	4.489144	0.500000
3.301356	10.855673	0.684281	0.500000
6.745040	3.243881	0.534338	0.500000
9.005462	6.065120	1.833073	0.500000
9.980867	2.703490	2.298764	0.500000
8.762349	4.068347	4.329455	0.500000
1.652882	6.327551	3.553619	0.500000
5.397478	2.247140	2.825007	0.500000
11.296184	0.448353	4.166039	0.500000
7.738819	7.083518	0.522145	0.500000
11.020046	6.475998	0.747745	0.500000
4.506824	0.607565	2.631579	0.500000
3.644956	1.918258	4.132707	0.500000
5.630749	0.009416	2.669354	0.500000
2.629916	6.869973	2.517458	0.500000
0.366177	8.060645	3.679548	0.500000
8.096185	3.445829	0.503802	0.500000
3.530885	2.336113	2.914920	0.500000
4.621581	5.026102	2.995460	0.500000
4.523942	8.348995	2.695405	0.500000
0.831465	10.770818	0.500284	0.500000
6.344893	3.307159	1.468406	0.500000
6.059901	8.003475	4.416388	0.500000
4.030684	7.513375	2.342716	0.500000
7.182796	8.901599	0.917376	0.500000
4.375912	3.584640	3.441339	0.500000
8.930961	4.374148	0.502802	0.500000
11.359807	8.640041	2.811193	0.500000
0.185748	4.539552	2.465102	0.500000
9.217288	8.514617	1.698696	0.500000
3.358180	1.944250	1.367866	0.500000
2.594550	7.806590	0.678519	0.500000
5.592303	6.489098	0.503132	0.500000
2.803283	6.243385	1.566169	0.500000
5.220816	9.725373	0.650630	0.500000
9.283172	0.660426	2.182818	0.500000
0.827789	9.322846	1.388382	0.500000
2.765939	3.629998	0.627856	0.500000
1.464079	2.744698	2.488520	0.500000
8.189620	9.257713	1.075189	0.500000
9.446681	0.516626	0.598617	0.500000
6.841494	10.770272	1.474139	0.500000
0.298105	5.768070	0.764760	0.500000
7.061105	7.595973	2.586828	0.500000
9.403814	6.990641	3.625006	0.500000
3.902104	0.396156	0.635575	0.500000
0.576526	11.327991	1.687961	0.500000
1.393663	6.128938	0.669815	0.500000
10.967369	3.533921	4.097866	0.500000
0.358045	9.122511	3.705294	0.500000
2.776415	2.777913	4.269052	0.500000
10.875777	0.298864	1.650682	0.500000
9.477870	7.849398	0.935303	0.500000
5.402322	0.393326	0.519590	0.500000
10.512185	1.411292	0.860466	0.500000
5.527695	7.424669	0.897448	0.500000
0.513377	0.003693	3.395150	0.500000
7.381405	10.163588	2.539224	0.500000
10.709739	10.865956	4.327122	0.500000
3.004037	6.869505	0.756077	0.500000
3.556983	9.678214	1.276480	0.500000
4.239788	1.787503	0.855880	0.500000
2.057597	9.854801	1.563480	0.500000
5.511412	8.954989	2.744076	0.500000
8.785309	2.549412	0.507233	0.500000
6.490730	8.871807	3.358066	0.500000
10.502376	1.919048	1.935812	0.500000
9.425574	9.534608	4.215875	0.500000
0.633885	2.893920	0.739544	0.500000
0.400007	9.818208	2.564052	0.500000
8.420924	6.721099	3.333501	0.500000
4.634039	1.565803	3.295879	0.500000
6.291372	5.573259	1.548150	0.500000
8.464446	9.227487	2.551650	0.500000
1.495227	7.986868	3.268432	0.500000
6.035276	2.526082	0.569263	0.500000
0.673131	2.483674	3.474055	0.500000
10.328146	3.500114	3.184094	0.500000
10.033346	4.233589	3.936197	0.500000
1.445609	7.638651	4.483802	0.500000
9.275130	10.654383	1.318731	0.500000
5.768457	6.470213	1.494073	0.500000
2.099335	2.747705	0.951319	0.500000
8.498504	3.213783	1.443622	0.500000
8.480929	1.511230	4.388464	0.500000
2.569767	7.956480	2.430362	0.500000
2.371677	0.732218	3.347064	0.500000
11.356164	9.997095	4.443349	0.500000
3.188277	6.201811	4.433710	0.500000
1.237492	1.991305	0.651698	0.500000
1.946227	0.805411	1.698520	0.500000
7.700358	8.400556	2.740288	0.500000
6.190887	1.011351	1.593367	0.500000
0.097299	3.300356	1.751040	0.500000
6.320069	10.754627	2.348347	0.500000
7.675112	1.516311	3.622653	0.500000
4.060144	3.001199	0.509652	0.500000
9.295987	7.702457	4.463792	0.500000
4.745840	1.780445	1.815798	0.500000
1.070082	1.741456	2.846266	0.500000
4.442286	2.756469	2.754492	0.500000
4.174775	10.098038	0.583228	0.500000
7.370380	1.888867	2.656393	0.500000
7.773755	10.196509	0.589190	0.500000
1.788785	5.360938	3.158159	0.500000
10.731437	9.113926	3.585364	0.500000
10.255823	1.841908	2.972877	0.500000
11.173282	4.519414	3.626381	0.500000
3.199557	6.939973	3.554789	0.500000
7.055593	4.266415	3.021354	0.500000
2.099378	4.672010	1.539135	0.500000
3.132188	3.192188	1.465271	0.500000
11.028878	5.435949	2.511244	0.500000
7.650301	2.825702	2.231172	0.500000
11.042214	7.975863	0.621976	0.500000
1.335212	9.234163	3.374250	0.500000
1.999199	0.862043	0.679553	0.500000
8.465200	1.045371	0.512391	0.500000
7.712141	11.194165	2.155121	0.500000
11.173314	2.350738	1.246577	0.500000
6.799230	4.400604	1.632678	0.500000
2.445763	9.938406	3.500293	0.500000
5.685340	9.594248	3.542198	0.500000
4.556444	4.526316	4.344732	0.500000
2.526912	8.738307	1.149164	0.500000
3.771998	5.143595	0.594525	0.500000
8.318713	0.562856	3.769923	0.500000
10.414903	9.646023	4.454190	0.500000
9.418269	4.631899	2.433849	0.500000
1.442068	5.056804	0.505038	0.500000
0.398429	0.718496	2.467452	0.500000
11.009732	2.967572	2.596069	0.500000
7.121879	5.250369	2.494553	0.500000
1.767930	3.764335	0.548769	0.500000
4.965271	10.990142	1.932243	0.500000
6.271513	3.841455	3.547698	0.500000
1.286657	5.128474	2.278617	0.500000
1.969255	8.480403	4.153971	0.500000
4.752721	11.011657	0.625331	0.500000
0.657103	2.370585	1.707362	0.500000
8.197204	5.353161	0.714392	0.500000
3.708407	6.984384	1.521505	0.500000
11.079582	3.218974	0.628647	0.500000
4.827330	6.109197	3.287950	0.500000
5.052324	3.593598	2.584231	0.500000
10.566599	0.390411	0.624973	0.500000
10.544676	11.249224	3.299397	0.500000
11.182440	8.511853	4.495331	0.500000
11.206036	8.922586	1.801130	0.500000
4.360823	8.118543	1.532136	0.500000
5.808288	3.970632	4.452176	0.500000
0.351072	1.176667	3.672028	0.500000
3.633674	4.161735	1.737849	0.500000
5.704502	10.342011	1.597917	0.500000
5.752704	10.641180	0.613238	0.500000
8.551449	10.335500	4.448327	0.500000
9.893381	10.219267	2.015059	0.500000
5.152258	8.390989	3.655136	0.500000
4.496722	7.463683	0.538143	0.500000
0.720173	8.113902	1.224020	0.500000
3.544471	9.896060	3.512449	0.500000
5.649139	10.687128	3.405882	0.500000
8.925943	6.110009	4.231881	0.500000
8.733614	10.216747	2.651219	0.500000
5.855116	8.351703	1.418035	0.500000
4.723799	10.025098	1.474442	0.500000
3.647695	8.286526	4.349956	0.500000
4.945108	7.424344	3.268473	0.500000
10.876822	6.495157	4.217745	0.500000
9.357015	1.710029	2.340140	0.500000
5.986263	4.399861	0.543468	0.500000
9.023775	1.202529	1.361091	0.500000
6.253704	5.152444	4.450230	0.500000
2.326427	8.993883	2.911766	0.500000
2.754761	0.127098	1.373027	0.500000
3.915699	10.149612	2.096282	0.500000
10.555340	8.059003	2.472845	0.500000
11.013650	9.176103	0.649334	0.500000
2.402753	4.606217	0.516191	0.500000
10.300639	3.101099	1.359929	0.500000
5.859890	0.662017	4.430916	0.500000
5.199425	11.195999	4.275133	0.500000
7.374170	10.456314	4.166404	0.500000
7.397639	0.585065	3.348519	0.500000
8.896232	2.678095	2.380816	0.500000
8.122183	5.039005	4.384063	0.500000
6.729983	7.103461	4.461970	0.500000
7.755565	2.269399	4.433157	0.500000
9.824798	0.147005	1.484652	0.500000
9.653476	3.265868	4.489091	0.500000
1.529854	6.148657	2.465149	0.500000
4.441308	9.476365	2.839940	0.500000
1.352544	4.143311	2.047571	0.500000
9.388968	4.970539	4.401894	0.500000
1.432317	9.898287	0.501634	0.500000
7.407005	9.899852	1.559992	0.500000
9.144479	9.531331	1.603416	0.500000
10.976331	10.908404	2.373758	0.500000
6.343924	9.747375	2.447078	0.500000
9.345251	3.560955	2.957205	0.500000
3.664739	4.057836	0.727468	0.500000
0.104011	2.110113	2.669652	0.500000
6.424453	3.023475	4.209593	0.500000
10.426833	7.251574	3.169978	0.500000
8.344867	10.566543	1.686350	0.500000
0.892465	9.605104	4.427492	0.500000
8.905363	1.441418	3.297108	0.500000
2.011701	10.874439	1.577258	0.500000
10.017535	6.079711	0.513609	0.500000
8.724754	2.645285	4.489625	0.500000
0.910471	3.093544	4.370792	0.500000
2.251513	3.490439	2.801348	0.500000
5.830609	1.481717	0.617166	0.500000
5.258389	4.218338	3.569741	0.500000
9.901002	11.047625	0.588122	0.500000
4.957252	4.368394	0.573090	0.500000
9.224736	5.017514	1.473318	0.500000
7.274740	2.672222	1.288904	0.500000
8.938251	7.416877	1.886091	0.500000
8.555810	4.246948	1.554771	0.500000
7.793947	4.288453	3.773784	0.500000
6.127385	8.884086	0.555699	0.500000
3.299072	3.984859	4.449783	0.500000
3.589677	0.659107	3.223759	0.500000
7.883857	3.363011	4.472174	0.500000
7.956585	6.460155	1.418616	0.500000
1.999087	1.592537	2.425803	0.500000
1.635915	2.109790	1.586588	0.500000
7.509524	6.154265	3.204020	0.500000
2.923331	5.823600	0.578394	0.500000
8.535780	3.408175	3.566140	0.500000
0.460860	5.336524	4.337788	0.500000
8.331624	5.630386	3.498038	0.500000
8.222389	1.412031	2.425430	0.500000
5.398625	5.832135	4.341753	0.500000
10.125326	8.432978	4.451160	0.500000
0.702438	10.857279	4.492479	0.500000
8.592595	7.846339	2.978083	0.500000
0.871011	6.323482	4.424269	0.500000
4.750320	5.521592	0.591270	0.500000
9.476819	6.744834	1.202695	0.500000
10.210572	8.557106	0.675140	0.500000
5.018109	6.901608	2.351421	0.500000
4.246014	9.205034	3.983181	0.500000
4.380970	10.612039	2.854915	0.500000
8.699768	8.526223	4.446094	0.500000
0.846400	8.879616	2.502712	0.500000
8.248093	7.123781	4.434831	0.500000
9.358571	6.686587	2.647355	0.500000
11.024005	10.577614	0.606979	0.500000
4.418309	9.126077	0.749139	0.500000
6.079508	7.454036	2.396997	0.500000
0.845909	7.850163	2.248452	0.500000
6.112308	1.929025	4.395326	0.500000
0.048574	4.747252	0.515402	0.500000
0.478718	4.320343	4.484645	0.500000
3.829152	8.292597	0.515536	0.500000
10.079714	8.167014	3.473393	0.500000
4.667866	6.704739	1.337126	0.500000
1.631481	10.813038	2.539980	0.500000
7.350330	5.232453	1.487138	0.500000
11.183751	1.612984	4.416808	0.500000
8.839435	9.901647	0.642376	0.500000
7.842096	8.124883	0.805766	0.500000
8.033202	9.424575	4.371746	0.500000
4.007458	10.963135	1.472288	0.500000
5.162704	9.117513	1.598713	0.500000
5.852347	6.838750	3.347115	0.500000
3.815431	0.145075	4.425919	0.500000
1.807040	4.523239	4.085644	0.500000
6.752493	1.214662	3.907220	0.500000
6.350865	3.848501	2.414558	0.500000
1.503565	11.317592	3.539785	0.500000
6.910855	4.286554	4.485546	0.500000
7.031961	5.030087	0.526815	0.500000
10.277140	2.384253	4.492657	0.500000
9.766778	10.500310	4.289561	0.500000
1.440901	0.544214	2.770698	0.500000
11.382435	7.560328	2.834983	0.500000
10.509411	5.016613	1.576773	0.500000
2.342049	7.260555	1.560950	0.500000
0.425956	3.575116	3.591335	0.500000
6.847440	0.020598	4.105933	0.500000
8.251196	8.204786	1.876767	0.500000
0.891139	4.775819	3.559439	0.500000
2.726673	4.776873	3.289774	0.500000
8.308472	2.463629	3.226344	0.500000
7.685740	4.269260	1.048599	0.500000
3.785919	6.539335	2.554429	0.500000
3.735043	0.664771	1.584870	0.500000
9.098302	8.876602	0.515291	0.500000
4.758697	10.053046	3.614714	0.500000
0.781345	1.827140	4.495838	0.500000
0.612263	10.844378	2.567491	0.500000
5.722675	6.796170	4.492577	0.500000
1.215725	6.696532	1.643026	0.500000
7.551506	3.815132	1.953249	0.500000
2.652772	1.630751	4.329727	0.500000
1.043789	1.128926	1.162531	0.500000
6.277813	0.532077	3.317616	0.500000
9.269083	2.641519	3.516912	0.500000
0.378192	9.851076	0.603095	0.500000
7.064407	6.294533	1.917254	0.500000
4.509396	3.702402	1.361307	0.500000
8.567145	11.113705	0.689625	0.500000
7.314748	0.955313	0.601845	0.500000
1.982875	9.538159	4.396931	0.500000
9.005002	6.018140	0.669826	0.500000
4.136670	6.343215	0.546958	0.500000
3.829566	5.787258	1.616369	0.500000
0.228927	1.567931	0.548964	0.500000
1.723289	8.480070	1.775428	0.500000
1.409192	9.763221	2.487262	0.500000
3.319377	3.820321	3.336502	0.500000
6.721414	6.667608	2.854123	0.500000
8.402427	3.894847	2.537318	0.500000
6.405941	0.231112	0.507587	0.500000
6.404726	7.304439	1.383222	0.500000
4.864729	5.571841	2.113491	0.500000
11.335637	10.593519	3.517583	0.500000
7.179346	10.962816	3.273043	0.500000
1.521878	5.462929	4.421883	0.500000
3.633889	5.973437	3.399727	0.500000
4.180096	4.201870	2.593480	0.500000
4.898232	3.371412	4.421280	0.500000
0.124821	5.273207	1.650679	0.500000
4.315296	11.398244	3.500742	0.500000
10.177249	9.046435	1.666194	0.500000
2.829452	8.171077	3.393912	0.500000
6.200747	9.423080	1.476018	0.500000
0.861308	8.499277	4.457009	0.500000
5.199460	9.145663	4.402415	0.500000
1.126448	10.288293	3.562688	0.500000
3.199690	1.290281	0.581088	0.500000
5.500302	4.939970	1.251567	0.500000
1.000927	0.473201	4.404440	0.500000
0.309886	6.269797	1.700149	0.500000
10.444244	6.153577	1.526771	0.500000
9.978735	4.936705	3.207836	0.500000
0.279102	7.181349	0.538912	0.500000
0.975315	4.764141	1.351098	0.500000
7.374566	7.549740	1.514411	0.500000
5.807586	1.406295	3.568811	0.500000
5.439829	0.992448	2.319533	0.500000
9.273607	0.482830	3.305623	0.500000
9.487628	5.772876	3.453051	0.500000
9.969086	9.900785	0.687191	0.500000
2.384442	1.751460	0.984936	0.500000
1.841352	5.642103	1.505788	0.500000
1.671919	7.340300	2.495827	0.500000
2.946390	7.384090	4.471028	0.500000
2.230867	7.385283	3.762431	0.500000
7.269216	6.023512	0.740438	0.500000
2.597232	9.952509	0.520871	0.500000
3.518310	11.222145	2.565682	0.500000
9.503800	9.747686	3.150948	0.500000
0.061683	7.329487	4.371674	0.500000
6.398280	9.225449	4.362504	0.500000
11.404709	10.304057	1.602482	0.500000
10.466535	4.098674	0.816054	0.500000
10.630335	6.472355	2.514980	0.500000
2.985682	9.927713	2.511479	0.500000
7.936515	0.610819	1.320407	0.500000
2.922760	11.148694	3.679630	0.500000
3.154737	2.575584	0.607191	0.500000
6.712257	6.853118	0.509511	0.500000
3.047862	9.402819	4.357492	0.500000
5.881296	5.021462	3.235105	0.500000
5.344856	2.598850	3.893348	0.500000
1.027634	7.152458	3.691200	0.500000
5.467024	2.863988	1.814564	0.500000
7.495839	9.180777	3.432768	0.500000
6.599467	10.094986	3.392075	0.500000
9.631951	1.774095	3.937713	0.500000
6.744194	1.817912	0.902245	0.500000
10.576694	5.752280	3.509841	0.500000
7.299307	3.209471	3.284124	0.500000
9.580427	3.839349	1.616357	0.500000
0.709172	6.847429	2.524569	0.500000
3.876189	1.589212	2.320048	0.500000
5.128068	1.640586	4.315107	0.500000
6.779514	0.532910	2.430072	0.500000
4.255526	5.784442	4.493839	0.500000
3.908128	7.629947	3.366634	0.500000
9.545784	1.690945	0.612097	0.500000
9.916922	5.637700	2.417952	0.500000
10.402842	10.226315	3.351795	0.500000
4.340976	2.713723	1.659368	0.500000
8.726562	11.310344	2.571978	0.500000
10.354628	1.031176	4.493751	0.500000
0.615504	3.462720	2.611852	0.500000
9.269104	0.835090	4.279824	0.500000
1.706885	2.364434	4.444965	0.500000
3.284948	7.993237	1.558823	0.500000
8.925392	8.747762	3.334748	0.500000
7.774892	1.998941	0.504002	0.500000
8.965942	11.250538	4.340488	0.500000
10.334029	7.209162	1.855342	0.500000
5.499125	10.174810	4.461629	0.500000
3.052739	5.079187	1.327762	0.500000
8.914949	5.503138	2.671141	0.500000
3.027924	0.701985	4.110163	0.500000
2.785215	4.272038	2.324232	0.500000
3.628328	8.895378	3.186386	0.500000
10.279666	0.936969	2.313583	0.500000
9.639885	7.660560	2.606045	0.500000
7.839514	11.316731	4.426289	0.500000
4.666010	7.802751	4.378674	0.500000
6.740224	2.277850	3.603185	0.500000
2.249942	3.655548	1.550763	0.500000
7.277095	5.152554	3.719722	0.500000
5.880054	1.946724	1.790460	0.500000
6.441023	2.822692	2.786607	0.500000
10.476060	5.193525	4.460762	0.500000
9.835009	6.561118	4.481120	0.500000
1.735388	2.990976	3.526767	0.500000
0.721176	5.855824	3.300408	0.500000
3.914414	2.948005	4.361537	0.500000
1.190250	3.241563	1.521093	0.500000
6.960036	0.349009	1.356719	0.500000
2.218970	2.073071	3.482821	0.500000
8.490654	2.086345	1.512114	0.500000
6.342176	8.462406	2.412687	0.500000
0.571129	8.828793	0.537005	0.500000
7.274393	8.582697	4.266418	0.500000
4.318945	1.010992	4.468766	0.500000
8.056120	6.031960	2.335474	0.500000
5.479220	3.954345	1.565280	0.500000
4.796134	6.761956	4.048882	0.500000
3.597877	5.069038	4.031691	0.500000
2.248835	10.938258	0.571098	0.500000
10.776692	2.468502	3.554988	0.500000
10.560795	3.828942	2.239800	0.500000
1.359459	1.245490	3.728587	0.500000
10.115414	7.118642	0.524836	0.500000
8.031966	8.134349	3.789257	0.500000
11.303460	2.652256	4.451265	0.500000
8.882108	4.695985	3.326160	0.500000
9.470578	10.866378	3.403079	0.500000
10.286104	2.549609	0.516512	0.500000
1.794776	10.568769	4.422359	0.500000
6.794658	7.868472	0.505664	0.500000
8.482158	9.668648	3.507740	0.500000
8.002161	7.104111	2.315906	0.500000
3.049027	10.470879	4.422652	0.500000
5.196029	7.860322	2.056433	0.500000
10.724731	9.502300	2.475034	0.500000
3.916054	7.095668	4.392660	0.500000
1.487699	7.304840	0.548350	0.500000
0.187481	0.191587	0.641848	0.500000
2.660468	5.771513	3.521278	0.500000
0.788896	4.012894	0.614307	0.500000
1.378932	0.126324	1.031770	0.500000
4.083260	10.539013	4.455762	0.500000
7.556727	1.603123	1.485688	0.500000
1.629652	4.348302	2.997593	0.500000
6.086523	7.913593	3.317800	0.500000
9.588009	2.356362	1.443950	0.500000
3.546506	3.266655	2.402482	0.500000
1.661245	8.362693	0.605396	0.500000
3.543820	4.978176	2.713565	0.500000
2.247722	6.602138	4.463922	0.500000
2.860403	1.240494	1.961606	0.500000
8.647563	7.276320	0.895296	0.500000
6.205115	5.867944	2.518075	0.500000
5.065056	8.320632	0.583049	0.500000
10.328206	5.128071	0.519555	0.500000
5.682199	4.708600	2.238835	0.500000
