500

8.990549	2.244474	1.889500	0.500000
0.123468	4.312009	2.758751	0.500000
9.286570	5.221263	1.683782	0.500000
10.538556	3.203375	4.409913	0.500000
9.993409	4.719328	2.923307	0.500000
3.468096	3.064458	0.538609	0.500000
8.864888	7.696351	0.522519	0.500000
0.822665	4.063797	4.399788	0.500000
6.626704	10.019362	1.500195	0.500000
6.702429	1.034242	3.227964	0.500000
3.498174	8.144640	1.461468	0.500000
2.853207	4.057831	2.078928	0.500000
5.084065	2.300011	0.520357	0.500000
3.964190	3.606936	1.576312	0.500000
10.810137	10.205294	4.333609	0.500000
1.554351	10.601463	3.560477	0.500000
3.078880	9.639392	2.531829	0.500000
9.241650	9.106254	0.653259	0.500000
6.900933	6.724943	0.958940	0.500000
4.634992	11.003532	1.911455	0.500000
9.109372	5.207775	4.449962	0.500000
9.068084	0.319747	2.104677	0.500000
5.821827	9.674861	0.960174	0.500000
4.645391	1.690284	4.474524	0.500000
10.973223	10.372243	0.555654	0.500000
5.768132	4.099300	0.643359	0.500000
3.216633	5.563138	3.476625	0.500000
4.939148	4.784967	3.647006	0.500000
7.674703	10.515931	2.506292	0.500000
5.157446	5.444769	4.468248	0.500000
8.428099	9.585150	2.726131	0.500000
6.461367	2.428432	3.219353	0.500000
1.291951	4.827789	2.757852	0.500000
0.781729	9.201786	2.157319	0.500000
9.150149	5.754446	3.505680	0.500000
10.225609	9.782425	3.538119	0.500000
9.178108	6.741247	3.683559	0.500000
10.662322	0.030853	2.433164	0.500000
5.150769	5.534051	1.577658	0.500000
2.681710	0.670945	1.877037	0.500000
0.131491	1.798638	3.078006	0.500000
0.757294	6.586171	2.950951	0.500000
4.953394	10.199850	4.403547	0.500000
3.516561	10.399374	4.258792	0.500000
9.684268	3.685213	2.678815	0.500000
2.277545	10.215283	2.917341	0.500000
7.017638	4.556850	1.596426	0.500000
0.004568	0.538118	3.368415	0.500000
9.900746	11.371415	1.654661	0.500000
0.264403	0.742754	2.014036	0.500000
0.529398	9.890981	1.410908	0.500000
5.343693	0.153649	0.529592	0.500000
10.567279	1.569506	3.194530	0.500000
4.492662	0.471682	2.424261	0.500000
6.646381	6.077338	2.823754	0.500000
1.206817	6.482142	1.876375	0.500000
2.550404	9.524024	1.443781	0.500000
5.510290	2.422977	2.771931	0.500000
2.275441	3.583262	2.755297	0.500000
6.076852	5.531375	3.561607	0.500000
3.094321	2.368484	3.500391	0.500000
10.406718	0.590419	3.554668	0.500000
5.234251	2.613125	3.733366	0.500000
8.435633	10.609596	3.448473	0.500000
7.473462	9.546523	2.282937	0.500000
5.662559	2.576759	1.329150	0.500000
4.315455	7.278868	4.445857	0.500000
10.465896	0.891533	1.572494	0.500000
9.465856	8.578852	2.328946	0.500000
6.516787	10.492700	2.455389	0.500000
8.075604	5.350412	3.705199	0.500000
7.771782	9.543616	1.085989	0.500000
7.294679	10.948600	4.496701	0.500000
10.679754	9.124939	2.649167	0.500000
11.252343	6.075676	3.557647	0.500000
5.310638	8.901061	2.303959	0.500000
5.391253	7.554591	0.544651	0.500000
4.087345	9.022928	2.947099	0.500000
8.549051	9.898539	1.717120	0.500000
8.627257	11.191449	0.560932	0.500000
10.354418	7.343144	0.600681	0.500000
10.792136	8.483155	1.444973	0.500000
10.150657	1.918403	4.346315	0.500000
1.606773	10.978631	0.554515	0.500000
8.158100	6.788561	3.473617	0.500000
7.724089	4.633845	0.509398	0.500000
9.562465	4.261645	1.837687	0.500000
11.006715	9.213667	0.784177	0.500000
5.745223	8.672220	3.369700	0.500000
8.959295	0.226101	3.254507	0.500000
0.431960	11.045959	0.558679	0.500000
2.898897	8.189583	0.596646	0.500000
4.886106	9.681557	1.601437	0.500000
1.851317	8.961835	0.533194	0.500000
9.885627	0.708524	0.548482	0.500000
3.904969	5.088911	1.829105	0.500000
11.359050	1.672641	4.257837	0.500000
10.741553	3.172902	0.654932	0.500000
2.384559	2.624788	0.714642	0.500000
11.195548	8.792430	4.014514	0.500000
2.100472	2.637509	2.274252	0.500000
6.220094	11.315435	3.115754	0.500000
9.474213	3.734968	4.384587	0.500000
7.116327	3.076191	2.688589	0.500000
3.176208	7.892159	4.281650	0.500000
7.097562	7.943082	1.508259	0.500000
11.161564	7.435517	1.604662	0.500000
5.073666	0.762791	4.360320	0.500000
2.233328	6.218699	1.644754	0.500000
5.652816	10.684578	1.673382	0.500000
0.854288	7.481273	1.777139	0.500000
0.502222	8.878325	1.199073	0.500000
9.190397	9.959140	3.766667	0.500000
2.494311	4.896755	0.811573	0.500000
8.471382	3.111512	0.506082	0.500000
6.400481	7.719186	0.676778	0.500000
0.247875	1.754271	0.547710	0.500000
11.213241	7.658333	4.280857	0.500000
4.680807	2.799509	1.393569	0.500000
0.991989	11.064465	4.447621	0.500000
5.538052	4.521028	4.421121	0.500000
8.698058	10.980649	1.564404	0.500000
2.811191	0.163491	4.488315	0.500000
11.093485	10.097963	2.470273	0.500000
8.476910	0.580211	4.379518	0.500000
2.255606	2.971555	3.656042	0.500000
4.518065	7.226387	3.191064	0.500000
6.945713	1.613259	4.373813	0.500000
9.875143	2.790920	3.447574	0.500000
2.283177	11.304261	1.409849	0.500000
5.450328	10.064197	2.487730	0.500000
2.598907	3.618341	0.508242	0.500000
10.082936	3.366124	1.477851	0.500000
4.988097	4.116032	2.664647	0.500000
0.792870	3.838044	1.623855	0.500000
2.904515	10.852712	0.723634	0.500000
2.104836	0.955136	4.386136	0.500000
0.067474	4.831737	1.868842	0.500000
11.164138	1.655631	1.637209	0.500000
6.478908	3.978292	2.554478	0.500000
5.982206	4.732571	1.671011	0.500000
6.814896	8.923175	3.434167	0.500000
1.999668	10.319454	4.449672	0.500000
10.148491	2.063030	1.357275	0.500000
3.081175	4.923927	2.669108	0.500000
7.345528	0.644661	4.215809	0.500000
3.446649	5.393083	0.576692	0.500000
2.990944	9.776822	3.605255	0.500000
1.895692	4.466069	1.933028	0.500000
6.041688	8.380041	4.466128	0.500000
8.728389	6.343155	2.502608	0.500000
5.082334	8.959954	4.393379	0.500000
7.997550	4.791336	1.720774	0.500000
6.207097	0.553896	2.381703	0.500000
5.692304	10.924393	4.498517	0.500000
5.134459	4.945942	0.507539	0.500000
6.128429	7.746673	3.409587	0.500000
0.112417	9.650477	3.518809	0.500000
11.019232	5.586075	2.362606	0.500000
8.519888	2.390197	3.557827	0.500000
7.808091	5.847842	2.860991	0.500000
5.868247	5.152850	2.641068	0.500000
10.798689	2.440120	2.737601	0.500000
6.862681	4.785056	4.437405	0.500000
4.596104	11.195736	4.405577	0.500000
10.739786	2.114947	0.504138	0.500000
7.668621	7.438345	0.532776	0.500000
9.036981	4.453366	3.397043	0.500000
3.284971	1.721857	1.723318	0.500000
5.132906	0.635138	1.560832	0.500000
5.853441	1.638025	3.451456	0.500000
6.197627	2.963595	2.084072	0.500000
4.620469	1.742949	2.693696	0.500000
1.048860	1.740618	1.489609	0.500000
0.977230	5.234468	0.571457	0.500000
9.505009	0.547311	4.253106	0.500000
6.869483	9.005193	4.489903	0.500000
2.996525	0.802531	0.669777	0.500000
4.973262	6.747421	1.927063	0.500000
9.061666	1.467049	4.434968	0.500000
11.250260	3.822644	1.246507	0.500000
6.194457	10.765153	0.531826	0.500000
2.383588	6.100364	3.678765	0.500000
10.506604	8.022879	2.313300	0.500000
3.424645	3.333161	3.655292	0.500000
10.200301	8.710613	3.689156	0.500000
3.389194	7.068383	2.683374	0.500000
7.915882	8.565917	2.654778	0.500000
6.969270	2.482564	1.656019	0.500000
3.454595	6.101347	4.490930	0.500000
3.308838	8.679779	2.324852	0.500000
2.251252	9.082788	4.161492	0.500000
0.998124	9.996516	0.530681	0.500000
3.211072	9.114124	4.445417	0.500000
5.509476	3.584387	1.650413	0.500000
8.552739	1.393188	3.362235	0.500000
9.253957	2.705873	4.339781	0.500000
10.008894	9.194569	1.313185	0.500000
5.294217	7.467891	4.295794	0.500000
10.335137	6.294034	0.575094	0.500000
5.372869	6.037427	2.522698	0.500000
8.155797	8.099376	3.529200	0.500000
9.876139	2.275343	2.379551	0.500000
8.449804	2.823813	2.632305	0.500000
0.800888	9.008871	4.336257	0.500000
3.355534	7.245837	0.505176	0.500000
2.894088	2.873666	1.666239	0.500000
10.529790	6.855809	2.131271	0.500000
6.233006	1.321464	1.433434	0.500000
4.225409	5.932470	1.063187	0.500000
3.212529	4.521310	4.394423	0.500000
3.807598	2.543274	4.213054	0.500000
5.244299	6.342554	0.569834	0.500000
10.335499	5.067241	4.368657	0.500000
4.038837	6.313323	2.218345	0.500000
0.383183	3.149956	4.489482	0.500000
1.288323	2.755046	1.657768	0.500000
5.185233	3.550192	4.391578	0.500000
5.162958	6.460873	3.403980	0.500000
2.825438	4.115630	3.461821	0.500000
11.094999	4.995357	3.337965	0.500000
11.196260	4.019185	4.279524	0.500000
0.380280	10.950695	2.421492	0.500000
4.448983	10.840562	2.922172	0.500000
7.576770	10.901758	1.544330	0.500000
5.966212	5.605517	0.527691	0.500000
8.780675	10.153049	0.605090	0.500000
8.161512	0.721857	1.560095	0.500000
8.748222	4.968460	2.542253	0.500000
9.648425	10.847659	0.543120	0.500000
8.538543	8.876455	1.899357	0.500000
2.383039	8.016480	2.388034	0.500000
7.224841	6.445969	4.486799	0.500000
9.575621	2.538863	0.510605	0.500000
10.358688	11.320988	4.353080	0.500000
1.955767	7.584483	3.193509	0.500000
8.806127	8.684357	4.173376	0.500000
9.468256	8.194721	1.200215	0.500000
9.884076	11.143297	3.469759	0.500000
3.315141	10.924085	2.844176	0.500000
2.941039	6.008012	2.463639	0.500000
1.958158	4.127373	4.493003	0.500000
10.295877	4.078429	3.818453	0.500000
1.939898	5.796307	0.718408	0.500000
8.067117	1.516915	4.289999	0.500000
7.073144	11.308106	0.586822	0.500000
8.451052	9.682085	4.422837	0.500000
5.457258	10.553143	3.459073	0.500000
7.294631	10.140116	3.408893	0.500000
10.568119	4.823226	1.421002	0.500000
1.560797	9.518743	3.580296	0.500000
1.277341	1.341834	0.547664	0.500000
7.131131	5.775112	3.687243	0.500000
5.939884	6.372498	1.437247	0.500000
1.096276	1.317863	2.574544	0.500000
5.328137	1.610899	1.897416	0.500000
6.025182	1.112151	4.290906	0.500000
9.850543	0.952103	2.414678	0.500000
2.741450	10.889727	3.685871	0.500000
11.347458	0.308393	1.121056	0.500000
7.034093	7.025682	2.008643	0.500000
7.559061	3.909725	4.492851	0.500000
8.550769	4.089862	1.197074	0.500000
2.083426	1.021529	2.776049	0.500000
1.827388	7.132553	0.548416	0.500000
8.226318	11.401327	2.604463	0.500000
5.910376	4.471081	3.423380	0.500000
11.346182	10.772467	1.540745	0.500000
4.073679	9.422391	3.945536	0.500000
8.634831	7.614357	2.757693	0.500000
9.764045	7.574805	2.821042	0.500000
3.332014	6.340404	1.492665	0.500000
6.455093	5.788050	4.481489	0.500000
10.943891	7.929594	3.260281	0.500000
7.204625	7.813211	3.650007	0.500000
0.570097	7.972252	3.236405	0.500000
7.203011	6.970412	3.020315	0.500000
7.023115	4.372977	3.389039	0.500000
1.304134	1.214338	3.634479	0.500000
0.398973	7.014842	3.782910	0.500000
6.378231	2.971300	0.611642	0.500000
7.080580	8.455278	0.644560	0.500000
4.614585	2.932831	2.413011	0.500000
5.877633	7.012296	2.572505	0.500000
9.357054	3.856809	0.534902	0.500000
0.568494	10.801094	3.501592	0.500000
11.330345	6.938229	0.673318	0.500000
1.377163	10.816678	1.654086	0.500000
4.786640	7.742719	1.739638	0.500000
6.209056	9.712243	3.241168	0.500000
7.795274	7.470746	4.396560	0.500000
6.697668	2.755793	4.246792	0.500000
3.379499	1.991435	0.750044	0.500000
0.968150	0.632292	4.469303	0.500000
9.818242	9.347658	4.366589	0.500000
7.885589	7.701897	2.082391	0.500000
11.413791	3.419974	2.304473	0.500000
2.558157	5.322716	4.488589	0.500000
8.444832	10.697605	4.482378	0.500000
5.183524	7.936712	2.690622	0.500000
4.734846	8.387695	3.492673	0.500000
8.553483	5.465611	0.603879	0.500000
9.857739	7.833373	4.313310	0.500000
11.229031	5.190279	0.689255	0.500000
4.724194	5.196284	2.441003	0.500000
0.768115	6.178743	4.287173	0.500000
10.326606	8.367123	0.561589	0.500000
8.823635	7.502382	1.742604	0.500000
9.718108	7.109690	1.515331	0.500000
3.938781	9.975201	0.516283	0.500000
10.649469	10.024349	1.527633	0.500000
0.980831	2.358517	3.209655	0.500000
0.694765	6.114927	1.015122	0.500000
10.916151	1.004596	0.501092	0.500000
4.244797	4.008879	4.394575	0.500000
8.958955	10.424485	2.558216	0.500000
1.430018	3.196872	4.250673	0.500000
8.004916	0.058457	3.641414	0.500000
6.560778	11.199572	1.661679	0.500000
7.749375	3.360485	3.511012	0.500000
2.246707	10.077248	0.615793	0.500000
4.240345	2.549609	3.275617	0.500000
2.003789	9.132785	2.565706	0.500000
4.174614	0.930611	0.556441	0.500000
1.300860	3.284572	0.619969	0.500000
9.680222	4.845564	0.810913	0.500000
3.966896	9.041943	1.413832	0.500000
4.157137	5.100825	4.495522	0.500000
6.242982	3.780995	4.150199	0.500000
2.275143	8.236283	1.403461	0.500000
2.071847	1.873164	3.416959	0.500000
4.584430	4.030666	0.561131	0.500000
4.687176	3.451533	3.394454	0.500000
6.889618	9.002831	1.516324	0.500000
2.979038	9.373439	0.531739	0.500000
3.846466	11.296804	3.672869	0.500000
10.546154	11.353640	0.591886	0.500000
6.945385	4.967667	2.553556	0.500000
6.151812	9.424240	2.156356	0.500000
4.443411	6.323028	4.144388	0.500000
2.096235	3.495911	1.596392	0.500000
3.825581	4.184553	2.390609	0.500000
0.245194	6.709690	2.073520	0.500000
8.631064	1.847072	0.718890	0.500000
1.571381	9.802781	1.511155	0.500000
1.856568	0.038998	4.012232	0.500000
10.760357	3.384106	3.229952	0.500000
1.799825	2.297307	4.493940	0.500000
7.404068	1.172172	0.527581	0.500000
8.931898	3.307686	3.418171	0.500000
6.432383	0.641720	0.591124	0.500000
6.855742	9.497016	0.639438	0.500000
5.307677	0.204257	3.507880	0.500000
4.208463	8.336102	4.454634	0.500000
10.342038	5.656505	3.482058	0.500000
2.794533	1.909095	2.584114	0.500000
4.139883	9.987360	2.279330	0.500000
7.722145	1.782313	1.437550	0.500000
4.056678	0.849157	4.436984	0.500000
0.927053	7.900881	4.362411	0.500000
0.764197	2.223377	4.350004	0.500000
10.878101	5.893641	1.368398	0.500000
1.201362	10.053186	2.527063	0.500000
8.620249	4.246570	4.288741	0.500000
1.457638	8.470044	3.501137	0.500000
0.837104	7.533794	0.524725	0.500000
3.786070	2.328172	2.405082	0.500000
1.899791	0.534049	0.599969	0.500000
0.306376	3.620475	3.487830	0.500000
1.533684	6.719617	3.708704	0.500000
6.437781	0.165925	4.351478	0.500000
1.266907	0.112964	3.175323	0.500000
9.210449	8.005126	3.556971	0.500000
7.040353	0.686480	1.576511	0.500000
7.673411	3.806611	2.282897	0.500000
2.127615	5.011756	3.566649	0.500000
9.452238	9.576982	2.260269	0.500000
8.754395	0.795401	0.709303	0.500000
10.165416	6.255037	4.327379	0.500000
4.347236	6.937680	0.516615	0.500000
8.747070	3.738687	2.298299	0.500000
5.871559	7.525075	1.546331	0.500000
2.776759	5.335366	1.738006	0.500000
7.896552	2.622387	4.387574	0.500000
7.685424	0.901860	2.667596	0.500000
10.618585	4.085382	2.358206	0.500000
5.281201	1.251284	0.645176	0.500000
9.890435	10.787914	2.479497	0.500000
3.132178	1.468304	4.311730	0.500000
6.756272	5.582926	1.418919	0.500000
11.106611	0.662397	4.359966	0.500000
1.376314	5.478510	1.671839	0.500000
6.470889	10.557712	3.982309	0.500000
5.121241	10.559224	0.759984	0.500000
7.598327	6.055403	0.611407	0.500000
2.872143	7.252822	1.449503	0.500000
0.602246	5.541882	2.563938	0.500000
6.400528	1.585279	2.433937	0.500000
0.465284	10.186646	4.491838	0.500000
11.397606	8.170528	0.505876	0.500000
7.468395	3.294370	0.650505	0.500000
10.021335	6.597498	3.023656	0.500000
11.261117	9.286200	1.818094	0.500000
3.796399	6.444881	3.373252	0.500000
6.470471	3.724291	1.276076	0.500000
1.384343	5.000804	4.432333	0.500000
7.137507	0.026382	2.433857	0.500000
8.096493	2.902760	1.632825	0.500000
5.428480	6.434426	4.397510	0.500000
6.533407	8.168422	2.426170	0.500000
2.044957	6.551823	2.818639	0.500000
2.871840	0.430720	3.523534	0.500000
3.485083	4.277558	0.910071	0.500000
8.627682	1.396193	2.294617	0.500000
2.869810	3.501486	4.475206	0.500000
5.994681	8.545940	1.556971	0.500000
10.522084	4.293701	0.541327	0.500000
0.561048	4.190423	0.504452	0.500000
9.577176	1.310806	3.320295	0.500000
4.249772	7.973001	0.650144	0.500000
5.400343	11.109977	2.565060	0.500000
3.651160	1.196563	3.455565	0.500000
0.386605	2.746963	0.699470	0.500000
9.030345	3.234916	1.422755	0.500000
2.120019	8.042398	4.123597	0.500000
2.315809	1.496562	1.363537	0.500000
4.122186	8.041619	2.498332	0.500000
10.965647	10.656084	3.381353	0.500000
5.018388	9.379112	3.343783	0.500000
9.854357	6.050720	1.437256	0.500000
2.929745	7.096845	3.655420	0.500000
4.662025	1.244972	3.562969	0.500000
8.838266	6.129397	1.517073	0.500000
5.688091	3.472770	3.060707	0.500000
9.228914	6.316210	0.555790	0.500000
8.228749	8.761268	0.554188	0.500000
1.673581	0.505743	1.942800	0.500000
9.185559	9.093810	3.250821	0.500000
2.440166	8.475998	3.275379	0.500000
8.446263	6.364249	4.359449	0.500000
5.699178	2.065311	4.448206	0.500000
4.225406	1.848012	1.384563	0.500000
3.275633	3.248376	2.560589	0.500000
11.386881	5.281865	4.412710	0.500000
1.745652	5.977810	4.487714	0.500000
7.833250	6.858859	1.374233	0.500000
0.553292	4.763921	3.734920	0.500000
1.281045	3.400543	2.654227	0.500000
0.506423	2.387492	2.310611	0.500000
7.447700	1.948459	2.481093	0.500000
3.633057	11.066473	1.761050	0.500000
1.677874	3.978513	3.515111	0.500000
0.988466	0.286541	1.162246	0.500000
7.207809	2.264704	0.674853	0.500000
3.687650	0.670664	1.711400	0.500000
1.294356	8.150512	1.168750	0.500000
7.807635	9.245430	3.593496	0.500000
8.861900	7.342943	4.424646	0.500000
11.262659	6.486852	4.494342	0.500000
3.864543	4.696008	3.575649	0.500000
2.395732	11.304152	2.643088	0.500000
4.497252	5.645445	3.392372	0.500000
7.790799	8.561272	4.494066	0.500000
10.877349	2.652006	1.734879	0.500000
1.543819	4.469452	0.971690	0.500000
9.350018	1.162514	1.426295	0.500000
9.498553	10.712410	4.424484	0.500000
5.937725	9.696912	4.310426	0.500000
11.161575	6.865726	2.940952	0.500000
8.023935	4.372850	3.070520	0.500000
5.362597	0.985297	2.844491	0.500000
11.237825	2.657626	3.726815	0.500000
1.312097	8.293224	2.466279	0.500000
6.107789	1.945764	0.560502	0.500000
9.828728	5.747417	2.410853	0.500000
6.758264	7.339885	4.497647	0.500000
3.393451	8.077220	3.281016	0.500000
6.709485	4.600609	0.513923	0.500000
3.371383	0.607501	2.670952	0.500000
2.188059	6.946779	4.430543	0.500000
4.784214	9.395906	0.588525	0.500000
10.101770	9.835159	0.532749	0.500000
3.900670	7.182530	1.613882	0.500000
2.895306	6.342105	0.542983	0.500000
2.686738	10.530673	1.999906	0.500000
1.265008	5.586379	3.482036	0.500000
9.565939	10.278503	1.435255	0.500000
11.406843	11.116868	4.430186	0.500000
7.453728	2.263264	3.551206	0.500000
10.485939	7.142678	3.741328	0.500000
3.398561	10.061637	1.425181	0.500000
7.367956	9.882473	4.433997	0.500000
1.988391	5.544242	2.673452	0.500000
0.179028	8.289854	2.254781	0.500000
4.162898	11.138390	0.517425	0.500000
7.575481	10.421942	0.562761	0.500000
6.283203	6.679113	3.840913	0.500000
4.760925	4.411201	1.732779	0.500000
1.868772	7.220263	1.688594	0.500000
7.851734	5.938992	1.777140	0.500000
