500

9.386639	2.942973	2.537063	0.500000
0.961449	3.168420	4.120070	0.500000
9.854416	4.496099	0.945811	0.500000
0.501917	2.501683	3.442558	0.500000
11.249652	1.027781	4.486974	0.500000
4.683577	2.981973	1.643339	0.500000
8.573399	8.448864	1.095762	0.500000
0.269681	3.605753	3.302946	0.500000
6.975125	7.508303	0.527321	0.500000
6.547624	0.064804	2.281102	0.500000
4.004183	10.172144	2.522882	0.500000
2.483149	3.016257	1.349932	0.500000
3.564560	0.609329	0.565076	0.500000
5.640293	2.318281	2.321453	0.500000
7.864517	11.160898	4.159015	0.500000
1.760572	9.166985	3.483306	0.500000
3.804254	10.049442	3.544579	0.500000
7.498855	7.831164	3.708526	0.500000
9.775237	5.757520	2.094041	0.500000
4.738026	1.253187	2.969236	0.500000
7.485376	8.519132	4.485126	0.500000
9.556818	0.720891	0.968547	0.500000
5.623345	9.234864	0.714512	0.500000
5.286115	2.815770	4.478662	0.500000
10.793191	11.180943	1.669596	0.500000
5.691339	4.820243	1.674590	0.500000
2.239035	6.698571	3.368469	0.500000
5.991145	3.868341	4.477399	0.500000
7.194851	10.641953	2.141755	0.500000
3.044622	7.294975	3.441032	0.500000
10.005971	9.260497	3.295082	0.500000
5.772525	1.460002	2.997714	0.500000
0.891262	4.559645	2.682537	0.500000
1.405213	6.952353	1.551912	0.500000
9.794851	5.568363	3.075848	0.500000
9.089835	8.113762	3.515683	0.500000
9.476415	8.168995	2.546671	0.500000
9.242433	2.406908	4.352780	0.500000
6.299437	5.481181	2.492077	0.500000
3.128271	0.130277	1.516804	0.500000
0.257888	2.004736	4.292424	0.500000
0.469777	6.639285	2.254064	0.500000
2.241579	9.218951	4.435053	0.500000
3.759908	0.006663	3.568071	0.500000
1.708917	1.813059	2.927615	0.500000
1.950180	11.154920	4.399553	0.500000
5.884857	4.358173	2.810854	0.500000
0.065438	10.926047	2.560238	0.500000
10.421800	0.035221	0.653960	0.500000
0.004902	10.488277	3.522173	0.500000
2.050437	9.676873	2.393237	0.500000
4.686580	10.943691	0.598785	0.500000
10.600618	0.560065	3.695235	0.500000
3.537435	2.210528	1.799495	0.500000
7.026967	7.335169	2.343142	0.500000
0.626053	6.414015	0.972517	0.500000
2.781741	10.426759	1.512390	0.500000
4.925610	2.106505	3.804041	0.500000
1.933887	3.300995	4.491250	0.500000
7.178311	4.047754	4.420300	0.500000
4.049930	1.753217	4.482730	0.500000
8.499258	10.784453	2.192335	0.500000
3.753281	2.914733	4.180545	0.500000
8.876568	10.356557	3.287265	0.500000
8.124413	7.588824	2.906717	0.500000
5.225476	3.367316	0.569915	0.500000
3.792180	8.872047	4.044519	0.500000
8.880667	11.274402	0.655580	0.500000
9.875280	9.951351	1.472587	0.500000
5.969669	11.311826	3.102086	0.500000
10.132772	4.646688	3.573943	0.500000
7.287093	8.360242	1.039360	0.500000
6.546809	9.991838	4.339842	0.500000
0.505422	10.433276	1.562983	0.500000
0.897667	4.527684	1.623769	0.500000
5.987760	7.860658	2.494466	0.500000
6.197536	6.157745	0.541788	0.500000
4.432576	0.867547	1.696375	0.500000
10.229755	10.247316	2.401595	0.500000
6.418710	10.493280	0.593776	0.500000
10.074233	6.654341	0.573872	0.500000
8.650933	8.782876	2.477083	0.500000
10.052812	1.204174	4.447000	0.500000
1.632732	9.798468	0.528872	0.500000
8.617141	6.101263	3.440466	0.500000
6.543279	3.963483	1.915973	0.500000
9.427364	4.340574	4.379173	0.500000
9.472552	9.133745	0.568626	0.500000
4.112379	9.072258	3.115459	0.500000
10.523721	1.215216	2.776548	0.500000
11.179789	0.940342	1.509523	0.500000
2.572742	7.038078	0.566362	0.500000
4.531893	7.745178	0.545930	0.500000
2.592528	9.390720	1.478916	0.500000
8.076421	11.019514	1.192449	0.500000
3.680245	6.044386	1.620580	0.500000
0.602807	10.947534	4.427571	0.500000
9.528270	3.083522	0.514266	0.500000
1.812972	2.063226	1.434905	0.500000
11.115529	11.409710	4.407013	0.500000
1.773081	3.990990	1.522492	0.500000
4.033482	0.955718	3.795651	0.500000
8.914764	3.425919	4.417198	0.500000
6.316422	3.696152	3.476689	0.500000
11.218132	8.902631	4.444586	0.500000
9.937908	7.904795	0.651106	0.500000
1.054353	5.849008	2.066088	0.500000
5.963851	3.366523	2.594014	0.500000
0.979184	7.012123	3.846245	0.500000
5.248718	8.542812	2.301132	0.500000
0.885193	4.827851	0.623219	0.500000
0.624375	9.644495	0.928049	0.500000
10.430619	10.572572	4.468002	0.500000
5.462315	5.320945	0.711439	0.500000
9.487673	1.944722	0.696318	0.500000
7.655103	5.684120	0.584279	0.500000
0.025117	1.735123	2.666096	0.500000
10.736703	7.765294	4.376509	0.500000
4.293702	2.650266	0.673950	0.500000
1.739351	0.815707	3.451225	0.500000
6.770407	7.131653	3.370507	0.500000
9.162081	9.708962	2.548024	0.500000
2.486094	1.639480	3.706034	0.500000
0.684508	8.568697	1.817503	0.500000
6.924477	10.058595	3.042961	0.500000
3.147652	2.870866	3.038897	0.500000
4.778842	8.195054	3.287512	0.500000
6.820027	1.459965	4.456141	0.500000
11.036336	1.583749	3.573668	0.500000
10.309519	9.768570	0.580174	0.500000
5.457523	10.302767	0.815673	0.500000
1.964532	3.565296	0.595869	0.500000
8.641027	2.599393	1.438597	0.500000
3.912759	4.626585	2.554165	0.500000
10.747316	3.080557	1.532644	0.500000
3.284584	11.075906	0.658562	0.500000
2.471282	3.341626	2.419771	0.500000
0.988990	3.612448	2.324662	0.500000
2.083887	2.815610	3.287879	0.500000
3.791677	6.759528	2.545240	0.500000
4.850675	4.881310	2.218902	0.500000
5.326178	11.293807	1.656938	0.500000
3.078129	1.262353	4.492048	0.500000
0.315166	2.682094	2.440749	0.500000
3.003391	5.302981	1.436070	0.500000
8.603746	1.392986	4.378887	0.500000
5.144550	5.692154	1.706970	0.500000
2.099568	0.729623	4.454303	0.500000
11.299467	3.010730	0.656294	0.500000
3.674768	8.097308	3.321701	0.500000
7.603984	5.854663	1.713061	0.500000
4.949420	10.796965	4.489871	0.500000
7.522257	1.351102	1.579699	0.500000
5.624894	9.407337	1.956348	0.500000
5.947081	10.287539	3.241948	0.500000
3.033973	4.425004	0.528838	0.500000
5.779609	9.092036	3.135179	0.500000
0.798476	8.923062	4.487614	0.500000
9.792596	6.421768	3.715613	0.500000
7.972765	1.844442	3.511563	0.500000
9.484650	4.577825	2.761952	0.500000
6.539065	5.531478	3.503612	0.500000
9.278762	1.767972	1.790503	0.500000
8.804163	5.084960	3.434655	0.500000
5.312396	0.836416	4.358022	0.500000
10.676292	1.097100	0.532391	0.500000
8.232840	6.514806	1.060118	0.500000
7.918549	3.354870	4.475258	0.500000
4.180721	3.919275	1.784639	0.500000
7.115208	2.831877	1.415255	0.500000
6.078324	10.991277	4.111068	0.500000
6.942765	3.159552	2.442329	0.500000
5.290952	2.918067	3.305161	0.500000
1.232486	0.285018	0.579705	0.500000
0.172456	3.624733	1.506216	0.500000
7.852917	2.268849	4.415532	0.500000
4.804687	10.052006	3.517152	0.500000
2.660501	1.310680	0.500180	0.500000
8.044186	8.679612	3.586613	0.500000
7.607423	0.326539	1.775017	0.500000
8.395410	3.176817	2.745065	0.500000
7.091573	9.699644	1.734901	0.500000
3.741336	5.297360	4.358599	0.500000
0.609694	9.637675	2.415712	0.500000
5.294942	4.770908	4.443194	0.500000
7.809961	8.939273	1.709925	0.500000
2.934642	8.287370	1.342671	0.500000
7.262551	9.332326	3.886180	0.500000
5.713066	1.317881	1.520834	0.500000
4.866549	5.913416	4.436583	0.500000
2.994686	10.056915	2.451921	0.500000
0.993539	9.978869	3.412357	0.500000
10.307375	8.963673	2.342524	0.500000
4.999070	10.812083	2.506140	0.500000
5.648735	3.576115	1.469177	0.500000
9.450617	1.425376	3.482786	0.500000
9.795373	0.723889	2.015839	0.500000
10.383842	11.362612	2.785560	0.500000
4.951400	8.909575	4.071009	0.500000
9.069659	6.395365	0.525721	0.500000
7.790019	6.726651	3.385760	0.500000
9.547931	9.523212	4.402938	0.500000
9.811558	2.671222	1.553499	0.500000
8.644185	1.166352	1.168810	0.500000
0.353848	7.898506	4.293155	0.500000
2.936547	8.937470	2.387452	0.500000
3.486269	1.269069	1.376459	0.500000
10.462949	4.728308	2.411939	0.500000
5.232605	3.984161	3.530354	0.500000
3.648031	6.247734	0.530091	0.500000
6.213677	6.677805	4.397139	0.500000
5.344475	6.120818	3.491367	0.500000
7.006710	6.357548	2.660561	0.500000
10.084278	8.622310	4.268478	0.500000
3.927682	7.930082	4.408704	0.500000
8.593263	0.383989	4.471808	0.500000
1.536964	1.310847	0.818497	0.500000
7.425441	4.776184	3.512534	0.500000
4.062903	6.674356	4.490073	0.500000
3.037218	5.705698	3.567337	0.500000
9.786186	7.265152	2.916460	0.500000
0.036524	5.755130	4.239017	0.500000
0.124624	0.168804	3.476984	0.500000
3.411813	10.689141	4.230207	0.500000
6.000865	0.059152	0.627639	0.500000
4.923863	4.369446	1.020546	0.500000
8.434728	10.237603	0.517631	0.500000
6.659757	1.664080	2.077790	0.500000
8.611195	5.420402	2.355293	0.500000
11.225727	9.070702	0.503299	0.500000
6.748023	9.169684	2.554907	0.500000
2.098720	7.293298	4.250094	0.500000
6.154376	9.071221	4.237145	0.500000
10.733574	4.857748	0.609428	0.500000
6.939364	0.193558	4.492297	0.500000
1.630219	7.646319	3.393969	0.500000
9.066282	10.547383	4.395399	0.500000
9.680125	7.370387	4.130702	0.500000
9.676372	0.471543	3.282810	0.500000
2.171988	10.802164	2.666742	0.500000
1.935179	5.655033	2.621990	0.500000
0.407922	3.973816	4.372264	0.500000
9.992764	3.200569	4.168073	0.500000
1.343854	5.774132	0.546053	0.500000
6.128916	0.687534	3.670002	0.500000
8.888870	0.187924	1.636459	0.500000
8.201032	9.222224	4.490591	0.500000
4.200170	0.084212	2.422600	0.500000
8.089038	9.868510	2.031789	0.500000
11.295470	4.104450	2.407981	0.500000
0.758345	8.629243	3.301386	0.500000
10.622716	2.257984	0.594413	0.500000
8.986277	6.710552	2.640728	0.500000
8.164354	6.705137	2.070815	0.500000
1.416267	2.624097	2.370985	0.500000
7.805565	2.425395	2.110742	0.500000
6.773366	1.250601	3.131248	0.500000
8.762246	5.089254	0.589185	0.500000
2.521667	0.099485	3.511068	0.500000
9.845199	2.425553	3.327195	0.500000
6.924274	6.565459	1.108230	0.500000
7.490811	5.028501	4.498159	0.500000
8.322897	4.396681	2.740029	0.500000
3.768100	3.148455	2.304307	0.500000
11.126121	8.035723	0.592694	0.500000
7.060972	0.468667	0.508659	0.500000
4.644291	3.469649	2.688037	0.500000
10.171864	1.606680	1.353913	0.500000
2.408242	10.196807	4.146592	0.500000
10.723965	7.202947	3.427137	0.500000
10.782717	5.584577	3.526535	0.500000
3.817552	5.656870	2.674791	0.500000
8.402395	5.410089	4.299157	0.500000
11.290109	9.471761	3.102676	0.500000
4.824060	7.411552	4.412976	0.500000
11.429983	7.684954	1.666156	0.500000
6.185955	6.547886	1.782483	0.500000
7.337039	6.885471	4.293323	0.500000
1.140755	1.458521	4.478857	0.500000
10.694953	5.709706	2.499663	0.500000
5.855878	4.263238	0.591942	0.500000
8.011693	7.409872	0.574433	0.500000
2.962294	3.405515	0.555469	0.500000
6.709164	5.430811	1.535031	0.500000
10.540579	5.660743	1.342097	0.500000
3.447082	0.811947	2.317074	0.500000
11.201499	7.029262	0.636822	0.500000
2.357897	0.403858	0.843657	0.500000
3.148580	7.020968	1.484212	0.500000
4.317913	9.838149	4.489567	0.500000
7.790878	5.718829	2.975805	0.500000
6.877241	2.618501	4.408443	0.500000
1.053058	2.390615	0.503580	0.500000
1.670307	2.370777	4.199585	0.500000
10.581362	9.689653	3.991869	0.500000
8.698715	7.900099	1.935907	0.500000
10.723023	3.751016	3.415325	0.500000
2.501805	4.949176	4.443396	0.500000
5.408219	9.837052	4.480296	0.500000
6.029810	6.682500	2.778871	0.500000
4.248192	8.603562	2.072027	0.500000
10.517324	7.991651	2.130345	0.500000
11.125048	8.410637	3.520101	0.500000
0.122146	5.508164	0.769831	0.500000
4.339019	7.287973	1.542618	0.500000
0.191662	6.761226	4.460897	0.500000
10.305498	8.997942	1.276269	0.500000
9.193582	7.386338	1.189382	0.500000
11.219254	6.377840	1.554989	0.500000
3.921714	9.986010	0.693313	0.500000
8.747531	9.521202	1.341748	0.500000
0.106743	1.876239	0.746593	0.500000
0.930168	3.456317	0.575588	0.500000
10.261347	3.577457	2.517373	0.500000
1.690139	4.340202	4.482429	0.500000
11.208668	9.262502	1.628886	0.500000
1.192588	5.309499	4.465695	0.500000
8.493222	0.990974	3.354368	0.500000
6.253462	10.415068	1.656625	0.500000
8.099621	3.810404	3.551028	0.500000
3.621250	7.809112	2.069009	0.500000
4.802986	3.809165	4.468974	0.500000
1.361921	9.836544	1.662731	0.500000
4.251532	1.443630	0.735913	0.500000
0.338112	0.793921	0.565931	0.500000
10.563997	4.175596	1.575190	0.500000
4.607205	6.202355	0.848952	0.500000
3.938662	6.318554	3.483567	0.500000
6.073735	2.429503	3.749640	0.500000
4.915919	9.511295	2.665062	0.500000
1.382304	3.878962	3.234320	0.500000
6.528059	3.023771	0.540749	0.500000
6.469118	4.799258	4.438108	0.500000
7.484491	8.505427	2.766619	0.500000
1.699431	7.932802	1.202190	0.500000
3.445849	1.988513	3.501702	0.500000
9.806901	10.951145	1.607924	0.500000
7.309792	5.049847	2.264326	0.500000
6.246405	8.774354	1.484284	0.500000
3.069963	7.112968	4.446285	0.500000
3.382570	2.096882	0.504388	0.500000
2.839986	6.295853	2.601250	0.500000
1.437937	3.042760	1.415412	0.500000
7.903738	3.256213	0.643669	0.500000
0.981836	10.756671	0.619935	0.500000
2.055776	0.409500	2.587752	0.500000
9.351951	3.691638	1.359705	0.500000
3.349540	4.208138	4.429889	0.500000
6.943225	3.936218	0.510285	0.500000
7.832403	1.405323	2.586474	0.500000
6.674752	0.795578	1.532098	0.500000
4.606387	9.229447	0.931490	0.500000
7.356894	0.311611	3.291343	0.500000
2.894410	9.285565	3.473391	0.500000
10.047340	7.011588	1.580535	0.500000
4.526406	5.013453	3.619343	0.500000
3.106497	11.356227	2.689940	0.500000
8.212389	0.279821	2.674512	0.500000
3.330626	9.700089	4.389394	0.500000
0.445894	7.641565	3.071853	0.500000
3.224079	3.929018	2.806473	0.500000
1.530358	7.096118	0.504893	0.500000
1.140542	10.485929	2.436901	0.500000
8.367834	4.387292	4.444257	0.500000
1.423840	8.468558	2.557592	0.500000
0.660860	7.483714	0.899129	0.500000
5.575862	2.470823	1.288400	0.500000
11.364994	0.473116	2.488194	0.500000
10.550099	5.207329	4.498352	0.500000
0.280113	6.369893	3.312801	0.500000
7.724271	0.822083	4.148685	0.500000
2.248398	10.840029	0.601803	0.500000
11.287463	8.550049	2.512968	0.500000
8.176500	0.539762	0.514819	0.500000
7.250919	3.222837	3.704119	0.500000
2.360888	4.365403	3.639932	0.500000
10.725324	6.985080	2.353916	0.500000
7.443493	1.414771	0.568791	0.500000
9.016527	8.387777	4.491790	0.500000
4.123771	4.760218	0.543088	0.500000
10.508555	2.079908	2.198900	0.500000
3.908938	8.559101	0.607761	0.500000
3.421563	4.637988	3.498792	0.500000
7.046646	2.248531	3.066003	0.500000
7.381460	10.259621	0.781475	0.500000
9.412035	3.610456	3.368041	0.500000
4.759189	1.947384	1.881365	0.500000
9.486320	10.910092	2.574543	0.500000
3.081653	0.210622	4.426778	0.500000
7.634292	7.441328	1.554118	0.500000
9.994946	10.359611	3.516628	0.500000
2.440545	6.316431	1.556102	0.500000
7.778563	10.708774	3.063686	0.500000
3.551937	9.686211	1.651337	0.500000
7.685945	4.683210	0.566565	0.500000
2.198786	7.807135	2.277226	0.500000
1.944105	4.592989	0.507109	0.500000
5.695709	0.678263	2.297887	0.500000
1.294542	11.302898	3.469052	0.500000
0.961526	8.380164	0.523530	0.500000
6.629104	5.121686	0.575580	0.500000
8.793482	7.134922	3.535940	0.500000
10.116683	8.127797	3.393948	0.500000
2.829403	8.433535	4.202265	0.500000
8.845708	4.069644	0.575167	0.500000
2.004374	5.730890	3.652537	0.500000
6.834511	11.221385	1.200158	0.500000
8.462868	2.835617	3.712942	0.500000
7.400189	5.895341	3.919038	0.500000
5.904310	8.244387	0.653686	0.500000
0.897086	7.623511	2.121180	0.500000
2.637205	2.531210	4.475263	0.500000
4.186719	3.699889	0.688561	0.500000
7.849900	9.593036	3.050485	0.500000
2.717123	6.078194	4.473716	0.500000
5.930002	7.202181	0.802066	0.500000
10.422656	3.760045	0.531692	0.500000
0.041744	4.199412	0.502883	0.500000
10.986226	3.160153	4.319303	0.500000
4.750215	6.576204	2.813921	0.500000
6.196858	1.187250	0.595136	0.500000
3.154479	1.031039	3.255827	0.500000
0.575415	2.508584	1.432852	0.500000
8.423175	3.751321	1.736681	0.500000
1.577185	8.945694	1.205548	0.500000
11.331040	10.323808	0.754216	0.500000
6.716010	8.560680	3.431979	0.500000
8.771171	11.413201	3.475055	0.500000
4.638090	10.101925	1.439316	0.500000
11.234941	4.928566	1.747931	0.500000
5.309033	7.081591	1.906190	0.500000
4.389579	2.212498	2.959529	0.500000
9.090686	4.603446	1.836427	0.500000
5.891489	5.722750	4.453896	0.500000
9.735096	5.419264	0.529980	0.500000
7.645875	9.216630	0.541545	0.500000
0.677108	1.450820	3.422845	0.500000
6.483239	7.683370	1.545198	0.500000
2.947341	10.590388	3.343055	0.500000
10.628885	6.315365	4.395252	0.500000
5.817511	1.703006	4.451925	0.500000
5.181503	0.635678	0.562583	0.500000
4.156915	3.675718	3.613144	0.500000
10.813996	4.147838	4.490316	0.500000
1.596756	6.347108	4.427650	0.500000
8.919217	6.151003	1.716341	0.500000
0.180251	4.755585	3.743520	0.500000
2.941142	3.453077	3.897550	0.500000
1.481630	4.847454	3.565435	0.500000
8.776120	2.056014	2.821729	0.500000
4.147114	11.370194	1.399111	0.500000
10.564705	2.250061	4.170994	0.500000
0.987940	0.668793	2.475773	0.500000
5.215940	1.932064	0.525545	0.500000
2.472980	1.530776	2.028095	0.500000
2.783743	9.831210	0.580669	0.500000
7.850546	10.162619	4.307312	0.500000
8.233554	7.404644	4.412297	0.500000
0.017013	5.108356	2.812123	0.500000
2.865164	4.977573	2.556362	0.500000
1.021111	1.698062	2.151980	0.500000
4.528991	7.617943	2.502024	0.500000
9.003383	9.119810	3.408185	0.500000
8.156592	2.177445	0.627878	0.500000
3.248862	4.298515	1.604686	0.500000
8.763104	1.078869	2.385761	0.500000
9.822051	0.141899	4.233939	0.500000
4.209793	0.169727	4.462704	0.500000
1.257126	10.164644	4.399983	0.500000
7.348899	4.051264	2.785085	0.500000
4.849114	0.386214	3.533352	0.500000
10.917240	2.597099	3.097468	0.500000
11.430892	10.057842	4.453262	0.500000
6.724696	2.062332	0.834498	0.500000
8.993619	6.653110	4.440568	0.500000
6.680829	7.823220	4.495095	0.500000
2.563138	8.176195	3.178466	0.500000
7.451144	3.994530	1.457177	0.500000
0.728037	0.047370	1.735130	0.500000
1.520325	8.198363	4.494191	0.500000
3.442869	7.604099	0.711848	0.500000
9.426199	8.707044	1.703889	0.500000
4.341725	7.287218	3.509232	0.500000
2.522818	5.984624	0.591725	0.500000
1.648476	0.794100	1.689996	0.500000
0.954343	5.631692	3.173545	0.500000
9.549621	10.472526	0.524581	0.500000
1.166606	0.352613	4.478240	0.500000
5.421968	5.253697	2.986054	0.500000
9.545215	5.477276	4.351707	0.500000
2.089941	11.286419	1.701895	0.500000
5.695378	8.193685	4.475420	0.500000
1.988699	4.375990	2.421274	0.500000
1.302162	6.686921	2.954390	0.500000
2.144437	2.306348	0.519622	0.500000
6.634244	9.184614	0.506626	0.500000
5.673316	7.334381	3.600961	0.500000
4.042642	5.049449	1.594627	0.500000
1.908484	5.483723	1.337712	0.500000
8.078713	4.969318	1.464219	0.500000
