500

9.190813	3.813845	1.339164	0.500000
0.976388	1.812557	4.400704	0.500000
8.918026	5.573408	1.643305	0.500000
1.703494	4.167289	3.348723	0.500000
1.333159	0.719997	4.195270	0.500000
4.569748	0.721458	0.874191	0.500000
7.239250	10.486099	0.751791	0.500000
0.711088	4.356115	3.469387	0.500000
7.549417	8.735243	1.346961	0.500000
7.570554	0.770530	3.541302	0.500000
3.544963	9.466299	3.155675	0.500000
2.757231	1.512825	0.560274	0.500000
1.721356	10.884097	0.925669	0.500000
4.203564	2.713168	0.503814	0.500000
6.426336	0.351387	3.307549	0.500000
0.826418	9.470451	3.446195	0.500000
2.091093	0.346530	0.555568	0.500000
5.348210	8.494579	1.507457	0.500000
8.304357	5.016705	4.461968	0.500000
4.565650	2.113324	1.905455	0.500000
6.448748	9.440631	4.483802	0.500000
10.290278	0.961074	2.327025	0.500000
5.386441	10.909443	0.599370	0.500000
4.921136	1.615534	4.483020	0.500000
1.821592	0.024955	1.808082	0.500000
7.209178	3.693256	0.535299	0.500000
3.638656	7.572531	4.175768	0.500000
6.173467	2.764339	1.766861	0.500000
5.627634	9.271667	2.657381	0.500000
3.823107	6.891284	3.456600	0.500000
8.441823	9.615389	1.655366	0.500000
6.920410	0.519738	1.883298	0.500000
10.496236	2.891894	2.611369	0.500000
2.532040	7.074548	1.522528	0.500000
8.409017	5.258938	2.702481	0.500000
10.535342	9.730732	4.424989	0.500000
9.412099	6.999729	1.168756	0.500000
7.925494	3.899952	4.405917	0.500000
3.722432	4.563489	3.491964	0.500000
2.539604	11.002774	3.218580	0.500000
0.041202	2.032922	3.657602	0.500000
0.707488	8.836636	2.395974	0.500000
2.411914	8.018632	2.857819	0.500000
4.204686	9.974738	2.598988	0.500000
1.124140	1.458589	1.750663	0.500000
4.544172	11.024295	3.176745	0.500000
3.439753	2.974538	2.534856	0.500000
11.079303	10.041075	3.611564	0.500000
8.068635	0.645538	1.413189	0.500000
3.263012	10.142347	4.341754	0.500000
1.697709	8.508139	2.348663	0.500000
4.062860	11.185325	0.639798	0.500000
10.920898	9.462530	2.372514	0.500000
3.190596	3.850759	2.105029	0.500000
6.655450	8.479545	4.179947	0.500000
0.909955	7.610732	0.508682	0.500000
1.637445	9.514930	2.661027	0.500000
6.118059	2.815182	4.413019	0.500000
1.693955	3.900477	1.441876	0.500000
5.046586	4.633105	3.287790	0.500000
2.066315	1.613809	4.495319	0.500000
8.876333	7.659373	0.585396	0.500000
4.612758	2.477215	3.293803	0.500000
9.269202	8.566783	1.528198	0.500000
9.983822	7.468643	1.912898	0.500000
4.887085	4.012439	0.604905	0.500000
4.805304	9.344759	3.309596	0.500000
8.743270	0.260431	0.556369	0.500000
8.566421	8.914092	0.900048	0.500000
5.519950	1.755803	1.864945	0.500000
6.675515	4.262585	2.682882	0.500000
5.982615	11.042287	1.462031	0.500000
7.880219	9.495424	2.925623	0.500000
0.219899	9.951108	1.139427	0.500000
1.033025	4.696253	1.472372	0.500000
8.753191	9.463576	3.477970	0.500000
5.804339	6.329503	0.624373	0.500000
5.528135	0.524152	0.653938	0.500000
11.384771	0.322039	0.734892	0.500000
5.187914	0.698754	1.681468	0.500000
9.670921	6.054877	0.527192	0.500000
9.417417	8.119068	2.464227	0.500000
0.074581	1.125158	4.329367	0.500000
0.335741	11.019684	1.330519	0.500000
7.733266	5.807747	3.954466	0.500000
6.936872	1.067393	2.721736	0.500000
7.050289	6.823145	4.492653	0.500000
9.320922	10.736979	0.504030	0.500000
3.943826	8.891117	2.247847	0.500000
9.680553	1.324352	1.205787	0.500000
9.832055	1.465280	3.226289	0.500000
3.931968	5.808195	0.532217	0.500000
2.682420	7.515219	0.589292	0.500000
5.102935	6.593948	2.778833	0.500000
6.931480	9.701751	1.372591	0.500000
3.910675	7.815050	1.617147	0.500000
0.596901	9.692157	4.499803	0.500000
8.794209	4.511189	0.735054	0.500000
1.587646	2.586600	1.435888	0.500000
11.009380	0.223781	4.472701	0.500000
0.672552	5.261214	2.917318	0.500000
4.367421	1.516210	3.593527	0.500000
10.201006	3.791785	2.172473	0.500000
5.415556	2.597296	2.432069	0.500000
0.639314	7.795481	4.412753	0.500000
10.329595	7.645368	0.835696	0.500000
0.393432	5.323535	1.948772	0.500000
6.404399	4.130824	1.431036	0.500000
0.130567	6.768525	4.371087	0.500000
5.879156	9.776329	1.658635	0.500000
10.797652	5.543960	2.434285	0.500000
2.396623	9.323231	3.676876	0.500000
9.834093	11.275555	4.481960	0.500000
5.798173	4.436117	0.589662	0.500000
9.271559	0.685267	2.384358	0.500000
7.808146	4.819494	0.879163	0.500000
9.926770	0.860849	4.269501	0.500000
0.725477	7.779153	2.533709	0.500000
5.234388	2.596915	1.209686	0.500000
1.334970	0.217839	2.914071	0.500000
5.136461	8.341899	3.660885	0.500000
11.186058	10.650095	0.500709	0.500000
4.162980	3.576426	3.345710	0.500000
10.163047	9.265037	1.606195	0.500000
5.241344	10.856288	4.368199	0.500000
1.697886	3.212567	2.319551	0.500000
4.786979	10.548405	1.333920	0.500000
4.980034	2.815862	4.359996	0.500000
0.996002	1.312671	3.302712	0.500000
10.793514	8.258626	1.531076	0.500000
4.417379	0.043384	2.173978	0.500000
1.402513	3.142807	0.555136	0.500000
7.972178	0.962901	2.474172	0.500000
2.753089	4.257950	3.041554	0.500000
9.687989	2.043324	2.136363	0.500000
2.688900	8.994737	2.746965	0.500000
3.837678	3.785429	0.542120	0.500000
0.013483	3.589990	0.542420	0.500000
1.597564	2.198729	3.563343	0.500000
2.305524	6.026499	2.639645	0.500000
5.955947	6.178176	2.182338	0.500000
6.260729	1.143917	1.451667	0.500000
2.756247	2.362432	1.123244	0.500000
10.469727	2.594278	3.588902	0.500000
3.567751	5.898698	1.759431	0.500000
6.821367	1.187136	4.487644	0.500000
4.697896	6.596592	0.722587	0.500000
2.397186	10.745929	4.332747	0.500000
11.343108	1.207323	1.980476	0.500000
4.135325	6.839642	2.505411	0.500000
7.044028	5.937358	1.512910	0.500000
4.959965	1.277491	2.576235	0.500000
8.293145	10.858653	1.157935	0.500000
5.442413	10.152831	3.237694	0.500000
7.164130	10.556582	3.398022	0.500000
3.049107	5.394214	0.807899	0.500000
4.896759	9.388975	1.704997	0.500000
1.556651	6.938443	4.302453	0.500000
9.091560	8.045800	4.366809	0.500000
8.823646	1.827770	4.181048	0.500000
9.865393	5.030651	0.599448	0.500000
5.961413	5.166339	2.504653	0.500000
8.700202	2.755634	2.578350	0.500000
9.797695	4.748312	1.562709	0.500000
7.067270	2.563645	3.695781	0.500000
0.466257	1.141336	0.974221	0.500000
7.007484	6.781099	2.373787	0.500000
6.202655	4.740856	4.465280	0.500000
4.342507	3.866371	1.439065	0.500000
5.878231	3.405856	0.592146	0.500000
6.593625	10.762728	2.368176	0.500000
6.806593	2.054771	2.417796	0.500000
5.275374	3.434542	3.076130	0.500000
0.834527	10.555142	0.552761	0.500000
0.358987	3.767606	2.673602	0.500000
7.408668	4.904488	3.499766	0.500000
5.869809	0.667709	4.467109	0.500000
3.491158	0.639559	0.567514	0.500000
8.228217	10.369233	3.404133	0.500000
9.323112	11.074821	1.460485	0.500000
6.909928	3.394847	2.202065	0.500000
5.732565	0.051514	2.438696	0.500000
2.378498	6.286412	4.493875	0.500000
9.466721	8.654624	3.404668	0.500000
3.679145	4.169303	4.468152	0.500000
7.653221	9.559995	0.574500	0.500000
2.862042	8.801645	1.204817	0.500000
6.633978	9.852389	2.903919	0.500000
6.227952	10.171373	0.612659	0.500000
3.114891	5.212461	4.269420	0.500000
4.334589	10.214851	4.172605	0.500000
2.950925	1.140974	2.609984	0.500000
10.097033	10.147710	0.733878	0.500000
5.565836	11.327492	3.519858	0.500000
6.814630	5.142928	0.595183	0.500000
8.131939	1.059119	4.467228	0.500000
9.476072	2.376691	3.441088	0.500000
0.527007	0.015945	3.901079	0.500000
6.831794	8.836145	3.164715	0.500000
6.194545	6.914187	1.502149	0.500000
7.979855	6.992783	3.492068	0.500000
11.030406	11.223901	3.534686	0.500000
9.668401	2.988498	1.805800	0.500000
10.100284	2.057495	0.536138	0.500000
10.241941	8.616063	4.368431	0.500000
3.045066	9.166781	4.495903	0.500000
3.570502	10.769850	1.546611	0.500000
10.199251	4.060898	0.864050	0.500000
4.432994	5.408138	1.515948	0.500000
2.186227	8.044149	1.364826	0.500000
4.809675	6.592971	3.795162	0.500000
5.994731	6.317339	3.430282	0.500000
7.034080	5.650400	2.677034	0.500000
8.279445	9.404033	4.373251	0.500000
7.205243	7.913862	3.517863	0.500000
8.224061	0.013300	3.435317	0.500000
0.977484	0.172567	0.717896	0.500000
5.508667	4.228477	2.472114	0.500000
3.509526	6.452096	4.434875	0.500000
4.974186	7.539441	4.477162	0.500000
9.342205	10.267393	4.222131	0.500000
10.379539	6.203601	4.468115	0.500000
0.008422	10.634391	4.379525	0.500000
5.778241	9.155628	3.689564	0.500000
6.635608	0.181674	0.876612	0.500000
7.461065	3.917368	1.539351	0.500000
7.770598	11.422858	0.511210	0.500000
4.349366	10.062332	0.525369	0.500000
6.742562	5.041203	1.873898	0.500000
11.306559	6.896535	0.578475	0.500000
7.139624	10.491249	4.474375	0.500000
1.480286	5.461426	1.969297	0.500000
4.909248	8.475559	2.467318	0.500000
10.670965	2.917863	0.569678	0.500000
5.227831	9.769058	4.317052	0.500000
1.532279	8.509238	3.419738	0.500000
9.262990	11.172374	3.583064	0.500000
9.138156	6.939157	4.019223	0.500000
8.725652	0.218642	4.426676	0.500000
1.769868	10.679832	2.501497	0.500000
11.328161	8.047362	0.517619	0.500000
11.241241	4.205642	4.149861	0.500000
8.434426	2.715886	3.865071	0.500000
1.928913	6.295237	0.770739	0.500000
7.292439	0.042151	2.823111	0.500000
10.551851	1.739899	1.474893	0.500000
7.413033	9.329772	3.854682	0.500000
3.607497	2.899004	1.313044	0.500000
9.371163	9.985981	1.503036	0.500000
1.348912	4.197798	2.357641	0.500000
10.847098	7.283381	2.694267	0.500000
11.065982	2.820550	1.789193	0.500000
9.992425	6.024825	3.330247	0.500000
7.287264	6.929898	1.346239	0.500000
0.218550	2.318188	2.635979	0.500000
8.746488	1.599680	2.959026	0.500000
6.475403	1.772345	3.443603	0.500000
8.433934	3.313902	0.523944	0.500000
4.190791	11.213816	4.395767	0.500000
9.874060	4.271616	3.296547	0.500000
5.981600	7.965138	0.774790	0.500000
6.740065	5.639606	3.788330	0.500000
7.568185	4.747428	2.411657	0.500000
2.175457	3.169535	3.378697	0.500000
11.371398	6.189362	1.575592	0.500000
8.563122	10.058147	0.583155	0.500000
4.421085	3.088749	2.280520	0.500000
0.123338	0.471025	2.997769	0.500000
3.809005	8.638222	3.652598	0.500000
8.829382	6.079136	3.245718	0.500000
9.621745	5.498713	2.448049	0.500000
3.145627	7.176758	2.382324	0.500000
9.389053	4.521068	4.270393	0.500000
10.819690	0.908395	3.522115	0.500000
5.692419	8.513740	4.488918	0.500000
10.785798	6.888066	3.688926	0.500000
4.254377	8.981798	1.054960	0.500000
6.219698	7.486694	4.353373	0.500000
1.410064	10.884888	4.211561	0.500000
9.203586	5.167887	3.481640	0.500000
7.338010	2.817416	1.435662	0.500000
8.016846	7.708943	1.176659	0.500000
3.860825	2.010880	2.827557	0.500000
7.187250	7.520380	0.544710	0.500000
8.173472	6.365839	1.396137	0.500000
3.641372	2.720658	3.528064	0.500000
8.173764	6.928699	0.522831	0.500000
2.232829	1.879395	1.974922	0.500000
3.696454	8.269493	0.513257	0.500000
5.499339	7.302455	3.574140	0.500000
6.278013	8.865074	1.893297	0.500000
5.450746	3.754726	4.429072	0.500000
0.564285	2.575417	0.500523	0.500000
0.767282	3.301314	4.382587	0.500000
9.812706	9.644539	3.527732	0.500000
8.486935	8.611581	2.182376	0.500000
11.233295	2.815343	4.484432	0.500000
1.772122	5.206164	2.982368	0.500000
4.336404	9.148401	4.374275	0.500000
8.135123	8.100147	3.144925	0.500000
3.448953	10.621088	3.396346	0.500000
0.266643	7.369440	3.562531	0.500000
10.921706	9.043845	3.594974	0.500000
10.628679	6.110804	0.862761	0.500000
4.894334	8.142725	0.559788	0.500000
10.953024	7.908528	4.348186	0.500000
10.297779	7.904857	3.577432	0.500000
7.671938	5.769103	0.567381	0.500000
10.744982	5.286425	1.424941	0.500000
3.404100	9.786371	2.005205	0.500000
10.559475	10.542509	1.800433	0.500000
11.106959	1.940918	0.650458	0.500000
1.099531	5.219491	0.542194	0.500000
10.505521	5.144236	4.280101	0.500000
0.977755	3.083883	3.061000	0.500000
10.464204	8.574542	2.745405	0.500000
1.807202	3.760607	4.307636	0.500000
8.911472	3.621849	4.469660	0.500000
7.618516	10.408401	2.518777	0.500000
8.150094	3.669682	2.523261	0.500000
3.376481	7.831880	3.160652	0.500000
3.940503	2.099819	4.363832	0.500000
2.505454	9.636187	0.542918	0.500000
2.841383	1.007663	1.556559	0.500000
1.909036	1.125581	1.184359	0.500000
0.925647	4.054775	0.647592	0.500000
6.104555	5.556190	1.295983	0.500000
5.049078	6.259702	1.759202	0.500000
6.855926	3.885737	4.150626	0.500000
3.400830	0.068272	2.251151	0.500000
2.434764	3.205036	1.565379	0.500000
8.465823	11.279804	2.307217	0.500000
8.699047	6.071608	4.376489	0.500000
7.407917	7.836499	2.250131	0.500000
0.951661	6.616124	0.698469	0.500000
5.951770	1.031078	2.470518	0.500000
9.477552	10.944062	2.535896	0.500000
8.500093	4.533119	1.693892	0.500000
6.087678	8.154879	3.373286	0.500000
1.755190	6.292278	3.443520	0.500000
1.489627	1.922706	0.684687	0.500000
3.036821	8.154207	2.088304	0.500000
0.493962	2.334928	1.585444	0.500000
8.754189	2.273336	1.018106	0.500000
1.161042	9.901785	1.648246	0.500000
4.031389	0.855736	2.712533	0.500000
10.969957	4.526718	2.344231	0.500000
4.063457	3.245909	4.298217	0.500000
5.505044	3.661783	1.537458	0.500000
7.517464	2.680068	2.766122	0.500000
5.628639	1.083879	3.494427	0.500000
2.546276	10.051879	2.733373	0.500000
7.784160	1.750893	3.407188	0.500000
4.491799	7.691035	2.946747	0.500000
9.374987	6.526726	2.260821	0.500000
4.187880	4.869545	2.600520	0.500000
3.804415	1.014650	4.364744	0.500000
10.299099	11.135048	0.509037	0.500000
1.899245	8.143698	4.384855	0.500000
1.709276	7.263615	2.319670	0.500000
2.739348	5.245322	3.302958	0.500000
1.745685	8.737846	0.522193	0.500000
1.656092	10.183613	3.468997	0.500000
5.994439	6.069532	4.418625	0.500000
0.456922	9.875289	2.378181	0.500000
0.050869	7.196357	1.843254	0.500000
6.718338	2.695301	0.566950	0.500000
2.837116	11.440832	1.200687	0.500000
0.097658	6.483520	2.546969	0.500000
10.091183	6.013731	1.709931	0.500000
5.974384	1.723265	4.487873	0.500000
0.725914	8.767751	0.511134	0.500000
0.253951	8.411499	3.235628	0.500000
7.742197	2.115634	0.613909	0.500000
5.955052	4.304333	3.563111	0.500000
2.624306	4.336805	4.467044	0.500000
11.052084	4.895411	3.327001	0.500000
8.687924	1.292047	0.691977	0.500000
9.993155	7.246838	4.493029	0.500000
2.927809	4.288812	0.917411	0.500000
0.698700	0.563547	1.899363	0.500000
3.465590	9.586107	0.928192	0.500000
2.916952	3.433386	4.100852	0.500000
4.819505	4.850007	4.252253	0.500000
5.683193	9.332359	0.654106	0.500000
9.564481	2.872583	4.321844	0.500000
6.287904	1.761196	0.531397	0.500000
9.953390	0.427042	3.161832	0.500000
2.416877	0.694762	4.172658	0.500000
8.766253	7.372213	2.837353	0.500000
11.009385	10.456976	2.690119	0.500000
1.016404	6.731362	2.871258	0.500000
10.179506	10.696053	3.646418	0.500000
3.229411	10.533079	0.616835	0.500000
7.906682	1.942571	2.203533	0.500000
1.324858	7.492991	3.471918	0.500000
0.218924	5.812819	0.504448	0.500000
4.010581	1.211271	1.580169	0.500000
1.607826	9.717082	4.430298	0.500000
1.398922	9.714115	0.624226	0.500000
5.181531	4.749962	1.665695	0.500000
8.144718	8.362743	4.110686	0.500000
10.066483	9.982931	2.585847	0.500000
2.865607	8.360501	3.855538	0.500000
9.615009	3.095770	0.622226	0.500000
4.847939	5.650974	3.180335	0.500000
7.285537	11.031632	1.640715	0.500000
8.605261	4.357018	3.364898	0.500000
9.353951	9.080637	4.451014	0.500000
5.322282	7.517946	2.310456	0.500000
0.467437	8.006446	1.412334	0.500000
4.785556	0.595931	4.334618	0.500000
3.547180	4.843209	1.753996	0.500000
7.205868	9.107639	2.266837	0.500000
1.323689	5.882401	4.472175	0.500000
6.756421	6.617934	0.510111	0.500000
11.063130	3.871690	1.457806	0.500000
0.540968	3.400027	1.416258	0.500000
10.093701	3.763651	4.454342	0.500000
5.236426	5.418056	0.813208	0.500000
7.514344	1.051729	0.637426	0.500000
3.048787	1.380452	3.787767	0.500000
10.001685	0.667067	0.509722	0.500000
9.230389	3.987551	2.395594	0.500000
1.240266	8.664513	1.392807	0.500000
11.025504	9.004203	0.549553	0.500000
6.325064	7.579561	2.454683	0.500000
8.638289	10.262817	2.489800	0.500000
5.257760	10.553560	2.294433	0.500000
11.379069	4.740853	0.747915	0.500000
6.697134	9.122253	0.537937	0.500000
2.744100	2.341035	2.960195	0.500000
8.254010	6.585661	2.418741	0.500000
4.105778	5.627265	4.090868	0.500000
8.689351	5.509333	0.539705	0.500000
9.129770	9.372324	2.340668	0.500000
10.847178	1.731428	2.672910	0.500000
8.775944	7.532512	1.835222	0.500000
2.013973	1.218582	3.345905	0.500000
9.561027	5.526917	4.372533	0.500000
5.597923	2.355140	3.647403	0.500000
5.221185	1.496537	0.790734	0.500000
2.115769	5.302980	4.194901	0.500000
9.781858	1.892864	4.469754	0.500000
0.282009	5.326923	4.416362	0.500000
9.745804	7.195097	3.061819	0.500000
11.131966	5.939968	3.770412	0.500000
1.933689	2.617682	4.495930	0.500000
1.223724	4.719878	4.264361	0.500000
7.260842	4.768201	4.481407	0.500000
3.242854	2.096908	1.982700	0.500000
7.739909	2.169314	4.343344	0.500000
10.843933	1.876857	4.413041	0.500000
3.858895	1.626833	0.612501	0.500000
2.865175	2.265797	4.325544	0.500000
2.416531	9.658639	1.572946	0.500000
7.207437	0.252654	4.384872	0.500000
6.272923	10.586255	3.925298	0.500000
10.821738	3.854345	3.212496	0.500000
3.950104	4.791761	0.573582	0.500000
1.194237	2.276801	2.327511	0.500000
2.403162	4.801241	2.202833	0.500000
8.266599	10.763409	4.348088	0.500000
8.840787	1.611166	1.771354	0.500000
2.190482	5.028579	1.201996	0.500000
9.025423	0.840231	3.652505	0.500000
10.698013	0.060376	2.578755	0.500000
3.299828	0.476178	3.367552	0.500000
1.054531	8.708772	4.290458	0.500000
6.339171	3.198616	3.131894	0.500000
3.181018	0.062038	4.491415	0.500000
0.004230	3.034711	3.398153	0.500000
0.053447	8.825835	4.426856	0.500000
7.294540	1.669287	1.431465	0.500000
7.007293	6.786652	3.379113	0.500000
8.059477	7.393607	4.462034	0.500000
2.560509	6.982345	3.200798	0.500000
8.332759	3.221810	1.625381	0.500000
0.503170	11.020680	2.494026	0.500000
2.593214	7.283420	4.414952	0.500000
4.850733	7.439157	1.288034	0.500000
9.584675	8.852267	0.562943	0.500000
3.596069	5.849764	2.918426	0.500000
3.201704	6.417902	0.973767	0.500000
0.612370	10.453416	3.389968	0.500000
0.187394	8.966832	1.367707	0.500000
10.371229	0.178611	1.596966	0.500000
2.009889	0.918371	2.332219	0.500000
7.571544	3.575886	3.494117	0.500000
9.229652	3.478195	3.485665	0.500000
2.616049	10.687134	1.857816	0.500000
5.030288	5.805445	4.490201	0.500000
1.908439	4.240848	0.514438	0.500000
0.718751	6.089365	3.600463	0.500000
2.496282	3.430589	0.569280	0.500000
6.746906	8.113083	1.403803	0.500000
5.709653	5.376249	3.620820	0.500000
2.527165	6.058417	1.627100	0.500000
0.856981	6.486726	1.841304	0.500000
7.914924	5.442191	1.712028	0.500000
