500

7.226906	7.133315	1.478702	0.500000
8.886561	0.423941	3.548939	0.500000
5.565919	4.572535	2.738775	0.500000
1.479707	5.689151	1.101752	0.500000
2.385348	0.867841	2.896758	0.500000
2.204759	1.522634	0.533214	0.500000
6.664979	10.918301	0.500603	0.500000
0.584999	0.576423	2.896699	0.500000
7.247696	7.813533	4.438926	0.500000
9.749875	1.634286	2.719945	0.500000
3.037565	10.988816	4.475901	0.500000
3.240590	11.088951	0.660221	0.500000
3.888267	11.265089	3.750358	0.500000
6.087030	2.036371	0.514440	0.500000
5.525965	1.858747	3.302176	0.500000
10.848947	8.863061	4.415788	0.500000
3.898538	10.531526	2.531353	0.500000
3.635092	7.781344	2.502320	0.500000
9.047139	5.733713	4.492334	0.500000
6.734805	3.034517	3.560737	0.500000
7.432280	2.907302	2.547899	0.500000
10.807777	7.869961	3.540036	0.500000
6.491799	11.129693	1.539821	0.500000
5.204600	2.267827	2.437052	0.500000
2.675080	1.800982	2.498713	0.500000
6.920640	2.814972	0.544348	0.500000
2.825085	8.464255	2.568378	0.500000
4.900966	1.173537	0.630481	0.500000
4.923816	10.228037	2.419121	0.500000
6.932178	6.129378	2.180042	0.500000
8.498427	11.406245	1.724440	0.500000
3.147505	0.399223	3.394975	0.500000
9.879263	4.566271	3.554236	0.500000
0.503660	9.277328	0.601597	0.500000
8.910119	4.367549	2.322255	0.500000
10.318341	6.132781	2.823183	0.500000
9.373659	6.161004	2.453234	0.500000
9.894564	4.096377	4.499911	0.500000
2.404438	5.880582	3.317925	0.500000
5.617445	0.266366	2.779296	0.500000
1.151820	1.130689	3.609733	0.500000
10.260033	7.836674	1.701839	0.500000
0.250876	8.295403	3.058815	0.500000
6.818096	0.471733	3.281851	0.500000
2.755394	2.472483	3.359364	0.500000
4.898520	7.561562	1.542629	0.500000
3.424117	4.884639	2.484598	0.500000
1.042954	9.150644	3.289610	0.500000
8.742934	0.994600	2.700391	0.500000
4.079064	0.422834	2.416404	0.500000
3.418194	5.906997	3.741850	0.500000
4.621212	9.896305	0.642148	0.500000
1.621834	9.817142	0.561251	0.500000
5.641123	3.731176	2.058188	0.500000
5.718073	10.886525	4.480166	0.500000
3.803499	8.232572	3.457064	0.500000
8.962747	8.047746	3.483057	0.500000
4.966938	3.024387	3.600783	0.500000
0.172353	5.287011	1.451938	0.500000
1.447260	4.704064	1.755317	0.500000
2.005441	1.797868	3.571705	0.500000
6.620935	6.209606	0.811224	0.500000
3.787449	3.357741	3.673680	0.500000
1.337988	10.225843	1.430774	0.500000
6.985559	5.296342	1.418040	0.500000
2.089619	3.833552	1.436056	0.500000
5.455644	7.876298	0.514747	0.500000
8.651161	11.359647	2.715544	0.500000
10.031075	9.779628	2.530339	0.500000
2.796497	1.896647	1.325489	0.500000
3.761411	2.351089	3.629036	0.500000
8.236517	9.997916	0.504093	0.500000
7.920237	10.427085	2.412499	0.500000
7.664186	10.987469	0.509168	0.500000
0.782695	5.164235	0.537892	0.500000
5.416982	10.348997	3.351051	0.500000
5.438259	6.855747	0.564313	0.500000
5.709164	0.414437	1.652796	0.500000
11.127619	11.110149	0.512487	0.500000
9.420596	3.935756	0.582902	0.500000
10.190095	6.736757	1.411739	0.500000
9.916849	9.400723	4.397420	0.500000
10.892811	1.673446	3.440858	0.500000
1.274046	10.988667	2.628678	0.500000
7.970947	6.706604	2.063954	0.500000
7.113685	1.832682	0.538483	0.500000
5.996833	9.443286	2.507373	0.500000
7.260232	9.338679	0.545241	0.500000
2.635969	9.874783	4.436741	0.500000
6.883062	1.426680	2.548699	0.500000
0.173010	1.058818	3.804031	0.500000
2.938928	7.527746	1.785185	0.500000
10.133743	8.617115	0.613589	0.500000
5.140595	9.367608	3.135498	0.500000
6.126197	11.132260	3.553501	0.500000
3.816761	7.952953	1.491184	0.500000
0.369188	10.277034	0.565331	0.500000
7.312745	4.186929	1.799364	0.500000
3.764280	1.974818	2.520283	0.500000
11.190307	11.353581	2.775510	0.500000
3.268179	0.567061	4.437063	0.500000
0.094675	9.267702	2.673777	0.500000
10.341063	3.329261	3.430011	0.500000
5.573195	5.373987	3.519394	0.500000
3.157552	9.048989	4.070140	0.500000
9.138661	10.480542	0.678932	0.500000
3.148339	8.763008	1.641892	0.500000
4.767230	3.802961	0.540399	0.500000
2.555915	5.853651	4.370027	0.500000
0.295243	9.797759	1.593254	0.500000
2.880851	6.013932	2.266470	0.500000
0.577581	8.149052	4.059223	0.500000
0.587120	10.074185	3.691788	0.500000
6.099305	5.615832	2.600347	0.500000
10.075886	2.633816	2.555802	0.500000
10.139729	4.013317	2.725695	0.500000
10.000844	1.101958	3.709845	0.500000
0.949780	7.353397	2.310036	0.500000
4.758152	1.296584	2.589006	0.500000
10.519947	0.171408	3.499025	0.500000
4.428963	9.042761	4.220710	0.500000
1.676730	10.465836	3.423498	0.500000
1.298841	1.242337	2.595636	0.500000
9.559402	0.136103	0.663382	0.500000
4.603424	10.983418	3.108728	0.500000
0.265805	4.269566	2.506211	0.500000
5.125339	0.285871	4.444530	0.500000
7.837570	1.775448	4.442257	0.500000
1.434367	0.614882	0.560502	0.500000
0.419696	8.264195	1.779078	0.500000
4.027013	1.733645	0.834047	0.500000
2.356646	2.532814	0.557427	0.500000
6.227355	2.287548	2.527446	0.500000
4.384129	2.231276	1.677640	0.500000
7.206839	10.959428	3.181497	0.500000
2.834479	9.624348	2.456094	0.500000
5.160463	3.020133	1.544075	0.500000
11.432147	6.424854	2.568213	0.500000
9.195626	3.636643	3.224517	0.500000
0.018127	4.496761	3.792540	0.500000
1.931909	8.087140	1.927680	0.500000
6.506075	0.484210	2.261718	0.500000
1.151952	3.443392	0.512792	0.500000
1.610297	1.372777	1.651997	0.500000
2.199269	4.337471	2.527396	0.500000
7.802548	4.526407	4.314834	0.500000
8.898171	7.060430	0.645633	0.500000
1.713597	6.936572	3.321905	0.500000
1.953173	2.814561	1.510751	0.500000
5.568007	10.216996	0.558628	0.500000
6.220874	7.068724	1.288110	0.500000
0.700819	3.114939	2.511713	0.500000
7.679200	6.017318	1.070083	0.500000
6.134704	0.902070	4.495347	0.500000
6.714303	9.043780	4.499309	0.500000
3.401915	5.717289	0.776381	0.500000
3.560070	1.304325	1.776030	0.500000
2.368129	5.209725	1.909848	0.500000
8.246025	8.044078	4.368652	0.500000
9.403639	10.523597	2.947933	0.500000
11.233819	2.663207	2.328280	0.500000
3.692519	3.981567	0.775512	0.500000
8.596321	1.958501	1.494189	0.500000
2.400689	3.723422	3.593863	0.500000
7.988643	3.827170	2.539072	0.500000
1.333449	2.069016	0.744035	0.500000
3.818708	9.849725	4.337593	0.500000
7.078740	6.721759	3.659828	0.500000
2.642758	3.607936	0.529459	0.500000
5.934541	5.451634	1.206326	0.500000
5.569227	10.526556	1.579049	0.500000
10.926997	0.798918	2.194452	0.500000
6.702017	3.734722	2.457650	0.500000
2.893622	9.142284	0.699037	0.500000
10.652563	2.567925	1.501376	0.500000
4.955673	6.539689	2.701900	0.500000
6.175021	10.543766	2.508642	0.500000
4.605346	2.641978	0.708067	0.500000
8.036529	3.031578	3.484576	0.500000
8.867901	10.830664	4.486843	0.500000
10.118141	0.914098	1.541223	0.500000
4.332298	11.017999	0.640369	0.500000
3.808597	7.994467	4.446061	0.500000
0.862163	2.150334	3.049712	0.500000
2.948257	3.318893	4.395268	0.500000
3.674396	0.000680	1.542701	0.500000
3.968242	9.283759	1.936889	0.500000
4.709063	8.483273	2.022575	0.500000
6.489663	9.685018	1.345729	0.500000
1.745758	8.057479	3.070253	0.500000
5.156220	9.829993	4.249673	0.500000
3.589992	10.051730	0.682341	0.500000
8.554631	0.229479	0.613223	0.500000
5.101247	1.459686	4.499021	0.500000
8.623389	8.694879	1.782349	0.500000
9.014497	9.834085	4.402431	0.500000
8.643113	6.006237	0.598647	0.500000
10.749224	9.365601	3.313949	0.500000
6.696355	5.726245	3.434631	0.500000
5.804869	6.353880	3.297627	0.500000
5.935466	5.911233	4.467553	0.500000
0.768734	0.554122	1.774884	0.500000
9.974565	5.736631	1.458895	0.500000
10.324158	2.340538	0.537632	0.500000
8.698673	6.259875	3.676954	0.500000
0.996620	10.769406	4.375589	0.500000
1.830589	10.961912	0.554939	0.500000
5.992614	8.417001	2.947690	0.500000
5.882962	6.350516	1.904973	0.500000
11.286777	7.126429	1.748983	0.500000
4.897610	4.279335	1.412882	0.500000
11.073109	3.678898	1.873764	0.500000
6.844342	4.770919	4.099181	0.500000
6.855177	10.938209	4.296361	0.500000
7.482730	10.546082	1.402393	0.500000
8.088134	1.952456	2.857307	0.500000
8.061139	1.362929	0.603497	0.500000
6.920728	4.851720	2.489863	0.500000
5.461632	7.174550	3.862700	0.500000
5.696436	4.871353	4.379306	0.500000
9.630922	0.491746	4.470790	0.500000
9.992024	6.970182	4.458567	0.500000
0.182141	6.180073	3.794400	0.500000
6.730245	8.876152	2.048405	0.500000
3.993952	0.532911	0.563793	0.500000
7.801383	6.127101	3.101652	0.500000
1.942014	9.025571	2.555782	0.500000
4.931623	11.264621	2.189519	0.500000
5.079761	5.551348	2.540661	0.500000
10.056489	7.521314	0.592509	0.500000
6.510551	8.563060	1.120807	0.500000
10.733468	4.747884	2.138050	0.500000
4.887929	5.354636	1.415869	0.500000
11.386440	3.227539	0.923032	0.500000
6.043242	8.005160	4.401749	0.500000
10.680003	6.840089	3.722356	0.500000
8.447901	10.338026	3.716081	0.500000
9.571960	11.103467	3.781290	0.500000
8.712879	0.984220	4.487073	0.500000
2.283212	8.860380	3.580598	0.500000
11.219198	7.142008	0.557431	0.500000
10.648510	2.611851	4.408108	0.500000
1.220260	4.106222	3.786380	0.500000
3.878082	4.785511	1.529454	0.500000
8.114036	1.169819	3.662855	0.500000
2.395773	3.286705	2.397886	0.500000
6.625270	7.854803	1.822709	0.500000
9.307225	2.140760	0.503198	0.500000
8.258054	7.574772	1.464362	0.500000
3.445987	2.939088	2.576598	0.500000
8.314246	4.023571	1.567040	0.500000
9.622800	5.088782	0.544976	0.500000
8.351436	4.365396	3.350382	0.500000
5.852901	9.065516	0.500208	0.500000
1.945512	2.395803	4.493512	0.500000
9.574741	1.818902	4.460890	0.500000
8.580371	2.635188	4.408414	0.500000
10.481843	3.698314	0.609277	0.500000
3.166518	10.265262	1.632931	0.500000
0.783697	3.175481	3.556718	0.500000
7.458234	6.901602	0.527471	0.500000
4.518124	7.255467	0.529459	0.500000
7.985326	4.811737	2.352873	0.500000
10.618049	7.297634	2.547769	0.500000
10.902063	4.656163	0.956199	0.500000
6.972712	9.982941	2.228588	0.500000
4.615674	3.776750	4.159433	0.500000
0.716111	9.234353	4.316071	0.500000
3.058734	10.126299	3.376447	0.500000
7.786410	6.734476	4.370442	0.500000
9.859704	5.670997	3.699886	0.500000
5.300543	4.895972	0.585816	0.500000
0.463190	7.053180	4.423009	0.500000
9.114914	9.411391	3.404908	0.500000
5.742553	7.440354	2.292811	0.500000
1.924033	6.684039	4.384397	0.500000
4.598298	0.512661	1.476723	0.500000
10.801592	6.059239	4.408847	0.500000
11.115339	7.675332	4.490986	0.500000
8.749570	7.148051	2.593359	0.500000
9.572126	3.036184	1.014584	0.500000
9.230711	8.042195	0.960281	0.500000
2.603535	10.203539	0.602267	0.500000
7.431603	5.074653	0.531400	0.500000
9.831433	8.708838	3.196638	0.500000
2.267929	0.305893	4.320463	0.500000
7.969896	8.646341	3.464318	0.500000
10.856155	3.784248	4.310351	0.500000
2.128868	9.308154	1.453849	0.500000
2.375215	7.838634	4.472771	0.500000
6.905103	7.813619	0.521018	0.500000
11.317926	2.574012	3.544492	0.500000
0.665037	4.241724	0.996319	0.500000
2.003561	4.807901	3.432995	0.500000
9.259799	9.552823	1.852719	0.500000
7.523453	8.415014	1.548518	0.500000
10.279128	10.972107	2.411388	0.500000
2.783515	7.895346	3.538299	0.500000
6.156685	9.915712	4.133619	0.500000
5.460956	8.869042	4.080555	0.500000
4.446175	9.997940	3.524866	0.500000
9.256680	7.332837	1.671973	0.500000
10.079058	10.425241	4.374681	0.500000
8.436132	5.708045	2.220735	0.500000
5.026888	8.751382	1.012413	0.500000
10.173417	7.998689	4.344027	0.500000
2.542872	6.577533	1.401815	0.500000
8.902790	5.162584	3.011870	0.500000
8.837223	7.143137	4.381263	0.500000
2.533803	11.053561	3.514599	0.500000
2.110989	10.279679	2.112798	0.500000
0.501166	1.323779	0.522491	0.500000
2.378476	5.895719	0.528842	0.500000
0.517002	3.985527	4.496216	0.500000
4.187240	0.990912	4.303935	0.500000
8.326710	8.161652	2.609968	0.500000
1.519242	5.412647	2.463354	0.500000
10.494422	4.975104	4.345797	0.500000
7.740611	0.672535	2.790958	0.500000
6.281080	1.016557	0.554603	0.500000
4.838930	8.378047	3.354704	0.500000
1.900846	1.272191	4.474947	0.500000
11.044551	8.332435	0.976275	0.500000
4.556907	0.626548	3.307582	0.500000
0.931581	2.645658	1.525800	0.500000
10.854812	1.573517	1.178320	0.500000
6.294141	7.255887	3.274586	0.500000
4.220442	5.016922	0.609517	0.500000
8.837015	2.969938	2.424611	0.500000
3.250309	1.395220	3.490820	0.500000
2.475946	0.458317	0.964924	0.500000
7.763329	10.542946	4.491746	0.500000
11.010905	6.154718	1.664238	0.500000
8.519181	10.282447	1.600556	0.500000
3.953691	3.837792	2.244434	0.500000
8.597929	3.021485	1.363855	0.500000
10.525625	0.497574	0.624385	0.500000
9.658018	3.465552	1.949438	0.500000
4.574313	10.882139	4.428024	0.500000
0.988100	5.161415	3.341082	0.500000
2.422447	10.892216	1.365763	0.500000
2.910138	10.817561	2.469936	0.500000
3.171640	1.238837	0.569109	0.500000
8.217260	2.388839	0.586487	0.500000
10.715166	9.344311	1.905161	0.500000
3.116150	2.087102	4.358264	0.500000
8.026232	5.009119	1.347134	0.500000
4.491251	2.723305	4.492595	0.500000
7.558545	1.047133	1.766675	0.500000
7.504506	3.082574	1.551828	0.500000
5.589382	3.806118	3.890408	0.500000
1.537495	0.146631	3.413229	0.500000
7.605139	2.956050	4.492254	0.500000
4.412406	4.241424	3.074067	0.500000
1.384154	7.529290	4.155605	0.500000
6.352758	4.264823	3.303938	0.500000
6.747947	2.251229	4.323942	0.500000
0.681387	10.182186	2.621997	0.500000
4.608929	6.501438	3.641666	0.500000
1.346659	6.694582	0.554781	0.500000
10.819377	8.436977	2.436279	0.500000
4.183264	10.242767	1.472760	0.500000
1.236451	0.386582	4.431168	0.500000
5.752202	8.601195	1.869264	0.500000
11.063135	10.026381	4.497891	0.500000
0.498239	11.176033	3.572577	0.500000
5.859615	4.039376	0.986797	0.500000
2.727611	0.299620	2.101731	0.500000
0.652233	8.209574	0.509194	0.500000
9.479033	7.059423	3.376327	0.500000
8.156079	0.087087	4.224683	0.500000
11.418121	5.897799	0.500185	0.500000
9.688105	6.428980	0.567071	0.500000
8.985166	6.381822	1.498489	0.500000
5.934863	2.920017	4.423530	0.500000
4.810556	4.723169	3.889978	0.500000
0.399981	2.978631	4.483816	0.500000
9.101212	1.648795	3.555909	0.500000
9.201048	8.465424	4.444117	0.500000
5.792558	3.009233	0.598440	0.500000
1.093838	3.639353	1.679492	0.500000
4.069153	8.696961	0.663649	0.500000
2.156598	4.235167	4.459949	0.500000
2.787003	6.782284	3.843597	0.500000
4.900750	6.476612	1.404165	0.500000
11.052367	10.241085	2.558122	0.500000
7.091492	3.783169	0.784483	0.500000
9.900072	9.670666	0.978751	0.500000
0.102346	10.933611	1.586566	0.500000
7.088911	7.070659	2.597089	0.500000
10.267089	11.293550	1.383345	0.500000
0.268773	5.437260	2.486841	0.500000
9.295651	8.118528	2.349309	0.500000
1.733598	0.292371	1.947718	0.500000
9.039995	2.652749	3.395978	0.500000
2.764964	7.028780	2.682302	0.500000
3.118366	4.138382	1.704822	0.500000
3.998905	3.247421	1.409115	0.500000
1.638415	9.750242	4.427871	0.500000
7.982435	5.706597	4.266245	0.500000
4.020000	6.945830	1.861939	0.500000
10.728954	10.511924	3.608471	0.500000
7.196114	0.509598	0.616708	0.500000
5.192396	9.533336	1.714147	0.500000
8.590375	4.558720	0.645295	0.500000
4.880419	5.593209	4.461919	0.500000
5.439778	0.146898	0.714590	0.500000
8.898028	4.777737	4.228467	0.500000
6.363582	1.498593	1.551341	0.500000
1.218877	4.329425	2.805715	0.500000
0.896708	6.193905	2.941811	0.500000
4.517576	1.695279	3.540526	0.500000
4.854240	3.442058	2.616124	0.500000
7.522679	2.077936	1.922884	0.500000
1.706552	5.227426	4.449527	0.500000
4.965331	5.928729	0.557415	0.500000
9.795692	1.249453	0.541800	0.500000
11.332791	3.614850	3.335819	0.500000
9.508628	3.031396	4.210038	0.500000
3.472082	6.974112	0.906103	0.500000
7.472560	11.309519	2.138607	0.500000
0.215423	1.488069	2.495132	0.500000
0.044733	0.498974	0.981084	0.500000
8.579376	3.841990	4.497946	0.500000
2.010389	10.762763	4.405287	0.500000
1.798142	8.607005	0.727132	0.500000
8.281958	9.289029	2.528357	0.500000
8.657866	0.961013	1.564498	0.500000
7.829843	9.402815	4.279537	0.500000
1.531789	7.687574	1.017774	0.500000
7.167868	9.182776	3.018811	0.500000
1.765943	2.976635	3.322307	0.500000
8.051689	7.411609	3.358739	0.500000
7.402468	0.853244	4.466546	0.500000
0.707527	6.287128	1.345974	0.500000
7.259903	9.960003	3.653530	0.500000
9.725092	4.986751	2.334318	0.500000
10.612122	10.254370	1.483252	0.500000
9.877165	8.760148	1.609627	0.500000
3.638706	4.134994	4.492344	0.500000
6.423550	1.455728	3.693835	0.500000
5.861083	3.209537	2.995838	0.500000
2.959644	4.808691	3.963460	0.500000
8.103729	3.682248	0.607726	0.500000
3.857231	5.183993	4.428182	0.500000
7.516726	9.447124	1.510928	0.500000
10.031653	2.304212	3.499495	0.500000
1.349854	3.369945	4.493711	0.500000
3.667015	6.516800	2.764464	0.500000
1.845454	6.323960	2.106786	0.500000
5.864525	1.237667	2.516039	0.500000
9.527774	2.175786	1.800595	0.500000
11.324829	1.815878	4.448149	0.500000
9.014281	5.334598	1.470478	0.500000
4.013536	6.581108	4.494922	0.500000
1.140744	9.061291	1.457222	0.500000
5.493709	0.926427	3.724617	0.500000
7.165853	2.049790	3.285293	0.500000
7.373539	4.027798	3.479888	0.500000
5.345107	1.511695	1.688640	0.500000
2.972299	2.893273	1.505607	0.500000
2.580561	4.815291	0.949397	0.500000
9.611319	10.561415	1.743488	0.500000
10.597641	1.763990	2.183037	0.500000
3.152429	3.922741	2.925785	0.500000
10.686184	0.818299	4.409445	0.500000
10.768410	9.410044	0.529260	0.500000
6.501958	7.040883	4.451373	0.500000
0.415772	7.126240	3.419226	0.500000
6.707589	3.846797	4.486783	0.500000
11.215983	11.399740	4.456016	0.500000
0.459106	1.662889	1.492408	0.500000
0.175624	5.287448	4.384654	0.500000
6.150215	4.648088	1.808942	0.500000
4.771296	7.565187	2.766601	0.500000
7.113349	8.002261	2.988581	0.500000
3.714769	7.216365	3.722689	0.500000
6.314636	3.018398	1.637817	0.500000
9.596645	0.499580	2.292684	0.500000
1.596725	8.663883	4.432602	0.500000
2.897257	8.122427	0.650911	0.500000
8.930926	9.238771	0.678062	0.500000
4.216440	5.304568	3.114786	0.500000
1.694856	4.305739	0.646168	0.500000
1.046972	11.283696	1.124948	0.500000
3.671468	9.288455	3.017579	0.500000
10.180208	10.780485	0.516589	0.500000
0.980258	1.887681	4.276411	0.500000
7.637088	5.106369	3.250666	0.500000
10.852037	5.102542	3.109871	0.500000
1.849643	2.381665	2.447176	0.500000
4.656023	7.466451	4.381115	0.500000
3.861813	5.907686	1.672002	0.500000
1.001616	6.197284	4.373645	0.500000
3.355200	2.573029	0.610378	0.500000
8.201435	7.942073	0.500731	0.500000
7.023375	6.059767	4.497230	0.500000
2.419160	7.078276	0.516110	0.500000
0.575709	7.409002	1.109780	0.500000
6.477603	4.771864	0.563268	0.500000
