500

4.137869	6.827785	1.183560	0.500000
9.745481	5.496872	0.992766	0.500000
8.560050	4.843040	0.553947	0.500000
8.746233	5.095695	2.283425	0.500000
1.068409	7.992106	3.384934	0.500000
1.528542	1.771393	4.018935	0.500000
5.876033	8.349888	3.213917	0.500000
0.067208	4.248936	0.548917	0.500000
3.753194	8.885194	0.523227	0.500000
3.618638	2.206275	3.409539	0.500000
1.896015	4.882526	1.704017	0.500000
6.550080	10.340142	0.545808	0.500000
0.821006	11.156848	4.414413	0.500000
5.228843	7.615524	1.579011	0.500000
8.064313	8.473155	4.459027	0.500000
1.692324	0.836035	4.465472	0.500000
7.052788	1.759368	1.623069	0.500000
7.504346	7.454376	1.387864	0.500000
5.611120	5.444766	0.600978	0.500000
6.872893	5.608165	0.731185	0.500000
7.751026	9.960573	4.420730	0.500000
5.688169	9.586819	1.702468	0.500000
10.669740	10.608837	0.509720	0.500000
5.312103	5.902303	4.480128	0.500000
3.172275	11.277687	2.068372	0.500000
7.907080	3.313152	2.048818	0.500000
1.056441	5.671180	0.528143	0.500000
3.063955	8.677939	4.492802	0.500000
8.178893	9.476627	1.315778	0.500000
4.462002	1.758879	3.716842	0.500000
6.998507	8.528461	0.517638	0.500000
7.687672	5.014181	3.384682	0.500000
5.339340	10.894172	1.642961	0.500000
5.873918	5.188684	2.570787	0.500000
9.100085	1.645025	4.483545	0.500000
1.438689	1.143473	0.597084	0.500000
8.738740	9.359605	4.450918	0.500000
6.147499	6.364796	2.281812	0.500000
8.409681	0.650574	1.274046	0.500000
3.914605	2.875972	0.582905	0.500000
2.984548	10.632431	0.555547	0.500000
2.792949	9.941153	1.665318	0.500000
8.967032	8.933486	1.639510	0.500000
9.159413	3.525926	2.077321	0.500000
5.356036	7.429690	3.327271	0.500000
2.895771	3.165194	3.516054	0.500000
7.491638	6.041478	1.401118	0.500000
7.682602	9.331860	3.536780	0.500000
1.143532	10.822321	2.400413	0.500000
0.692383	2.414268	1.629310	0.500000
10.096523	5.311854	2.640633	0.500000
3.550058	1.063398	0.928655	0.500000
6.981353	8.878596	4.480322	0.500000
0.393712	0.062077	2.547613	0.500000
8.965792	10.267197	1.561377	0.500000
0.702870	1.410986	3.568887	0.500000
4.897918	6.925549	4.447648	0.500000
9.525484	4.658577	1.813989	0.500000
0.312090	3.275779	0.652162	0.500000
8.041616	1.565929	1.479848	0.500000
4.628523	0.046762	2.405056	0.500000
10.977071	8.416046	3.165597	0.500000
3.530527	1.561781	4.430356	0.500000
6.836867	1.072124	2.414182	0.500000
1.843593	3.731567	4.406962	0.500000
4.794675	10.888202	0.640909	0.500000
6.242027	4.893246	4.401671	0.500000
9.955913	1.105999	4.493653	0.500000
9.566179	2.031075	2.509293	0.500000
6.372248	10.562885	3.695798	0.500000
5.742839	8.395002	2.059464	0.500000
1.794272	7.259631	3.414581	0.500000
4.748011	6.208651	0.539922	0.500000
3.032118	8.859447	1.595732	0.500000
0.827122	6.382171	4.392287	0.500000
3.261239	10.813702	3.001205	0.500000
8.468641	7.551758	0.517223	0.500000
10.765017	4.963638	3.425258	0.500000
5.196967	7.966628	4.414174	0.500000
5.686067	11.358459	0.708619	0.500000
6.831633	3.742109	1.576871	0.500000
1.100984	0.049059	0.511438	0.500000
0.093016	11.257852	0.529882	0.500000
2.473278	0.076352	0.583961	0.500000
5.412599	1.774844	3.156738	0.500000
10.294150	1.330428	0.688986	0.500000
4.080681	6.186392	2.356151	0.500000
9.929488	4.004642	3.861719	0.500000
5.622265	0.285935	2.379795	0.500000
5.610970	9.955921	4.433878	0.500000
11.118256	1.189060	1.553889	0.500000
6.400423	9.383286	0.955464	0.500000
9.140161	1.363138	0.619201	0.500000
10.570564	4.814255	4.499714	0.500000
10.459626	1.571177	3.451905	0.500000
0.155232	3.191437	2.411023	0.500000
1.130156	9.532236	2.482868	0.500000
8.828061	2.890423	1.030487	0.500000
2.501288	1.314841	0.534157	0.500000
9.352937	11.077463	3.486467	0.500000
2.871769	4.068247	4.387921	0.500000
3.787777	0.660413	1.862072	0.500000
6.269174	1.912205	2.291922	0.500000
6.516652	2.451446	3.120334	0.500000
2.116904	2.969606	2.825201	0.500000
10.555897	3.161646	0.579243	0.500000
1.934094	9.206968	4.389997	0.500000
5.201494	0.780478	3.445758	0.500000
4.306802	0.856708	4.169198	0.500000
4.919805	3.458969	2.383221	0.500000
4.257577	4.911721	4.357628	0.500000
0.457716	8.212134	2.552878	0.500000
1.993141	6.153614	4.312925	0.500000
9.180380	8.460422	4.489406	0.500000
1.253459	6.393186	1.634656	0.500000
4.571131	1.442225	1.305143	0.500000
11.041367	2.058448	0.596225	0.500000
0.514729	8.125412	1.257229	0.500000
10.919661	9.883158	1.333874	0.500000
1.430077	2.865899	3.723885	0.500000
7.261572	4.042831	3.838798	0.500000
3.688041	3.788195	3.534314	0.500000
9.020365	11.332271	1.709437	0.500000
10.160477	4.096821	2.718707	0.500000
11.269680	0.190681	4.468904	0.500000
0.262520	0.876794	0.526083	0.500000
9.410110	3.185714	4.243867	0.500000
3.102784	2.851312	4.448180	0.500000
10.670997	3.476074	3.444869	0.500000
10.783969	0.171894	1.787811	0.500000
3.550290	7.711815	2.747134	0.500000
1.202390	0.814325	2.516144	0.500000
9.557026	5.240422	4.384246	0.500000
5.537608	1.033924	0.525057	0.500000
3.289668	9.048058	2.614977	0.500000
5.467041	10.064566	3.431555	0.500000
3.759162	9.791344	3.397506	0.500000
0.675292	5.741574	2.314784	0.500000
8.790268	7.757140	1.563021	0.500000
0.616554	2.035164	4.459507	0.500000
4.304440	8.690809	2.406577	0.500000
8.957517	11.082139	0.570243	0.500000
4.576670	2.466124	2.472967	0.500000
9.345498	4.147705	0.781317	0.500000
0.993891	4.583468	2.243066	0.500000
9.226516	10.423830	4.445781	0.500000
2.457966	0.369516	2.534457	0.500000
2.392608	8.203223	2.003935	0.500000
3.039965	4.066568	2.799767	0.500000
2.742403	8.244220	0.844733	0.500000
7.950930	5.799353	0.505359	0.500000
7.706340	0.076240	0.568487	0.500000
7.526732	4.145673	2.463759	0.500000
5.234391	2.025131	4.401372	0.500000
4.350297	10.773528	3.440839	0.500000
3.154488	7.143011	3.591444	0.500000
4.027996	9.964072	0.510898	0.500000
0.200558	10.467972	3.833019	0.500000
2.590125	6.061287	0.504838	0.500000
4.464830	6.081120	3.885784	0.500000
5.749146	2.835263	2.550467	0.500000
1.913774	3.999106	0.804417	0.500000
4.068316	1.833953	0.504531	0.500000
5.860095	2.024357	0.546245	0.500000
1.153372	10.687085	3.421981	0.500000
4.853835	2.472661	0.610094	0.500000
9.870073	0.629834	1.385488	0.500000
11.044619	8.564808	1.240772	0.500000
2.506353	8.054070	3.027824	0.500000
8.258147	10.941597	4.368717	0.500000
7.429006	4.847391	4.496025	0.500000
10.288294	7.278930	1.525239	0.500000
1.878260	7.527435	0.833120	0.500000
1.023098	10.867915	1.361878	0.500000
9.764914	2.462778	3.409934	0.500000
1.806572	1.314544	1.685407	0.500000
2.853498	5.572582	4.348665	0.500000
6.118238	0.887063	1.649218	0.500000
6.342514	3.921995	2.589700	0.500000
2.093028	2.520921	4.459601	0.500000
9.081553	6.187899	0.525397	0.500000
10.020202	9.851091	0.574658	0.500000
5.357855	4.301272	1.012383	0.500000
1.700068	10.057710	1.702536	0.500000
3.773785	3.357090	1.690297	0.500000
4.765570	9.937669	1.322048	0.500000
1.134976	5.309721	4.337917	0.500000
3.220251	7.685262	1.751755	0.500000
9.299255	7.337469	3.281466	0.500000
2.427554	4.955110	3.264459	0.500000
2.498966	1.513113	4.381162	0.500000
3.400411	6.508418	4.393448	0.500000
7.959527	8.318347	1.609747	0.500000
10.461100	10.961014	4.347442	0.500000
5.196414	4.111983	4.327123	0.500000
11.271172	4.156789	2.666782	0.500000
0.035957	6.518957	2.403195	0.500000
4.859066	1.072337	2.220012	0.500000
8.321620	9.569923	2.511348	0.500000
0.459263	9.345369	3.468603	0.500000
10.178254	7.672361	2.688258	0.500000
8.419391	0.751068	4.492996	0.500000
3.877821	0.476236	3.181374	0.500000
9.951424	9.692256	1.828749	0.500000
11.226344	1.754579	2.432034	0.500000
5.270237	11.218504	3.509823	0.500000
6.915443	2.722787	1.888777	0.500000
9.342467	6.134644	2.558212	0.500000
2.042816	5.228313	0.735771	0.500000
1.905725	8.118411	4.217963	0.500000
11.076189	5.313362	2.330609	0.500000
0.483148	4.780742	1.379806	0.500000
0.933109	9.070342	4.344901	0.500000
8.375545	6.830657	3.142969	0.500000
10.945627	9.638649	3.319049	0.500000
2.543666	6.462190	3.044929	0.500000
2.785692	3.364690	1.423689	0.500000
3.599098	5.042981	0.543443	0.500000
2.576433	5.484405	2.285549	0.500000
0.654046	4.334848	3.214031	0.500000
10.257568	10.372215	3.492959	0.500000
9.651893	9.067135	3.804696	0.500000
6.435073	0.037399	3.249689	0.500000
4.584461	9.711617	4.102987	0.500000
0.286983	10.174488	0.520108	0.500000
5.143524	9.026061	3.422466	0.500000
9.841953	8.201251	1.448291	0.500000
10.485306	4.928538	1.569597	0.500000
7.812583	6.215705	4.490319	0.500000
1.031035	6.992083	2.672086	0.500000
9.633560	6.462234	1.407506	0.500000
11.256999	2.676493	4.232125	0.500000
11.268626	7.259477	3.126424	0.500000
3.230023	4.510079	1.695061	0.500000
8.967527	0.476222	2.703034	0.500000
3.502733	9.636849	4.397769	0.500000
2.616942	9.102519	3.584820	0.500000
10.422732	8.671823	4.450108	0.500000
4.985793	0.391815	1.473403	0.500000
5.998812	8.166393	0.516602	0.500000
2.819398	6.844148	1.214010	0.500000
0.947492	3.476707	1.680392	0.500000
6.280532	6.537429	0.590858	0.500000
10.460953	6.526356	0.584500	0.500000
7.268013	3.267308	2.960367	0.500000
4.251361	2.911848	3.734395	0.500000
8.600569	5.746654	1.293003	0.500000
7.278824	11.297703	4.297708	0.500000
2.414759	10.131710	4.351104	0.500000
9.306708	9.968150	2.623173	0.500000
0.271904	0.388648	1.403055	0.500000
3.119530	5.538446	1.318300	0.500000
3.809116	10.299134	2.330143	0.500000
6.567881	7.189398	3.203923	0.500000
3.104297	1.279023	2.349226	0.500000
6.358162	2.010641	4.314241	0.500000
8.534357	5.261708	4.201056	0.500000
1.980070	10.585817	0.520885	0.500000
9.194960	7.464715	4.319820	0.500000
2.908469	9.530056	0.661382	0.500000
6.687570	5.829355	4.455395	0.500000
11.319907	0.807052	3.087522	0.500000
6.768625	4.756104	2.991100	0.500000
3.362783	8.340434	3.521944	0.500000
10.617730	10.323807	2.334402	0.500000
6.071878	0.000130	4.438995	0.500000
0.278832	5.387950	3.190804	0.500000
10.014401	6.306064	4.486668	0.500000
6.215093	5.565649	1.538811	0.500000
7.190666	6.613527	2.293603	0.500000
4.945238	7.902425	2.498916	0.500000
6.689622	9.870170	4.479137	0.500000
1.563593	9.721202	3.543971	0.500000
10.465503	1.988033	1.500451	0.500000
11.058842	11.200013	3.147176	0.500000
0.111950	10.378966	2.797805	0.500000
2.141800	10.797603	2.324915	0.500000
2.430052	10.884906	1.366526	0.500000
6.686950	0.336321	0.788068	0.500000
1.323337	3.150015	0.805841	0.500000
9.800949	2.782516	1.798434	0.500000
11.263763	4.009508	1.513585	0.500000
4.166451	4.501683	2.834550	0.500000
5.025717	3.074541	4.446406	0.500000
7.718534	5.989090	3.119037	0.500000
1.271665	0.438780	1.460399	0.500000
5.890763	7.374122	2.418357	0.500000
8.251611	1.956357	0.530882	0.500000
7.051949	11.245302	2.415069	0.500000
5.506613	4.340340	3.097736	0.500000
4.028749	1.564768	2.633001	0.500000
3.906163	9.402283	1.821318	0.500000
10.556835	7.615617	4.490354	0.500000
3.241464	3.761085	0.533581	0.500000
10.026171	8.145154	3.581882	0.500000
0.550658	0.885464	4.415880	0.500000
8.916592	4.056252	4.189138	0.500000
1.899151	3.922786	2.047193	0.500000
2.795185	2.383692	2.224651	0.500000
6.028583	7.230792	4.485840	0.500000
1.012707	4.308002	4.187337	0.500000
6.879321	5.612735	2.468086	0.500000
6.197803	3.783532	3.821746	0.500000
7.074225	7.144314	0.516014	0.500000
8.623061	1.496493	2.404483	0.500000
1.597277	8.327065	2.601834	0.500000
10.100218	9.256686	2.856711	0.500000
8.093386	8.610352	0.618170	0.500000
5.266795	4.376140	2.111045	0.500000
7.870346	2.224385	2.297020	0.500000
9.419694	1.506045	1.581066	0.500000
6.674075	3.107171	0.743023	0.500000
4.197186	8.029455	1.660073	0.500000
0.048542	4.409417	4.464944	0.500000
2.219161	6.072301	1.439473	0.500000
9.994076	5.773982	3.614636	0.500000
6.027151	1.032285	4.340157	0.500000
5.514191	10.095421	0.504794	0.500000
7.127542	0.848486	4.455882	0.500000
7.131477	8.463561	3.291275	0.500000
6.850952	1.821298	0.551877	0.500000
6.834122	8.195911	1.511275	0.500000
3.469934	11.154059	3.968830	0.500000
8.472337	10.068046	0.535659	0.500000
7.750286	5.172472	2.195886	0.500000
4.700822	4.928452	0.545795	0.500000
5.457129	1.974650	1.652740	0.500000
3.696773	7.618504	4.300458	0.500000
9.852224	11.101660	2.326212	0.500000
0.078076	9.281854	2.291649	0.500000
0.977541	1.877675	2.572595	0.500000
4.617920	0.514820	0.532322	0.500000
10.189274	2.253092	4.430104	0.500000
10.261594	3.827969	1.464917	0.500000
0.639472	0.238291	3.537395	0.500000
3.633144	10.428433	1.352053	0.500000
2.023526	1.570731	2.657407	0.500000
3.983799	3.944313	4.498017	0.500000
3.628133	5.227265	2.358739	0.500000
2.341022	10.244787	3.173329	0.500000
3.061312	1.099103	3.568173	0.500000
10.788251	6.131750	3.034932	0.500000
11.099922	1.633846	4.425863	0.500000
3.619481	11.409700	0.716128	0.500000
5.425624	6.200527	1.350156	0.500000
1.792711	2.292860	0.513876	0.500000
7.534914	10.224351	2.610317	0.500000
8.616188	8.062052	3.710023	0.500000
9.311176	7.109525	2.249163	0.500000
11.374192	9.196253	4.375671	0.500000
7.476532	10.395398	1.014260	0.500000
10.278235	6.932539	3.715340	0.500000
3.489650	7.512252	0.505400	0.500000
3.726931	3.004705	2.815388	0.500000
8.834422	2.517543	1.991394	0.500000
5.806048	3.491731	1.671326	0.500000
6.165384	4.550701	1.626644	0.500000
7.068039	2.991464	4.046380	0.500000
6.169660	1.072557	3.190940	0.500000
1.235587	10.092591	4.434941	0.500000
1.411668	5.054179	3.106385	0.500000
8.419589	2.640841	4.057201	0.500000
4.656299	2.905014	1.545311	0.500000
7.110318	4.057563	0.572983	0.500000
9.536258	7.257030	0.575861	0.500000
11.110135	7.742244	1.941986	0.500000
1.250031	7.705802	1.845668	0.500000
7.481568	9.457279	0.510889	0.500000
8.413326	1.305931	3.483808	0.500000
8.018237	8.614615	2.602152	0.500000
10.666355	8.668844	2.165461	0.500000
7.719068	2.440724	3.359294	0.500000
0.414596	2.557499	3.163870	0.500000
7.628906	7.562099	3.280657	0.500000
7.946804	3.487277	4.427891	0.500000
7.253156	9.666411	1.772342	0.500000
8.544363	4.379755	1.550522	0.500000
1.236604	9.736345	0.518829	0.500000
1.106347	4.564583	0.514063	0.500000
1.886028	4.113744	3.104138	0.500000
9.344242	0.734332	3.608172	0.500000
6.851018	9.792436	3.222106	0.500000
10.218389	4.577040	0.512145	0.500000
7.659044	2.777994	0.645765	0.500000
6.358717	11.351207	1.697614	0.500000
10.990807	6.341767	4.158869	0.500000
0.372900	6.871635	1.515793	0.500000
6.270867	4.661166	0.568291	0.500000
4.704308	8.155671	0.744466	0.500000
4.513185	3.651792	0.786356	0.500000
1.141105	7.332760	4.340790	0.500000
0.783721	7.488393	0.524484	0.500000
9.503489	8.431051	2.537234	0.500000
8.873310	10.060732	3.581301	0.500000
8.068819	7.249716	4.318003	0.500000
10.385655	0.249970	0.590008	0.500000
9.735895	2.340602	0.632018	0.500000
8.527636	11.006362	2.593455	0.500000
0.017286	9.195083	0.516366	0.500000
1.323453	6.107340	3.481604	0.500000
9.845443	11.060081	1.188600	0.500000
0.128479	7.333534	4.144384	0.500000
8.000945	3.611616	1.087589	0.500000
2.021838	11.190567	3.328103	0.500000
2.837931	1.672070	1.448453	0.500000
6.202210	8.180763	4.180414	0.500000
8.739163	2.283214	3.156952	0.500000
10.521606	0.502316	3.761462	0.500000
5.397669	8.945786	4.489279	0.500000
8.820565	8.984865	3.240290	0.500000
7.154614	1.659732	3.629049	0.500000
10.997908	2.872138	1.446388	0.500000
5.649124	2.673917	3.613300	0.500000
9.094617	9.216233	0.644887	0.500000
4.256192	4.462740	1.494408	0.500000
6.505529	5.696789	3.476770	0.500000
4.075188	6.907973	3.147934	0.500000
2.014741	0.865661	3.424826	0.500000
2.035882	2.707156	1.640763	0.500000
5.169542	5.173908	3.740953	0.500000
10.867816	5.457381	0.647670	0.500000
8.314097	6.419484	2.143537	0.500000
8.144058	7.564276	2.375559	0.500000
3.798185	2.296355	1.801865	0.500000
5.739561	3.456389	0.530164	0.500000
7.570619	1.112465	0.602408	0.500000
2.745745	0.433453	4.360540	0.500000
10.409189	0.982105	2.596563	0.500000
10.651255	9.975758	4.329419	0.500000
5.479031	7.185700	0.576551	0.500000
9.347180	11.434727	4.457175	0.500000
2.262014	9.356202	2.450853	0.500000
2.094367	4.699984	4.273827	0.500000
0.329092	6.424476	0.556877	0.500000
1.898494	8.735066	0.569149	0.500000
7.914960	0.447429	2.534958	0.500000
9.241430	8.218945	0.606790	0.500000
6.214887	10.474179	2.597866	0.500000
8.882960	6.338537	4.469462	0.500000
8.323636	3.202927	3.012717	0.500000
4.786022	11.217000	4.390679	0.500000
1.128575	3.441106	2.789984	0.500000
0.822416	1.399952	1.525220	0.500000
2.673918	0.609949	1.447045	0.500000
5.129232	10.652598	2.650371	0.500000
8.027660	11.096197	1.709265	0.500000
10.667773	3.664701	4.491703	0.500000
0.711098	2.150135	0.578550	0.500000
0.094662	5.849228	1.384440	0.500000
4.094563	8.629199	4.464553	0.500000
7.281417	10.944660	3.341203	0.500000
10.203045	8.710759	0.580973	0.500000
1.709308	6.571711	0.508227	0.500000
2.013684	7.120737	2.364931	0.500000
2.803990	2.381348	0.610457	0.500000
8.484552	0.218740	3.634740	0.500000
7.260948	0.682445	3.303898	0.500000
7.076332	7.673005	2.407455	0.500000
11.218592	7.680117	0.628354	0.500000
9.505874	4.866765	3.324309	0.500000
11.439029	10.751518	1.456352	0.500000
7.174168	6.842955	3.931708	0.500000
6.056375	3.029929	4.496254	0.500000
3.747162	5.643883	3.298941	0.500000
2.428419	7.085471	4.402052	0.500000
8.687502	5.749223	3.301648	0.500000
10.491258	2.375053	2.713995	0.500000
6.476912	7.205584	1.541265	0.500000
5.465819	9.098079	0.671157	0.500000
6.200097	9.163248	3.812126	0.500000
1.699369	5.996074	2.485918	0.500000
6.433594	10.261361	1.584401	0.500000
4.454533	7.931919	3.471126	0.500000
5.138044	6.652212	2.420442	0.500000
8.384830	4.315471	3.210869	0.500000
10.651249	6.240606	1.803618	0.500000
7.517330	4.899712	1.094260	0.500000
11.426546	5.416827	4.388305	0.500000
7.821603	1.862817	4.421764	0.500000
0.225075	8.350188	3.915788	0.500000
6.735162	8.928899	2.419609	0.500000
7.393009	0.739050	1.585688	0.500000
7.222306	7.872373	4.215304	0.500000
3.359114	4.834715	3.780331	0.500000
4.631134	9.750276	2.485371	0.500000
2.349991	2.202220	3.492713	0.500000
5.357132	6.066145	3.322741	0.500000
1.790363	8.923842	1.649434	0.500000
2.094947	11.106598	4.486035	0.500000
3.592678	6.156430	0.619129	0.500000
4.273159	7.192585	2.204265	0.500000
5.743451	9.362597	2.693989	0.500000
8.292227	6.674672	0.976664	0.500000
0.772026	9.386494	1.484224	0.500000
4.787079	8.825960	1.509920	0.500000
9.253217	3.807407	3.098354	0.500000
4.499795	5.663149	1.469063	0.500000
4.619283	5.342739	2.456615	0.500000
0.474880	3.415268	3.694920	0.500000
3.203371	6.725849	2.338639	0.500000
