500

8.791003	5.763022	1.784892	0.500000
0.584269	2.134372	1.542228	0.500000
9.746668	3.691198	3.988255	0.500000
10.485869	2.815939	0.528935	0.500000
8.858311	7.577044	4.410704	0.500000
4.407138	2.652868	1.996427	0.500000
1.132215	8.210549	0.539149	0.500000
11.133349	2.953780	2.107438	0.500000
9.959199	7.294361	0.538457	0.500000
10.503607	10.414055	1.498477	0.500000
1.100190	9.796583	3.102557	0.500000
6.823043	0.663817	0.564056	0.500000
5.017487	0.760326	4.444834	0.500000
5.102748	6.633743	4.430427	0.500000
9.108384	11.163206	4.444411	0.500000
1.641480	10.506145	4.428529	0.500000
6.046956	6.481064	4.118590	0.500000
10.015426	6.258446	1.629277	0.500000
3.084117	8.271399	0.526432	0.500000
7.152587	8.379369	0.667266	0.500000
8.646027	6.190213	3.214175	0.500000
5.440316	11.032053	2.423930	0.500000
8.839706	10.867347	2.818139	0.500000
3.565459	2.855782	4.251284	0.500000
1.601740	11.203938	0.570232	0.500000
4.019299	6.323011	2.834006	0.500000
4.401380	5.209591	0.541530	0.500000
6.108619	4.269353	4.438681	0.500000
6.701459	9.784417	0.507782	0.500000
7.059051	0.894724	4.182132	0.500000
6.139819	8.613359	0.713807	0.500000
5.204442	3.734087	4.126096	0.500000
0.315552	5.728898	1.566272	0.500000
6.782442	2.135954	4.420337	0.500000
8.226027	5.218811	4.496002	0.500000
1.270302	2.295872	2.455602	0.500000
10.787411	10.436567	3.407742	0.500000
7.207752	1.779360	3.466397	0.500000
7.754856	3.685190	2.356165	0.500000
2.264707	2.126626	0.562877	0.500000
0.764536	0.673832	3.709687	0.500000
2.384729	2.673496	4.480831	0.500000
5.908978	10.612425	4.419460	0.500000
10.776374	0.135282	3.156607	0.500000
8.025554	2.062005	2.471694	0.500000
3.008340	2.462776	3.037747	0.500000
6.013366	3.776535	0.511561	0.500000
8.580648	9.566605	4.370304	0.500000
8.852732	1.846554	4.478399	0.500000
0.972223	0.006401	4.489116	0.500000
1.301741	5.036938	2.446860	0.500000
1.344524	10.271861	0.950688	0.500000
4.959136	2.007943	3.034053	0.500000
2.786414	1.252001	0.530596	0.500000
5.709864	7.684437	0.722064	0.500000
10.244725	10.645712	4.414353	0.500000
4.338193	6.503348	0.984798	0.500000
3.227259	0.837156	2.308975	0.500000
0.106617	4.334344	3.050337	0.500000
6.155659	3.085632	4.180589	0.500000
0.578370	10.648574	3.490799	0.500000
0.075188	8.399584	0.512256	0.500000
4.389261	3.964478	3.364299	0.500000
7.756382	1.014163	2.308186	0.500000
4.426587	10.821711	3.539615	0.500000
4.735730	2.817846	4.397444	0.500000
3.258541	1.834568	3.886317	0.500000
0.330303	0.161209	2.967192	0.500000
9.559035	0.891102	3.341584	0.500000
4.866871	10.502966	1.483039	0.500000
7.581014	6.160221	0.526424	0.500000
0.582533	1.345241	0.690204	0.500000
6.895213	7.754606	3.092790	0.500000
7.836062	7.142076	0.528647	0.500000
3.303734	4.343285	2.921491	0.500000
2.288208	0.135616	2.492027	0.500000
7.996490	6.421199	1.661035	0.500000
5.947499	5.682069	2.144205	0.500000
5.244630	9.218086	1.553882	0.500000
3.288685	11.413963	0.586790	0.500000
5.567632	8.332877	3.502859	0.500000
0.472539	7.546112	1.218204	0.500000
11.013370	3.518011	1.083842	0.500000
1.240867	2.080312	0.507807	0.500000
6.289105	0.167587	2.528074	0.500000
9.348617	2.298300	1.133555	0.500000
8.545923	7.172122	3.494593	0.500000
11.169217	1.627105	1.869146	0.500000
8.246845	2.318802	3.787550	0.500000
9.289438	8.741452	4.447358	0.500000
10.129021	1.467439	1.796059	0.500000
4.812271	8.260863	1.295391	0.500000
7.900901	10.901622	0.553710	0.500000
1.324653	8.725755	2.165211	0.500000
10.272489	10.732000	0.550497	0.500000
0.455446	2.980704	0.501987	0.500000
9.472011	9.203459	2.543281	0.500000
7.208057	4.589985	2.644628	0.500000
3.399542	2.498400	2.098745	0.500000
8.774587	9.881757	2.093261	0.500000
0.988137	3.021236	4.402958	0.500000
4.821305	1.772763	4.125712	0.500000
5.435231	1.127086	3.562668	0.500000
7.672028	3.192501	0.517845	0.500000
2.535803	7.361872	0.664583	0.500000
11.219744	4.201332	1.812391	0.500000
2.102376	7.042170	2.596412	0.500000
7.007281	8.413944	4.329805	0.500000
4.552883	7.649236	0.533383	0.500000
3.088747	9.584562	3.473834	0.500000
0.933783	5.751978	0.635942	0.500000
1.793684	9.681375	1.728790	0.500000
10.124569	7.931435	4.428256	0.500000
2.122198	3.074759	2.834207	0.500000
2.236472	4.445400	1.791029	0.500000
7.510308	10.033412	1.207839	0.500000
9.219698	11.095870	0.813810	0.500000
10.913524	7.724572	0.992745	0.500000
3.058953	11.302045	1.776175	0.500000
11.028125	1.161723	3.273550	0.500000
9.507359	5.277659	4.399277	0.500000
10.004460	1.607670	4.452985	0.500000
9.776972	7.022084	3.448596	0.500000
10.190805	2.637378	3.661847	0.500000
5.884147	10.277908	0.892972	0.500000
9.973569	0.136989	4.079041	0.500000
3.519534	7.047211	0.593112	0.500000
5.937865	0.192403	4.477299	0.500000
10.188919	0.709491	2.556643	0.500000
11.100091	9.884204	4.429525	0.500000
5.460876	10.660007	3.489591	0.500000
11.118269	2.181453	2.788965	0.500000
10.403264	4.756151	2.109941	0.500000
7.002392	1.696260	2.467184	0.500000
1.084373	6.630196	1.916102	0.500000
2.712692	7.429431	3.463437	0.500000
2.672037	6.418227	4.445580	0.500000
1.278435	7.072789	0.532342	0.500000
10.428087	8.425849	2.170303	0.500000
7.202563	3.127798	4.495046	0.500000
9.166583	8.252144	2.026000	0.500000
5.518669	7.839945	2.366269	0.500000
9.506542	10.586487	3.706651	0.500000
9.482167	0.747270	0.790330	0.500000
11.373715	5.901886	3.492005	0.500000
8.399457	9.223096	2.826782	0.500000
0.170933	6.761838	0.575567	0.500000
2.369690	10.780825	3.669903	0.500000
10.446044	6.846218	2.448089	0.500000
8.099999	8.579375	4.304128	0.500000
11.229702	7.143215	4.412470	0.500000
4.343617	11.066773	2.428370	0.500000
5.754496	5.639621	3.173418	0.500000
6.720137	4.666299	3.652988	0.500000
4.806548	1.046957	2.732526	0.500000
4.809817	5.541555	2.480336	0.500000
3.296453	8.867338	1.615907	0.500000
2.984988	0.603301	3.306443	0.500000
2.325324	2.223438	2.301168	0.500000
6.205765	2.412408	3.295439	0.500000
7.953442	4.399061	3.468260	0.500000
6.208232	4.190403	1.787197	0.500000
0.801082	3.977637	2.314491	0.500000
8.363579	4.763536	0.539138	0.500000
3.546720	11.339254	4.434017	0.500000
4.936058	11.036973	0.525687	0.500000
2.130788	9.687466	3.844053	0.500000
9.185105	5.417596	2.703981	0.500000
2.652568	10.612668	0.645742	0.500000
10.813082	11.006911	2.287312	0.500000
2.194417	0.028970	4.485262	0.500000
3.042281	6.388780	2.399001	0.500000
5.152678	2.493241	1.346334	0.500000
10.868251	0.820100	0.881650	0.500000
0.069920	5.155245	2.448475	0.500000
1.503907	0.628830	1.511706	0.500000
3.930893	7.749090	1.430096	0.500000
3.773943	1.057031	0.584189	0.500000
3.989181	3.829769	1.839887	0.500000
8.866764	1.413043	2.700170	0.500000
7.112653	3.729517	3.500659	0.500000
9.567196	10.865088	1.788160	0.500000
4.124773	5.703630	1.578007	0.500000
0.635236	9.263781	4.390911	0.500000
5.109800	2.984927	3.402100	0.500000
0.527651	10.395336	4.491214	0.500000
0.662166	8.727222	3.540270	0.500000
4.586359	8.234995	3.185502	0.500000
2.773384	7.925734	2.179365	0.500000
2.511305	1.400406	2.873399	0.500000
10.978325	9.074176	2.879523	0.500000
2.766997	8.307590	3.985258	0.500000
8.076023	9.399279	0.534169	0.500000
1.580188	0.996769	4.490559	0.500000
4.512497	4.557521	2.532517	0.500000
7.379995	2.262525	1.643622	0.500000
9.305087	3.160763	3.217606	0.500000
7.046877	10.154987	3.581371	0.500000
5.866146	7.234972	3.394196	0.500000
8.931487	9.006433	1.019480	0.500000
9.021716	8.122743	3.474998	0.500000
6.780714	7.398470	4.250840	0.500000
7.050649	1.727718	0.665550	0.500000
5.940606	9.850828	2.929286	0.500000
3.444705	2.096331	0.644644	0.500000
4.030754	9.610339	1.619366	0.500000
2.239393	6.288043	0.508203	0.500000
9.374147	6.402799	2.495190	0.500000
2.779626	3.046851	0.748917	0.500000
5.445905	5.592211	0.817974	0.500000
3.938918	1.538440	2.073490	0.500000
5.657321	4.399436	3.528159	0.500000
10.497631	8.638541	0.616138	0.500000
0.988438	4.041317	4.235259	0.500000
3.571031	7.300115	2.589568	0.500000
0.244369	7.287758	3.530139	0.500000
3.024105	9.547716	2.405308	0.500000
5.504972	5.587092	4.293174	0.500000
4.006808	4.354535	0.936966	0.500000
2.029584	3.661784	4.356457	0.500000
10.764448	5.576189	1.523394	0.500000
8.218423	3.265541	4.301253	0.500000
9.254039	9.278203	3.589547	0.500000
4.906545	11.204460	4.348835	0.500000
8.521922	0.349428	0.531461	0.500000
5.329885	6.710551	0.699001	0.500000
9.382245	1.966155	3.534363	0.500000
10.747703	4.907758	3.250550	0.500000
7.655868	4.095347	4.412827	0.500000
2.961857	10.228835	1.527574	0.500000
8.772458	10.128606	0.873574	0.500000
0.657868	6.081325	4.241168	0.500000
6.743716	6.021918	3.154123	0.500000
10.879801	5.439162	4.456347	0.500000
3.270086	10.754719	3.120378	0.500000
3.850957	6.656497	4.483430	0.500000
1.231548	7.837028	3.403015	0.500000
11.419004	3.571848	4.391527	0.500000
7.089735	6.253589	4.074925	0.500000
3.126721	7.438887	4.492879	0.500000
1.859455	6.697092	3.634829	0.500000
2.008572	5.971020	2.658205	0.500000
10.039915	3.684325	0.908825	0.500000
0.131462	4.617342	0.803747	0.500000
2.314266	5.436846	3.699931	0.500000
5.897950	0.120458	0.601210	0.500000
9.625180	5.987811	3.668158	0.500000
9.917178	11.096577	2.799637	0.500000
3.097716	9.381722	4.497219	0.500000
9.784452	9.709033	1.724758	0.500000
1.933466	8.932057	4.480744	0.500000
0.808038	3.459979	1.427227	0.500000
10.139520	8.661302	3.307895	0.500000
8.890090	7.294901	2.480219	0.500000
2.839154	1.592737	1.701520	0.500000
4.805988	4.611634	4.490959	0.500000
5.244870	7.601035	4.208452	0.500000
0.361170	8.612471	2.453878	0.500000
8.461825	10.193255	3.519051	0.500000
0.375791	9.849020	0.567166	0.500000
4.534097	9.787905	3.397337	0.500000
3.007978	3.484422	2.295774	0.500000
4.149022	3.691067	4.303348	0.500000
1.720715	0.800373	0.534018	0.500000
1.699185	7.661868	1.416549	0.500000
0.394935	1.341288	2.673615	0.500000
3.755781	7.656548	3.533150	0.500000
0.166954	9.644807	3.443225	0.500000
2.690333	8.604978	2.997045	0.500000
7.848868	7.954098	3.552177	0.500000
0.828253	9.159699	1.347733	0.500000
4.574432	7.315797	2.602360	0.500000
4.812768	8.642069	4.176257	0.500000
8.416984	10.798321	1.834395	0.500000
4.093541	9.668044	4.293649	0.500000
2.307953	10.565815	2.665550	0.500000
0.455427	10.376218	1.450911	0.500000
10.235400	3.048201	2.660450	0.500000
6.104658	1.221847	4.359417	0.500000
3.713298	8.642149	3.904366	0.500000
9.534768	3.322186	1.699780	0.500000
5.281364	6.441531	2.775237	0.500000
5.004936	4.915065	1.678023	0.500000
8.123739	6.376144	4.364527	0.500000
11.176979	0.676247	2.241055	0.500000
0.898392	11.270010	1.704457	0.500000
5.319490	8.908155	2.537843	0.500000
5.727128	2.079547	2.257192	0.500000
5.015297	9.943679	2.483853	0.500000
6.297533	2.074896	1.400156	0.500000
8.143438	1.551769	1.557915	0.500000
0.455549	0.813273	1.535770	0.500000
8.801234	3.704511	0.917956	0.500000
9.067899	1.120743	1.763372	0.500000
7.346627	2.683027	3.048723	0.500000
7.014541	0.867182	3.053165	0.500000
0.116199	4.812620	3.954048	0.500000
2.202263	8.506354	1.100200	0.500000
8.828169	7.049239	0.636074	0.500000
4.606327	9.848424	0.693655	0.500000
1.881172	7.611492	4.164767	0.500000
6.344731	7.007043	2.384041	0.500000
3.783956	5.128450	3.351366	0.500000
10.624029	6.444943	0.698252	0.500000
11.335127	2.693245	3.878686	0.500000
1.048089	8.275462	4.367779	0.500000
9.016736	6.742188	1.574419	0.500000
10.893840	7.894280	3.372856	0.500000
5.899153	8.636008	4.474483	0.500000
4.546065	1.554734	1.196536	0.500000
7.102519	1.228635	1.545256	0.500000
1.483943	4.729146	3.598803	0.500000
6.852154	5.036925	1.787681	0.500000
3.547074	4.901181	2.066590	0.500000
2.879148	5.347542	2.846447	0.500000
10.021588	10.014514	2.873054	0.500000
3.045956	3.765812	4.479255	0.500000
6.078099	1.210709	2.723194	0.500000
7.915755	1.215314	0.543176	0.500000
7.649147	9.404913	3.936194	0.500000
1.400112	9.272692	0.505583	0.500000
4.701451	3.609788	0.519581	0.500000
4.725924	0.529017	0.839176	0.500000
3.964330	1.376773	4.466484	0.500000
0.611293	0.156551	0.778462	0.500000
7.487200	7.146817	2.144333	0.500000
3.854031	10.704395	1.552873	0.500000
4.670637	5.698333	3.471617	0.500000
6.453659	11.043315	3.652938	0.500000
1.116086	7.642993	2.362752	0.500000
10.263573	2.534415	1.477919	0.500000
6.249261	9.242921	1.548567	0.500000
5.927211	3.148505	1.404710	0.500000
8.786995	3.869742	2.261487	0.500000
4.992490	0.366684	1.857542	0.500000
4.056743	0.589416	3.850523	0.500000
8.840973	1.645029	0.509328	0.500000
6.268282	3.955671	2.857398	0.500000
5.225318	8.995415	0.567786	0.500000
3.361998	5.679632	4.438242	0.500000
10.850399	8.935897	3.970083	0.500000
10.778859	6.833728	3.494951	0.500000
9.212608	2.940850	4.493431	0.500000
7.792964	11.106897	3.458442	0.500000
4.168195	8.914749	0.525218	0.500000
11.390049	11.384627	4.417786	0.500000
11.005393	1.817424	4.474754	0.500000
8.133369	0.524144	4.296390	0.500000
6.806425	2.709227	0.728664	0.500000
7.914265	1.515625	4.284087	0.500000
6.999472	9.570936	2.123611	0.500000
8.874299	0.144982	3.534060	0.500000
5.736390	2.663718	0.530122	0.500000
4.510615	5.620381	4.496369	0.500000
7.849002	4.286062	1.512016	0.500000
1.587832	1.134290	3.293795	0.500000
3.970883	1.400545	3.247584	0.500000
7.023807	3.348356	1.750992	0.500000
3.808785	4.762399	4.462100	0.500000
2.362379	1.607007	4.273867	0.500000
2.475126	4.662537	4.398067	0.500000
1.198162	5.746152	3.211548	0.500000
1.414677	11.288442	3.539965	0.500000
6.579477	5.981818	0.601141	0.500000
1.595287	4.272646	0.937857	0.500000
1.707397	5.878579	1.578832	0.500000
2.309302	9.665936	0.656795	0.500000
2.355796	8.864868	2.045128	0.500000
6.279758	0.446152	1.481309	0.500000
1.034992	7.139367	4.416018	0.500000
7.807930	7.398890	4.414777	0.500000
1.410441	2.105239	4.397220	0.500000
9.148834	6.595967	4.485714	0.500000
7.594327	6.704652	3.207357	0.500000
7.025272	3.959248	0.669009	0.500000
5.460235	1.332497	1.569288	0.500000
10.216760	0.176750	1.375571	0.500000
11.017753	1.993163	0.859109	0.500000
8.544772	5.749053	0.696037	0.500000
0.829848	4.670971	1.540114	0.500000
5.857534	3.078611	2.531118	0.500000
7.326528	8.627942	2.840528	0.500000
10.770441	3.877244	3.540415	0.500000
4.932771	6.284071	1.801773	0.500000
4.989317	0.202210	3.305165	0.500000
9.656980	4.642874	3.302338	0.500000
5.697407	4.726484	2.570881	0.500000
7.254935	8.243501	1.868210	0.500000
11.400958	10.854663	0.534400	0.500000
6.328747	4.767615	0.948643	0.500000
10.169007	6.644396	4.387590	0.500000
3.274886	5.051989	0.844904	0.500000
6.609972	9.083930	3.480516	0.500000
8.391861	8.265532	0.546515	0.500000
6.410724	9.557942	4.487416	0.500000
6.837242	7.398187	0.716622	0.500000
8.226438	3.367081	3.240252	0.500000
6.673950	10.669515	2.751521	0.500000
9.930462	7.815404	2.809968	0.500000
11.191154	5.532982	0.594003	0.500000
8.067363	2.247748	0.790773	0.500000
7.599322	5.829705	2.650723	0.500000
8.209068	0.352401	1.585702	0.500000
7.316087	5.037155	0.544420	0.500000
9.760223	9.655985	0.611949	0.500000
9.509684	8.117494	1.043386	0.500000
3.311946	9.476564	0.518284	0.500000
10.806528	0.809871	4.496345	0.500000
4.192008	8.432627	2.251082	0.500000
11.388170	8.165627	4.375838	0.500000
10.377773	4.549233	4.195295	0.500000
1.347890	3.476733	3.456223	0.500000
3.898061	0.337800	1.452526	0.500000
8.570585	2.887710	2.316745	0.500000
3.904999	3.238180	2.672234	0.500000
7.576248	5.416871	3.723350	0.500000
1.988853	2.271958	3.507855	0.500000
2.873374	3.464081	3.475611	0.500000
0.487463	1.556799	4.122829	0.500000
4.647342	6.815813	3.553592	0.500000
7.195664	11.408057	1.476331	0.500000
9.394097	4.324409	1.576357	0.500000
5.313108	4.578357	0.579328	0.500000
5.406074	1.509539	0.560402	0.500000
2.157051	3.450055	1.678479	0.500000
11.230746	11.398386	1.362673	0.500000
4.281264	7.779857	4.460269	0.500000
2.046193	10.840353	1.503118	0.500000
1.653804	8.851690	3.458229	0.500000
6.231666	7.766788	1.575438	0.500000
10.134090	1.850252	2.866425	0.500000
2.374870	0.279466	1.141689	0.500000
9.496225	5.316224	1.206968	0.500000
11.311222	6.656620	1.652607	0.500000
9.532868	6.312061	0.708201	0.500000
7.153102	11.359713	4.435736	0.500000
9.958204	1.699831	0.548511	0.500000
10.781243	9.661369	0.563894	0.500000
6.428445	10.565775	1.707378	0.500000
2.235923	4.570578	2.868742	0.500000
5.707772	2.132567	4.475516	0.500000
1.287191	0.271336	2.537290	0.500000
1.771169	1.313060	2.200020	0.500000
0.842835	2.460595	3.446486	0.500000
2.808748	5.554099	1.592272	0.500000
7.765615	10.172735	2.622996	0.500000
0.310513	3.321421	3.109546	0.500000
1.685670	2.244619	1.420192	0.500000
10.502372	3.110814	4.494592	0.500000
3.379164	10.379097	4.076202	0.500000
10.132181	9.599921	4.339768	0.500000
10.550189	4.628109	1.033508	0.500000
3.024993	4.059743	1.016118	0.500000
4.865160	3.563713	2.496275	0.500000
1.688783	3.174840	0.679914	0.500000
9.878406	7.291533	1.639822	0.500000
6.324492	8.484595	2.289440	0.500000
9.212760	0.868066	4.382636	0.500000
3.384286	6.049661	0.930380	0.500000
4.406520	2.548977	0.609528	0.500000
2.919213	0.771827	4.391338	0.500000
3.867163	9.167279	2.874306	0.500000
6.656226	5.339475	4.447264	0.500000
6.967979	6.249716	1.934921	0.500000
2.125951	5.092356	0.662393	0.500000
9.747432	3.931300	2.559665	0.500000
0.178380	9.597775	2.052595	0.500000
8.745049	5.147716	3.564393	0.500000
2.421397	6.673479	1.591170	0.500000
3.786235	10.199055	2.427803	0.500000
3.630081	3.049796	1.287859	0.500000
8.090959	10.866263	4.386382	0.500000
0.015924	6.581777	2.749150	0.500000
3.675517	10.430848	0.528622	0.500000
6.153896	6.626989	1.428331	0.500000
8.199759	8.269079	2.435115	0.500000
11.345758	8.480828	1.527113	0.500000
10.407143	5.927060	3.041124	0.500000
5.024295	10.111190	4.479071	0.500000
3.132245	6.451697	3.422417	0.500000
8.043996	1.235631	3.240365	0.500000
8.715662	4.362627	4.242730	0.500000
0.007126	7.571169	2.223784	0.500000
3.578904	6.803573	1.594642	0.500000
10.677111	9.237519	1.591119	0.500000
1.016559	5.061278	4.432672	0.500000
1.091543	6.786629	2.936286	0.500000
1.065289	10.712054	2.581970	0.500000
8.688682	0.390578	2.576771	0.500000
8.296214	7.646384	1.407587	0.500000
5.025288	7.256258	1.535574	0.500000
7.458936	11.350012	2.540421	0.500000
8.116931	4.984756	2.230504	0.500000
7.996211	9.005802	1.694737	0.500000
4.086004	2.404111	3.439206	0.500000
6.817595	10.909906	0.627153	0.500000
5.467892	9.472523	3.829265	0.500000
5.260012	3.899623	1.383201	0.500000
1.714753	5.972904	4.366979	0.500000
9.509967	4.571420	0.517762	0.500000
