100

0.256044	0.155603	0.680198	0.500000
1.316878	0.116087	0.623407	0.500000
2.337572	0.167142	0.688930	0.500000
3.347774	0.140589	0.708349	0.500000
4.385317	0.169136	0.747411	0.500000
5.393631	0.186896	0.582878	0.500000
6.390791	0.182378	0.743516	0.500000
7.391777	0.185445	0.518957	0.500000
8.429809	0.124486	0.791307	0.500000
9.424861	0.134500	0.540423	0.500000
0.806680	1.022177	0.746649	0.500000
1.806714	1.057949	0.776102	0.500000
2.844062	1.030645	0.522198	0.500000
3.828847	1.054047	0.744527	0.500000
4.848205	1.038059	0.536787	0.500000
5.851088	1.066720	0.772627	0.500000
6.897033	1.065691	0.548620	0.500000
7.897135	1.005068	0.797562	0.500000
8.888111	0.995466	0.523195	0.500000
9.920161	1.021537	0.767483	0.500000
0.271126	1.876304	0.558647	0.500000
1.282686	1.881486	0.503696	0.500000
2.340725	1.903745	0.543519	0.500000
3.359265	1.910800	0.509163	0.500000
4.363518	1.958596	0.567098	0.500000
5.349491	1.940205	0.773965	0.500000
6.367053	1.926235	0.586854	0.500000
7.360381	1.938105	0.748790	0.500000
8.368667	1.894138	0.504664	0.500000
9.385591	1.869904	0.747973	0.500000
0.774407	2.736072	0.680618	0.500000
1.773848	2.782589	0.695097	0.500000
2.784985	2.799528	0.782964	0.500000
3.858351	2.839712	0.640001	0.500000
4.867578	2.829873	0.733492	0.500000
5.856525	2.839571	0.528330	0.500000
6.842185	2.803181	0.737885	0.500000
7.832526	2.815565	0.501191	0.500000
8.888825	2.761515	0.726017	0.500000
9.923205	2.751954	0.790707	0.500000
0.280063	3.608917	0.727708	0.500000
1.329510	3.669447	0.502601	0.500000
2.355709	3.664424	0.521273	0.500000
3.370280	3.702479	0.799164	0.500000
4.381788	3.723034	0.500472	0.500000
5.361362	3.704928	0.714083	0.500000
6.366484	3.702058	0.774589	0.500000
7.375019	3.674426	0.783561	0.500000
8.417310	3.656451	0.748783	0.500000
9.410787	3.664437	0.584084	0.500000
0.781259	4.493251	0.784392	0.500000
1.845655	4.524793	0.680388	0.500000
2.880008	4.550067	0.527138	0.500000
3.874861	4.587276	0.794320	0.500000
4.883700	4.593296	0.798938	0.500000
5.860406	4.573450	0.570618	0.500000
6.920005	4.573031	0.572855	0.500000
7.928105	4.541960	0.784565	0.500000
8.938602	4.568565	0.600133	0.500000
9.959103	4.531785	0.531075	0.500000
0.364157	5.364586	0.520662	0.500000
1.340105	5.388308	0.791526	0.500000
2.365992	5.424896	0.516168	0.500000
3.366466	5.437299	0.562593	0.500000
4.384274	5.458904	0.699889	0.500000
5.384259	5.474347	0.501894	0.500000
6.372337	5.426523	0.782521	0.500000
7.400770	5.434085	0.773270	0.500000
8.429146	5.411198	0.795791	0.500000
9.511642	5.389136	0.799010	0.500000
0.767346	6.256974	0.749257	0.500000
1.796269	6.275937	0.532965	0.500000
2.817856	6.274665	0.799436	0.500000
3.854143	6.318362	0.784297	0.500000
4.874603	6.328898	0.752109	0.500000
5.919984	6.327595	0.791304	0.500000
6.902267	6.294683	0.541146	0.500000
7.901450	6.302620	0.608317	0.500000
8.926154	6.264849	0.566168	0.500000
9.957886	6.243545	0.518191	0.500000
0.273923	7.138044	0.749404	0.500000
1.289514	7.162169	0.566820	0.500000
2.288038	7.146757	0.663807	0.500000
3.318786	7.163816	0.508321	0.500000
4.362242	7.179858	0.547183	0.500000
5.389724	7.232789	0.724554	0.500000
6.434552	7.191502	0.760253	0.500000
7.435731	7.225794	0.792514	0.500000
8.440159	7.169685	0.762846	0.500000
9.453214	7.125457	0.561295	0.500000
0.811294	8.048210	0.672307	0.500000
1.819167	8.061194	0.516810	0.500000
2.827120	8.052644	0.711470	0.500000
3.854107	8.041751	0.697767	0.500000
4.858437	8.112953	0.520432	0.500000
5.888600	8.114979	0.609832	0.500000
6.911606	8.091006	0.615112	0.500000
7.935622	8.055700	0.503203	0.500000
8.968287	8.014335	0.573399	0.500000
9.981603	8.036015	0.505311	0.500000
