100

7.175679	5.866435	0.572488	0.500000
6.840997	7.152909	0.645655	0.500000
2.476510	3.353381	0.668933	0.500000
1.558449	8.368818	0.634564	0.500000
10.029899	6.266426	0.537126	0.500000
1.684549	1.268158	0.651124	0.500000
0.259060	5.587062	0.558704	0.500000
3.261271	6.724206	0.562434	0.500000
0.470307	4.355058	0.684824	0.500000
0.264518	10.061071	0.536453	0.500000
6.715643	9.567334	0.565981	0.500000
3.646304	1.628139	0.579796	0.500000
7.737905	7.914732	0.512313	0.500000
6.774371	4.910295	0.556432	0.500000
10.637102	2.962304	0.535380	0.500000
9.493694	3.061601	0.630087	0.500000
8.816204	10.679583	0.599800	0.500000
2.186027	7.548326	0.598994	0.500000
3.706391	4.565257	0.597315	0.500000
10.006654	8.533763	0.521992	0.500000
10.539401	5.059852	0.662962	0.500000
2.429972	8.948484	0.623025	0.500000
5.876194	7.914725	0.697900	0.500000
4.407964	10.796061	0.595403	0.500000
3.119194	11.126957	0.698078	0.500000
8.534500	2.175437	0.519783	0.500000
3.985154	8.753782	0.540783	0.500000
4.880668	4.511540	0.565605	0.500000
4.123683	7.257627	0.674397	0.500000
5.747621	2.423158	0.537884	0.500000
0.736857	0.939240	0.636629	0.500000
5.874896	4.186894	0.621241	0.500000
2.473421	4.398607	0.632748	0.500000
10.708980	9.284065	0.601533	0.500000
9.575649	4.228350	0.544237	0.500000
5.728719	10.080475	0.668074	0.500000
9.414108	5.406406	0.658041	0.500000
9.750500	1.803629	0.501952	0.500000
4.080560	3.522432	0.502944	0.500000
7.785743	9.973844	0.657633	0.500000
10.080363	7.436372	0.509539	0.500000
5.178449	1.203096	0.605116	0.500000
2.735437	1.028724	0.629365	0.500000
6.755517	1.008971	0.631892	0.500000
4.342084	2.542142	0.694260	0.500000
7.681337	1.598543	0.588627	0.500000
7.272813	3.800792	0.536311	0.500000
1.126515	7.381009	0.620193	0.500000
8.671443	7.451743	0.513318	0.500000
8.577192	4.023187	0.583380	0.500000
0.975092	10.765794	0.575413	0.500000
0.093706	0.087876	0.617360	0.500000
0.565038	8.876538	0.552683	0.500000
9.035608	6.507522	0.581365	0.500000
5.568543	5.355293	0.514316	0.500000
0.496646	3.044219	0.578522	0.500000
3.490506	5.591249	0.514700	0.500000
8.343998	5.594490	0.571269	0.500000
2.323455	5.395256	0.647068	0.500000
9.773323	9.940900	0.528763	0.500000
6.771793	8.501242	0.502832	0.500000
7.797177	4.709495	0.501679	0.500000
7.757751	6.689044	0.574938	0.500000
9.556436	0.741668	0.526333	0.500000
3.574723	9.728451	0.653907	0.500000
7.753138	8.965876	0.528556	0.500000
1.233600	5.327052	0.579259	0.500000
2.295818	2.125903	0.627102	0.500000
6.327234	3.236149	0.611262	0.500000
3.172895	7.784221	0.647264	0.500000
6.050352	6.481492	0.690364	0.500000
4.976859	8.359435	0.547883	0.500000
3.329507	2.597790	0.663710	0.500000
0.953084	6.390622	0.628094	0.500000
5.391936	0.034012	0.693197	0.500000
1.970616	0.197426	0.680482	0.500000
8.692798	9.531530	0.623955	0.500000
10.197287	11.100029	0.568401	0.500000
5.761138	8.968848	0.686367	0.500000
8.673972	8.446399	0.670217	0.500000
1.479474	9.891553	0.586635	0.500000
7.791619	2.888993	0.613442	0.500000
4.079211	0.621921	0.655794	0.500000
5.183436	7.046719	0.593423	0.500000
10.640062	4.044920	0.650391	0.500000
11.005555	6.723549	0.547310	0.500000
8.448345	0.825477	0.665273	0.500000
2.014701	6.372164	0.538916	0.500000
10.590620	1.146936	0.592413	0.500000
4.545436	5.467099	0.650602	0.500000
4.576289	9.647043	0.677807	0.500000
7.839228	11.038086	0.690029	0.500000
6.860952	2.226839	0.552154	0.500000
2.388508	10.390073	0.697953	0.500000
11.153087	7.943614	0.646893	0.500000
1.446230	3.791810	0.599428	0.500000
6.528507	11.142233	0.578231	0.500000
1.325999	2.410079	0.688445	0.500000
0.259405	2.063260	0.554621	0.500000
5.315745	3.339720	0.561931	0.500000
