100

6.868228	9.334039	0.548634	0.500000
7.817531	9.858599	0.563873	0.500000
8.289973	2.104511	0.698852	0.500000
2.593892	8.947336	0.657394	0.500000
1.947547	4.549783	0.561493	0.500000
9.869698	8.580864	0.680073	0.500000
0.937773	4.452972	0.541763	0.500000
6.906454	6.059370	0.642219	0.500000
10.192639	5.578891	0.557994	0.500000
9.454202	3.783880	0.678633	0.500000
0.636610	7.691814	0.621698	0.500000
11.111723	1.227427	0.590023	0.500000
10.829128	2.267967	0.639682	0.500000
5.614539	4.060447	0.522177	0.500000
9.178791	5.514718	0.618188	0.500000
10.099300	3.022065	0.513517	0.500000
9.562495	1.839098	0.680446	0.500000
6.243737	2.919557	0.526155	0.500000
8.992570	9.198396	0.669667	0.500000
1.374232	5.439839	0.626749	0.500000
1.796524	9.571678	0.585848	0.500000
3.523731	9.666820	0.560986	0.500000
0.695700	10.696199	0.599388	0.500000
0.754512	1.882989	0.625460	0.500000
8.133927	3.340659	0.573712	0.500000
7.217751	2.442121	0.592847	0.500000
1.798132	2.362362	0.598292	0.500000
10.482508	4.544738	0.578792	0.500000
2.601199	0.370172	0.505101	0.500000
2.860204	10.558411	0.550693	0.500000
8.947116	10.285893	0.512352	0.500000
2.779697	3.484444	0.642451	0.500000
7.405294	1.190449	0.674124	0.500000
5.725609	9.584680	0.534989	0.500000
4.896865	1.399562	0.676734	0.500000
5.448030	10.768329	0.567365	0.500000
1.859333	10.648068	0.531584	0.500000
8.039565	10.992907	0.532401	0.500000
3.625433	5.732462	0.525942	0.500000
3.747339	11.109060	0.610106	0.500000
6.218855	1.863832	0.555752	0.500000
10.602081	7.645245	0.632979	0.500000
2.861206	2.462988	0.550380	0.500000
7.753585	6.946010	0.564774	0.500000
1.881510	1.202035	0.595203	0.500000
9.256276	7.548323	0.678912	0.500000
11.065314	0.143011	0.647295	0.500000
7.229180	8.274839	0.657023	0.500000
10.851337	9.088362	0.518760	0.500000
1.044617	0.529443	0.681157	0.500000
4.059850	4.609391	0.595603	0.500000
0.579130	2.902400	0.694299	0.500000
9.016106	2.839394	0.515692	0.500000
3.779539	3.443550	0.517545	0.500000
7.365654	4.698131	0.507173	0.500000
8.545371	4.636836	0.519624	0.500000
4.842063	3.302044	0.680445	0.500000
4.530769	10.318630	0.510442	0.500000
0.655892	6.503606	0.626185	0.500000
9.896513	6.771175	0.562490	0.500000
8.320398	8.218837	0.533646	0.500000
2.156044	7.193291	0.688249	0.500000
4.081669	7.490698	0.578906	0.500000
10.075951	0.970413	0.611075	0.500000
3.946666	2.021187	0.537847	0.500000
6.380273	7.426041	0.644335	0.500000
2.430615	5.510204	0.606222	0.500000
3.747229	8.647674	0.626599	0.500000
0.039503	5.282072	0.668416	0.500000
5.351487	7.389509	0.632162	0.500000
3.013235	7.920107	0.653194	0.500000
10.102565	10.698426	0.553071	0.500000
5.767471	6.225259	0.594554	0.500000
6.337394	4.784154	0.581836	0.500000
1.483349	3.416081	0.694912	0.500000
7.060252	0.248463	0.556283	0.500000
4.524943	9.278480	0.550429	0.500000
2.987056	1.391902	0.601219	0.500000
7.087804	3.650166	0.688928	0.500000
5.350897	2.389755	0.692171	0.500000
8.010316	5.541796	0.531233	0.500000
5.938185	0.716799	0.584854	0.500000
3.935569	0.969327	0.632544	0.500000
4.760440	8.298184	0.517527	0.500000
9.885971	9.665639	0.563034	0.500000
0.067424	3.824044	0.531383	0.500000
8.632297	6.433255	0.548241	0.500000
4.916845	5.126731	0.542877	0.500000
9.298471	0.237041	0.539006	0.500000
2.923508	6.486355	0.531407	0.500000
0.752979	9.167657	0.630342	0.500000
4.695727	0.263933	0.608067	0.500000
6.522606	10.557804	0.538122	0.500000
8.499358	0.983344	0.657622	0.500000
1.632645	8.235157	0.527481	0.500000
3.012015	4.654926	0.627013	0.500000
10.961829	10.185001	0.629915	0.500000
4.678192	6.247246	0.620994	0.500000
5.828756	8.354795	0.611909	0.500000
10.822370	6.403841	0.679426	0.500000
