400

1.702484	1.888218	1.986019	0.500000
5.742019	8.120838	3.269925	0.500000
3.750539	10.475087	0.624303	0.500000
7.924084	12.201446	2.005023	0.500000
3.729145	1.126703	2.099729	0.500000
10.315194	1.108387	0.545659	0.500000
0.365846	11.848526	2.475399	0.500000
7.012216	11.975456	1.644957	0.500000
1.161688	10.425689	1.674075	0.500000
7.933889	6.096849	0.515071	0.500000
10.448452	9.810055	3.078979	0.500000
5.827189	8.956756	2.612885	0.500000
5.144828	9.796206	0.588310	0.500000
10.636353	0.813288	3.989209	0.500000
9.089112	0.232893	1.777085	0.500000
8.816486	9.895839	1.169273	0.500000
1.749550	0.732076	0.546521	0.500000
0.410623	1.495513	3.965618	0.500000
7.886368	7.596493	3.957467	0.500000
7.441722	3.254431	2.344971	0.500000
1.051591	6.447535	2.170258	0.500000
4.069972	9.238582	0.644468	0.500000
6.250038	5.327110	3.070980	0.500000
4.481558	4.693397	1.660882	0.500000
5.543261	11.750634	2.038402	0.500000
7.608721	5.452451	2.913351	0.500000
5.660262	7.000198	0.536207	0.500000
0.154583	1.409011	2.711035	0.500000
4.112321	5.582100	1.304551	0.500000
12.284668	6.346375	3.571011	0.500000
3.530038	2.144364	2.404917	0.500000
8.185807	7.621294	2.578424	0.500000
6.352467	11.140083	1.537660	0.500000
6.058389	8.410430	1.775728	0.500000
10.390425	1.006611	2.586943	0.500000
8.900152	3.904933	1.935944	0.500000
7.896786	2.695582	3.960099	0.500000
9.980688	3.920350	1.686336	0.500000
2.993351	0.380384	2.167440	0.500000
4.491126	0.384868	3.035476	0.500000
1.714749	3.913171	1.565688	0.500000
7.494365	12.318199	3.408286	0.500000
8.590918	4.123169	3.833975	0.500000
8.334298	2.445071	2.779086	0.500000
11.555679	5.825842	0.734938	0.500000
9.759510	1.419433	1.512126	0.500000
0.440115	10.953176	0.872059	0.500000
2.436128	1.463789	1.003742	0.500000
4.330811	5.527958	2.437511	0.500000
8.954730	7.685188	3.838121	0.500000
10.446531	5.645951	2.968997	0.500000
8.790202	1.674927	1.784172	0.500000
6.581369	4.732884	2.098254	0.500000
5.652816	4.633201	2.500746	0.500000
8.685291	1.855740	0.531885	0.500000
4.623062	6.123404	3.304151	0.500000
7.168859	10.243295	0.559644	0.500000
6.518190	3.466749	3.975879	0.500000
6.133670	6.011623	0.602562	0.500000
10.677139	2.092975	0.681775	0.500000
11.353446	2.072332	3.950912	0.500000
6.555948	8.413882	3.985744	0.500000
7.506832	1.872828	3.087398	0.500000
9.584222	6.481191	3.924396	0.500000
3.787200	10.992748	1.910523	0.500000
2.446544	7.610770	1.836037	0.500000
10.869740	12.306947	3.783710	0.500000
2.739088	3.887567	1.673541	0.500000
6.417159	2.798492	1.827779	0.500000
8.760726	9.133255	2.896356	0.500000
3.197453	10.092706	3.726274	0.500000
8.276966	3.867186	2.771376	0.500000
9.972550	4.711349	2.480201	0.500000
1.855318	7.417513	0.796995	0.500000
7.439894	10.513740	1.571810	0.500000
1.595801	12.144844	0.597978	0.500000
0.438214	8.958887	3.819082	0.500000
10.441910	2.060192	3.380063	0.500000
4.287299	2.188876	3.838357	0.500000
2.047077	2.359619	0.516463	0.500000
12.275919	5.536999	1.837642	0.500000
5.774221	10.144199	1.703761	0.500000
2.671221	6.204772	3.941046	0.500000
1.625880	11.204453	3.948124	0.500000
5.327437	8.983583	3.591495	0.500000
11.469625	4.492000	3.980622	0.500000
5.985754	2.562535	0.509394	0.500000
6.074753	1.065976	2.328318	0.500000
5.976877	0.047513	1.428624	0.500000
0.355351	4.365696	3.964127	0.500000
6.795949	0.694529	0.726509	0.500000
7.082039	8.684341	0.640687	0.500000
8.858617	3.210953	3.301396	0.500000
11.617564	0.367410	0.958581	0.500000
3.036884	11.169394	1.009248	0.500000
10.687904	3.144990	1.131975	0.500000
1.226548	1.010534	2.568600	0.500000
11.301572	10.657745	3.577149	0.500000
2.802425	3.844869	2.740835	0.500000
10.675208	0.964210	1.470741	0.500000
1.560302	6.336414	3.497177	0.500000
5.264047	3.427105	3.780976	0.500000
2.192466	2.933532	3.916051	0.500000
3.665894	7.887112	1.491133	0.500000
8.913856	12.015656	0.592083	0.500000
4.482901	10.221316	1.404208	0.500000
11.438736	9.533445	3.865686	0.500000
9.694417	6.787458	1.562357	0.500000
2.317087	5.544799	3.109688	0.500000
11.151908	4.784965	0.529141	0.500000
2.226813	12.244854	3.988041	0.500000
10.684385	7.275265	2.849149	0.500000
9.338396	6.723398	0.613589	0.500000
6.085368	9.589630	3.837407	0.500000
9.516918	0.599706	3.043342	0.500000
7.236924	6.794891	3.974505	0.500000
2.961631	11.199525	3.866502	0.500000
3.740432	5.939732	3.971114	0.500000
9.755240	10.458330	3.948864	0.500000
11.237107	0.048334	2.081230	0.500000
8.230549	6.674572	1.493949	0.500000
11.591958	9.560041	2.800686	0.500000
1.009260	4.265380	0.602425	0.500000
10.170404	7.961005	1.567766	0.500000
3.348025	12.297321	3.629940	0.500000
1.944859	12.418778	2.616825	0.500000
0.045188	2.083309	0.511242	0.500000
3.643585	12.098523	1.378863	0.500000
6.783887	0.148419	2.658593	0.500000
12.101902	9.171222	0.577244	0.500000
4.149209	9.375839	3.377077	0.500000
9.318621	0.687791	0.511285	0.500000
8.289457	10.559536	2.459298	0.500000
9.973392	10.163847	1.911048	0.500000
11.879726	2.129583	2.749831	0.500000
12.098687	11.645744	0.581296	0.500000
9.652156	9.018953	0.970616	0.500000
4.221899	11.459912	3.722674	0.500000
7.767170	4.596377	1.744733	0.500000
8.429813	9.604251	2.046617	0.500000
10.493292	4.541316	3.715015	0.500000
5.584771	2.437961	3.987466	0.500000
6.662540	6.543589	1.326729	0.500000
7.523377	2.118675	1.518687	0.500000
6.055503	12.231987	3.257148	0.500000
9.847398	10.043400	0.737578	0.500000
10.417423	11.375552	3.895889	0.500000
11.401264	3.410097	3.900393	0.500000
7.787008	7.756946	1.381032	0.500000
12.006200	5.358224	3.338020	0.500000
6.834748	3.679489	0.731801	0.500000
4.172359	1.482041	2.967505	0.500000
0.307934	1.035272	0.544655	0.500000
5.473579	5.585868	1.942126	0.500000
12.272309	2.416166	1.816613	0.500000
2.502430	8.272932	0.979863	0.500000
5.113846	0.943255	0.661564	0.500000
1.798582	9.607930	1.630620	0.500000
7.846905	8.573386	3.253348	0.500000
5.041854	6.815822	3.916340	0.500000
5.629179	1.956628	1.742108	0.500000
0.888124	3.293958	3.971236	0.500000
6.313276	10.800377	0.524070	0.500000
1.160860	9.728203	2.546155	0.500000
4.644921	12.178684	1.555711	0.500000
8.792311	7.598920	0.920948	0.500000
11.646060	3.229253	0.511209	0.500000
4.111136	7.132378	0.606435	0.500000
5.377292	5.357104	3.997365	0.500000
9.297253	6.895784	2.806833	0.500000
2.288246	2.575563	2.597437	0.500000
3.327121	2.466840	0.599079	0.500000
8.207489	6.223976	2.519521	0.500000
2.943424	7.342473	0.811066	0.500000
0.553947	5.490658	3.938461	0.500000
6.270837	11.960012	0.629884	0.500000
10.751069	2.176295	1.804804	0.500000
0.135981	3.049877	1.017159	0.500000
4.907041	10.546393	2.808638	0.500000
5.972279	1.071324	1.330193	0.500000
7.640805	2.237332	0.525479	0.500000
10.764425	5.078338	1.741632	0.500000
2.477193	4.576075	3.734169	0.500000
11.696549	9.045643	1.560598	0.500000
12.454852	6.476347	2.477788	0.500000
10.943915	10.030924	2.171328	0.500000
7.426023	0.832556	3.142693	0.500000
5.253945	1.562953	3.072931	0.500000
9.306073	5.583267	2.755384	0.500000
0.312095	12.426548	0.654838	0.500000
7.223735	7.174588	0.751790	0.500000
8.656145	4.926212	2.210134	0.500000
0.867003	3.826550	3.060535	0.500000
5.065459	2.132455	0.888506	0.500000
6.988599	4.693519	0.844288	0.500000
10.045629	5.856384	1.990657	0.500000
2.099342	9.461754	2.847541	0.500000
1.999090	0.425446	1.609157	0.500000
2.269281	3.611488	0.584165	0.500000
9.193126	9.247758	3.980191	0.500000
4.813584	9.572174	2.251691	0.500000
7.984813	0.872155	3.976381	0.500000
3.896556	1.082349	3.909442	0.500000
4.965318	7.795960	0.644213	0.500000
1.049097	5.550650	0.548646	0.500000
1.019492	8.559570	2.575893	0.500000
0.966365	12.082841	3.861733	0.500000
11.540047	0.946858	3.357379	0.500000
12.055522	6.900265	0.632659	0.500000
7.275364	5.149147	3.897890	0.500000
4.227573	0.444982	0.668064	0.500000
10.423374	2.923832	2.406224	0.500000
2.447461	0.789521	3.607835	0.500000
2.888861	6.256078	0.954015	0.500000
3.644919	3.162637	3.798289	0.500000
1.849114	3.493875	2.507087	0.500000
4.533412	4.282467	3.924709	0.500000
3.207084	0.792627	0.558312	0.500000
9.401045	2.604332	2.701583	0.500000
4.550400	4.726965	0.589339	0.500000
3.253530	5.848918	2.929349	0.500000
0.743258	2.266356	1.402537	0.500000
2.560181	2.405602	1.516752	0.500000
9.039728	5.721128	1.686207	0.500000
1.354629	0.655738	3.743579	0.500000
0.097441	0.050687	1.752207	0.500000
4.094477	6.912153	2.979740	0.500000
8.963535	2.629361	1.343850	0.500000
10.201186	11.257376	2.187482	0.500000
0.950988	7.478715	3.328365	0.500000
9.444075	5.439362	3.741863	0.500000
0.194090	4.348353	2.534523	0.500000
2.180893	10.020388	3.684828	0.500000
4.964822	3.444176	2.674902	0.500000
10.898515	10.641946	1.318808	0.500000
0.979768	10.007873	3.979505	0.500000
1.184192	8.075287	1.145489	0.500000
0.132126	1.078235	1.726269	0.500000
5.119705	12.187224	0.673541	0.500000
3.734590	2.773147	1.519012	0.500000
5.939429	4.453390	3.919869	0.500000
7.448603	11.215891	0.781553	0.500000
3.211091	1.119835	2.957752	0.500000
6.222468	8.067643	0.763479	0.500000
8.501772	5.179038	3.511474	0.500000
11.901010	3.969923	1.937762	0.500000
6.737850	6.170430	3.366505	0.500000
1.816827	8.576195	1.928221	0.500000
7.947231	3.472977	1.466412	0.500000
7.005729	11.303121	3.845714	0.500000
3.429219	4.260063	3.409142	0.500000
1.542199	3.005753	1.110535	0.500000
8.147740	3.201502	0.510851	0.500000
3.082806	10.046087	1.491539	0.500000
9.094862	11.473500	2.718851	0.500000
8.369112	11.186816	1.271371	0.500000
2.422347	6.308255	2.173133	0.500000
9.583973	7.866873	2.999256	0.500000
3.018256	2.311353	3.299239	0.500000
5.494128	8.716505	0.542506	0.500000
0.409621	9.876247	1.017755	0.500000
5.221004	10.801956	0.580744	0.500000
8.120486	11.510008	3.188921	0.500000
4.893771	0.599774	1.985359	0.500000
10.220931	0.095096	1.737642	0.500000
9.686622	1.267812	3.998697	0.500000
10.261568	12.423652	2.807040	0.500000
1.393672	2.178297	3.478987	0.500000
0.098938	8.366120	1.067951	0.500000
2.041801	8.273722	2.942030	0.500000
4.512568	7.973927	3.929888	0.500000
6.152166	3.848392	1.618350	0.500000
7.982452	8.780208	1.363713	0.500000
9.400636	5.269421	0.810655	0.500000
5.028360	2.553285	3.140696	0.500000
11.981722	8.099449	1.877197	0.500000
8.684021	8.600318	0.574892	0.500000
0.477245	4.401170	1.561653	0.500000
11.053963	4.078415	1.358457	0.500000
4.444058	1.903904	1.945079	0.500000
6.747442	10.500124	2.716506	0.500000
6.676909	9.420368	1.504833	0.500000
5.124354	11.892641	3.928387	0.500000
7.294298	1.164907	1.921843	0.500000
10.535993	8.569425	3.872922	0.500000
7.948806	10.422592	3.628863	0.500000
12.031391	0.171006	2.830189	0.500000
4.125176	11.841581	2.453548	0.500000
0.118344	2.731714	3.549389	0.500000
0.167138	10.685346	3.999776	0.500000
6.938479	10.268338	3.943285	0.500000
4.421847	8.595331	1.608870	0.500000
12.088797	4.328756	0.578302	0.500000
4.898987	8.604542	2.492766	0.500000
2.902871	5.523263	1.732625	0.500000
0.860357	8.950042	0.724733	0.500000
5.111860	3.685844	0.925718	0.500000
0.253614	7.326889	1.695409	0.500000
2.930902	8.233170	3.944025	0.500000
8.911460	10.618119	3.285415	0.500000
2.381086	11.947273	1.511632	0.500000
1.487273	8.577966	3.928245	0.500000
7.349830	11.457427	2.463833	0.500000
4.757662	7.561554	2.554677	0.500000
1.511966	4.820852	3.598890	0.500000
6.122302	2.267207	2.771583	0.500000
8.523018	0.207381	2.821726	0.500000
9.798506	12.422855	3.940965	0.500000
3.919689	3.689285	0.739839	0.500000
10.365780	5.977543	0.901326	0.500000
6.740749	5.888883	2.227888	0.500000
11.029528	9.443846	0.750842	0.500000
9.840618	3.676146	2.877316	0.500000
12.164547	10.580038	1.995745	0.500000
0.208736	7.940488	3.967114	0.500000
5.946967	11.201263	3.371644	0.500000
7.679994	3.657282	3.607238	0.500000
0.766316	3.373966	1.744887	0.500000
1.448416	7.369984	1.954542	0.500000
4.226376	1.480547	0.700263	0.500000
8.435637	1.235404	2.991889	0.500000
6.593428	7.592791	2.874267	0.500000
9.074663	8.664912	1.839443	0.500000
0.891389	11.851226	1.386193	0.500000
12.255927	10.533854	3.048378	0.500000
1.689114	6.488729	1.291291	0.500000
2.546161	1.326473	2.060678	0.500000
3.372772	4.554357	2.181132	0.500000
11.775723	10.600875	0.531645	0.500000
2.175681	7.210210	3.859107	0.500000
10.207657	4.226951	0.608777	0.500000
9.718287	2.495235	3.949628	0.500000
4.419524	4.373815	2.656587	0.500000
8.327045	6.269797	3.753112	0.500000
7.821648	12.290202	0.759968	0.500000
3.516707	10.821168	2.991751	0.500000
2.112190	4.704621	0.981246	0.500000
4.920792	9.849154	3.994602	0.500000
10.868390	11.644095	0.664324	0.500000
12.138294	12.227702	3.950924	0.500000
3.041304	7.321913	3.024973	0.500000
7.788169	9.344714	3.929583	0.500000
5.491675	5.137958	0.745158	0.500000
0.917662	11.078351	2.841683	0.500000
2.940729	11.685988	2.880143	0.500000
5.608515	6.131553	3.121024	0.500000
2.243642	10.564274	2.596231	0.500000
11.689807	7.017770	1.583934	0.500000
7.213215	8.685353	2.148693	0.500000
9.902884	11.129208	0.548541	0.500000
1.773340	5.393352	1.757499	0.500000
11.709880	11.536331	3.173533	0.500000
0.828443	5.268307	2.965576	0.500000
4.954081	6.076877	0.565640	0.500000
1.804286	3.811294	3.541215	0.500000
1.679952	10.263507	0.800373	0.500000
8.643051	2.030909	3.756772	0.500000
11.573560	6.000602	2.463805	0.500000
4.359507	5.161361	3.468459	0.500000
7.384737	9.542885	2.693222	0.500000
0.618125	2.827124	2.645549	0.500000
6.527040	0.491131	3.949931	0.500000
7.068802	7.284764	1.946765	0.500000
9.470466	3.434579	0.616584	0.500000
3.547447	4.856483	0.607560	0.500000
3.203737	8.785426	1.831309	0.500000
5.115706	2.838145	1.782316	0.500000
8.372209	4.556294	0.860471	0.500000
4.191542	3.611437	1.903428	0.500000
0.207141	9.507243	2.312488	0.500000
10.020869	12.297087	0.596905	0.500000
11.566321	1.501669	1.938838	0.500000
12.159114	3.449919	2.903248	0.500000
3.733303	8.509175	2.787980	0.500000
6.203591	1.582549	3.545652	0.500000
6.145624	7.157028	3.702109	0.500000
9.476440	3.615501	3.982044	0.500000
3.720719	9.736985	2.429537	0.500000
7.402544	5.623696	1.408385	0.500000
11.222000	6.099232	3.563503	0.500000
10.635711	9.054943	1.705250	0.500000
11.591953	4.303798	2.842430	0.500000
9.258598	7.661815	1.951693	0.500000
10.973940	7.065926	0.666181	0.500000
7.887116	0.830276	0.895799	0.500000
11.675301	1.646151	0.948228	0.500000
7.027521	2.838342	3.186719	0.500000
1.781853	4.510552	2.478800	0.500000
6.035186	3.315666	2.595077	0.500000
9.852102	9.007974	2.868784	0.500000
11.602166	7.180420	3.314466	0.500000
2.763039	12.255127	0.619712	0.500000
4.914947	6.573262	2.241611	0.500000
11.125613	8.403615	2.828669	0.500000
2.999129	9.204921	0.708104	0.500000
3.626369	6.740148	1.676891	0.500000
10.550280	8.505689	0.515351	0.500000
0.793181	6.784085	0.737324	0.500000
9.284001	10.806431	1.478272	0.500000
11.578779	11.604934	1.476769	0.500000
