400

0.827393	6.302110	1.604324	0.500000
9.584496	9.993891	0.699933	0.500000
7.028223	2.919198	2.314831	0.500000
12.128766	7.448324	2.805763	0.500000
1.582242	1.330389	0.545170	0.500000
2.145641	5.625555	1.290087	0.500000
4.751042	2.455607	2.323366	0.500000
8.116139	3.361416	3.830280	0.500000
6.974151	0.131581	3.937569	0.500000
11.830674	0.606193	1.684812	0.500000
8.300308	1.450455	2.593965	0.500000
3.637770	11.410009	2.679285	0.500000
6.100982	1.352586	3.734485	0.500000
4.872973	3.701658	3.135573	0.500000
6.343743	6.966624	3.985578	0.500000
11.966034	11.792678	3.694191	0.500000
4.814779	3.332368	0.553923	0.500000
4.165281	4.783711	3.801380	0.500000
10.405201	5.251255	3.323881	0.500000
9.922779	10.258354	3.598923	0.500000
0.915819	7.777849	0.997487	0.500000
3.319375	9.344771	3.169819	0.500000
0.039559	3.200364	3.820508	0.500000
8.449784	8.561652	1.573989	0.500000
4.739202	7.683402	0.810404	0.500000
7.942807	9.863832	0.946652	0.500000
12.412514	10.604721	3.886307	0.500000
2.485189	0.400715	3.716970	0.500000
2.355129	6.516246	2.692593	0.500000
7.566661	5.611922	3.468933	0.500000
9.063280	3.538134	3.059653	0.500000
11.204089	6.008247	2.687112	0.500000
8.281389	7.279797	0.511405	0.500000
10.009410	0.573958	3.036001	0.500000
7.424939	8.767842	0.539526	0.500000
4.563040	4.998240	0.512108	0.500000
3.889651	7.643784	3.644390	0.500000
9.524832	1.946555	2.687052	0.500000
2.662350	9.805489	0.593230	0.500000
3.916086	6.120305	2.035037	0.500000
9.207371	1.468388	0.544710	0.500000
1.454626	5.012276	3.889125	0.500000
8.003558	6.722148	1.815141	0.500000
9.775600	11.037261	1.751331	0.500000
10.501650	2.478219	3.253529	0.500000
2.658735	5.239414	0.520019	0.500000
3.459502	0.472445	2.196458	0.500000
0.482122	6.970869	2.437671	0.500000
3.745132	4.482417	2.868159	0.500000
8.963535	8.364480	2.691128	0.500000
1.727425	11.844383	3.752828	0.500000
1.198762	7.904695	3.342765	0.500000
11.503151	2.594575	1.419336	0.500000
2.668609	1.171076	0.708848	0.500000
12.385389	4.011841	2.745407	0.500000
6.794797	0.793192	2.420930	0.500000
11.251409	12.395782	0.799731	0.500000
2.110383	8.505256	3.615196	0.500000
3.992828	7.184672	1.525208	0.500000
1.428732	4.651013	2.839000	0.500000
4.163440	9.426683	3.975471	0.500000
12.170368	12.021889	0.620680	0.500000
7.343870	9.198254	2.240004	0.500000
0.048751	9.268148	3.434587	0.500000
5.993572	3.980188	2.537046	0.500000
1.747648	11.601253	0.633648	0.500000
12.021981	3.615588	1.629565	0.500000
0.115255	2.050065	3.925051	0.500000
7.576453	11.117778	2.365579	0.500000
4.474011	9.984440	1.305073	0.500000
5.519827	9.005214	3.322193	0.500000
8.475306	0.523465	1.622155	0.500000
7.479091	8.950703	3.268115	0.500000
11.443577	8.334301	0.537618	0.500000
9.159528	8.062018	3.779523	0.500000
6.006039	2.064953	0.926145	0.500000
6.606566	9.364190	1.582185	0.500000
2.986583	1.303372	1.874769	0.500000
9.100321	11.028875	3.737600	0.500000
3.726721	1.139937	2.930730	0.500000
2.190428	3.325927	1.254125	0.500000
10.887391	3.270969	0.552991	0.500000
1.375181	3.434750	2.957605	0.500000
7.624321	0.209814	0.503872	0.500000
4.883622	0.313488	3.395773	0.500000
7.900577	2.818978	1.222524	0.500000
5.693587	5.396654	0.689463	0.500000
0.670589	10.022798	1.883803	0.500000
9.700002	0.308152	0.963792	0.500000
11.151854	9.901329	2.958661	0.500000
5.804862	7.922168	0.912348	0.500000
10.823787	11.656844	2.448000	0.500000
11.407784	2.690667	3.665068	0.500000
6.119324	3.273121	3.525122	0.500000
9.994103	7.582095	2.842839	0.500000
10.373994	10.637681	2.761979	0.500000
6.280847	5.544375	3.003831	0.500000
3.266588	8.640514	1.591588	0.500000
1.463417	0.413551	3.523276	0.500000
4.663960	6.022144	3.728041	0.500000
2.018769	11.770004	1.657222	0.500000
12.183810	7.639168	0.657223	0.500000
2.986365	2.941368	3.859099	0.500000
3.185545	8.609961	3.980627	0.500000
6.243036	2.235185	1.924571	0.500000
1.651794	5.832634	2.187563	0.500000
7.596088	4.431122	3.321700	0.500000
4.428528	6.234205	0.887840	0.500000
1.029392	9.061085	3.936798	0.500000
1.972321	10.421095	1.639224	0.500000
9.744854	2.046100	3.842187	0.500000
0.230685	6.406509	3.349112	0.500000
0.707656	12.102529	3.055717	0.500000
0.275263	1.014578	3.716192	0.500000
1.412195	2.650455	1.094949	0.500000
7.767365	12.387627	2.060758	0.500000
0.613180	6.801051	0.593593	0.500000
2.056036	7.531607	2.889872	0.500000
3.877048	11.067478	1.522265	0.500000
0.895367	8.773570	0.564674	0.500000
2.182907	9.834715	2.918221	0.500000
4.315113	1.581534	2.016838	0.500000
9.128998	7.960330	0.530937	0.500000
11.566711	3.653058	3.333707	0.500000
0.105490	0.620574	0.655029	0.500000
9.741945	9.174809	3.953675	0.500000
0.200016	8.251102	3.260713	0.500000
1.440421	12.413443	2.278068	0.500000
6.672282	2.292149	3.559683	0.500000
0.631827	12.052124	1.214392	0.500000
6.328473	3.746107	0.550989	0.500000
6.602762	8.598009	2.719365	0.500000
11.761243	1.701910	3.285495	0.500000
6.776827	11.661966	2.842443	0.500000
11.114959	5.451602	1.609662	0.500000
6.342688	8.867917	0.648081	0.500000
7.618049	10.780140	0.664441	0.500000
5.791946	8.607388	1.886928	0.500000
10.664713	11.525693	1.378876	0.500000
11.047463	1.407495	1.546667	0.500000
2.263274	11.085606	2.639434	0.500000
10.943770	2.456969	2.341757	0.500000
6.589816	9.977198	3.917067	0.500000
10.260384	8.663985	0.508539	0.500000
9.817814	11.580926	0.729186	0.500000
11.512790	10.971897	3.173707	0.500000
6.348768	10.039898	0.656843	0.500000
8.718695	9.583778	2.049535	0.500000
11.924708	5.536680	0.832850	0.500000
1.353658	10.697154	3.148240	0.500000
11.819868	11.848364	2.438619	0.500000
12.070332	6.772223	1.243702	0.500000
3.915679	7.681280	2.530134	0.500000
2.274028	5.275205	2.970362	0.500000
6.437580	5.885218	3.993196	0.500000
5.004309	11.822515	2.892178	0.500000
7.703864	1.754816	3.903148	0.500000
8.055659	3.025827	2.614674	0.500000
8.300368	11.438922	3.202621	0.500000
10.244192	7.765655	3.961579	0.500000
9.891942	9.662331	2.131703	0.500000
10.973233	4.900861	0.575894	0.500000
1.749590	7.031059	0.963843	0.500000
7.567517	10.164817	2.902489	0.500000
2.001191	4.172591	3.726696	0.500000
0.688216	1.898428	0.558189	0.500000
4.576500	8.451883	2.812280	0.500000
10.429279	10.788479	0.594604	0.500000
8.312960	7.215097	3.829336	0.500000
0.591961	1.065494	2.546918	0.500000
1.398401	4.854626	1.657422	0.500000
11.186822	3.590664	2.353032	0.500000
1.067533	2.244525	3.288549	0.500000
5.458502	1.653999	2.860313	0.500000
0.228144	7.952354	1.992963	0.500000
9.532063	4.928038	3.914849	0.500000
5.999541	6.995483	2.571712	0.500000
6.475517	11.913321	0.657743	0.500000
3.479721	10.417046	2.623136	0.500000
11.795180	0.908731	2.673673	0.500000
8.753434	5.188381	1.128690	0.500000
0.500256	9.855318	0.710275	0.500000
6.553687	4.464716	3.647804	0.500000
9.053660	6.538376	1.430515	0.500000
6.766277	7.650293	3.119877	0.500000
1.406169	6.186013	0.507502	0.500000
12.338153	10.954604	1.207568	0.500000
3.115553	11.687020	1.745904	0.500000
3.675779	4.551521	1.685722	0.500000
9.810471	5.166808	0.639001	0.500000
1.957566	8.530038	2.422072	0.500000
10.248135	2.581721	1.585376	0.500000
5.167159	2.806915	3.963087	0.500000
4.401027	10.525144	3.794972	0.500000
10.157917	8.747923	2.774870	0.500000
3.766362	1.999263	3.853004	0.500000
4.606209	4.304525	2.109833	0.500000
11.523865	0.671415	3.669963	0.500000
6.894697	2.702324	1.234957	0.500000
5.816576	11.206443	0.923303	0.500000
0.406820	5.238601	2.941294	0.500000
12.178563	7.494626	3.891637	0.500000
3.231387	2.717121	0.635293	0.500000
2.943729	10.651979	1.090180	0.500000
11.172376	6.951463	3.985839	0.500000
10.549916	1.412057	3.943021	0.500000
6.516262	4.896007	2.020309	0.500000
0.504554	5.208771	1.364928	0.500000
5.522885	6.504327	3.520289	0.500000
2.869105	6.528247	3.945199	0.500000
3.016953	2.391343	2.198345	0.500000
3.505145	0.967569	3.917199	0.500000
10.079952	11.872820	3.086790	0.500000
10.396806	4.549783	1.793621	0.500000
3.905715	2.812726	2.848340	0.500000
6.025691	10.719209	3.018821	0.500000
5.200687	0.906256	1.067187	0.500000
8.663757	2.272064	3.369006	0.500000
8.600237	8.943717	3.905544	0.500000
2.565124	10.837529	3.706529	0.500000
10.683051	1.449018	2.725286	0.500000
4.801415	11.007722	0.974362	0.500000
11.891715	10.160027	0.610546	0.500000
4.728123	8.528109	3.880854	0.500000
3.003706	8.209034	3.010699	0.500000
2.987057	3.806541	3.338557	0.500000
8.292672	0.919060	3.974056	0.500000
2.418803	2.176572	1.167693	0.500000
4.032878	3.542586	1.289936	0.500000
9.048301	12.392446	3.817260	0.500000
10.404994	0.977861	0.639929	0.500000
5.776240	6.915379	0.737408	0.500000
11.182096	6.230690	0.606677	0.500000
6.144095	0.348652	3.144590	0.500000
4.445187	0.266643	0.716635	0.500000
3.299766	12.098909	3.958624	0.500000
7.085898	1.160282	3.375878	0.500000
11.073536	10.351213	1.480150	0.500000
8.874867	7.211124	2.736856	0.500000
1.561637	9.990693	0.658613	0.500000
12.391518	3.516148	0.614036	0.500000
11.061202	7.327218	2.730566	0.500000
5.183785	4.436752	1.104507	0.500000
3.030039	5.592860	2.089123	0.500000
7.298361	5.000424	0.705945	0.500000
5.409784	4.295308	3.785497	0.500000
0.628088	4.021779	1.634537	0.500000
9.724261	5.340905	1.877222	0.500000
10.730556	10.774042	3.903281	0.500000
3.432648	4.189409	0.682448	0.500000
0.954298	8.472854	2.555547	0.500000
0.358321	4.340252	3.677869	0.500000
6.263767	8.152811	3.948451	0.500000
6.693479	7.563862	0.525621	0.500000
11.127119	6.984101	1.622810	0.500000
11.585865	9.190815	3.922853	0.500000
10.526488	12.312479	3.952128	0.500000
11.203847	8.370794	2.955649	0.500000
8.975329	10.873437	2.475644	0.500000
9.437970	1.476434	1.639880	0.500000
5.614904	5.728053	1.791821	0.500000
4.286480	2.391234	1.197111	0.500000
9.892880	6.848177	2.155031	0.500000
2.253401	7.367523	3.870018	0.500000
9.203263	2.447882	1.301147	0.500000
12.206472	2.547450	2.196553	0.500000
11.992409	4.670588	2.055039	0.500000
8.385860	10.471196	1.686091	0.500000
1.001750	3.852706	0.680667	0.500000
2.166463	4.037635	2.498780	0.500000
8.730056	6.261656	3.883643	0.500000
10.617600	9.711055	0.631992	0.500000
3.239164	3.647719	2.086290	0.500000
1.022461	9.490269	2.709941	0.500000
1.352540	11.258044	2.263322	0.500000
9.037917	10.827449	0.531371	0.500000
10.722131	8.468342	1.554916	0.500000
10.324529	6.132516	1.518514	0.500000
9.563192	8.808643	1.295852	0.500000
10.821942	1.926294	0.708105	0.500000
11.146493	4.711492	2.639978	0.500000
2.184473	8.949134	1.335946	0.500000
5.333182	8.718780	0.502014	0.500000
11.231935	4.120159	1.224536	0.500000
7.092199	3.461086	3.996879	0.500000
9.949879	6.328645	0.525916	0.500000
7.787859	4.907979	2.335682	0.500000
10.630469	7.442473	0.812137	0.500000
2.256601	0.541791	2.435006	0.500000
4.547302	6.835294	3.123891	0.500000
2.399866	2.825044	2.951863	0.500000
2.843629	9.586443	1.771330	0.500000
1.857721	9.734441	3.955629	0.500000
9.087304	5.505467	2.877563	0.500000
5.693344	11.803706	2.024941	0.500000
10.500657	4.189779	3.878887	0.500000
4.700973	5.444044	1.476670	0.500000
0.910639	11.012379	1.119992	0.500000
8.830979	3.442442	1.740565	0.500000
4.707689	9.444994	2.816530	0.500000
9.446274	1.096231	3.992847	0.500000
8.412071	5.783830	2.148341	0.500000
5.045683	9.164526	1.521584	0.500000
3.530863	5.896969	3.110020	0.500000
8.048026	4.286076	0.791501	0.500000
4.547459	5.622275	2.809868	0.500000
3.419311	0.029433	0.892857	0.500000
7.044402	10.250646	1.876890	0.500000
12.391996	8.897260	2.373116	0.500000
8.481774	4.334884	2.782776	0.500000
3.096496	4.739028	3.944292	0.500000
9.927481	2.958827	0.668330	0.500000
8.285860	5.017376	3.950880	0.500000
6.148002	0.200063	1.669388	0.500000
8.081086	7.959296	3.154971	0.500000
5.614632	11.883339	3.735623	0.500000
5.674427	8.078592	2.796547	0.500000
12.068185	5.880682	1.778767	0.500000
7.921911	12.428404	3.280609	0.500000
5.350885	4.886618	2.617135	0.500000
5.694383	1.362851	1.814193	0.500000
8.923593	7.563499	1.482950	0.500000
9.755716	8.043269	1.982725	0.500000
0.368815	11.082152	2.749173	0.500000
7.111959	6.058944	1.841428	0.500000
7.746653	7.718058	1.234167	0.500000
0.558153	3.265229	2.355589	0.500000
1.229375	2.507554	2.097168	0.500000
7.845914	1.754779	0.511916	0.500000
4.339016	9.070989	0.510263	0.500000
9.989099	12.091146	1.912091	0.500000
6.443545	0.724072	0.831118	0.500000
9.535532	2.957990	2.378980	0.500000
4.089088	1.312321	0.879198	0.500000
10.910622	0.266193	2.665239	0.500000
9.423882	3.687551	3.997465	0.500000
1.542888	5.123219	0.618551	0.500000
7.799410	11.673740	1.088044	0.500000
8.772585	12.101955	0.542154	0.500000
5.202018	10.207113	0.500273	0.500000
0.530172	5.578059	3.978308	0.500000
7.046714	6.528318	2.952661	0.500000
4.538777	10.824602	2.291915	0.500000
11.480787	1.077544	0.591036	0.500000
1.501552	0.265992	1.306359	0.500000
2.954019	7.051988	0.530494	0.500000
9.373814	3.904530	0.539574	0.500000
4.048154	12.264231	3.129023	0.500000
2.339683	7.872464	1.434405	0.500000
4.574679	11.784181	3.896849	0.500000
12.348499	4.524877	0.860796	0.500000
12.131662	9.220202	0.901782	0.500000
2.969525	12.290332	2.867201	0.500000
1.369504	1.378353	1.717611	0.500000
1.464977	6.711771	3.459194	0.500000
11.923841	5.792395	3.712139	0.500000
6.665323	6.997000	1.400265	0.500000
11.002633	9.393606	2.047100	0.500000
3.912872	11.460022	0.514878	0.500000
8.631243	2.985209	0.517229	0.500000
4.356625	11.902298	1.871608	0.500000
3.322738	5.979487	0.675596	0.500000
2.013242	4.150835	0.506475	0.500000
9.210097	4.384846	1.857198	0.500000
5.064845	2.342452	0.546850	0.500000
9.720742	4.330340	2.805622	0.500000
5.704796	9.983297	1.557837	0.500000
2.741827	11.644508	0.785381	0.500000
12.103457	10.477664	2.395322	0.500000
10.061127	6.236341	3.431569	0.500000
6.328548	11.001620	1.877254	0.500000
1.975812	1.916671	2.542033	0.500000
8.663486	9.647885	3.148718	0.500000
5.256808	7.332841	1.768767	0.500000
0.573062	8.845887	1.587680	0.500000
0.288141	2.635701	1.274339	0.500000
4.011757	3.020713	3.968814	0.500000
6.657848	9.586314	2.935800	0.500000
0.039008	1.615482	1.887818	0.500000
1.250642	7.497590	2.000720	0.500000
7.674801	1.342400	1.693856	0.500000
11.731935	7.948085	1.534959	0.500000
7.201633	3.909458	1.321759	0.500000
5.419061	10.402904	3.804611	0.500000
1.048394	3.149717	3.890340	0.500000
7.198921	7.252116	2.255117	0.500000
6.715587	6.006542	0.616179	0.500000
8.784020	12.406152	2.561617	0.500000
5.754150	2.720922	2.703466	0.500000
7.457149	11.295277	3.793144	0.500000
4.468936	1.814744	3.103693	0.500000
5.191476	6.379315	2.478101	0.500000
3.709786	7.798028	0.602602	0.500000
1.763590	8.234044	0.528532	0.500000
2.941689	6.861915	1.852168	0.500000
7.036987	1.917908	2.571229	0.500000
8.789328	9.285806	0.860063	0.500000
4.972198	0.684720	2.144946	0.500000
5.373110	7.577591	3.618389	0.500000
7.147512	3.873483	2.589917	0.500000
