400

3.341945	11.294397	0.666575	0.500000
4.109420	6.818891	0.762017	0.500000
5.772151	9.244642	0.706227	0.500000
7.086332	10.256991	2.902135	0.500000
4.304835	11.833764	3.059059	0.500000
10.947947	7.375298	3.464987	0.500000
11.902878	7.333860	0.818662	0.500000
10.369869	6.819545	2.423857	0.500000
0.479598	10.868614	3.956068	0.500000
7.857729	4.470170	0.894739	0.500000
4.229800	3.295368	3.763409	0.500000
4.113403	12.203396	0.661920	0.500000
6.066093	1.600580	1.799742	0.500000
11.381219	4.089763	1.233942	0.500000
8.210050	11.136465	0.793368	0.500000
1.424538	0.288045	2.961238	0.500000
7.971719	12.288536	0.513665	0.500000
9.788231	10.772050	2.113601	0.500000
5.358124	6.577161	3.009192	0.500000
3.811840	5.633851	0.559337	0.500000
6.414089	1.799587	0.644211	0.500000
0.740906	10.041217	1.540038	0.500000
0.245676	2.113407	3.146875	0.500000
3.485981	6.491153	2.701203	0.500000
2.152011	11.887858	3.313650	0.500000
9.339396	6.643819	0.659977	0.500000
6.564224	6.515310	0.616482	0.500000
2.042662	9.841377	3.498795	0.500000
10.783815	1.681915	2.248375	0.500000
6.799523	3.939206	0.899681	0.500000
3.143548	3.505524	2.834166	0.500000
6.255096	10.114364	0.523382	0.500000
9.057115	9.933689	2.278555	0.500000
6.574068	8.214831	1.751245	0.500000
6.946843	2.573058	1.223158	0.500000
2.410458	10.576383	2.721569	0.500000
7.114331	7.556755	2.546527	0.500000
7.496495	6.313293	2.260757	0.500000
1.571709	3.691609	0.594997	0.500000
6.481091	5.946852	1.993102	0.500000
11.008777	12.187593	2.739968	0.500000
2.792359	7.588788	3.914692	0.500000
5.640276	5.564326	3.044437	0.500000
9.024340	0.936113	1.715056	0.500000
7.682257	12.105466	3.795375	0.500000
10.155653	2.044829	3.795678	0.500000
4.125496	4.212708	0.726438	0.500000
5.097201	10.459800	1.602149	0.500000
3.589931	9.671970	1.086396	0.500000
5.810120	2.787980	1.525604	0.500000
7.668093	0.395804	1.328775	0.500000
6.844361	9.281562	2.017804	0.500000
3.473251	12.343325	3.549669	0.500000
8.043682	3.400927	1.029276	0.500000
9.799252	5.536976	0.816156	0.500000
5.579463	3.669535	0.627133	0.500000
3.526646	7.751376	3.112826	0.500000
0.492298	8.265485	3.233159	0.500000
11.123297	3.285334	2.683681	0.500000
1.078142	4.903540	3.495117	0.500000
10.867885	9.330697	3.753287	0.500000
10.257913	11.042051	1.178153	0.500000
0.415246	2.057155	2.103534	0.500000
0.869274	6.515815	3.855149	0.500000
1.976472	9.429119	0.748239	0.500000
1.635630	2.884545	3.790531	0.500000
9.990022	8.895058	3.415635	0.500000
1.257941	8.850153	3.957993	0.500000
11.312322	1.674096	3.978629	0.500000
5.823995	7.265581	0.551760	0.500000
5.109818	0.328345	1.084342	0.500000
8.595302	6.829941	3.859028	0.500000
11.867246	9.010500	2.132023	0.500000
8.859382	4.500685	3.019565	0.500000
10.809513	2.976520	1.673180	0.500000
1.922218	6.346510	1.331981	0.500000
9.891875	10.106043	1.131050	0.500000
12.084680	1.226887	2.709414	0.500000
7.519864	4.913721	3.183288	0.500000
6.138067	11.149010	0.572105	0.500000
5.372552	3.358589	3.579417	0.500000
1.343356	2.367471	0.559491	0.500000
5.313870	6.827370	1.408984	0.500000
4.447916	9.767725	0.526756	0.500000
8.700519	0.971805	0.562838	0.500000
10.758528	9.155292	1.714509	0.500000
0.213299	2.060415	0.563552	0.500000
8.621892	6.200764	2.962538	0.500000
1.503287	7.029108	0.703643	0.500000
4.736670	10.982367	2.611612	0.500000
3.545778	7.204729	1.964105	0.500000
9.775867	3.511991	1.618878	0.500000
0.374461	3.710554	1.675261	0.500000
9.941042	2.832565	0.599629	0.500000
10.564792	3.711851	0.721312	0.500000
3.967449	4.147119	2.886289	0.500000
12.375226	4.170930	0.714572	0.500000
0.492871	3.034902	0.543977	0.500000
11.519985	11.109450	0.578285	0.500000
12.224590	8.178764	3.933263	0.500000
3.927111	6.016812	1.870658	0.500000
0.787495	11.491786	1.796907	0.500000
8.958652	6.173537	1.567396	0.500000
1.098064	0.088635	0.596478	0.500000
2.313706	1.917748	1.795862	0.500000
10.756783	5.920670	2.116682	0.500000
1.671619	10.514278	1.645926	0.500000
0.568889	3.201740	3.864301	0.500000
1.047358	0.551677	3.851874	0.500000
4.721542	8.736989	0.536058	0.500000
6.458502	0.772554	1.231042	0.500000
2.696959	0.812591	0.577069	0.500000
1.342561	2.027517	2.908771	0.500000
10.221660	5.376071	3.978632	0.500000
5.829277	4.965155	3.881588	0.500000
4.244571	3.382754	1.728065	0.500000
0.329213	8.990035	2.539396	0.500000
12.328820	7.274115	3.434003	0.500000
1.601526	1.652806	3.902608	0.500000
6.242090	2.896888	0.584058	0.500000
4.949961	11.083153	0.701953	0.500000
2.128498	4.128450	1.996898	0.500000
5.492844	8.419177	3.207305	0.500000
3.142163	2.754064	0.699029	0.500000
1.088110	0.607369	1.886612	0.500000
10.745705	5.315873	3.064032	0.500000
1.812563	7.674219	2.581003	0.500000
11.428708	11.250836	2.011289	0.500000
7.883085	8.063969	3.598504	0.500000
12.404974	9.226885	3.935053	0.500000
0.631426	4.151365	2.960315	0.500000
11.875210	5.000999	3.417983	0.500000
6.283327	6.075830	3.844101	0.500000
7.633590	7.008328	1.543245	0.500000
7.145515	11.692177	0.569587	0.500000
2.629702	8.436754	3.025135	0.500000
8.156098	6.543881	0.502704	0.500000
8.369372	3.899245	3.822912	0.500000
1.680611	4.074448	3.708443	0.500000
5.508255	9.535230	2.877562	0.500000
1.293515	8.110404	1.376687	0.500000
6.109015	10.463026	2.852134	0.500000
11.556302	6.674769	2.954539	0.500000
8.350281	8.959479	3.563678	0.500000
0.809478	2.932747	2.457104	0.500000
4.675922	3.240212	0.810618	0.500000
5.536577	11.470361	1.561067	0.500000
0.272400	4.233651	3.920480	0.500000
0.346305	12.107656	2.751566	0.500000
1.803538	0.856732	1.028751	0.500000
2.021371	10.825172	0.542845	0.500000
10.735661	8.671336	2.712645	0.500000
2.703533	5.926103	0.545683	0.500000
9.925751	0.939829	0.806870	0.500000
10.004512	5.081373	2.257198	0.500000
3.643801	2.376650	3.486708	0.500000
10.431975	12.016748	1.662920	0.500000
8.787128	5.656022	3.995539	0.500000
5.815702	2.349581	3.019342	0.500000
7.271135	5.972204	3.656638	0.500000
3.964440	4.951475	2.241997	0.500000
9.616549	7.775579	3.702835	0.500000
2.773182	10.064172	0.588223	0.500000
0.713175	7.047212	2.936148	0.500000
6.249899	1.931321	3.975430	0.500000
5.887206	9.862668	1.843991	0.500000
7.340758	11.221283	2.791897	0.500000
8.373874	0.648589	2.602313	0.500000
7.697907	12.301094	2.222808	0.500000
7.946800	7.558916	0.595052	0.500000
11.160550	1.064737	3.111266	0.500000
10.027025	9.016262	0.792638	0.500000
1.924688	6.931139	3.496430	0.500000
3.838481	6.913870	3.669876	0.500000
12.356729	12.394693	0.670196	0.500000
2.973415	1.253267	3.906914	0.500000
8.566925	2.123225	0.576824	0.500000
8.615560	7.602918	1.355692	0.500000
0.798962	9.755135	3.026071	0.500000
7.490141	8.534837	2.535807	0.500000
6.793116	1.055559	3.936266	0.500000
11.931351	12.129115	2.207465	0.500000
2.410922	8.993855	3.929882	0.500000
6.032691	11.460162	2.608162	0.500000
0.602512	7.351811	1.084559	0.500000
5.927005	4.406260	1.888970	0.500000
8.889733	10.846966	3.955157	0.500000
2.156977	5.257335	1.548847	0.500000
0.731368	6.480186	1.751575	0.500000
9.291222	11.272386	1.374456	0.500000
11.555129	11.939822	1.181020	0.500000
9.425140	4.831188	1.455496	0.500000
0.538827	9.189248	0.556465	0.500000
10.898733	1.219596	1.333224	0.500000
10.665355	8.247588	3.871801	0.500000
6.473848	3.501089	1.807861	0.500000
0.164016	1.288097	3.996637	0.500000
2.436658	2.336438	2.816518	0.500000
8.057360	10.182528	1.081542	0.500000
12.023288	5.910860	1.180765	0.500000
7.501125	6.969555	3.557720	0.500000
9.702007	10.213925	3.961402	0.500000
0.118384	8.580728	1.481275	0.500000
6.141842	0.955916	3.061596	0.500000
3.455838	11.776537	2.159222	0.500000
6.627537	11.630495	1.791083	0.500000
5.412088	8.913221	1.948393	0.500000
11.158269	2.903657	0.709987	0.500000
3.138619	1.793147	1.206260	0.500000
6.277210	11.597235	3.935669	0.500000
4.287800	9.807757	3.388056	0.500000
4.752455	8.721620	3.944495	0.500000
5.240692	4.966563	1.030728	0.500000
2.570279	7.588557	1.613304	0.500000
3.105897	7.029374	0.723698	0.500000
0.890019	5.892867	2.948514	0.500000
4.021240	10.600647	0.909886	0.500000
4.503564	7.171304	2.449748	0.500000
4.626436	7.892529	3.351233	0.500000
8.479030	11.869110	1.761802	0.500000
7.587467	1.510137	0.515455	0.500000
4.933752	6.151472	0.608886	0.500000
3.471197	4.831651	1.305980	0.500000
1.909321	11.825682	0.737131	0.500000
7.555357	1.069644	3.085082	0.500000
1.869619	6.665751	2.359663	0.500000
8.815208	12.290489	3.708449	0.500000
2.907147	4.821336	2.244224	0.500000
10.707376	7.664500	0.868794	0.500000
2.171990	1.019869	2.222572	0.500000
0.984359	11.897067	3.775542	0.500000
11.021841	10.111509	2.010930	0.500000
5.022403	2.128495	3.783860	0.500000
11.728385	2.482685	2.808350	0.500000
1.474171	8.709928	2.893412	0.500000
10.705480	9.750020	0.506374	0.500000
8.470148	7.503848	2.866801	0.500000
0.134845	5.156441	0.562392	0.500000
3.647876	8.557790	0.647014	0.500000
2.777824	0.114360	2.365934	0.500000
5.621732	12.386137	2.461694	0.500000
9.434644	7.083135	1.983300	0.500000
11.742982	9.294310	0.942159	0.500000
2.981867	10.787847	1.677671	0.500000
8.028166	4.784176	2.143403	0.500000
4.485251	7.729528	0.956242	0.500000
11.952474	3.072278	1.545035	0.500000
9.692424	9.145026	2.273732	0.500000
8.418578	10.836594	2.169094	0.500000
2.025742	3.344771	2.946932	0.500000
4.544133	5.347758	2.973837	0.500000
7.474257	11.131383	3.988993	0.500000
2.684434	3.553387	3.985771	0.500000
3.314651	8.506387	3.801060	0.500000
9.549104	0.051316	1.576862	0.500000
4.105791	2.105366	1.435373	0.500000
8.004430	2.050631	1.405047	0.500000
5.428682	1.343018	0.694305	0.500000
7.327589	9.677464	0.580181	0.500000
3.311136	4.929663	3.648574	0.500000
6.324833	12.360606	0.650084	0.500000
10.676517	6.300287	3.372443	0.500000
0.183112	10.195548	0.585861	0.500000
3.748614	0.823061	3.133246	0.500000
11.802063	10.478043	1.485769	0.500000
4.099784	10.437602	1.948519	0.500000
1.864304	11.628762	2.266517	0.500000
6.807364	0.728981	2.197685	0.500000
9.228189	7.813866	0.567614	0.500000
9.546427	12.325075	0.544799	0.500000
2.885582	6.140751	1.890677	0.500000
7.705532	2.602546	2.246228	0.500000
3.544260	10.628173	2.798887	0.500000
7.001905	8.218950	0.504294	0.500000
6.248261	9.233420	3.988472	0.500000
5.325333	11.305329	3.657405	0.500000
4.318902	2.843857	2.862281	0.500000
5.518561	7.425589	2.468986	0.500000
5.370709	5.468513	1.907150	0.500000
9.777766	2.294681	2.887033	0.500000
5.258464	3.244249	2.335000	0.500000
7.145475	10.768357	1.670071	0.500000
8.853730	5.142285	0.585975	0.500000
0.236155	11.379445	0.951800	0.500000
7.322345	5.341768	0.799882	0.500000
6.162025	4.189171	3.035729	0.500000
8.446702	9.994071	3.635685	0.500000
1.311496	3.221948	1.590033	0.500000
0.140285	0.026051	3.924247	0.500000
7.088397	3.701914	3.969561	0.500000
5.433253	10.133976	3.983864	0.500000
4.319016	0.455357	3.907683	0.500000
1.203713	9.092887	1.724754	0.500000
3.749697	9.063973	1.881618	0.500000
3.167590	5.883775	3.920659	0.500000
3.121202	9.580233	2.868748	0.500000
4.116925	1.497358	0.579607	0.500000
8.255664	9.290725	1.692312	0.500000
9.565309	6.440271	3.319881	0.500000
5.125181	12.245604	3.933259	0.500000
11.826379	10.543857	3.960632	0.500000
4.080951	0.048332	1.868782	0.500000
11.480506	6.026384	3.986923	0.500000
2.967856	12.293558	1.335031	0.500000
10.615987	4.803141	1.215639	0.500000
2.969071	5.629962	2.912016	0.500000
9.168168	11.938965	2.559944	0.500000
4.974923	4.160672	1.636333	0.500000
8.984349	2.973113	3.015059	0.500000
11.675784	1.832149	0.799371	0.500000
1.189471	7.766129	3.852404	0.500000
4.729905	0.292209	2.930260	0.500000
3.298460	1.641141	2.769532	0.500000
8.102843	5.609981	1.492700	0.500000
9.717318	3.996372	3.188852	0.500000
11.962552	7.646893	1.832057	0.500000
6.847484	4.720429	3.956929	0.500000
8.987084	1.898150	2.034109	0.500000
11.967245	0.281909	3.065614	0.500000
11.620551	5.064835	1.966953	0.500000
12.195790	5.809839	2.575893	0.500000
6.710923	8.535678	3.349042	0.500000
7.768182	1.770967	3.798614	0.500000
6.643542	2.335876	2.410889	0.500000
8.164938	8.666552	0.781357	0.500000
8.732179	3.873261	1.944019	0.500000
8.511550	1.597844	2.985471	0.500000
8.970968	9.545869	0.692340	0.500000
8.569399	8.522367	2.377688	0.500000
11.715277	8.784163	3.264191	0.500000
3.197062	2.472753	1.947674	0.500000
4.362248	4.397652	3.809398	0.500000
12.017546	11.616937	3.358959	0.500000
9.638667	8.129617	2.563664	0.500000
9.492417	5.371256	3.155131	0.500000
7.478760	9.735546	3.717123	0.500000
0.218551	4.860189	2.372569	0.500000
6.441730	10.321462	3.850953	0.500000
11.623037	3.814571	3.702841	0.500000
6.229494	5.147781	1.005585	0.500000
0.740481	10.752277	2.756961	0.500000
8.324460	0.840905	3.803764	0.500000
6.109623	0.311990	3.946608	0.500000
11.258958	6.821831	1.960855	0.500000
10.719563	4.127741	2.002381	0.500000
12.001862	3.944067	2.590532	0.500000
10.921948	0.593014	2.146769	0.500000
0.471995	0.986189	0.542993	0.500000
10.262374	9.855804	2.807499	0.500000
1.515253	10.943512	3.859640	0.500000
2.182783	5.075481	3.620190	0.500000
3.245298	3.801180	1.717929	0.500000
2.298523	9.730702	1.684711	0.500000
11.291756	0.219100	0.548504	0.500000
10.298734	6.587749	1.218324	0.500000
4.860397	6.460292	3.931772	0.500000
6.200151	7.252864	1.738758	0.500000
2.345440	8.688150	1.528865	0.500000
8.668347	2.889037	1.765622	0.500000
9.225061	4.139664	0.541100	0.500000
12.256820	10.233935	2.472304	0.500000
10.209199	3.281835	3.719110	0.500000
11.041609	8.576795	0.530685	0.500000
1.269998	1.607225	1.770947	0.500000
3.909195	8.716033	2.889631	0.500000
0.774432	1.067182	2.784803	0.500000
2.305491	3.153587	1.833554	0.500000
7.291322	10.689915	0.638636	0.500000
7.362844	1.621352	2.087246	0.500000
9.752122	0.301737	2.920625	0.500000
8.195653	11.763329	2.990981	0.500000
6.914228	5.002208	2.276508	0.500000
2.791260	4.404547	0.629885	0.500000
6.409437	6.639327	2.919424	0.500000
5.245950	0.929850	2.054690	0.500000
1.856515	5.526726	2.765621	0.500000
11.072543	11.185243	3.112682	0.500000
11.362985	0.519194	3.980839	0.500000
9.484920	1.230222	3.659391	0.500000
4.724024	8.131026	2.049544	0.500000
5.307056	1.101035	3.674036	0.500000
2.725805	2.367875	3.910692	0.500000
1.253766	4.878443	0.618601	0.500000
9.336405	4.641753	3.891131	0.500000
3.533472	0.866600	2.055575	0.500000
10.892041	2.613132	3.418394	0.500000
9.752462	0.316617	3.975183	0.500000
5.494314	8.158927	1.019518	0.500000
9.767417	11.473660	3.840388	0.500000
10.927964	5.679251	0.806985	0.500000
7.886476	2.818176	3.782888	0.500000
6.735400	12.298166	2.989738	0.500000
0.217207	6.610067	0.510754	0.500000
6.252517	7.621061	3.466213	0.500000
1.312326	4.790129	1.950548	0.500000
7.084674	3.410867	2.780677	0.500000
0.087422	0.761769	1.534877	0.500000
2.953537	10.722566	3.917528	0.500000
7.889776	9.521019	2.769576	0.500000
4.492449	1.791132	2.953061	0.500000
