400

11.095123	4.433897	2.462019	0.500000
6.908313	10.192433	1.165609	0.500000
8.306995	12.441034	0.523405	0.500000
1.836439	7.750976	2.890529	0.500000
1.720096	1.300930	3.903238	0.500000
0.855123	7.910363	2.611433	0.500000
6.601379	2.978924	3.288096	0.500000
5.496540	3.411297	2.488045	0.500000
8.592956	9.634511	3.920520	0.500000
12.044083	1.001460	1.864543	0.500000
9.200541	1.953619	0.878571	0.500000
0.838812	10.111230	2.378584	0.500000
7.819127	12.089599	2.813582	0.500000
6.980854	4.162385	2.573811	0.500000
9.950220	6.564014	3.714526	0.500000
11.760578	12.226384	3.683788	0.500000
4.006648	2.110157	0.674254	0.500000
4.264823	5.347543	3.192135	0.500000
12.408953	3.625476	1.745154	0.500000
10.577345	8.040720	3.580759	0.500000
3.641106	6.118978	1.293615	0.500000
1.754949	9.918002	1.751109	0.500000
11.483421	3.758940	3.959973	0.500000
11.011519	8.037278	1.356092	0.500000
5.975008	5.103123	0.749976	0.500000
7.458224	8.973021	3.902263	0.500000
8.571213	11.380522	2.223069	0.500000
12.145574	1.744652	2.583194	0.500000
11.890933	7.491420	2.016877	0.500000
10.529081	6.759473	2.810381	0.500000
10.552714	0.553771	1.889146	0.500000
9.531824	5.867938	1.896417	0.500000
9.170631	6.247478	3.034887	0.500000
10.002598	12.029608	3.813291	0.500000
6.131650	8.807915	3.715719	0.500000
1.502998	5.696736	1.123151	0.500000
3.137368	5.889886	3.649928	0.500000
6.275661	3.641280	1.872620	0.500000
0.770493	6.201955	1.903066	0.500000
4.108447	5.119353	1.597212	0.500000
7.007500	11.306824	2.788105	0.500000
1.958466	3.531202	2.257471	0.500000
7.126703	3.405580	1.259736	0.500000
9.589059	12.070260	2.823676	0.500000
9.147927	4.735119	3.026536	0.500000
11.993360	3.990337	3.038754	0.500000
5.269816	12.073488	2.269134	0.500000
10.362894	5.757079	2.713617	0.500000
3.951722	3.358833	1.348448	0.500000
8.991192	9.936001	2.901151	0.500000
0.680830	10.395510	1.238919	0.500000
11.179185	9.519213	1.518895	0.500000
8.550386	1.240513	1.673832	0.500000
4.776819	2.579077	1.824557	0.500000
1.001783	7.473418	3.954516	0.500000
9.704641	1.002214	3.935495	0.500000
7.132535	10.787337	3.692463	0.500000
1.560142	8.296757	3.713726	0.500000
4.511940	7.164677	2.054565	0.500000
2.788328	7.899550	1.350045	0.500000
2.965403	9.493987	3.562492	0.500000
1.959631	1.529253	0.560721	0.500000
8.339869	9.173453	2.285388	0.500000
12.341442	10.813181	3.633782	0.500000
1.253234	5.876201	3.544297	0.500000
2.272271	1.056765	2.124612	0.500000
2.828422	1.837364	2.415757	0.500000
10.898103	2.381337	3.983070	0.500000
8.542433	8.022424	3.985549	0.500000
2.424126	5.794918	1.525588	0.500000
5.753735	6.776061	2.140092	0.500000
8.653735	3.039594	2.614988	0.500000
5.374503	8.638721	2.678640	0.500000
9.800336	9.136055	1.493340	0.500000
12.192094	4.534059	3.938161	0.500000
5.379006	1.598356	1.938079	0.500000
5.873724	10.540863	3.684842	0.500000
1.857090	3.163368	0.507953	0.500000
0.609886	0.073543	1.321937	0.500000
3.288326	11.551060	1.385662	0.500000
11.421028	5.815300	2.783025	0.500000
7.554077	6.114472	2.542650	0.500000
3.061912	4.903384	3.796886	0.500000
7.208767	11.078831	1.718445	0.500000
5.271505	9.796740	2.792818	0.500000
10.635520	7.964067	2.302168	0.500000
3.541935	4.698887	2.888531	0.500000
12.350643	9.359866	0.874680	0.500000
9.604108	11.698374	0.649310	0.500000
9.623946	0.452283	1.251334	0.500000
8.587733	8.026906	2.491792	0.500000
11.064387	1.544644	0.821712	0.500000
9.382679	1.668104	2.212660	0.500000
6.940393	0.469653	3.108243	0.500000
10.997884	10.535128	0.659122	0.500000
10.365397	9.232035	3.985564	0.500000
7.298257	5.051772	2.065286	0.500000
4.072622	7.895541	0.847440	0.500000
5.704945	2.746744	3.852007	0.500000
5.033364	4.078040	1.469195	0.500000
5.406703	11.587472	1.309162	0.500000
1.909364	8.899829	1.516364	0.500000
3.996711	1.822638	1.640935	0.500000
0.891838	8.607034	0.817344	0.500000
6.975061	12.081010	1.655637	0.500000
2.575383	3.058978	3.613489	0.500000
8.285463	5.217092	1.569896	0.500000
3.982131	6.602738	2.938994	0.500000
3.429882	7.225439	2.315160	0.500000
0.604676	0.199910	3.906220	0.500000
6.832470	3.932476	3.919295	0.500000
12.113305	10.581195	2.179439	0.500000
1.925727	0.398696	2.966065	0.500000
0.516197	12.261798	2.517437	0.500000
1.618158	1.874353	1.479084	0.500000
7.817225	3.330487	3.313895	0.500000
0.620606	6.248320	0.774282	0.500000
0.148112	8.159480	3.784782	0.500000
2.787555	12.208430	0.788100	0.500000
0.763055	11.220422	1.815484	0.500000
1.858422	10.534310	2.596489	0.500000
5.311182	1.786532	3.959534	0.500000
9.547701	9.068497	3.347174	0.500000
11.734204	4.293251	1.024930	0.500000
12.245683	11.811309	1.801553	0.500000
11.761108	11.564176	2.802567	0.500000
12.080693	7.476717	0.939818	0.500000
2.008487	11.565816	0.618068	0.500000
5.613755	2.415638	2.794412	0.500000
3.441318	10.470551	3.796753	0.500000
2.177722	4.258331	3.937934	0.500000
6.644478	10.384956	2.379745	0.500000
8.929128	0.389765	2.668185	0.500000
3.571214	11.453568	2.930835	0.500000
8.180989	7.131607	3.059661	0.500000
6.151656	0.588973	1.677422	0.500000
5.938028	12.395642	0.835848	0.500000
3.565913	8.679409	1.709325	0.500000
11.980433	0.880146	0.564338	0.500000
9.814084	2.082038	3.969278	0.500000
8.270148	1.809251	2.645889	0.500000
11.872217	1.259131	3.899012	0.500000
8.987284	10.304395	1.911320	0.500000
5.847775	5.967540	3.097296	0.500000
9.315407	10.786327	1.093817	0.500000
11.146762	1.735152	3.140735	0.500000
7.722741	9.715425	3.285639	0.500000
6.401330	12.277867	2.458497	0.500000
10.316498	6.465682	0.539642	0.500000
1.562835	11.356107	3.814000	0.500000
1.033503	11.286386	2.965670	0.500000
10.745590	5.104114	1.705814	0.500000
7.191801	9.548317	2.318310	0.500000
2.086744	7.064612	3.712448	0.500000
2.163853	6.047676	3.002440	0.500000
3.563276	1.171470	3.143052	0.500000
3.031682	1.754017	3.835209	0.500000
8.431120	0.898545	3.472476	0.500000
11.240482	11.098512	1.756710	0.500000
11.027466	7.119869	3.954279	0.500000
9.980902	10.524718	2.527703	0.500000
11.009335	6.073261	1.527979	0.500000
2.971435	9.754569	1.674290	0.500000
8.574422	12.318845	3.495378	0.500000
0.229454	6.084845	3.844298	0.500000
2.299972	12.360286	1.658128	0.500000
10.038756	5.306446	3.659268	0.500000
5.600005	8.298343	0.984062	0.500000
9.733414	7.510422	3.987310	0.500000
0.785488	11.271816	0.646438	0.500000
3.185081	3.664579	2.623752	0.500000
12.394171	6.663907	2.588292	0.500000
0.061916	0.606991	2.966679	0.500000
5.685340	2.810979	1.299389	0.500000
10.806892	7.031106	1.771651	0.500000
8.246402	6.184442	3.550943	0.500000
6.290566	9.512006	0.661329	0.500000
5.704462	1.046699	0.775916	0.500000
12.443373	12.052112	0.684003	0.500000
0.773747	1.694953	3.842943	0.500000
8.030656	8.412816	1.195828	0.500000
10.354113	10.398994	1.600105	0.500000
4.906799	3.172960	0.763433	0.500000
11.631547	6.302910	0.666421	0.500000
6.697258	9.696892	3.472569	0.500000
2.943327	3.384184	0.734834	0.500000
11.208763	10.613255	3.870483	0.500000
2.222622	10.417891	0.561926	0.500000
1.135609	6.770574	2.815871	0.500000
8.502729	4.021818	0.535287	0.500000
4.374424	8.965459	2.884624	0.500000
10.293143	3.031336	1.517318	0.500000
5.260641	12.220650	3.307626	0.500000
3.434885	9.538298	0.513418	0.500000
7.280311	8.343606	2.132919	0.500000
3.769787	3.477082	3.583702	0.500000
6.531607	6.892291	1.062665	0.500000
1.514075	2.804523	2.854422	0.500000
7.889946	2.915314	0.721222	0.500000
2.865148	10.098600	2.668845	0.500000
1.958972	6.582446	2.147602	0.500000
12.255063	9.625782	1.867794	0.500000
4.321399	11.278501	1.712158	0.500000
3.794276	0.172621	0.518558	0.500000
10.686540	9.138499	2.327017	0.500000
10.007616	1.392953	1.377074	0.500000
4.143987	6.307564	3.938436	0.500000
12.106041	5.348923	0.548964	0.500000
4.189800	7.441949	3.976350	0.500000
4.392423	9.007048	0.571840	0.500000
3.201887	2.745695	1.857897	0.500000
2.450056	0.553703	3.815739	0.500000
10.919632	12.389657	2.946292	0.500000
9.157883	3.615473	3.913755	0.500000
1.722699	1.744338	3.004971	0.500000
3.177252	12.341715	2.538018	0.500000
8.861843	12.262561	1.379960	0.500000
10.038850	4.272408	3.917810	0.500000
7.754776	8.184004	3.105233	0.500000
4.287256	0.168709	2.833543	0.500000
7.711637	2.246684	3.742789	0.500000
5.385686	9.033691	1.685147	0.500000
0.864490	7.337683	1.012178	0.500000
2.581970	11.232241	2.666294	0.500000
4.413563	6.793466	1.080624	0.500000
4.422574	4.529805	3.822229	0.500000
2.793383	11.279325	3.955858	0.500000
2.460404	4.604867	3.030393	0.500000
12.368692	6.541509	1.418478	0.500000
9.188790	11.404053	3.498521	0.500000
7.610025	0.330732	3.982441	0.500000
4.787838	3.985716	2.914138	0.500000
9.685834	2.513781	2.662248	0.500000
6.319904	1.925654	1.822410	0.500000
6.576595	4.530323	1.439104	0.500000
6.865186	7.417490	2.871900	0.500000
5.909549	0.517631	3.853220	0.500000
10.369214	1.499608	2.550514	0.500000
9.772510	5.237213	0.784274	0.500000
0.053817	8.325157	1.818357	0.500000
12.225426	2.760544	2.621091	0.500000
11.596677	9.647796	3.921042	0.500000
6.952928	1.906660	2.855159	0.500000
5.193647	6.100958	3.973723	0.500000
4.893048	5.963467	1.592296	0.500000
3.304783	7.100168	3.585615	0.500000
0.682287	4.375145	3.149500	0.500000
11.382697	6.105878	3.855988	0.500000
11.317477	2.687972	0.957580	0.500000
3.230669	1.086453	0.540661	0.500000
2.893000	6.888142	1.487793	0.500000
8.527302	6.168597	1.921958	0.500000
3.150405	0.633406	1.461047	0.500000
7.827043	6.787368	0.990979	0.500000
10.059086	4.053510	1.833985	0.500000
2.890939	8.090113	3.692850	0.500000
6.044236	1.412344	3.066526	0.500000
0.764422	9.307935	1.732864	0.500000
1.798650	9.643529	3.132826	0.500000
8.422978	4.299918	2.379750	0.500000
5.812554	7.943462	1.994014	0.500000
4.471590	1.064527	3.626952	0.500000
7.828388	9.277431	0.502591	0.500000
3.908846	8.681454	3.923977	0.500000
10.558541	0.647338	0.670733	0.500000
9.458600	3.835803	2.666374	0.500000
11.163662	5.078148	3.677143	0.500000
9.769965	7.788432	0.532119	0.500000
0.883271	2.474852	0.836941	0.500000
1.881206	6.566399	0.674506	0.500000
9.883138	4.985967	2.235388	0.500000
8.797765	9.297975	0.763436	0.500000
8.181152	3.580740	1.604214	0.500000
1.031258	10.171176	3.567452	0.500000
10.084676	11.656243	1.614755	0.500000
8.377502	10.678740	3.941093	0.500000
11.653239	11.327519	0.741716	0.500000
7.119761	7.611776	3.914909	0.500000
10.755224	11.963770	0.868020	0.500000
8.287443	11.200689	0.581787	0.500000
11.984257	3.398665	0.591119	0.500000
5.465181	10.981569	0.505468	0.500000
4.738114	7.943220	3.247048	0.500000
12.413572	1.818691	0.814904	0.500000
8.550585	5.291449	3.883493	0.500000
7.813846	7.181540	1.917463	0.500000
7.986862	5.248613	0.596371	0.500000
10.643009	4.259429	0.717917	0.500000
0.316153	3.269770	3.820231	0.500000
3.236369	5.503356	2.267153	0.500000
2.909380	4.867129	1.409617	0.500000
4.805139	5.285238	0.663051	0.500000
3.216486	10.859554	0.558957	0.500000
6.300255	6.537788	3.845703	0.500000
7.694897	0.538581	2.004723	0.500000
10.724861	2.638840	2.651057	0.500000
4.647497	2.686344	2.886620	0.500000
1.888876	0.690199	1.119720	0.500000
9.758122	7.048454	1.907519	0.500000
5.552915	10.753269	2.159255	0.500000
9.265026	4.467986	1.178288	0.500000
7.303258	6.668277	3.461436	0.500000
4.192129	12.353084	1.468656	0.500000
1.733505	4.045341	1.160492	0.500000
6.306845	5.015579	2.866727	0.500000
5.705580	7.373601	3.751376	0.500000
2.704485	2.028876	1.324203	0.500000
5.146091	0.698925	2.504374	0.500000
11.597366	8.313997	3.983196	0.500000
5.655802	4.112210	3.814666	0.500000
0.659221	4.390669	1.065685	0.500000
10.127015	3.179685	0.532722	0.500000
6.425978	5.022767	3.909807	0.500000
6.306430	11.841203	3.500185	0.500000
8.286443	10.309958	1.197740	0.500000
5.318673	11.413638	3.901443	0.500000
5.015211	8.904999	3.875080	0.500000
1.663452	8.706577	2.639620	0.500000
6.908330	12.212697	0.575998	0.500000
3.386028	5.412690	0.584693	0.500000
10.852453	0.086361	3.982310	0.500000
4.938131	6.375189	2.606167	0.500000
12.039178	6.960436	3.744859	0.500000
10.896456	10.108235	2.760425	0.500000
9.086519	6.923775	1.158791	0.500000
10.164336	9.841388	0.771523	0.500000
0.804784	5.058074	3.988333	0.500000
12.002636	10.319161	0.518476	0.500000
9.180741	2.930971	1.735111	0.500000
4.952350	9.998438	1.836259	0.500000
10.604131	3.628873	2.989376	0.500000
6.463530	11.381007	0.964765	0.500000
7.364744	11.822934	3.756318	0.500000
4.546297	1.167002	0.737130	0.500000
1.613274	3.351723	3.892047	0.500000
11.493742	3.094862	1.943564	0.500000
3.179460	4.350650	0.571617	0.500000
7.130796	0.689935	1.134445	0.500000
8.021046	10.672596	2.988790	0.500000
4.517559	10.332431	0.545784	0.500000
12.204140	5.555798	1.602014	0.500000
5.339928	5.079230	1.913716	0.500000
4.389032	11.403437	3.521288	0.500000
10.916484	5.333724	0.698157	0.500000
10.068982	8.830428	0.538400	0.500000
5.755460	6.177565	0.658781	0.500000
10.110643	3.178458	3.853193	0.500000
6.762784	2.439470	1.071980	0.500000
5.449135	7.132961	0.782270	0.500000
3.691747	0.337772	3.945144	0.500000
0.478729	2.139874	2.007874	0.500000
11.919013	8.469897	0.648405	0.500000
1.971862	10.394433	3.971599	0.500000
0.901439	0.928087	2.450478	0.500000
2.774990	8.381005	2.463567	0.500000
11.213505	8.694683	3.086840	0.500000
6.813527	8.021324	0.691373	0.500000
1.807835	7.719965	1.885877	0.500000
6.929858	8.926067	1.243351	0.500000
8.591442	1.165711	0.509128	0.500000
1.483436	9.461126	0.716759	0.500000
7.114046	2.775790	2.102801	0.500000
11.125947	7.189926	0.536340	0.500000
8.696353	5.997167	0.586555	0.500000
7.665600	1.642046	0.653138	0.500000
12.344430	2.338691	3.684889	0.500000
4.083468	10.615109	2.707240	0.500000
1.979186	2.813475	1.502643	0.500000
10.423390	11.459487	2.844776	0.500000
12.321380	4.800605	2.512751	0.500000
6.828211	1.357088	3.848730	0.500000
0.871547	1.275408	1.068657	0.500000
9.594518	8.042807	2.246889	0.500000
5.833871	10.129319	1.324483	0.500000
2.471028	10.672480	1.568582	0.500000
1.581638	12.059203	2.434262	0.500000
4.154896	4.053741	2.058035	0.500000
4.574656	8.425738	2.027537	0.500000
10.986732	2.143551	1.760550	0.500000
0.063562	9.378633	3.301447	0.500000
10.199850	1.953782	0.510208	0.500000
1.956284	7.693709	0.718155	0.500000
4.269114	4.120037	0.704361	0.500000
3.974268	9.638333	3.542099	0.500000
0.909965	3.806255	2.150775	0.500000
9.841001	10.091732	3.946111	0.500000
6.383131	5.816972	1.730619	0.500000
8.413962	4.281576	3.729115	0.500000
4.087189	2.524367	3.790607	0.500000
4.827783	10.540591	3.921532	0.500000
3.501413	2.467395	2.889449	0.500000
9.342819	7.280160	2.985650	0.500000
11.833760	7.725512	3.071754	0.500000
2.814813	8.872914	0.958713	0.500000
2.791697	3.889208	1.654203	0.500000
7.497536	4.384921	0.725840	0.500000
4.360260	11.603261	0.745781	0.500000
5.088713	0.609122	1.458870	0.500000
7.483661	5.305614	3.964529	0.500000
8.175339	5.357830	2.757033	0.500000
