100

0.040448	1.557749	0.525485	0.500000
0.659817	0.645509	0.590634	0.500000
2.175503	1.588855	0.783527	0.500000
2.855330	0.692146	0.662711	0.500000
4.809000	1.203239	0.799021	0.500000
5.886887	1.398426	0.562363	0.500000
5.473915	0.477587	0.536060	0.500000
6.471630	0.555818	0.500489	0.500000
8.561368	0.529695	0.772649	0.500000
9.029262	1.483643	0.545166	0.500000
1.644684	2.539616	0.748656	0.500000
1.144742	1.613604	0.690208	0.500000
3.149991	1.765768	0.640279	0.500000
4.166229	1.915004	0.511875	0.500000
5.105806	2.243911	0.722613	0.500000
6.207059	2.322539	0.789190	0.500000
6.899250	1.439463	0.719731	0.500000
8.025764	1.383201	0.760250	0.500000
8.260531	2.392672	0.687322	0.500000
9.274030	2.488512	0.582263	0.500000
0.454600	2.527643	0.541048	0.500000
1.029781	3.385780	0.540662	0.500000
2.697347	2.681689	0.590317	0.500000
3.675215	2.834538	0.798919	0.500000
4.596511	3.230426	0.736738	0.500000
5.606065	3.119105	0.711277	0.500000
7.239914	2.411277	0.785361	0.500000
7.805898	3.288552	0.582369	0.500000
8.170688	4.249968	0.520954	0.500000
8.870441	3.432893	0.796588	0.500000
9.889822	3.347756	0.712840	0.500000
2.054425	3.582863	0.718165	0.500000
3.069712	3.644285	0.552949	0.500000
3.987426	4.059708	0.556838	0.500000
5.057347	4.260170	0.543655	0.500000
6.033931	4.213621	0.775599	0.500000
6.624763	3.241323	0.593545	0.500000
8.716100	5.141029	0.612766	0.500000
9.367181	4.300692	0.552522	0.500000
0.332447	4.219439	0.560173	0.500000
0.849091	5.173472	0.554971	0.500000
1.383804	4.332151	0.718497	0.500000
2.479878	4.488817	0.583183	0.500000
3.420169	4.881419	0.750969	0.500000
4.419755	5.170727	0.542506	0.500000
5.500121	5.197429	0.598923	0.500000
6.526483	5.064044	0.580280	0.500000
7.103703	4.147400	0.768402	0.500000
9.283648	6.142357	0.789050	0.500000
9.841250	5.195206	0.713153	0.500000
0.256031	6.083855	0.534621	0.500000
1.852960	5.262691	0.757853	0.500000
2.343385	6.145200	0.720660	0.500000
3.338052	6.096826	0.628749	0.500000
4.809953	6.138510	0.732438	0.500000
6.024633	6.073461	0.721136	0.500000
7.121917	6.025626	0.644307	0.500000
7.637936	5.092209	0.682602	0.500000
8.188065	6.062643	0.504468	0.500000
9.763859	7.016149	0.506926	0.500000
0.771596	7.031896	0.502970	0.500000
1.254171	6.065886	0.776518	0.500000
1.921659	7.051656	0.591685	0.500000
2.965673	7.063632	0.643193	0.500000
4.099063	6.918926	0.515896	0.500000
5.373052	6.972205	0.533611	0.500000
6.383584	6.988732	0.516692	0.500000
7.660408	7.041628	0.709223	0.500000
8.129623	7.929560	0.605216	0.500000
8.713880	6.988762	0.688658	0.500000
0.784047	8.750497	0.727637	0.500000
1.335418	7.885267	0.569596	0.500000
2.459300	7.928030	0.640633	0.500000
3.601020	7.963420	0.513799	0.500000
4.601840	7.822558	0.678973	0.500000
5.785614	7.944720	0.751008	0.500000
6.938474	7.852091	0.571742	0.500000
7.567043	8.769960	0.501964	0.500000
8.672988	8.864075	0.775570	0.500000
9.200618	7.918726	0.508939	0.500000
0.227042	7.903068	0.624602	0.500000
1.273824	9.844999	0.573706	0.500000
1.835211	8.880250	0.658563	0.500000
2.921271	8.897409	0.664461	0.500000
3.991546	8.942780	0.545308	0.500000
4.982082	8.759502	0.530194	0.500000
6.397678	8.742502	0.794649	0.500000
6.949741	9.685098	0.504056	0.500000
8.019855	9.663381	0.617795	0.500000
9.698351	8.855286	0.511369	0.500000
0.233215	9.687559	0.636983	0.500000
1.747416	0.694122	0.606833	0.500000
2.288682	9.821354	0.523670	0.500000
3.562372	9.895341	0.682781	0.500000
3.870494	0.813718	0.750135	0.500000
4.649278	9.867462	0.722386	0.500000
5.887024	9.595340	0.544421	0.500000
7.516414	0.481689	0.764704	0.500000
9.239363	9.731630	0.728534	0.500000
9.613855	0.660030	0.704167	0.500000
