100

0.448473	0.428144	0.613988	0.500000
1.168649	9.682844	0.526988	0.500000
2.273213	9.514302	0.643007	0.500000
3.314729	9.599204	0.525233	0.500000
3.959072	0.430449	0.743549	0.500000
5.120578	0.271108	0.792036	0.500000
5.621944	9.332524	0.515955	0.500000
6.838758	9.325638	0.627273	0.500000
8.448085	0.311803	0.629624	0.500000
9.474426	0.494882	0.737428	0.500000
1.340713	1.441763	0.558609	0.500000
1.786951	0.441243	0.540575	0.500000
2.783871	0.409102	0.695672	0.500000
3.370030	1.241778	0.704452	0.500000
4.643144	1.130327	0.517287	0.500000
5.687375	1.094547	0.590028	0.500000
6.133524	0.192146	0.548559	0.500000
7.405509	0.132162	0.799112	0.500000
8.053011	1.265079	0.748244	0.500000
9.059016	1.442985	0.547783	0.500000
0.304515	1.413330	0.766025	0.500000
0.798261	2.370603	0.531803	0.500000
2.368800	1.387067	0.628223	0.500000
3.028603	2.193589	0.680904	0.500000
4.054222	1.987867	0.780481	0.500000
5.122856	2.020970	0.539000	0.500000
6.774524	1.003014	0.620973	0.500000
7.306330	1.921337	0.629002	0.500000
7.794599	2.850963	0.573365	0.500000
8.800375	2.414223	0.533052	0.500000
9.792921	2.272666	0.557207	0.500000
1.916522	2.283302	0.549527	0.500000
2.553007	3.086819	0.696064	0.500000
3.589217	3.083538	0.523967	0.500000
4.589422	3.050746	0.505387	0.500000
5.582127	2.928403	0.748605	0.500000
6.154220	1.982253	0.787645	0.500000
8.249644	3.800048	0.648935	0.500000
9.259898	3.546924	0.657951	0.500000
0.209398	3.258253	0.730927	0.500000
0.967855	4.157107	0.559549	0.500000
1.522806	3.240751	0.787531	0.500000
2.113904	4.118079	0.538453	0.500000
3.130355	4.099791	0.745550	0.500000
4.175880	3.953722	0.736559	0.500000
5.188755	3.855472	0.711673	0.500000
6.221775	3.767948	0.694394	0.500000
6.715992	2.832321	0.514885	0.500000
8.888614	4.622846	0.534008	0.500000
9.841246	4.385236	0.788026	0.500000
0.574533	5.145700	0.653834	0.500000
1.654907	5.076135	0.502425	0.500000
2.655498	4.994574	0.663002	0.500000
3.737330	4.898535	0.744943	0.500000
4.808083	4.801793	0.664201	0.500000
5.850227	4.737435	0.646274	0.500000
6.870557	4.849513	0.775729	0.500000
7.248528	3.694103	0.590043	0.500000
7.850711	4.788612	0.566591	0.500000
9.533676	5.419320	0.507853	0.500000
0.191930	6.117133	0.798737	0.500000
1.252108	6.003529	0.571925	0.500000
2.258485	5.914141	0.570103	0.500000
3.262593	5.777060	0.517285	0.500000
4.435132	5.733127	0.634559	0.500000
5.487712	5.702525	0.539371	0.500000
6.499522	5.747295	0.503243	0.500000
7.538386	5.773103	0.517421	0.500000
8.258743	6.632303	0.573627	0.500000
8.529292	5.631997	0.508939	0.500000
0.824651	6.897382	0.763667	0.500000
1.810264	6.859219	0.500357	0.500000
2.853019	6.831886	0.768519	0.500000
3.830698	6.613368	0.583592	0.500000
4.900294	6.697760	0.616462	0.500000
5.957155	6.650341	0.623106	0.500000
7.066293	6.681356	0.663790	0.500000
7.956655	7.591537	0.714587	0.500000
9.180344	7.575181	0.632698	0.500000
9.286933	6.526892	0.783380	0.500000
0.284543	7.749678	0.648478	0.500000
1.280213	7.791028	0.519038	0.500000
2.265392	7.851076	0.704547	0.500000
3.351370	7.684392	0.565500	0.500000
4.416736	7.669833	0.663371	0.500000
5.508206	7.544454	0.720681	0.500000
6.527497	7.533331	0.728614	0.500000
7.211371	8.337448	0.762192	0.500000
8.609937	8.438768	0.501887	0.500000
9.599360	8.511764	0.777604	0.500000
0.565890	8.769480	0.519467	0.500000
1.584915	8.761135	0.788325	0.500000
2.918967	8.615180	0.712249	0.500000
3.917310	8.686275	0.740936	0.500000
4.432159	9.552997	0.772445	0.500000
4.990972	8.503423	0.782748	0.500000
6.213434	8.542732	0.689223	0.500000
7.851795	9.167796	0.584859	0.500000
8.922064	9.397971	0.600598	0.500000
9.901459	9.629484	0.645086	0.500000
