100

0.016153	0.480385	0.655447	0.500000
0.552511	9.658248	0.662715	0.500000
2.110172	0.740259	0.648363	0.500000
2.745223	9.813740	0.747082	0.500000
4.186887	0.783114	0.556237	0.500000
5.376189	0.768871	0.748386	0.500000
4.922237	9.880031	0.752251	0.500000
5.949479	9.918004	0.742032	0.500000
8.098790	0.153219	0.681473	0.500000
9.046090	0.464275	0.796776	0.500000
1.585953	1.625739	0.528647	0.500000
1.091305	0.512288	0.518526	0.500000
3.198417	0.721445	0.793869	0.500000
3.652847	1.613788	0.795614	0.500000
4.809607	1.600994	0.651929	0.500000
5.866792	1.635737	0.524003	0.500000
6.469259	0.817465	0.658321	0.500000
7.493247	0.956408	0.687277	0.500000
8.402950	1.368965	0.540065	0.500000
9.442598	1.433171	0.778187	0.500000
0.440112	1.402078	0.687068	0.500000
1.040296	2.505698	0.681808	0.500000
2.610149	1.704903	0.691292	0.500000
3.204554	2.508381	0.761294	0.500000
4.245873	2.470058	0.776785	0.500000
5.324041	2.609363	0.798237	0.500000
6.900231	1.782005	0.768587	0.500000
7.626864	2.478844	0.771642	0.500000
8.008022	3.368005	0.502487	0.500000
8.851943	2.287068	0.530538	0.500000
9.888893	2.320354	0.622544	0.500000
2.051000	2.550614	0.641853	0.500000
2.607023	3.429126	0.560865	0.500000
3.673495	3.393283	0.531623	0.500000
4.718509	3.405371	0.750164	0.500000
5.787041	3.501259	0.704609	0.500000
6.377237	2.618080	0.536676	0.500000
8.616518	4.215910	0.747385	0.500000
9.265414	3.265093	0.527702	0.500000
0.229500	3.358278	0.579701	0.500000
0.601692	4.330323	0.501068	0.500000
1.299515	3.512936	0.587460	0.500000
1.971138	4.250145	0.708526	0.500000
3.124084	4.318509	0.714283	0.500000
4.176380	4.387039	0.760489	0.500000
5.169734	4.440545	0.565160	0.500000
6.339652	4.380603	0.533082	0.500000
6.925337	3.510150	0.713164	0.500000
8.728602	5.215548	0.594478	0.500000
9.601139	4.372474	0.613121	0.500000
9.784565	5.384951	0.711936	0.500000
1.399566	5.182710	0.518149	0.500000
2.468808	5.112318	0.578654	0.500000
3.502146	5.258211	0.534208	0.500000
4.645098	5.359605	0.737862	0.500000
5.697590	5.301949	0.617271	0.500000
6.741550	5.335360	0.701438	0.500000
7.457156	4.392271	0.715184	0.500000
7.754136	5.363257	0.774100	0.500000
9.332471	6.339726	0.600569	0.500000
0.322519	6.782135	0.554529	0.500000
0.695578	5.875041	0.768613	0.500000
1.971285	6.181766	0.577238	0.500000
3.010194	6.136657	0.668242	0.500000
4.008082	6.133384	0.797091	0.500000
5.196979	6.170132	0.521687	0.500000
6.199671	6.181451	0.588644	0.500000
7.242740	6.217259	0.620578	0.500000
7.741961	7.114895	0.794340	0.500000
8.330050	6.269670	0.637198	0.500000
0.783456	7.877972	0.639158	0.500000
1.351961	7.001039	0.595149	0.500000
2.515821	7.060731	0.695317	0.500000
3.531225	7.083039	0.531967	0.500000
4.536387	6.982907	0.586397	0.500000
5.633668	7.078202	0.604527	0.500000
6.701813	7.073465	0.528123	0.500000
6.979190	8.086160	0.793124	0.500000
8.005319	8.201565	0.547005	0.500000
8.811105	7.279925	0.746882	0.500000
9.805363	7.683197	0.581188	0.500000
1.262053	8.760757	0.571370	0.500000
1.826955	7.943309	0.737654	0.500000
2.808275	8.032262	0.538290	0.500000
3.945147	7.999436	0.636490	0.500000
4.915628	8.212013	0.511217	0.500000
5.931264	8.076741	0.745435	0.500000
6.546021	9.091835	0.593199	0.500000
7.545207	9.143348	0.634328	0.500000
9.123349	8.442339	0.528768	0.500000
0.134494	8.715527	0.532806	0.500000
1.604085	9.691758	0.716253	0.500000
2.257203	8.876839	0.543496	0.500000
3.309017	8.921301	0.774412	0.500000
3.773853	9.893218	0.777638	0.500000
4.331693	8.977516	0.786382	0.500000
5.492294	9.021453	0.770755	0.500000
7.062771	0.005110	0.605458	0.500000
8.555634	9.283529	0.607115	0.500000
9.531940	9.625195	0.582613	0.500000
