100

10.013596	1.372066	0.746657	0.500000
0.535023	0.500644	0.552084	0.500000
2.038093	1.419684	0.753886	0.500000
2.669755	0.547289	0.781953	0.500000
4.773233	0.756675	0.741809	0.500000
5.718932	1.153679	0.621670	0.500000
5.257892	9.915288	0.784973	0.500000
6.246553	0.160626	0.555445	0.500000
8.363811	0.463712	0.564879	0.500000
8.882637	1.360274	0.537330	0.500000
1.459412	2.406855	0.599999	0.500000
1.031194	1.374619	0.740042	0.500000
3.081980	1.511777	0.647387	0.500000
4.197905	1.579377	0.511037	0.500000
5.184868	2.041736	0.605625	0.500000
6.223529	2.225578	0.547755	0.500000
6.719209	1.171034	0.506075	0.500000
7.726848	1.239128	0.513428	0.500000
8.296765	2.230592	0.616721	0.500000
9.381831	2.247331	0.744086	0.500000
0.425458	2.307533	0.673143	0.500000
0.848550	3.228505	0.766364	0.500000
2.464435	2.440253	0.560686	0.500000
3.569478	2.481384	0.665752	0.500000
4.605537	2.905455	0.793930	0.500000
5.596955	3.105406	0.610180	0.500000
7.262087	2.242269	0.726007	0.500000
7.663445	3.228564	0.722921	0.500000
8.127712	4.123806	0.751328	0.500000
8.676279	3.239866	0.774218	0.500000
9.871947	3.127206	0.781619	0.500000
1.927754	3.308841	0.625424	0.500000
3.036298	3.326917	0.619839	0.500000
3.999544	3.747641	0.794784	0.500000
4.927872	4.111237	0.681452	0.500000
6.038775	4.001213	0.551565	0.500000
6.647552	3.167376	0.781207	0.500000
8.788493	4.894995	0.523368	0.500000
9.388243	4.077577	0.672658	0.500000
0.402777	4.167446	0.720938	0.500000
0.901771	5.094212	0.714795	0.500000
1.485666	4.251771	0.782054	0.500000
2.488966	4.167103	0.635497	0.500000
3.104238	4.963565	0.716455	0.500000
4.123164	4.723354	0.534520	0.500000
5.550454	4.911033	0.573967	0.500000
6.591871	4.987598	0.764518	0.500000
7.058193	4.130162	0.524456	0.500000
9.303973	5.857501	0.750024	0.500000
9.902362	5.019315	0.728936	0.500000
0.266639	5.943799	0.506049	0.500000
2.073402	5.078554	0.548699	0.500000
2.763192	5.938507	0.506994	0.500000
3.876262	5.966019	0.702549	0.500000
4.925231	5.837789	0.640402	0.500000
5.992200	5.837604	0.636554	0.500000
6.994934	5.967919	0.738115	0.500000
7.606480	4.991570	0.529480	0.500000
8.308636	5.773144	0.632498	0.500000
9.772691	6.863904	0.584288	0.500000
0.771804	6.914168	0.766697	0.500000
1.385466	6.002826	0.649970	0.500000
1.852824	6.894707	0.753394	0.500000
3.009623	6.976547	0.549314	0.500000
4.045726	6.983429	0.641023	0.500000
5.060501	6.843208	0.614363	0.500000
6.157444	6.825595	0.584950	0.500000
7.749900	6.623007	0.781022	0.500000
8.175446	7.738557	0.770407	0.500000
8.770658	6.728766	0.580080	0.500000
0.653855	8.740758	0.586460	0.500000
1.358837	7.795869	0.723763	0.500000
2.407477	7.777206	0.515931	0.500000
3.373734	7.951508	0.758926	0.500000
4.426691	7.957908	0.770425	0.500000
5.440396	7.946388	0.796889	0.500000
7.133637	7.441110	0.720204	0.500000
7.443473	8.505969	0.677228	0.500000
8.519985	8.674996	0.592455	0.500000
9.247548	7.716514	0.763626	0.500000
0.338129	7.784849	0.511695	0.500000
1.065214	9.652283	0.717373	0.500000
1.761851	8.711759	0.601068	0.500000
2.749713	8.816683	0.793969	0.500000
3.876090	8.916333	0.732241	0.500000
4.913699	8.848535	0.592599	0.500000
6.428072	8.194134	0.513256	0.500000
6.890513	9.339723	0.699492	0.500000
7.918767	9.474765	0.722181	0.500000
9.610651	8.687830	0.568898	0.500000
0.008102	9.579226	0.778235	0.500000
1.631280	0.525953	0.505402	0.500000
2.196996	9.664058	0.561062	0.500000
3.257737	9.727488	0.756201	0.500000
3.710630	0.666511	0.693246	0.500000
4.265315	9.843992	0.555648	0.500000
5.885303	9.092917	0.647006	0.500000
7.332984	0.262148	0.773197	0.500000
8.949819	9.670312	0.617253	0.500000
9.549527	0.476879	0.788885	0.500000
