100

9.992102	1.340755	0.574729	0.500000
10.442576	2.326273	0.585816	0.500000
2.225443	0.556848	0.541552	0.500000
3.352089	1.240486	0.518285	0.500000
4.926145	3.010139	0.505331	0.500000
5.206890	8.925190	0.510580	0.500000
5.131451	0.287128	0.558779	0.500000
7.353366	8.367849	0.535054	0.500000
7.228913	0.302245	0.563137	0.500000
10.113613	10.280500	0.579240	0.500000
8.296579	0.309520	0.592119	0.500000
1.667964	2.972436	0.561419	0.500000
4.336904	0.998298	0.512254	0.500000
4.073538	10.873303	0.546107	0.500000
4.811656	2.017207	0.574468	0.500000
2.236811	1.707294	0.514778	0.500000
7.802710	1.399071	0.517385	0.500000
8.666097	3.266503	0.517422	0.500000
1.287965	0.964923	0.561140	0.500000
9.667912	3.263230	0.587193	0.500000
2.236850	3.901012	0.568210	0.500000
1.684214	8.910024	0.571941	0.500000
6.215395	0.243067	0.554309	0.500000
7.549129	3.133908	0.580069	0.500000
6.571271	1.183118	0.578559	0.500000
6.721330	4.044791	0.504700	0.500000
6.166334	9.918529	0.588263	0.500000
0.996319	3.887453	0.549005	0.500000
8.981915	1.302504	0.560259	0.500000
3.391162	4.210593	0.584645	0.500000
3.458770	5.228120	0.559583	0.500000
1.429979	4.907866	0.517826	0.500000
2.772771	2.791902	0.524029	0.500000
0.793822	2.386570	0.521353	0.500000
0.942490	6.709480	0.526302	0.500000
5.565407	3.804582	0.550173	0.500000
3.739532	2.290653	0.531670	0.500000
5.038585	10.177035	0.574651	0.500000
9.444998	2.256490	0.503576	0.500000
6.914768	5.363090	0.540632	0.500000
10.851485	6.492888	0.563641	0.500000
8.150232	5.237093	0.530310	0.500000
0.617729	5.684877	0.567775	0.500000
3.942564	3.307769	0.548238	0.500000
2.431952	5.099457	0.532835	0.500000
4.609928	4.215089	0.551748	0.500000
4.417405	7.471674	0.569284	0.500000
7.856567	4.180221	0.548374	0.500000
10.878758	3.407903	0.587102	0.500000
8.223859	2.319927	0.529978	0.500000
2.078508	9.850005	0.583343	0.500000
2.057599	7.107482	0.572265	0.500000
5.820182	5.866040	0.573023	0.500000
0.474400	8.587143	0.583208	0.500000
3.453866	7.770017	0.533252	0.500000
1.019170	7.725777	0.527335	0.500000
6.257055	8.767760	0.532784	0.500000
5.960978	2.143578	0.506262	0.500000
6.434182	3.073166	0.594128	0.500000
5.876319	6.924466	0.597880	0.500000
9.680133	7.974019	0.568157	0.500000
3.141380	8.923333	0.504501	0.500000
10.579842	7.460167	0.515995	0.500000
4.158285	8.726236	0.525995	0.500000
3.926214	6.200090	0.546636	0.500000
4.640480	5.433847	0.556773	0.500000
4.925240	6.540588	0.577776	0.500000
10.505936	5.467737	0.545381	0.500000
3.102583	6.780447	0.592300	0.500000
10.098292	4.509639	0.595619	0.500000
8.894437	4.464881	0.557400	0.500000
9.330988	0.062324	0.570594	0.500000
1.382204	10.587405	0.548982	0.500000
5.432358	7.843988	0.583018	0.500000
5.516150	1.245438	0.555107	0.500000
1.845686	6.005114	0.525001	0.500000
8.654958	7.906540	0.559051	0.500000
0.773615	9.715279	0.529065	0.500000
7.547027	7.159284	0.535397	0.500000
9.822550	6.474609	0.547525	0.500000
0.271664	10.598163	0.529744	0.500000
3.643543	9.939580	0.507579	0.500000
7.792771	10.069879	0.595495	0.500000
7.061502	9.381665	0.503879	0.500000
9.104126	9.872364	0.595924	0.500000
7.146060	2.212182	0.553581	0.500000
5.898872	4.851702	0.580495	0.500000
10.397646	0.401297	0.583500	0.500000
8.824428	6.699817	0.557817	0.500000
2.436112	8.123823	0.582488	0.500000
10.277795	9.051324	0.570157	0.500000
0.215211	4.519994	0.583140	0.500000
9.223093	8.864595	0.541570	0.500000
0.141206	1.501470	0.593130	0.500000
2.868554	10.682083	0.501158	0.500000
8.205718	8.995819	0.565244	0.500000
7.903023	6.220612	0.577270	0.500000
6.505560	7.776920	0.500969	0.500000
9.312420	5.468928	0.594297	0.500000
6.780335	6.429921	0.529299	0.500000
