100

9.567251	0.028978	0.982132	0.500000
0.507130	8.611714	0.539233	0.500000
1.462399	0.011252	0.992502	0.500000
2.552191	0.131478	0.530343	0.500000
3.518482	0.149058	0.999810	0.500000
4.532950	0.107160	0.641587	0.500000
5.508350	0.121897	0.913879	0.500000
6.430604	0.095712	0.516255	0.500000
7.626954	0.126221	0.535999	0.500000
8.523891	0.107294	0.986010	0.500000
0.081000	0.945492	0.886141	0.500000
1.060626	0.853220	0.600706	0.500000
2.122594	0.907187	0.997462	0.500000
3.078031	1.079166	0.535835	0.500000
4.105416	1.036334	0.556900	0.500000
5.095497	1.042590	0.933729	0.500000
6.131106	0.929141	0.985347	0.500000
7.094526	1.057313	0.512897	0.500000
8.114668	1.026927	0.574360	0.500000
9.107588	0.890141	0.517678	0.500000
9.617572	1.805518	0.665582	0.500000
0.640230	1.774840	0.958783	0.500000
1.571899	1.750193	0.585035	0.500000
2.587992	1.849352	0.976993	0.500000
3.609053	1.902807	0.934921	0.500000
4.569314	1.974702	0.633591	0.500000
5.658766	1.886235	0.532175	0.500000
6.559678	1.852464	0.998258	0.500000
7.619156	1.797921	0.977848	0.500000
8.653996	1.817285	0.948066	0.500000
0.087466	2.682256	0.500877	0.500000
1.081281	2.652011	0.637105	0.500000
2.085354	2.630462	0.508506	0.500000
3.089435	2.664978	0.516744	0.500000
4.134152	2.823070	0.988213	0.500000
5.169327	2.720724	0.946600	0.500000
6.103380	2.807984	0.503299	0.500000
7.128731	2.637905	0.544388	0.500000
8.213575	2.658722	0.525842	0.500000
9.174690	2.710873	0.988196	0.500000
9.649455	3.624010	0.879191	0.500000
0.603286	3.577020	0.522553	0.500000
1.501218	3.492489	0.994196	0.500000
2.605112	3.433062	0.946242	0.500000
3.611415	3.566827	0.509816	0.500000
4.708747	3.541101	0.536653	0.500000
5.633458	3.608394	0.981470	0.500000
6.686225	3.489896	0.960098	0.500000
7.605956	3.560501	0.509542	0.500000
8.653687	3.568341	0.982017	0.500000
0.260514	4.432277	0.996354	0.500000
1.296596	4.594130	0.987191	0.500000
2.172728	4.304599	0.569000	0.500000
3.156552	4.470716	0.905733	0.500000
4.079817	4.471607	0.514001	0.500000
5.053890	4.447353	0.947027	0.500000
6.193383	4.434494	0.596943	0.500000
7.146097	4.412463	0.952134	0.500000
8.124331	4.429207	0.639324	0.500000
9.127144	4.494228	0.941149	0.500000
9.659527	5.260095	0.521564	0.500000
0.750072	5.304410	0.536286	0.500000
1.698248	5.531112	0.990239	0.500000
2.594921	5.268830	0.544702	0.500000
3.614546	5.384106	0.582275	0.500000
4.550308	5.313534	0.980631	0.500000
5.515443	5.280371	0.503604	0.500000
6.634059	5.320078	0.868623	0.500000
7.666250	5.281034	0.995027	0.500000
8.595650	5.314598	0.555217	0.500000
0.169428	6.094989	0.872050	0.500000
1.129430	6.240264	0.521972	0.500000
2.154546	6.277674	0.501971	0.500000
3.039912	6.107514	0.969305	0.500000
4.050932	6.214842	0.928653	0.500000
4.984572	6.137738	0.526152	0.500000
6.074278	6.155067	0.991198	0.500000
7.163490	6.187555	0.914070	0.500000
8.173943	6.221106	0.877376	0.500000
9.174652	6.158069	0.980937	0.500000
9.655062	6.948046	0.500352	0.500000
0.663121	7.001024	0.985794	0.500000
1.666017	7.029499	0.979004	0.500000
2.723442	7.062396	0.999107	0.500000
3.671341	7.075003	0.536065	0.500000
4.650140	7.018672	0.975967	0.500000
5.635003	6.983772	0.609527	0.500000
6.645546	7.120572	0.504799	0.500000
7.612394	7.090611	0.934859	0.500000
8.742231	7.072529	0.979952	0.500000
0.033460	7.795322	0.898421	0.500000
1.160312	7.823210	0.538383	0.500000
2.187991	7.922564	0.990858	0.500000
3.187101	7.953387	0.519445	0.500000
4.093438	7.913847	0.942617	0.500000
5.121325	7.850519	0.566831	0.500000
6.054929	7.864168	0.998654	0.500000
7.127206	8.013092	0.951332	0.500000
8.086793	7.865125	0.504988	0.500000
9.112538	7.904396	0.500310	0.500000
