100

9.786217	8.522426	0.620829	0.500000
0.766140	8.541607	0.938933	0.500000
1.683344	8.608140	0.526267	0.500000
2.732233	0.024154	0.538679	0.500000
3.701602	0.160772	0.977833	0.500000
4.667025	0.049721	0.548371	0.500000
5.681692	0.139869	0.662794	0.500000
6.679131	0.089897	0.587861	0.500000
7.676148	0.145967	0.947537	0.500000
8.771950	0.008376	0.963791	0.500000
0.229597	0.763168	0.974223	0.500000
1.187185	0.854346	0.542571	0.500000
2.162578	0.751612	0.937152	0.500000
3.169085	1.023359	0.546868	0.500000
4.218012	0.965406	0.540134	0.500000
5.114830	0.967500	0.989182	0.500000
6.145080	0.995597	0.979176	0.500000
7.104743	1.018931	0.531662	0.500000
8.208389	0.910869	0.548733	0.500000
9.314940	0.751817	0.513657	0.500000
9.746592	1.661118	0.516938	0.500000
0.673002	1.700440	0.959481	0.500000
1.741579	1.667136	0.785332	0.500000
2.725283	1.837186	0.986791	0.500000
3.765496	1.754024	0.962608	0.500000
4.688280	1.959890	0.536874	0.500000
5.689703	1.813833	0.510762	0.500000
6.664680	1.922645	0.992671	0.500000
7.653850	1.770841	0.978531	0.500000
8.836803	1.630212	0.973228	0.500000
0.251828	2.549175	0.569217	0.500000
1.233019	2.531966	0.985941	0.500000
2.150732	2.552163	0.509004	0.500000
3.267206	2.564666	0.516396	0.500000
4.162033	2.742229	0.987314	0.500000
5.311816	2.635412	0.988816	0.500000
6.200876	2.714502	0.519627	0.500000
7.215366	2.629377	0.520166	0.500000
8.278647	2.527860	0.700408	0.500000
9.284804	2.623037	0.977106	0.500000
9.737305	3.447417	0.504389	0.500000
0.822568	3.373738	0.515503	0.500000
1.724060	3.447696	0.973604	0.500000
2.754506	3.370900	0.867271	0.500000
3.694364	3.504100	0.538064	0.500000
4.774327	3.445732	0.518619	0.500000
5.747040	3.554952	0.934997	0.500000
6.765622	3.514859	0.969714	0.500000
7.770924	3.381056	0.973607	0.500000
8.739104	3.455655	0.570303	0.500000
0.303347	4.191659	0.874789	0.500000
1.267578	4.304459	0.511301	0.500000
2.279303	4.209831	0.568188	0.500000
3.191181	4.269625	0.996743	0.500000
4.328540	4.298829	0.999465	0.500000
5.310879	4.420018	0.518867	0.500000
6.325462	4.375275	0.523999	0.500000
7.335873	4.270844	0.546446	0.500000
8.256469	4.297246	0.992012	0.500000
9.270264	4.216236	0.964616	0.500000
9.892045	5.032049	0.511511	0.500000
0.768483	5.106734	0.995209	0.500000
1.794374	5.040746	0.976128	0.500000
2.796087	5.103720	0.515153	0.500000
3.840634	5.058475	0.502937	0.500000
4.806374	5.177996	0.981479	0.500000
5.832692	5.163281	0.973540	0.500000
6.902414	5.172423	0.953696	0.500000
7.945213	5.248645	0.973900	0.500000
8.855928	5.028784	0.507247	0.500000
0.207617	5.991226	0.523949	0.500000
1.279886	5.880622	0.574607	0.500000
2.345822	5.895530	0.935020	0.500000
3.449908	5.885526	0.965194	0.500000
4.375978	6.039926	0.508545	0.500000
5.362407	6.060724	0.990341	0.500000
6.361218	6.025135	0.760568	0.500000
7.371296	6.035228	0.687452	0.500000
8.359010	6.029389	0.501368	0.500000
9.273004	5.806377	0.993460	0.500000
9.693667	6.853442	0.547882	0.500000
0.805857	6.664336	0.990027	0.500000
1.812112	6.788478	0.994783	0.500000
2.721621	6.871100	0.563602	0.500000
3.747425	6.858561	0.539520	0.500000
4.744798	6.928004	0.928447	0.500000
5.755585	6.923421	0.637808	0.500000
6.809443	6.965558	0.998554	0.500000
7.699820	6.981277	0.533619	0.500000
8.627612	6.887744	0.956546	0.500000
0.288292	7.648557	0.919753	0.500000
1.284257	7.598568	0.580396	0.500000
2.210816	7.794632	0.965103	0.500000
3.204480	7.798251	0.600318	0.500000
4.171301	7.862279	0.870212	0.500000
5.195606	7.908122	0.875963	0.500000
6.183337	7.873575	0.676956	0.500000
7.218232	7.862131	0.500880	0.500000
8.209734	7.871020	0.668027	0.500000
9.229344	7.683226	0.879907	0.500000
