300

3.727363	12.122274	0.604693	0.500000
4.490158	1.055371	0.581877	0.500000
5.660182	6.662431	1.415120	0.500000
11.482415	10.103173	2.489395	0.500000
5.336041	7.989399	2.483356	0.500000
6.904884	10.272669	1.549505	0.500000
10.510059	3.474886	2.375143	0.500000
3.014419	2.254109	2.492003	0.500000
9.453741	0.537283	1.304374	0.500000
3.417658	5.198084	2.224322	0.500000
0.419311	3.406772	1.348560	0.500000
2.427250	0.315566	1.826572	0.500000
9.766107	7.546671	1.619228	0.500000
7.650738	3.011729	1.763824	0.500000
4.640603	5.550804	2.456991	0.500000
6.971780	1.183190	1.446786	0.500000
10.996709	9.984214	0.593323	0.500000
3.142465	10.020329	0.562421	0.500000
7.202072	11.746728	0.701969	0.500000
0.191528	7.950454	2.425116	0.500000
7.559824	8.154025	0.571623	0.500000
2.864363	3.032625	0.587696	0.500000
10.795310	7.039268	1.275085	0.500000
6.370523	2.445606	1.529845	0.500000
1.601228	0.592762	2.488361	0.500000
8.709811	5.797620	0.547202	0.500000
11.840275	3.039423	0.517841	0.500000
9.154857	3.321198	0.669939	0.500000
1.935924	9.679614	0.591910	0.500000
1.135566	8.184998	1.904802	0.500000
4.945415	6.777814	2.379017	0.500000
10.512486	1.300410	1.754427	0.500000
0.014726	4.194694	2.429417	0.500000
8.345861	11.038497	2.373409	0.500000
6.935120	2.322771	2.454072	0.500000
7.138260	3.843498	1.384931	0.500000
4.097456	5.155844	1.109879	0.500000
7.946827	5.575049	1.326094	0.500000
8.907375	7.397546	0.832110	0.500000
11.666339	3.119413	2.455134	0.500000
6.405461	8.358967	0.584109	0.500000
4.029633	8.602236	0.502628	0.500000
5.084816	2.145165	0.627185	0.500000
10.363141	7.552586	2.450419	0.500000
6.625995	7.126126	0.790225	0.500000
2.589908	1.296813	2.444702	0.500000
5.925102	4.201912	1.183019	0.500000
8.428769	1.573576	0.516508	0.500000
11.053688	10.892109	1.474109	0.500000
2.057786	2.328082	0.578286	0.500000
7.494578	5.995449	2.400885	0.500000
8.065782	7.862131	1.482862	0.500000
10.759763	6.589517	2.268547	0.500000
6.307472	4.559887	2.119544	0.500000
6.596309	1.550533	0.523529	0.500000
9.200061	4.591051	0.744107	0.500000
2.934718	4.231834	1.562600	0.500000
1.943790	6.656733	0.671000	0.500000
8.258236	6.796596	2.363910	0.500000
8.554373	8.864510	2.265278	0.500000
2.484680	10.856049	0.617728	0.500000
3.734223	7.111924	1.284678	0.500000
5.215649	0.201035	0.577897	0.500000
10.515210	3.048859	1.214972	0.500000
1.623141	6.430094	2.463078	0.500000
7.396019	11.408635	1.661923	0.500000
11.166640	11.784676	0.873825	0.500000
4.805489	6.044269	1.580575	0.500000
8.294835	11.608799	0.647232	0.500000
11.058316	3.851780	0.509561	0.500000
1.813168	12.178588	0.500614	0.500000
1.700974	9.438158	1.541747	0.500000
3.501989	8.323756	2.463380	0.500000
0.015271	2.044315	1.623398	0.500000
7.798465	9.458404	0.675672	0.500000
4.570064	8.743185	1.420901	0.500000
5.990512	7.307257	2.106816	0.500000
12.094455	11.991065	0.556963	0.500000
0.132993	5.198263	2.457393	0.500000
7.043490	12.039710	2.492145	0.500000
7.359053	4.061047	2.353320	0.500000
0.861545	6.341342	0.851890	0.500000
9.403772	8.486831	1.531042	0.500000
0.057147	11.413529	1.642108	0.500000
8.584003	8.536345	0.570530	0.500000
11.166696	4.319288	2.432889	0.500000
11.086910	0.836007	2.491051	0.500000
2.024426	5.567450	0.635980	0.500000
1.701280	3.343086	1.609506	0.500000
5.379737	3.689037	2.434618	0.500000
7.427653	10.597275	2.428942	0.500000
9.332098	2.201528	0.544514	0.500000
5.565749	9.270821	0.517676	0.500000
4.530459	4.529960	2.080981	0.500000
9.959350	2.252880	1.778008	0.500000
0.293329	1.450323	0.711376	0.500000
1.214025	10.906947	1.571143	0.500000
8.282946	9.960399	2.273899	0.500000
1.219107	5.599400	1.516603	0.500000
3.983200	3.743929	1.553131	0.500000
5.593820	8.502657	1.604132	0.500000
5.008635	4.211377	0.577303	0.500000
0.827417	0.024738	2.136884	0.500000
4.986074	1.793205	1.590888	0.500000
3.475327	2.058561	0.747443	0.500000
0.732743	11.283013	2.386353	0.500000
10.376893	10.142054	2.382937	0.500000
0.921561	4.563874	1.548171	0.500000
9.900220	0.661812	2.363046	0.500000
12.039141	9.442526	0.517709	0.500000
7.225014	10.409611	0.527781	0.500000
2.424949	4.036932	0.526449	0.500000
4.161154	10.011608	1.603404	0.500000
7.206349	3.110416	0.536759	0.500000
0.210305	11.005074	0.558928	0.500000
11.532730	11.137171	2.395596	0.500000
5.057638	11.699066	1.490245	0.500000
5.411404	4.887545	2.446617	0.500000
8.958521	2.553819	1.424597	0.500000
10.982022	2.307189	0.527461	0.500000
10.592644	8.171568	1.517809	0.500000
4.231044	12.126638	2.335402	0.500000
3.731123	1.421718	1.569849	0.500000
8.508297	7.863866	2.399008	0.500000
2.908589	9.774675	1.581459	0.500000
9.920588	4.295857	2.402158	0.500000
9.177624	1.416443	2.452291	0.500000
11.427650	5.765316	1.490232	0.500000
2.338937	3.631424	2.330524	0.500000
12.127233	6.653647	0.722901	0.500000
3.712918	9.739267	2.488187	0.500000
5.554981	12.016463	2.373164	0.500000
2.735146	5.494129	1.367168	0.500000
3.711216	6.107910	1.650951	0.500000
8.043140	4.498182	1.407624	0.500000
10.852112	8.601456	0.621737	0.500000
7.370388	5.187430	0.501273	0.500000
0.958067	11.640993	0.934711	0.500000
5.939549	11.619703	0.683067	0.500000
1.097160	10.337342	0.747994	0.500000
0.214299	10.401590	2.145746	0.500000
7.161457	5.064482	1.829309	0.500000
10.302018	9.392947	1.272349	0.500000
10.001786	1.470887	0.787969	0.500000
6.191774	0.600771	1.947434	0.500000
11.402489	3.709792	1.669316	0.500000
4.645197	11.521264	0.554612	0.500000
11.370141	0.632774	1.449533	0.500000
11.692709	6.183873	2.427020	0.500000
0.051992	3.949778	0.575844	0.500000
3.238780	10.639610	2.146925	0.500000
1.295166	7.428345	0.709682	0.500000
5.646364	5.981028	2.212736	0.500000
1.920341	2.682441	2.393626	0.500000
8.194548	3.845413	0.508472	0.500000
8.708759	9.410715	1.299362	0.500000
1.277961	4.824939	0.535220	0.500000
1.393633	2.363915	1.574428	0.500000
0.375106	9.570531	1.464848	0.500000
2.077389	11.731333	2.424035	0.500000
8.374716	4.298340	2.338818	0.500000
9.850929	3.871558	1.485802	0.500000
2.283232	10.194290	2.316186	0.500000
2.266686	5.209059	2.443785	0.500000
6.412652	0.295551	0.731740	0.500000
1.933497	4.354263	1.435699	0.500000
8.317171	2.570941	0.610828	0.500000
6.263244	5.153043	0.666493	0.500000
5.685969	1.325402	0.975808	0.500000
2.622853	6.417635	2.018585	0.500000
7.445432	8.383477	2.452239	0.500000
5.442505	9.735455	1.547051	0.500000
4.973737	3.134224	1.370611	0.500000
6.151918	10.173846	0.745673	0.500000
4.866719	9.627980	2.485326	0.500000
0.357611	0.449184	1.263442	0.500000
2.998363	4.940035	0.573351	0.500000
6.556383	6.388250	2.441475	0.500000
7.915171	7.103319	0.677025	0.500000
4.528287	7.710725	0.530966	0.500000
3.874980	10.781375	0.568923	0.500000
4.468960	8.607259	2.493054	0.500000
3.780917	2.907209	2.326118	0.500000
4.304606	9.573943	0.598031	0.500000
10.236978	6.191462	1.318529	0.500000
0.399530	2.736983	2.266403	0.500000
11.475522	4.808762	0.523540	0.500000
4.974014	6.677196	0.660982	0.500000
11.874261	4.858138	1.488499	0.500000
0.682832	1.781727	2.411171	0.500000
3.729227	8.131692	1.418057	0.500000
11.848720	10.274707	1.247094	0.500000
0.837642	9.249874	0.529061	0.500000
10.070712	10.458274	1.277852	0.500000
1.519795	0.409242	1.349924	0.500000
2.789953	11.923955	1.090926	0.500000
3.277658	0.969470	0.630004	0.500000
10.331790	11.129906	0.541239	0.500000
7.548405	9.087570	1.601268	0.500000
0.375681	7.987017	0.871968	0.500000
7.001951	7.936080	1.413794	0.500000
8.450488	2.585936	2.439136	0.500000
3.517605	7.738162	0.518879	0.500000
8.996844	1.497833	1.388293	0.500000
9.347376	6.449590	2.383661	0.500000
6.028593	1.699011	2.284758	0.500000
8.438568	10.354065	0.674550	0.500000
3.923058	4.331632	0.555811	0.500000
7.101332	9.614259	2.360323	0.500000
9.330185	10.753369	2.446327	0.500000
7.054891	0.178944	1.519743	0.500000
1.164542	7.152570	1.773228	0.500000
8.531438	3.557759	1.568963	0.500000
6.332680	3.164309	2.396935	0.500000
1.876108	7.657495	2.420263	0.500000
8.950680	0.243675	2.368151	0.500000
4.880035	5.593500	0.552979	0.500000
1.296280	1.590532	0.582465	0.500000
11.758953	12.144921	2.347661	0.500000
5.814511	3.241879	0.533035	0.500000
6.427341	8.170718	2.470948	0.500000
9.309153	11.660060	0.526772	0.500000
6.643400	5.894699	1.327908	0.500000
2.940016	3.187619	1.590376	0.500000
6.565532	9.166876	1.218419	0.500000
11.422839	8.743750	2.337591	0.500000
11.286199	2.367946	1.573612	0.500000
1.894027	8.353139	0.609865	0.500000
0.053705	0.866535	2.311172	0.500000
5.672833	7.518448	0.509499	0.500000
11.249796	9.478317	1.595979	0.500000
7.383055	2.109616	1.317904	0.500000
10.381640	11.235549	2.404297	0.500000
0.987255	3.676776	2.378121	0.500000
8.331850	11.928327	1.594355	0.500000
2.954477	6.149556	0.575953	0.500000
9.576598	9.562344	0.532594	0.500000
8.960849	10.766931	1.424086	0.500000
0.188946	9.085466	2.335237	0.500000
5.162972	0.751742	1.691644	0.500000
11.363441	7.432001	2.412413	0.500000
1.236463	10.053509	2.305911	0.500000
3.394596	0.573624	2.193263	0.500000
11.481789	7.778492	0.549870	0.500000
9.671952	11.798894	1.800711	0.500000
5.768715	10.875148	1.615305	0.500000
10.243668	0.098952	0.824588	0.500000
6.232600	10.148932	2.300197	0.500000
10.925156	1.110111	0.607336	0.500000
8.421438	5.357978	2.371544	0.500000
6.949429	0.979119	2.496457	0.500000
6.326441	11.176087	2.429465	0.500000
8.850187	6.411670	1.434727	0.500000
7.351706	0.745500	0.540691	0.500000
10.008329	7.453650	0.633742	0.500000
4.334828	1.340854	2.490034	0.500000
7.335269	6.205851	0.553615	0.500000
9.983668	8.942925	2.267841	0.500000
5.351594	5.204835	1.496755	0.500000
2.497022	2.145277	1.584127	0.500000
1.499683	1.415022	1.880001	0.500000
4.031255	3.214030	0.507347	0.500000
4.002029	6.304716	0.542604	0.500000
5.978608	9.095550	2.397882	0.500000
4.954540	10.529144	0.909437	0.500000
3.855008	6.736424	2.454205	0.500000
10.479185	5.384326	0.587006	0.500000
2.067316	0.948630	0.605398	0.500000
0.586305	2.577381	0.607495	0.500000
0.483494	6.410846	2.040707	0.500000
4.310382	11.081404	2.397299	0.500000
9.277330	9.712819	2.099389	0.500000
7.992332	0.546376	2.381779	0.500000
12.163008	7.208302	1.658468	0.500000
0.048845	5.621317	0.567769	0.500000
8.012545	1.716221	2.042573	0.500000
2.742719	8.531458	1.220694	0.500000
11.676573	2.108533	2.481025	0.500000
2.373541	8.943361	2.468038	0.500000
4.808990	7.462224	1.637469	0.500000
2.347361	7.336030	1.316103	0.500000
4.313517	0.251598	1.392674	0.500000
1.159556	5.064339	2.456969	0.500000
8.674097	0.365170	0.618853	0.500000
4.085142	2.606282	1.398906	0.500000
10.088974	5.351594	2.283257	0.500000
4.869248	2.618605	2.397101	0.500000
11.875471	8.628046	1.231481	0.500000
2.347735	11.101392	1.623473	0.500000
9.491430	3.120716	2.185515	0.500000
1.284929	3.800701	0.730139	0.500000
3.145187	11.859863	2.435445	0.500000
9.000501	5.163053	1.571917	0.500000
9.714273	8.415032	0.571494	0.500000
7.553347	6.562884	1.558429	0.500000
3.375114	4.053075	2.443358	0.500000
7.289340	7.219945	2.384248	0.500000
3.129771	7.398849	2.188844	0.500000
3.861473	11.323149	1.412575	0.500000
10.259907	4.781183	1.376196	0.500000
