200

10.666613	9.720955	0.581243	0.500000
10.299257	10.715016	0.646747	0.500000
1.907531	9.964180	0.585569	0.500000
3.154377	10.194843	0.537984	0.500000
4.895940	10.073290	0.542282	0.500000
6.122146	0.582878	0.542195	0.500000
5.246475	9.062647	0.510006	0.500000
8.220522	10.782707	0.598068	0.500000
9.243428	10.780608	0.622000	0.500000
7.878140	1.306209	0.528137	0.500000
10.448849	1.091243	0.578660	0.500000
1.539866	0.149238	0.536798	0.500000
2.723673	0.313258	0.505496	0.500000
4.098261	0.076022	0.553992	0.500000
5.924049	10.222382	0.541746	0.500000
5.101652	0.396583	0.512923	0.500000
7.166626	0.173562	0.524347	0.500000
7.898060	2.356761	0.532103	0.500000
6.929890	2.688650	0.518541	0.500000
9.436987	1.129075	0.500052	0.500000
0.166145	2.015059	0.500148	0.500000
0.472149	0.200191	0.502950	0.500000
1.793489	1.121873	0.517081	0.500000
3.128344	1.233814	0.515126	0.500000
4.437275	1.358267	0.568342	0.500000
5.534066	1.406888	0.566266	0.500000
6.731942	0.878722	1.446429	0.500000
6.699209	1.646667	0.502881	0.500000
8.747162	3.332373	0.507412	0.500000
9.874159	2.290746	0.533087	0.500000
10.710131	2.988907	0.513163	0.500000
2.403477	1.967010	0.589250	0.500000
3.236837	3.058529	0.542928	0.500000
3.686282	2.158273	0.530442	0.500000
4.842522	2.411390	0.536612	0.500000
5.903718	2.439290	0.547926	0.500000
6.301450	3.540293	0.522041	0.500000
7.698293	3.377843	0.582203	0.500000
9.890409	3.621950	0.515990	0.500000
9.399671	4.518282	0.531001	0.500000
1.251082	2.660389	0.503607	0.500000
1.718837	3.317561	1.342479	0.500000
0.929764	5.081954	0.640331	0.500000
4.239145	3.237673	0.632154	0.500000
3.781371	3.637871	1.457606	0.500000
5.255974	3.442903	0.526059	0.500000
5.324317	5.490333	0.695398	0.500000
7.077722	4.173091	0.535815	0.500000
8.606235	5.347751	0.551059	0.500000
8.276841	4.310540	0.624247	0.500000
0.342615	3.984348	0.750314	0.500000
2.224048	2.950528	0.547301	0.500000
2.568855	4.073926	0.544852	0.500000
3.656197	4.097196	0.534704	0.500000
5.000387	4.488811	0.558297	0.500000
7.046077	6.527004	0.631306	0.500000
6.564970	5.608644	0.625422	0.500000
7.845687	7.642145	0.525279	0.500000
8.156721	6.285921	0.761719	0.500000
9.792134	5.563109	0.581919	0.500000
10.661983	4.842163	0.535272	0.500000
1.472285	6.048538	0.703433	0.500000
1.949784	5.034680	0.532957	0.500000
3.166874	5.038805	0.535821	0.500000
4.180687	5.202801	0.515232	0.500000
4.593273	6.217771	0.528510	0.500000
5.383971	4.800923	1.446334	0.500000
9.076836	7.535013	0.674944	0.500000
6.468653	7.359325	0.536595	0.500000
10.776397	5.903023	0.556886	0.500000
0.643366	6.920115	0.778186	0.500000
1.675236	7.029775	0.576775	0.500000
2.490514	6.015766	0.534927	0.500000
3.582936	6.137022	0.505250	0.500000
5.136777	7.161208	0.520628	0.500000
5.832281	8.152186	0.551688	0.500000
5.911392	6.465986	0.576948	0.500000
9.222119	8.541469	0.532173	0.500000
10.202961	8.821549	0.507389	0.500000
10.274519	6.858783	0.507146	0.500000
10.681781	7.789824	0.534625	0.500000
1.123066	7.900764	0.603553	0.500000
2.312745	8.275918	0.649185	0.500000
2.758603	7.064374	0.599644	0.500000
3.998549	7.155566	0.544916	0.500000
6.281416	9.053037	0.579992	0.500000
6.962914	9.982627	0.618950	0.500000
6.985752	8.274519	0.504899	0.500000
7.986451	9.810472	0.546216	0.500000
8.316675	9.250038	1.429279	0.500000
0.896119	9.848576	0.534211	0.500000
1.484471	8.902749	0.507151	0.500000
2.916560	9.118581	0.578570	0.500000
3.384926	8.166293	0.734871	0.500000
3.948721	9.449874	0.584986	0.500000
4.737735	8.192483	0.534716	0.500000
6.224663	10.469173	1.473514	0.500000
7.948839	8.714198	0.552417	0.500000
9.787735	7.087659	1.387420	0.500000
0.433503	8.788717	0.533833	0.500000
0.441996	10.229892	1.388642	0.500000
1.458069	10.347241	1.404787	0.500000
2.606080	10.475894	1.362604	0.500000
3.967954	10.403469	1.478553	0.500000
5.188988	10.514145	1.489966	0.500000
5.719582	0.777946	1.484997	0.500000
9.395272	1.713236	1.444934	0.500000
6.173903	1.708543	1.396413	0.500000
8.911496	10.128328	1.472887	0.500000
10.049526	10.019473	1.397015	0.500000
10.786694	0.386871	1.400970	0.500000
1.985182	0.465438	1.499383	0.500000
3.577585	0.641687	1.201234	0.500000
4.012510	1.518121	1.480786	0.500000
4.720389	0.650890	1.478952	0.500000
7.253607	1.865408	1.478444	0.500000
10.640261	9.144932	1.448477	0.500000
8.883615	2.011984	0.605477	0.500000
8.541950	2.651285	1.477515	0.500000
10.589063	2.597693	1.497020	0.500000
9.756581	0.245197	1.470044	0.500000
1.035416	1.339057	1.472278	0.500000
2.610089	1.247024	1.427445	0.500000
3.164619	2.179253	1.452921	0.500000
5.037292	1.770499	1.423522	0.500000
6.374075	2.726034	1.385864	0.500000
6.759914	3.685651	1.404630	0.500000
8.370223	1.620763	1.384901	0.500000
9.174268	3.696097	1.446880	0.500000
9.565458	2.766654	1.396564	0.500000
10.780533	1.604735	1.487984	0.500000
2.012511	2.343482	1.445609	0.500000
2.718058	3.324558	1.463803	0.500000
5.169659	2.934654	1.424949	0.500000
5.766267	3.782035	1.499778	0.500000
7.447688	2.867928	1.443956	0.500000
5.998407	4.716078	0.539941	0.500000
0.502484	3.319442	1.487090	0.500000
0.836520	2.373708	1.452797	0.500000
10.334150	3.706895	1.453229	0.500000
0.240147	4.808884	1.495638	0.500000
0.707625	1.171971	0.524891	0.500000
1.081037	4.260177	1.398828	0.500000
4.156215	2.640071	1.473559	0.500000
4.784655	3.885737	1.329511	0.500000
6.414083	4.666416	1.473804	0.500000
7.611629	4.535564	1.473613	0.500000
8.847408	4.644172	1.404749	0.500000
9.895039	5.035449	1.431244	0.500000
1.526455	3.923518	0.557630	0.500000
1.520614	5.336586	1.453448	0.500000
2.107809	4.477708	1.450980	0.500000
3.217324	4.497596	1.468151	0.500000
4.215453	4.736828	1.430668	0.500000
8.106613	3.661657	1.483554	0.500000
7.207992	5.525532	1.486792	0.500000
7.602132	7.034918	1.290438	0.500000
7.510118	5.131540	0.508290	0.500000
9.261408	6.522962	0.570851	0.500000
9.245985	5.802560	1.408493	0.500000
0.582702	5.763950	1.397490	0.500000
1.889141	6.557333	1.495829	0.500000
2.564518	5.405640	1.368786	0.500000
3.591805	5.529681	1.330343	0.500000
4.593384	5.683669	1.484283	0.500000
5.979404	5.652099	1.497829	0.500000
5.721504	7.431010	1.439412	0.500000
6.426630	6.641244	1.493524	0.500000
8.230007	5.570836	1.468638	0.500000
10.311837	6.167888	1.443576	0.500000
1.237214	7.323066	1.475823	0.500000
2.524705	7.545258	1.497976	0.500000
2.982564	6.457421	1.488912	0.500000
4.019113	6.522461	1.369886	0.500000
5.111943	6.621791	1.377018	0.500000
7.290960	8.988104	1.281607	0.500000
6.171711	8.523820	1.493134	0.500000
8.770035	6.960811	1.452737	0.500000
9.138821	8.192267	1.470295	0.500000
10.767002	7.276317	1.490410	0.500000
0.516701	8.164151	1.489381	0.500000
1.719343	8.377246	1.461192	0.500000
2.855933	8.621849	1.477070	0.500000
3.523284	7.417327	1.429117	0.500000
3.936213	8.688903	1.431334	0.500000
5.106848	8.495677	1.420093	0.500000
7.847595	8.142809	1.424395	0.500000
7.565010	10.436894	1.332364	0.500000
9.646255	9.085800	1.328505	0.500000
10.152516	8.227904	1.447435	0.500000
0.984971	9.238689	1.444839	0.500000
2.139918	9.417985	1.475761	0.500000
3.249601	9.638499	1.465756	0.500000
4.782728	9.443350	1.499796	0.500000
4.517864	7.591784	1.393377	0.500000
5.834995	9.492109	1.449095	0.500000
6.880871	7.787402	1.418958	0.500000
7.723169	0.736240	1.440329	0.500000
8.757287	0.661481	1.467676	0.500000
9.235190	9.721924	0.577066	0.500000
