200

10.481324	10.402163	0.524204	0.500000
0.228100	0.623136	0.550778	0.500000
1.881699	10.295909	0.552074	0.500000
2.979240	10.501422	0.646964	0.500000
4.060471	10.470254	0.625893	0.500000
5.345591	10.509130	0.526258	0.500000
4.770455	9.625133	0.543751	0.500000
7.491532	0.243601	0.566391	0.500000
9.386393	10.346751	0.512640	0.500000
8.100536	1.284817	0.532477	0.500000
10.216252	1.463774	0.588491	0.500000
1.338545	0.873603	0.528766	0.500000
2.413298	0.865073	0.526423	0.500000
3.551625	0.670843	0.541477	0.500000
4.599707	0.669828	0.590175	0.500000
5.654303	0.732916	0.500826	0.500000
6.452363	0.128088	0.570136	0.500000
8.115162	2.342889	0.532679	0.500000
7.075972	2.715545	0.507158	0.500000
9.844481	0.469033	0.524359	0.500000
10.587182	2.425168	0.534787	0.500000
0.748329	1.680839	0.588534	0.500000
1.932680	1.774769	0.550021	0.500000
2.975663	1.774485	0.549607	0.500000
4.136941	1.738491	0.640189	0.500000
5.258061	1.770600	0.580328	0.500000
7.059215	1.320163	0.593294	0.500000
6.329019	2.038546	0.530424	0.500000
8.331214	3.250048	0.907577	0.500000
9.386044	2.672613	0.550465	0.500000
10.140575	3.723055	0.518157	0.500000
2.663946	2.825626	0.757006	0.500000
2.781525	3.526284	1.493015	0.500000
3.628028	2.619552	0.533995	0.500000
4.677712	2.838685	0.597914	0.500000
5.922360	2.960598	0.569777	0.500000
6.642997	3.749074	0.505563	0.500000
7.656812	3.976526	0.565710	0.500000
9.042926	3.949672	0.556478	0.500000
9.065049	4.949163	0.660742	0.500000
0.408697	3.243898	0.586105	0.500000
0.699759	3.620206	1.482291	0.500000
0.702538	5.355381	0.634374	0.500000
4.090038	3.660416	0.529589	0.500000
3.748242	4.026571	1.491956	0.500000
5.377568	3.824485	0.559619	0.500000
5.220060	5.793476	0.620415	0.500000
6.997556	4.834747	0.522210	0.500000
8.642971	5.881454	0.507170	0.500000
8.010017	4.982279	0.535881	0.500000
0.333947	4.280039	0.509702	0.500000
1.347672	3.593117	0.562754	0.500000
2.400200	4.189453	0.563299	0.500000
3.369589	4.543858	0.566942	0.500000
4.859343	4.780426	0.551515	0.500000
6.619379	6.788243	0.744439	0.500000
6.291127	5.633033	0.634104	0.500000
7.173057	7.801530	0.531265	0.500000
7.791442	6.988102	0.537633	0.500000
9.639325	6.047461	0.511078	0.500000
10.343034	5.009617	0.573604	0.500000
1.140898	6.406326	0.545209	0.500000
1.837083	5.556716	0.649377	0.500000
2.853320	5.544897	0.631958	0.500000
4.066284	5.463984	0.606325	0.500000
4.450432	6.568618	0.565566	0.500000
5.354887	5.209898	1.466509	0.500000
8.247616	7.960612	0.569804	0.500000
6.089919	7.932177	0.610338	0.500000
0.059133	6.142176	0.619290	0.500000
0.600939	7.312612	0.585386	0.500000
1.735085	7.413020	0.584268	0.500000
2.277644	6.490236	0.565687	0.500000
3.313387	6.660911	0.550329	0.500000
5.055102	7.965815	0.553726	0.500000
5.588408	9.005374	0.547193	0.500000
5.528110	6.750613	0.534636	0.500000
8.764901	9.317474	0.507431	0.500000
9.664942	8.071896	0.680673	0.500000
10.264653	6.965947	0.557903	0.500000
10.692685	8.136504	0.625743	0.500000
1.006576	8.413508	0.534304	0.500000
2.232414	8.428434	0.566042	0.500000
2.810673	7.527629	0.501349	0.500000
3.911951	7.634999	0.505642	0.500000
6.218031	9.832606	0.569529	0.500000
7.222689	10.048863	0.509288	0.500000
6.672106	8.754204	0.561122	0.500000
8.240631	10.351114	0.512784	0.500000
8.130777	9.585424	1.342909	0.500000
0.730175	10.402418	0.539551	0.500000
1.428600	9.392914	0.519349	0.500000
2.648389	9.438016	0.522418	0.500000
3.292888	8.442659	0.518348	0.500000
3.644134	9.467189	0.632760	0.500000
4.289820	8.640398	0.516812	0.500000
6.643173	10.132124	1.453289	0.500000
7.679302	9.076469	0.510433	0.500000
9.493097	7.266963	1.490112	0.500000
0.373379	9.195690	0.500075	0.500000
0.347216	10.673018	1.465888	0.500000
1.329608	0.073606	1.252198	0.500000
2.324858	0.069650	1.483420	0.500000
3.576894	10.712785	1.478116	0.500000
4.810524	0.079288	1.452707	0.500000
5.889442	0.327668	1.459407	0.500000
9.219295	0.766095	1.450205	0.500000
6.382715	1.360679	1.343553	0.500000
8.681058	10.694441	1.480916	0.500000
9.812646	10.699356	1.481505	0.500000
0.707297	0.978337	1.424985	0.500000
1.981787	1.068762	1.410580	0.500000
3.062453	1.033509	1.383774	0.500000
4.143023	1.009452	1.458506	0.500000
5.137670	1.143949	1.421897	0.500000
7.596460	1.673899	1.403177	0.500000
10.552831	9.705971	1.466533	0.500000
9.209119	1.385695	0.505832	0.500000
8.705567	1.687628	1.496466	0.500000
9.749396	1.895571	1.453166	0.500000
10.465468	0.823144	1.496066	0.500000
1.222403	1.838178	1.476087	0.500000
2.414419	2.084119	1.497856	0.500000
3.524656	1.927433	1.422510	0.500000
4.517674	2.316286	1.443292	0.500000
5.533258	2.152792	1.488710	0.500000
6.589392	2.370103	1.473054	0.500000
8.049111	0.733944	1.391182	0.500000
8.352592	4.093373	1.467867	0.500000
9.019650	2.757673	1.492088	0.500000
0.190706	1.877865	1.438365	0.500000
1.729690	2.918133	1.420179	0.500000
1.677151	3.968434	1.457017	0.500000
5.244771	3.186343	1.356892	0.500000
6.012714	3.917364	1.426077	0.500000
7.471951	3.185405	1.491387	0.500000
5.971535	4.650023	0.517393	0.500000
9.622988	3.864578	1.448078	0.500000
10.206515	2.816322	1.417746	0.500000
10.474412	4.479852	1.455245	0.500000
0.070057	5.561354	1.451508	0.500000
1.263538	2.586224	0.519774	0.500000
0.670757	4.701713	1.471733	0.500000
3.680559	2.989968	1.494661	0.500000
4.959706	4.154495	1.498518	0.500000
6.426424	5.130361	1.489352	0.500000
7.476581	5.052694	1.419248	0.500000
8.448314	5.298200	1.405902	0.500000
9.632267	5.427316	1.351158	0.500000
1.401879	4.593357	0.636713	0.500000
1.168976	5.778704	1.478246	0.500000
1.998763	4.918183	1.482176	0.500000
3.114229	4.914589	1.468308	0.500000
4.254218	4.962108	1.469439	0.500000
7.018826	4.153800	1.452897	0.500000
6.936124	6.029867	1.398002	0.500000
7.342129	7.051017	1.490165	0.500000
7.550592	5.893830	0.550098	0.500000
9.066184	7.199969	0.576838	0.500000
9.042965	6.272422	1.348348	0.500000
0.507009	6.602467	1.401280	0.500000
1.506835	6.749652	1.470355	0.500000
2.321726	5.927470	1.496227	0.500000
3.333211	5.940403	1.493580	0.500000
4.576852	5.985204	1.444020	0.500000
5.884574	6.088592	1.475264	0.500000
5.538006	8.131722	1.452906	0.500000
5.906651	7.134478	1.434708	0.500000
8.000833	6.231683	1.405472	0.500000
10.044332	6.396226	1.387002	0.500000
0.716503	7.763156	1.483068	0.500000
2.275907	7.745831	1.366677	0.500000
2.847710	6.911366	1.480851	0.500000
3.884603	6.783332	1.455098	0.500000
4.903655	7.239209	1.241206	0.500000
7.123568	9.247664	1.496877	0.500000
6.090721	9.065166	1.440193	0.500000
8.374630	7.404968	1.457462	0.500000
8.745364	8.738053	1.363261	0.500000
10.558024	7.356108	1.454265	0.500000
0.328231	8.769366	1.434162	0.500000
1.570791	8.722284	1.372704	0.500000
2.630717	8.735496	1.437005	0.500000
3.277910	7.842615	1.395806	0.500000
3.639586	8.791648	1.471536	0.500000
4.850037	8.992184	1.320806	0.500000
7.707656	8.356386	1.417149	0.500000
7.669493	10.474497	1.456052	0.500000
9.393183	9.763688	1.456835	0.500000
9.849675	8.685922	1.497196	0.500000
0.942768	9.757153	1.437676	0.500000
2.049068	9.772100	1.418872	0.500000
3.056875	9.732450	1.415808	0.500000
4.327179	9.881735	1.460791	0.500000
4.400344	8.091995	1.402217	0.500000
5.637718	10.064544	1.427692	0.500000
6.632576	7.972420	1.452908	0.500000
6.923298	0.454107	1.432587	0.500000
8.791949	0.436274	0.541664	0.500000
9.808236	9.293695	0.590711	0.500000
