400

1.919303	7.346843	1.056069	0.500000
7.785650	8.847754	3.938739	0.500000
9.591315	9.260344	2.434708	0.500000
9.601136	9.373787	0.706777	0.500000
7.845914	9.567116	2.288094	0.500000
1.307454	10.510616	2.770079	0.500000
3.547502	8.490324	2.355836	0.500000
5.803172	5.548178	2.940849	0.500000
1.578957	8.427595	0.517455	0.500000
7.282371	5.856986	2.242675	0.500000
4.382368	7.650854	2.116968	0.500000
7.926046	3.237753	2.322369	0.500000
2.195291	3.930910	0.637536	0.500000
2.660697	3.798060	2.846907	0.500000
9.201152	1.720968	2.859979	0.500000
10.613525	1.457873	1.213978	0.500000
9.828631	10.012936	1.535544	0.500000
10.688074	3.144652	2.431997	0.500000
1.065785	8.082006	1.825057	0.500000
5.203983	7.923021	2.838588	0.500000
0.049012	4.497403	1.495231	0.500000
2.258857	8.601309	3.786524	0.500000
3.613092	5.076270	2.395875	0.500000
1.723806	9.049391	1.964211	0.500000
1.006610	4.946429	1.439377	0.500000
4.820052	5.515047	1.985716	0.500000
7.316780	1.499525	1.485952	0.500000
5.207545	8.939576	0.985591	0.500000
1.661533	10.742151	3.975933	0.500000
6.691004	8.259735	3.918673	0.500000
5.567025	3.677989	3.905759	0.500000
0.387056	5.603045	3.830735	0.500000
7.705783	3.147813	0.593271	0.500000
2.869541	2.764485	2.318677	0.500000
4.479456	4.187834	0.817196	0.500000
7.229163	5.218365	3.025976	0.500000
8.963766	9.288127	1.518197	0.500000
9.760410	8.804474	3.348454	0.500000
3.526486	5.908437	1.659567	0.500000
0.785649	9.068664	1.181412	0.500000
9.270963	8.010763	2.169954	0.500000
7.898040	7.835068	3.915384	0.500000
3.277624	7.704101	1.460745	0.500000
5.072213	7.041483	0.513649	0.500000
7.594172	7.651065	1.430138	0.500000
9.132505	8.233046	3.932499	0.500000
7.324742	7.453450	2.955258	0.500000
8.697682	10.632963	3.101554	0.500000
4.287028	0.394649	3.814818	0.500000
8.670476	4.668327	3.929161	0.500000
3.280018	6.084945	0.523320	0.500000
5.845227	0.032509	0.548346	0.500000
5.903234	7.411196	3.995628	0.500000
7.947659	8.489980	0.720397	0.500000
9.567521	1.983914	3.950072	0.500000
8.268512	6.218381	1.470912	0.500000
6.893437	8.324631	2.059139	0.500000
7.642948	0.515326	3.033186	0.500000
9.648085	2.668552	2.943732	0.500000
9.862057	3.059411	3.871349	0.500000
9.080976	9.586783	3.970059	0.500000
0.381364	5.733837	0.920105	0.500000
4.493698	10.050021	1.464100	0.500000
10.280571	8.007674	1.678163	0.500000
2.830958	5.196841	3.193880	0.500000
4.850829	6.902217	1.507472	0.500000
9.471541	0.888481	3.997036	0.500000
2.275843	0.736881	2.876826	0.500000
5.195254	8.953330	2.818702	0.500000
4.913501	6.130112	2.962917	0.500000
8.158218	6.711797	3.917919	0.500000
9.297734	2.248355	1.984376	0.500000
1.758833	2.932656	1.431327	0.500000
4.162426	4.786399	1.559271	0.500000
3.831499	8.136726	0.502256	0.500000
1.747905	4.980214	0.510370	0.500000
0.619968	0.408039	2.451238	0.500000
1.656783	0.740642	0.605427	0.500000
7.982279	1.850860	2.785342	0.500000
3.479067	3.752076	0.536403	0.500000
5.217154	0.452563	1.448724	0.500000
6.643766	0.226258	2.823714	0.500000
10.483689	10.083893	0.550159	0.500000
4.633364	3.761971	3.269503	0.500000
2.656915	1.032194	0.542525	0.500000
6.495056	5.161712	3.968783	0.500000
2.338992	6.381177	2.534296	0.500000
2.003420	1.333234	1.420111	0.500000
5.710111	9.892505	2.444068	0.500000
10.345094	9.846911	3.775868	0.500000
10.464925	0.438627	1.575814	0.500000
5.883977	1.087586	0.513157	0.500000
6.022779	0.014410	1.868117	0.500000
9.172123	5.895761	2.995779	0.500000
5.556279	4.978315	1.520893	0.500000
7.462955	9.802635	3.991091	0.500000
8.411404	0.980492	0.536480	0.500000
3.987930	2.559084	2.130681	0.500000
7.003309	1.274240	2.826721	0.500000
1.533901	6.986281	1.930523	0.500000
9.253515	3.438013	1.545114	0.500000
3.019086	2.053944	0.528772	0.500000
7.132296	7.291513	0.542996	0.500000
10.579633	1.251902	3.946349	0.500000
5.245630	2.684310	3.999230	0.500000
6.741273	1.616767	0.630535	0.500000
7.769929	10.648047	0.539556	0.500000
4.215922	2.135233	1.046710	0.500000
7.009897	2.620039	2.856898	0.500000
6.572300	3.971289	3.936940	0.500000
0.946281	2.204260	1.623213	0.500000
1.913651	9.343780	1.015564	0.500000
6.053294	1.586866	2.816030	0.500000
5.893227	10.698094	3.770347	0.500000
10.457264	5.058786	0.545211	0.500000
6.926760	9.366749	1.827351	0.500000
6.681222	3.395764	2.228873	0.500000
4.694725	7.635950	3.926188	0.500000
2.185972	5.948016	3.967626	0.500000
7.611893	10.544435	2.338725	0.500000
4.269770	9.318149	0.742755	0.500000
1.536810	5.766502	1.804834	0.500000
9.795343	10.347815	2.481702	0.500000
4.976487	0.003261	2.528353	0.500000
8.547703	10.451347	1.688360	0.500000
5.185960	9.888081	0.551621	0.500000
9.204477	1.274148	1.333257	0.500000
5.426619	7.822830	1.786088	0.500000
8.650479	2.592698	2.714095	0.500000
7.496211	6.351408	0.510696	0.500000
1.445947	1.122932	2.450138	0.500000
8.844420	10.735416	0.536680	0.500000
2.530311	5.674295	1.594747	0.500000
4.093403	6.663889	2.126076	0.500000
3.756447	5.168616	0.551380	0.500000
6.331601	9.642627	3.991969	0.500000
0.903147	2.306232	3.095960	0.500000
9.722051	6.951967	2.092524	0.500000
1.939015	2.268952	2.286992	0.500000
1.189704	0.236005	1.388750	0.500000
9.954233	1.496617	2.133022	0.500000
6.096486	9.473446	0.534783	0.500000
2.876531	9.832883	1.226310	0.500000
1.571012	10.103328	1.657313	0.500000
0.596922	4.759743	2.982477	0.500000
5.339956	9.817462	3.769366	0.500000
3.344269	1.135790	3.685141	0.500000
6.568121	2.633532	0.561040	0.500000
9.545189	4.662146	3.258541	0.500000
10.288106	2.388471	1.575724	0.500000
2.886459	7.249860	0.611272	0.500000
1.888854	9.686323	3.984413	0.500000
6.173191	3.024710	1.425700	0.500000
1.199575	6.263995	3.815998	0.500000
10.704664	8.845584	0.512080	0.500000
8.924712	2.574843	0.752186	0.500000
2.717325	10.059067	2.326331	0.500000
2.638783	3.132495	3.779482	0.500000
7.100250	0.042380	3.729371	0.500000
0.904225	3.298177	3.364009	0.500000
10.376438	5.007254	3.973918	0.500000
3.205863	8.951126	0.670954	0.500000
7.360125	3.678562	3.170433	0.500000
7.618853	4.795010	3.851431	0.500000
2.443506	8.245534	1.026163	0.500000
0.143181	0.188897	0.703984	0.500000
8.227669	5.064722	2.607858	0.500000
2.383759	2.925733	0.508913	0.500000
2.822217	6.724342	1.535777	0.500000
0.716124	7.539748	2.724623	0.500000
0.708086	6.148816	2.836774	0.500000
10.223939	0.270695	3.613924	0.500000
9.027466	8.546674	0.589122	0.500000
8.189829	7.077670	0.799524	0.500000
4.601658	4.063129	2.203781	0.500000
10.392724	6.394331	3.766516	0.500000
4.180302	1.664934	3.942386	0.500000
7.870572	5.195149	1.637934	0.500000
4.931152	1.619698	2.735780	0.500000
1.515041	9.564181	3.051439	0.500000
3.138521	0.741756	1.916740	0.500000
0.158127	3.449633	0.525288	0.500000
6.048648	8.837323	2.303332	0.500000
4.263602	6.085953	0.894229	0.500000
3.251405	2.936636	1.210606	0.500000
6.119140	8.661580	1.307348	0.500000
10.729094	1.116572	2.905905	0.500000
7.528549	0.988864	3.947653	0.500000
0.292233	8.727327	2.173522	0.500000
8.324748	4.286429	1.589160	0.500000
0.132960	7.251360	1.938052	0.500000
1.296492	3.201176	0.507907	0.500000
8.179307	7.737738	2.343376	0.500000
6.983164	3.011040	3.882625	0.500000
3.278706	0.194857	3.015437	0.500000
9.004483	3.632946	0.552180	0.500000
10.336170	8.226178	2.770276	0.500000
7.084292	0.534947	1.731716	0.500000
9.451501	0.196358	1.623182	0.500000
6.825988	0.602329	0.509796	0.500000
4.345139	4.601786	3.997740	0.500000
9.853127	4.432258	1.685118	0.500000
2.540096	0.547801	3.872658	0.500000
5.666790	0.580514	2.974073	0.500000
5.128092	2.608177	2.726821	0.500000
5.843257	1.015045	2.008152	0.500000
2.184399	0.185706	2.009443	0.500000
0.815620	10.047705	0.910440	0.500000
5.618419	3.789557	0.500924	0.500000
1.055882	4.311994	3.753870	0.500000
8.587918	8.035449	1.407529	0.500000
9.318074	6.303379	1.394154	0.500000
1.516293	6.921938	2.978767	0.500000
6.397308	4.213151	1.549077	0.500000
8.312133	9.643899	3.315559	0.500000
6.333430	1.008383	3.936620	0.500000
7.791690	2.025280	0.576235	0.500000
0.721805	1.659432	3.890348	0.500000
6.046925	2.902051	3.059245	0.500000
6.694435	6.928222	2.286343	0.500000
8.776009	7.075266	1.781280	0.500000
6.953666	7.272345	3.923180	0.500000
0.760800	7.048630	1.067080	0.500000
9.775982	5.816790	0.595988	0.500000
1.723216	8.032996	2.885264	0.500000
4.672121	3.131606	0.578687	0.500000
1.950491	4.657675	2.769535	0.500000
9.715239	0.675301	0.567477	0.500000
10.539149	4.390353	2.572971	0.500000
0.384486	2.320840	0.684321	0.500000
8.758900	6.279412	0.556968	0.500000
2.556292	4.643668	1.814090	0.500000
2.984866	2.318450	3.288973	0.500000
9.527420	5.156007	2.388504	0.500000
9.666403	1.892630	0.511090	0.500000
2.907178	8.034675	3.001130	0.500000
5.245446	0.718098	3.908740	0.500000
0.556947	1.140172	0.544445	0.500000
9.866146	0.554065	2.605363	0.500000
1.947298	3.031122	3.011533	0.500000
10.086297	4.138531	0.741981	0.500000
7.993295	6.368012	2.991052	0.500000
2.528515	2.262348	1.416136	0.500000
6.952420	6.280889	3.121672	0.500000
5.740921	9.890320	1.431200	0.500000
8.235096	4.114579	2.941743	0.500000
6.625182	3.699917	0.642523	0.500000
9.150714	4.228276	2.409972	0.500000
3.614111	3.386788	2.677618	0.500000
2.265895	10.479311	3.179447	0.500000
10.480040	3.434875	1.437526	0.500000
10.212783	6.325412	2.714065	0.500000
3.227591	7.144177	2.501078	0.500000
4.172017	8.120079	3.176348	0.500000
7.529063	5.910728	3.950108	0.500000
3.750099	5.396508	3.694973	0.500000
2.734467	5.233847	0.502305	0.500000
10.558295	9.319350	1.548414	0.500000
7.035782	4.676158	0.671789	0.500000
8.222147	2.581165	1.532212	0.500000
10.246817	5.606426	1.652713	0.500000
5.786947	6.499020	1.972832	0.500000
3.633882	0.748497	0.744843	0.500000
3.639672	1.598637	1.680927	0.500000
0.719476	9.593276	3.976331	0.500000
4.586124	7.076589	3.012663	0.500000
1.467072	5.938360	0.631989	0.500000
0.110209	10.240670	2.970099	0.500000
7.833785	8.643016	1.791534	0.500000
1.138255	0.819048	3.506280	0.500000
7.730993	6.873404	2.074133	0.500000
1.854034	10.327346	0.645827	0.500000
0.777640	7.537934	3.879971	0.500000
4.034050	6.361587	3.902137	0.500000
6.448554	5.403145	1.213302	0.500000
3.984409	7.060579	1.020790	0.500000
5.353267	1.701579	3.725959	0.500000
10.234975	7.683842	3.975146	0.500000
8.139868	4.225533	0.505496	0.500000
4.209714	2.890257	3.537347	0.500000
2.013135	7.482155	3.899582	0.500000
5.640108	8.649802	3.924106	0.500000
8.049900	3.773546	3.932171	0.500000
1.353450	2.035412	0.592304	0.500000
2.820331	8.881460	1.784841	0.500000
3.676349	10.337905	0.507844	0.500000
0.923201	4.086960	0.808537	0.500000
9.256471	6.851066	3.893908	0.500000
4.776691	9.155678	1.898020	0.500000
7.578132	8.525479	2.864282	0.500000
9.399792	10.578043	3.992485	0.500000
5.424422	4.586948	2.458961	0.500000
6.777009	8.315198	0.622689	0.500000
3.824476	9.367694	3.001513	0.500000
4.593650	5.036651	3.028317	0.500000
7.555159	10.055970	1.393714	0.500000
10.336742	7.488115	0.616702	0.500000
5.709462	3.604184	2.388912	0.500000
2.389771	7.588881	1.910375	0.500000
0.405856	5.328219	2.156102	0.500000
1.716091	5.754714	3.061405	0.500000
4.832822	5.104191	0.601564	0.500000
4.177196	0.609196	2.739865	0.500000
6.532505	4.476457	2.985111	0.500000
1.225388	4.039773	2.410956	0.500000
2.832149	0.123590	1.083177	0.500000
8.080998	0.061232	3.925100	0.500000
8.544484	5.659575	3.884452	0.500000
8.558639	9.624404	0.663916	0.500000
8.898226	5.292836	1.484030	0.500000
8.450963	1.610492	1.914002	0.500000
4.800240	5.588102	3.932810	0.500000
8.685155	8.832231	2.631348	0.500000
8.871324	6.943370	2.779197	0.500000
0.510877	6.328483	1.751039	0.500000
2.968532	3.680549	1.833214	0.500000
8.044915	5.309874	0.630298	0.500000
8.642671	0.970264	3.280307	0.500000
1.265092	8.730374	3.997794	0.500000
1.734686	3.567952	3.919294	0.500000
9.647485	7.578182	3.128354	0.500000
7.925580	2.678389	3.427843	0.500000
5.267448	6.068998	0.682302	0.500000
5.529033	4.729581	3.724907	0.500000
3.445455	3.746605	3.951197	0.500000
6.329656	7.766165	3.006878	0.500000
5.882009	1.874820	1.298705	0.500000
6.181397	2.324570	3.873776	0.500000
7.264387	9.264386	0.624769	0.500000
4.233233	0.275058	1.555681	0.500000
9.250261	4.854663	0.624376	0.500000
3.569725	6.193344	2.897931	0.500000
5.193261	2.785721	1.545944	0.500000
6.535290	9.049980	3.186651	0.500000
0.419674	0.207150	3.885122	0.500000
8.227109	1.738608	3.854749	0.500000
10.493845	2.235002	3.345837	0.500000
6.099609	6.238826	3.981958	0.500000
10.367599	5.358022	2.992157	0.500000
8.956132	3.624862	3.479098	0.500000
5.876407	7.645546	0.535682	0.500000
5.177828	6.671018	3.901517	0.500000
6.688880	5.037937	2.127088	0.500000
0.698216	9.985449	2.131732	0.500000
2.653731	4.441929	3.848070	0.500000
2.672429	6.862086	3.421690	0.500000
6.567007	7.556981	1.397797	0.500000
0.256023	8.333614	3.505313	0.500000
2.985295	1.686784	2.489008	0.500000
5.802400	6.715167	2.997215	0.500000
4.846056	1.145957	0.647006	0.500000
0.834365	1.155733	1.566828	0.500000
10.573916	7.203764	3.077568	0.500000
7.197654	2.600189	1.343211	0.500000
6.262732	2.330435	2.153980	0.500000
7.535468	4.417157	2.190811	0.500000
1.451267	5.246755	3.890078	0.500000
0.679725	3.204330	1.449775	0.500000
9.569392	5.622531	3.957957	0.500000
0.434585	8.032736	0.856995	0.500000
4.756264	8.030171	0.898603	0.500000
3.931350	1.572796	2.952833	0.500000
1.687058	2.468111	3.823478	0.500000
5.296269	3.981802	1.473022	0.500000
3.445036	7.459373	3.797266	0.500000
1.690316	4.213630	1.460777	0.500000
4.463094	9.308082	3.942973	0.500000
8.284666	0.646741	1.497418	0.500000
8.855271	2.719836	3.958971	0.500000
7.419913	3.757110	1.378502	0.500000
2.050337	1.487254	3.794576	0.500000
2.664713	9.199652	3.048176	0.500000
4.557704	0.154008	0.597184	0.500000
3.631719	8.466430	3.999478	0.500000
4.034196	8.509163	1.458973	0.500000
0.135906	2.016715	2.309602	0.500000
4.672831	9.879304	2.832976	0.500000
9.249440	7.550469	0.528612	0.500000
2.971548	9.867021	3.964604	0.500000
7.150704	1.996182	3.769532	0.500000
10.535462	6.473052	0.500109	0.500000
6.919500	6.293892	1.393829	0.500000
0.554772	9.235330	3.002246	0.500000
3.737633	4.439250	3.219453	0.500000
8.900008	0.699813	2.289241	0.500000
0.122927	3.917404	3.578048	0.500000
3.770946	9.404454	1.914522	0.500000
4.958843	1.726815	1.668015	0.500000
6.714120	10.454389	0.929273	0.500000
5.870928	4.772061	0.500543	0.500000
3.804838	10.324459	3.597562	0.500000
4.321153	3.392426	1.512636	0.500000
5.482563	2.421188	0.506304	0.500000
6.896583	9.956174	2.851193	0.500000
6.048317	6.618743	1.004239	0.500000
3.767846	10.417172	2.252349	0.500000
9.865738	3.019140	0.521138	0.500000
1.142769	3.039664	2.343164	0.500000
9.897673	3.681546	2.923589	0.500000
0.132364	2.911774	3.999560	0.500000
