400

9.689925	9.292604	1.199046	0.500000
7.904608	1.109969	2.199747	0.500000
0.830689	10.229594	2.262823	0.500000
8.024467	8.474486	0.647063	0.500000
6.341664	0.106847	3.249024	0.500000
0.498417	10.038200	0.902779	0.500000
1.664921	0.799128	1.965786	0.500000
6.631206	0.320338	2.073305	0.500000
9.715968	8.282702	1.352899	0.500000
3.481867	9.323312	1.218873	0.500000
8.567940	3.062275	2.777579	0.500000
6.615350	2.214866	2.500188	0.500000
7.445379	4.904816	3.955612	0.500000
5.260066	10.526163	2.587430	0.500000
2.892951	5.066722	2.064031	0.500000
2.542909	8.860553	3.992802	0.500000
4.954139	7.685093	1.081645	0.500000
2.127267	6.039634	0.620236	0.500000
0.848140	5.690325	2.614594	0.500000
1.315393	10.506466	0.510725	0.500000
1.844118	5.205848	2.937074	0.500000
6.245975	9.725745	3.907824	0.500000
1.150294	7.339507	3.664559	0.500000
4.217062	9.027635	3.989425	0.500000
2.148082	6.693794	1.846592	0.500000
1.364002	3.872344	3.940388	0.500000
6.905149	1.092326	3.038731	0.500000
5.076447	4.160220	1.125401	0.500000
1.942731	7.656921	2.603007	0.500000
7.333516	4.708631	2.394794	0.500000
9.449926	5.283012	3.582387	0.500000
1.169349	5.955707	3.762593	0.500000
9.267780	2.208300	1.475490	0.500000
4.508873	8.778838	0.670015	0.500000
8.439461	5.003493	1.863936	0.500000
3.181871	9.349343	3.168306	0.500000
10.080406	8.629241	3.985591	0.500000
5.386283	1.647770	1.474319	0.500000
1.580041	9.139608	0.596311	0.500000
1.587362	0.830485	0.642097	0.500000
4.013948	7.644992	2.575775	0.500000
8.467561	3.603618	3.858817	0.500000
5.818752	2.933114	2.252942	0.500000
2.252277	1.775668	0.505906	0.500000
3.415455	5.991429	1.597800	0.500000
0.133555	1.465980	2.003989	0.500000
9.778261	9.764508	2.160190	0.500000
5.523802	0.206548	1.704152	0.500000
8.467095	2.935428	0.667815	0.500000
6.104608	5.989216	3.012522	0.500000
4.099297	3.901523	1.324654	0.500000
10.449790	0.184561	2.523013	0.500000
1.025092	4.948710	3.791301	0.500000
1.685547	8.140774	3.957271	0.500000
10.492298	2.519445	0.555326	0.500000
10.587603	7.561789	1.637486	0.500000
3.062284	6.597370	0.517115	0.500000
3.722313	6.953909	1.831121	0.500000
7.783894	7.478867	3.033896	0.500000
5.079251	3.846823	3.993284	0.500000
2.829143	7.335628	1.392303	0.500000
0.680577	0.370434	1.464202	0.500000
10.684750	1.169256	2.936217	0.500000
2.185535	10.678683	2.347873	0.500000
4.867450	1.331989	0.662904	0.500000
2.284834	9.919438	0.546139	0.500000
0.289273	8.210626	3.984100	0.500000
0.175105	3.906085	3.985675	0.500000
1.014828	8.413409	2.840121	0.500000
6.304394	7.989028	3.039795	0.500000
4.015501	7.256894	0.853434	0.500000
4.784468	5.487833	1.160685	0.500000
1.607584	4.457577	0.602733	0.500000
6.419752	2.778558	0.623220	0.500000
8.808034	5.857165	1.484466	0.500000
5.475697	8.109883	2.188987	0.500000
4.339510	3.487704	3.271867	0.500000
3.061567	3.371309	3.153743	0.500000
7.401979	8.448697	1.976592	0.500000
5.671549	4.005605	1.983285	0.500000
7.550018	3.006096	2.956674	0.500000
1.031725	1.636480	1.577782	0.500000
7.693631	5.820666	1.768126	0.500000
2.363094	5.077073	0.933694	0.500000
4.379752	2.349149	0.754037	0.500000
10.166738	8.677178	0.540165	0.500000
10.449744	3.863502	3.123330	0.500000
2.562245	5.729904	3.871188	0.500000
5.543069	8.784067	1.231227	0.500000
6.495177	6.016423	3.934781	0.500000
6.166529	7.049315	3.370363	0.500000
3.674510	8.582694	2.747712	0.500000
4.523191	7.849881	3.893279	0.500000
8.426781	2.542352	3.788647	0.500000
10.011369	4.299674	2.295211	0.500000
10.615183	10.282033	1.638036	0.500000
5.629063	9.129525	2.206928	0.500000
1.455606	2.214714	3.983813	0.500000
2.558099	8.740467	0.711606	0.500000
9.231665	7.291034	1.626969	0.500000
8.638325	9.424710	0.622809	0.500000
5.378672	9.533729	3.102041	0.500000
9.423349	2.311868	2.865027	0.500000
9.499510	1.903165	3.795024	0.500000
5.609288	10.500511	3.865130	0.500000
5.642805	0.560248	0.521112	0.500000
9.013244	7.916867	0.638841	0.500000
7.271956	5.744848	3.102559	0.500000
7.337239	3.176433	0.534528	0.500000
8.767518	4.552248	3.999845	0.500000
4.585570	8.667408	1.833379	0.500000
10.580027	6.125845	2.788431	0.500000
6.004465	6.941084	0.570072	0.500000
3.367424	10.575661	2.283885	0.500000
7.295063	9.775218	2.840988	0.500000
8.348255	0.036384	1.685068	0.500000
9.091981	4.909795	2.710984	0.500000
4.493384	0.594075	1.685118	0.500000
7.432948	6.381686	3.991933	0.500000
9.932662	5.927850	0.547934	0.500000
3.168851	7.932468	0.506606	0.500000
2.728350	4.098838	1.499693	0.500000
0.703694	2.043611	0.723476	0.500000
10.631314	2.958573	3.987043	0.500000
1.885844	9.874575	3.656834	0.500000
5.290285	7.449438	3.020012	0.500000
8.115786	5.291833	2.809685	0.500000
5.970441	5.930347	1.066888	0.500000
8.208729	5.632836	3.971731	0.500000
7.311966	8.466453	3.097089	0.500000
5.816710	10.279214	0.530198	0.500000
5.361770	2.260799	3.964186	0.500000
10.606771	4.925115	2.804754	0.500000
1.778716	8.485233	1.745333	0.500000
9.123082	6.594935	0.731151	0.500000
3.854822	7.977713	1.610542	0.500000
6.498715	3.561234	1.347424	0.500000
8.890273	9.098722	3.982834	0.500000
9.149843	1.781088	0.515560	0.500000
4.127168	10.311576	2.942281	0.500000
7.079692	1.579004	1.719335	0.500000
7.604529	0.620159	1.277559	0.500000
2.583872	0.862554	0.913867	0.500000
9.299267	10.483675	0.572369	0.500000
10.644152	3.831762	0.655389	0.500000
0.082385	9.901487	3.999228	0.500000
3.434469	9.923082	3.960712	0.500000
8.961505	5.225560	0.619025	0.500000
6.892016	6.455374	1.553415	0.500000
8.873559	1.280027	1.657764	0.500000
5.423096	2.215417	0.539466	0.500000
7.089838	7.405808	3.806389	0.500000
5.372278	5.621750	3.984801	0.500000
8.533709	1.823514	2.602113	0.500000
2.794729	8.195473	3.163109	0.500000
10.343753	1.316182	3.868219	0.500000
6.872730	8.442208	0.615756	0.500000
1.035017	1.754659	2.922273	0.500000
5.511317	0.922971	3.889595	0.500000
0.150604	5.599608	3.728098	0.500000
9.125686	6.098839	2.555204	0.500000
5.043061	2.777214	1.449206	0.500000
3.128563	0.920786	2.995879	0.500000
6.675527	8.568939	3.890604	0.500000
0.109475	9.250035	1.499458	0.500000
10.707054	9.955105	2.590329	0.500000
10.711164	7.732723	2.760765	0.500000
5.183466	3.211405	0.545523	0.500000
6.334431	8.425458	1.753739	0.500000
10.279811	0.131322	0.568411	0.500000
9.316742	8.552685	3.044760	0.500000
1.152934	9.011484	3.955761	0.500000
0.120353	7.767683	0.636520	0.500000
8.938973	6.273990	3.563813	0.500000
3.090297	4.616939	3.990125	0.500000
7.171701	4.217150	0.554969	0.500000
1.422407	10.708552	3.054006	0.500000
6.324713	3.567907	3.918717	0.500000
6.056289	3.928265	0.505536	0.500000
4.136531	0.626270	2.629836	0.500000
3.879418	2.926235	1.439877	0.500000
2.722109	10.266694	1.377720	0.500000
0.411017	6.762848	2.207629	0.500000
3.649702	3.634664	2.334465	0.500000
2.972234	5.147035	3.139490	0.500000
2.079168	0.860810	2.881486	0.500000
0.319450	5.860251	0.506638	0.500000
2.522521	0.913947	3.966731	0.500000
5.275580	9.054334	3.995291	0.500000
0.164341	3.084537	2.579297	0.500000
4.643231	9.632789	2.320963	0.500000
3.292429	2.287421	0.516433	0.500000
9.644935	7.938936	2.312918	0.500000
8.424393	0.897760	0.669660	0.500000
3.374066	1.691006	3.954894	0.500000
8.067459	1.913527	0.525083	0.500000
8.277751	4.042660	1.195183	0.500000
4.977094	9.906463	1.293086	0.500000
2.086773	1.843422	2.682692	0.500000
3.708309	4.431846	2.935958	0.500000
1.039243	6.140965	1.739282	0.500000
9.196491	4.166073	0.540308	0.500000
1.279175	5.484159	0.845288	0.500000
7.032128	1.849892	0.541598	0.500000
6.889902	3.817162	2.633965	0.500000
4.378102	1.188302	3.983186	0.500000
2.436044	9.259718	1.591612	0.500000
3.914807	10.439821	1.450850	0.500000
5.822934	8.086332	0.508730	0.500000
2.532157	4.242177	2.927690	0.500000
3.360578	4.941119	1.050216	0.500000
6.085767	4.979060	2.934093	0.500000
3.983042	2.658836	2.447545	0.500000
4.240613	4.654113	0.658869	0.500000
8.519735	7.915082	2.451366	0.500000
3.916425	9.978244	0.559812	0.500000
0.536685	1.113892	3.857200	0.500000
2.268886	3.533649	2.245419	0.500000
8.707590	0.610987	2.777663	0.500000
0.937312	9.223921	2.164207	0.500000
10.306279	8.731672	2.203777	0.500000
4.909439	6.476793	0.963947	0.500000
0.767354	2.989236	3.399798	0.500000
5.598465	4.921120	0.722642	0.500000
3.219491	3.863890	0.641044	0.500000
3.554142	3.724834	3.974494	0.500000
10.713451	4.686508	1.393513	0.500000
1.909616	2.733805	1.679773	0.500000
6.459444	10.187030	2.445902	0.500000
1.910387	7.456898	0.734059	0.500000
8.062195	6.260105	0.619138	0.500000
2.651953	6.836706	3.182875	0.500000
8.609370	3.138706	1.729206	0.500000
10.014190	6.294066	3.899621	0.500000
1.885477	0.081519	3.960849	0.500000
3.581727	0.618006	1.267699	0.500000
7.142881	7.568383	1.039392	0.500000
3.077182	2.371794	2.936294	0.500000
1.514437	3.755781	2.873249	0.500000
8.103627	6.806161	1.793342	0.500000
9.977018	9.445971	3.205727	0.500000
7.351981	4.074323	1.618102	0.500000
5.148177	0.965717	2.497782	0.500000
6.166116	9.269774	0.507739	0.500000
9.482753	0.146237	1.462226	0.500000
2.057157	4.669279	3.832466	0.500000
6.450574	9.194956	2.813332	0.500000
10.412956	4.776600	3.960060	0.500000
3.458368	9.555389	2.195820	0.500000
4.538053	10.169987	3.980837	0.500000
9.859097	5.219023	1.919211	0.500000
0.440753	2.111531	3.987914	0.500000
5.485351	4.967201	1.732252	0.500000
8.280965	9.891120	3.872906	0.500000
6.981307	6.392927	0.557287	0.500000
4.706381	4.972686	3.023644	0.500000
0.838695	4.570940	2.845323	0.500000
6.649526	5.617754	2.170024	0.500000
3.727565	5.926997	3.105438	0.500000
8.706846	0.052402	3.689306	0.500000
6.786258	10.453882	1.090341	0.500000
4.126301	4.892229	3.937711	0.500000
3.445483	6.497838	3.980393	0.500000
2.738059	7.560560	3.980924	0.500000
0.527693	0.947565	0.603620	0.500000
8.154687	9.109711	1.543007	0.500000
0.608685	4.081247	1.805891	0.500000
4.280727	5.923522	3.997333	0.500000
10.110684	6.994718	2.327319	0.500000
6.233368	4.801533	3.939649	0.500000
6.054988	7.505529	1.439428	0.500000
0.538574	8.985152	0.582559	0.500000
10.026350	7.099219	0.779625	0.500000
4.204125	6.132652	2.250596	0.500000
5.101919	5.956678	2.934527	0.500000
5.478772	1.992059	2.436038	0.500000
7.377364	3.228974	3.916232	0.500000
3.253043	2.768056	3.986371	0.500000
8.074035	2.225684	1.610911	0.500000
6.558273	1.128917	3.979797	0.500000
1.618939	3.773853	1.353829	0.500000
7.208263	10.241911	3.768585	0.500000
7.119276	7.361537	2.093397	0.500000
6.300744	2.290349	1.500686	0.500000
0.634609	8.217250	1.903669	0.500000
8.075427	10.412797	0.629663	0.500000
7.561258	1.885845	2.836150	0.500000
5.975278	9.903694	1.517256	0.500000
9.434623	0.779182	3.926473	0.500000
9.309642	7.188850	2.934511	0.500000
0.154789	8.945629	3.034103	0.500000
9.940085	3.839696	3.992124	0.500000
7.853743	3.986694	2.966480	0.500000
5.022217	8.479714	3.021162	0.500000
4.162616	3.302874	0.507361	0.500000
1.181447	8.206467	0.591532	0.500000
0.252591	6.884939	3.546443	0.500000
6.123435	1.175568	2.383509	0.500000
6.086943	6.847701	2.192230	0.500000
9.241975	4.306158	1.564442	0.500000
0.891089	5.045198	1.655708	0.500000
6.514855	4.689347	1.820250	0.500000
2.316340	3.533363	3.833242	0.500000
7.398641	1.805986	3.864317	0.500000
1.680804	2.781126	0.656056	0.500000
10.287952	2.309990	1.935254	0.500000
3.425438	8.375147	3.941701	0.500000
1.464695	6.502302	2.726678	0.500000
6.205553	0.892271	1.345904	0.500000
8.052216	6.322890	2.676486	0.500000
7.593647	9.492307	0.648257	0.500000
4.513885	6.802947	2.995306	0.500000
0.810144	3.505264	0.685465	0.500000
8.815573	9.938379	1.584840	0.500000
2.212772	3.637297	0.529604	0.500000
3.910455	5.179450	1.937000	0.500000
6.809817	9.255975	1.321131	0.500000
7.535397	0.280369	2.720861	0.500000
9.052686	8.778567	1.948162	0.500000
4.950963	1.622177	3.286765	0.500000
7.637684	0.635293	3.660792	0.500000
1.033204	7.000598	0.504040	0.500000
1.929498	5.617946	1.679912	0.500000
7.017282	6.703275	2.883928	0.500000
5.826147	2.875824	3.314734	0.500000
4.750254	3.486384	2.157333	0.500000
9.983280	4.925285	0.509884	0.500000
6.642674	2.518951	3.846403	0.500000
9.554712	3.234911	0.636857	0.500000
1.548481	1.189155	3.768687	0.500000
1.885435	2.755716	3.076710	0.500000
2.669709	5.928553	2.530793	0.500000
5.033550	6.682083	3.885556	0.500000
8.486168	7.165897	3.857717	0.500000
2.415325	1.968559	3.799403	0.500000
0.335503	2.914183	1.578814	0.500000
8.401386	1.340035	3.977623	0.500000
9.323393	7.904592	3.951288	0.500000
0.465803	4.854790	0.559280	0.500000
0.041969	5.634659	1.723001	0.500000
8.066433	7.791073	1.525501	0.500000
1.983736	8.659704	2.747012	0.500000
3.683716	7.411940	3.564678	0.500000
3.024552	7.427469	2.447551	0.500000
9.867730	1.065524	2.020764	0.500000
10.423224	2.113895	3.205695	0.500000
7.550468	9.124969	3.835361	0.500000
9.091594	3.918605	3.049485	0.500000
10.282604	0.033100	3.989427	0.500000
9.628356	1.275134	2.996299	0.500000
3.624031	1.362450	2.112722	0.500000
6.886735	0.668812	0.557936	0.500000
1.890646	4.675698	2.080953	0.500000
7.457636	9.820545	1.834905	0.500000
3.390708	0.304568	3.896701	0.500000
4.513569	0.083235	0.621975	0.500000
9.900201	6.249892	1.554859	0.500000
9.542345	10.676131	2.956271	0.500000
10.278245	3.515216	1.595640	0.500000
3.112476	0.002506	0.604125	0.500000
8.171691	8.200274	3.755491	0.500000
9.454500	10.050501	3.946590	0.500000
7.482745	3.025798	1.905863	0.500000
5.965079	1.705412	3.314732	0.500000
5.565236	5.921544	2.045562	0.500000
4.767908	0.246398	3.420314	0.500000
0.858777	0.630512	2.565842	0.500000
1.150044	2.649425	2.392588	0.500000
9.669980	3.203341	2.455039	0.500000
8.342362	9.147494	3.100648	0.500000
4.277583	2.401658	3.774529	0.500000
4.673178	4.499040	2.121053	0.500000
4.396000	1.757372	1.587987	0.500000
3.827735	5.735330	0.571920	0.500000
1.289123	7.507522	1.580637	0.500000
2.725726	0.684731	1.902868	0.500000
8.783914	9.984327	2.764551	0.500000
0.272649	6.756587	1.183346	0.500000
2.161504	9.639863	2.638109	0.500000
9.400578	3.031088	3.717195	0.500000
10.346433	9.723566	0.504467	0.500000
1.868929	6.679989	3.943763	0.500000
2.970593	8.539644	2.035345	0.500000
5.654324	3.871909	3.105053	0.500000
2.733890	10.319152	3.177052	0.500000
0.367055	10.607004	3.297446	0.500000
6.964891	5.346555	1.097291	0.500000
2.972566	2.760364	1.848521	0.500000
3.949195	1.706647	2.994907	0.500000
4.908957	2.670481	2.920277	0.500000
6.100762	1.471111	0.526749	0.500000
1.688199	10.286232	1.445010	0.500000
7.840806	5.246454	0.553974	0.500000
4.890362	7.207504	1.963534	0.500000
1.005297	9.701982	3.139387	0.500000
3.822231	1.440943	0.665656	0.500000
10.549543	0.778552	1.283171	0.500000
2.302633	1.746298	1.580321	0.500000
5.757019	7.938579	3.902999	0.500000
10.152332	1.668218	1.049361	0.500000
