400

7.695292	7.676047	0.655009	0.500000
9.371486	1.845104	0.559243	0.500000
2.323153	8.780497	0.500189	0.500000
8.542137	0.139224	0.506176	0.500000
5.683562	0.171289	0.571435	0.500000
1.231014	0.767945	1.527880	0.500000
2.109012	10.262393	3.800529	0.500000
9.680622	10.023275	2.843616	0.500000
0.603865	9.831684	1.538562	0.500000
6.074852	8.583159	1.702925	0.500000
5.998279	5.304351	2.966224	0.500000
8.071798	2.875755	1.544677	0.500000
4.602838	4.089021	2.717442	0.500000
3.804953	2.608617	3.769841	0.500000
2.615395	9.664891	3.026036	0.500000
1.880987	8.750543	3.944988	0.500000
1.982555	8.644598	2.855101	0.500000
0.692915	3.480129	0.907325	0.500000
8.861572	7.679405	0.539310	0.500000
4.226292	0.793123	1.454446	0.500000
9.750007	3.637118	1.451191	0.500000
1.921434	7.639061	3.997456	0.500000
1.042205	7.118202	3.965873	0.500000
2.390592	4.938743	1.787700	0.500000
10.048165	5.513125	0.582803	0.500000
0.698193	6.519207	3.084518	0.500000
8.776640	4.384384	3.956884	0.500000
4.764970	5.815252	0.500756	0.500000
2.260407	7.640426	2.776275	0.500000
6.682692	6.813763	2.880350	0.500000
7.923387	3.968442	3.530152	0.500000
9.184550	5.269720	1.036007	0.500000
9.562960	1.539124	1.986152	0.500000
3.412069	10.219258	0.550220	0.500000
7.741303	1.828185	1.527969	0.500000
4.803018	6.113345	2.715415	0.500000
9.397686	7.972721	1.586322	0.500000
8.594999	9.994972	3.183846	0.500000
10.620134	8.433959	3.797633	0.500000
2.418984	0.581478	1.386533	0.500000
2.806631	9.168252	2.086137	0.500000
7.692152	4.299233	1.599416	0.500000
3.510908	5.587740	0.550476	0.500000
2.181759	7.573813	1.515030	0.500000
5.514261	9.031150	2.439053	0.500000
10.565743	3.932948	3.843885	0.500000
10.243437	7.063725	2.918361	0.500000
7.491272	9.607588	2.720222	0.500000
7.406233	0.936124	3.958703	0.500000
8.723006	5.523731	3.099239	0.500000
2.601464	6.566490	1.779694	0.500000
9.971724	2.758421	0.531737	0.500000
2.395371	6.691097	3.990427	0.500000
0.292287	6.839259	2.220914	0.500000
0.849768	4.451051	3.022135	0.500000
10.072764	8.909107	2.197192	0.500000
4.551926	7.271565	1.793115	0.500000
4.724796	10.168262	2.354300	0.500000
6.236811	6.748278	1.461491	0.500000
0.702169	2.399945	3.036231	0.500000
1.815732	0.346007	0.500544	0.500000
0.000451	7.223644	0.571660	0.500000
1.908637	9.620551	2.149307	0.500000
9.970040	10.756161	1.335905	0.500000
4.906797	1.908132	1.235256	0.500000
2.886254	6.516916	2.895374	0.500000
9.017434	5.907718	1.957829	0.500000
0.633274	2.837098	3.945720	0.500000
2.928478	5.442327	2.968194	0.500000
3.976223	6.465752	3.161034	0.500000
1.266669	7.740089	2.055048	0.500000
7.485056	4.730337	0.596697	0.500000
0.809042	5.627656	2.519977	0.500000
3.308201	2.576745	1.371241	0.500000
9.604912	8.850063	1.041078	0.500000
4.019239	6.753156	0.569867	0.500000
1.980701	0.870055	2.280858	0.500000
2.755545	10.216067	1.768420	0.500000
8.590766	4.166089	2.793472	0.500000
4.592395	7.367836	2.999521	0.500000
6.971323	2.628866	1.482046	0.500000
9.005320	1.100551	1.133654	0.500000
8.935349	3.096123	2.564784	0.500000
3.220996	5.533609	1.719947	0.500000
3.681919	3.274890	0.615625	0.500000
8.311295	8.747108	0.557397	0.500000
0.258637	4.317338	1.332687	0.500000
2.728866	4.244213	2.606285	0.500000
7.768190	9.838720	1.298079	0.500000
8.594675	4.635634	0.532195	0.500000
8.384510	7.291040	3.613551	0.500000
5.756353	10.313927	2.217908	0.500000
7.080679	8.106742	2.774071	0.500000
7.359928	7.213103	3.885823	0.500000
1.809329	5.713719	2.761816	0.500000
6.673338	8.323327	3.971195	0.500000
6.900773	10.590695	2.351977	0.500000
2.843575	0.484058	3.818082	0.500000
5.545412	6.808460	2.608688	0.500000
8.378338	8.314759	1.467494	0.500000
5.840476	0.362332	3.090320	0.500000
4.438762	3.001292	2.082250	0.500000
8.094283	0.885490	1.602703	0.500000
9.899066	2.254078	3.207296	0.500000
4.881418	2.641229	3.986393	0.500000
5.331061	0.840932	2.365696	0.500000
8.504456	9.728055	0.532364	0.500000
5.802020	5.226181	3.953992	0.500000
7.775353	3.708392	0.711338	0.500000
5.755189	3.588958	3.617755	0.500000
3.621090	10.257795	2.979537	0.500000
0.182964	7.563137	3.440451	0.500000
6.810565	9.487779	1.625451	0.500000
3.409167	0.150310	1.529378	0.500000
7.473046	2.750038	0.618959	0.500000
8.079834	10.373525	2.232463	0.500000
6.023895	4.635678	1.704136	0.500000
4.330161	3.547074	3.847908	0.500000
7.598245	7.211182	2.798973	0.500000
10.719477	8.601838	1.415954	0.500000
1.960457	7.404817	0.536553	0.500000
1.732487	5.933167	3.935737	0.500000
8.140184	1.062055	0.585792	0.500000
5.658763	1.323498	3.746749	0.500000
0.931558	10.614837	0.546512	0.500000
5.159353	6.072269	1.678497	0.500000
7.336158	6.598168	0.776399	0.500000
4.001670	8.334862	1.641258	0.500000
9.270202	5.510190	3.975133	0.500000
7.710188	4.735602	2.661011	0.500000
4.535813	8.043116	0.780762	0.500000
6.831515	10.181626	0.502222	0.500000
3.598026	4.514296	2.132568	0.500000
0.262437	6.212440	0.504285	0.500000
5.728896	5.263561	0.608189	0.500000
4.911141	8.256985	2.160409	0.500000
6.257391	0.540618	2.133467	0.500000
8.288779	10.558816	3.958406	0.500000
0.532334	2.437376	0.512915	0.500000
4.209681	10.730720	3.903140	0.500000
10.215792	0.967273	1.479616	0.500000
7.469096	0.280775	0.506194	0.500000
2.841935	9.514480	1.013144	0.500000
10.050218	9.776232	3.902350	0.500000
10.458817	4.515063	2.197073	0.500000
1.074891	0.558138	3.963363	0.500000
3.229805	10.325068	3.966093	0.500000
9.432955	4.010285	0.557834	0.500000
6.272430	5.677106	1.638916	0.500000
2.327519	1.284861	0.636234	0.500000
4.335947	10.599573	0.595654	0.500000
7.507573	7.176405	1.717100	0.500000
3.638037	4.433114	0.539873	0.500000
1.564149	4.957724	3.748058	0.500000
5.032552	4.992930	3.240725	0.500000
9.211066	1.387555	3.016779	0.500000
6.555475	9.264223	2.594827	0.500000
2.694586	5.078406	3.991015	0.500000
6.324015	7.212488	3.817254	0.500000
9.890252	5.361037	1.880807	0.500000
8.003538	5.225255	3.960884	0.500000
1.160343	1.936158	3.807286	0.500000
6.749052	3.716490	3.938490	0.500000
6.715344	5.796690	3.870359	0.500000
9.845411	9.735984	1.677182	0.500000
9.552560	8.617085	3.973659	0.500000
7.735012	6.135227	3.357615	0.500000
5.677703	0.881087	1.388469	0.500000
3.316362	8.947010	2.935120	0.500000
1.733657	2.847195	3.987146	0.500000
0.141066	6.655197	3.913864	0.500000
3.038618	9.228595	3.937015	0.500000
9.439656	7.024308	1.947901	0.500000
9.011195	8.302947	3.185844	0.500000
2.832463	2.154438	3.962377	0.500000
10.042940	4.638314	1.190944	0.500000
1.135157	10.086401	3.986781	0.500000
2.078800	3.004502	1.457897	0.500000
6.866071	4.788607	3.244124	0.500000
5.450724	10.581663	3.964244	0.500000
1.324284	1.262558	0.560881	0.500000
10.478973	1.860387	0.768144	0.500000
6.956226	5.719540	2.640660	0.500000
4.718854	4.798170	0.592253	0.500000
3.150784	1.412340	1.335960	0.500000
0.583128	8.871960	0.544751	0.500000
8.582386	5.001595	2.232972	0.500000
9.899722	1.135454	3.984684	0.500000
0.515260	9.292843	3.876100	0.500000
9.183315	7.190142	2.988644	0.500000
4.523876	1.409781	2.577316	0.500000
0.553965	1.761534	1.315263	0.500000
10.526728	10.555129	2.357416	0.500000
7.290943	1.712701	0.540075	0.500000
4.870592	0.704240	3.942883	0.500000
9.917426	2.917006	2.295414	0.500000
0.337226	4.790482	3.990278	0.500000
5.181047	10.016224	0.608279	0.500000
0.402270	0.713837	2.196523	0.500000
6.912243	3.662269	1.397170	0.500000
2.593433	3.163794	0.578665	0.500000
6.967959	5.622164	0.591408	0.500000
1.387625	6.554999	2.184358	0.500000
8.629600	3.114884	0.553157	0.500000
7.326562	1.340138	2.491705	0.500000
5.242915	2.361739	2.082008	0.500000
0.974749	8.320928	3.818003	0.500000
4.203799	9.664873	3.893326	0.500000
6.465309	8.346881	0.554046	0.500000
1.880804	6.645301	3.121479	0.500000
2.377968	5.750116	1.031111	0.500000
7.059357	5.085532	1.829380	0.500000
2.751074	3.242224	3.988003	0.500000
5.753693	1.535520	0.581391	0.500000
8.234649	9.005595	3.177399	0.500000
6.225275	10.550073	1.312837	0.500000
10.093425	0.720435	2.550193	0.500000
1.721333	2.603644	2.370304	0.500000
6.473663	0.837481	0.624993	0.500000
8.812529	9.488840	1.614405	0.500000
0.854099	9.439029	2.499433	0.500000
3.181514	7.306951	1.353353	0.500000
1.366258	1.754136	1.957011	0.500000
6.390937	3.558360	0.501135	0.500000
4.800712	6.717846	3.872641	0.500000
2.195589	1.946096	3.185275	0.500000
1.951640	3.650745	2.334463	0.500000
2.930711	0.342497	0.521790	0.500000
4.060782	4.721565	3.757397	0.500000
1.165259	7.996687	0.738196	0.500000
5.913608	6.378233	0.586241	0.500000
4.546825	3.790585	0.607017	0.500000
2.826323	2.926311	2.947476	0.500000
9.888820	6.691804	3.918653	0.500000
8.318720	2.137498	0.757358	0.500000
3.791371	0.991802	0.507165	0.500000
5.449794	8.667734	0.519931	0.500000
1.367000	4.980461	1.512617	0.500000
7.826323	2.274552	2.566311	0.500000
5.202747	5.158398	2.207710	0.500000
10.781469	8.984176	2.908204	0.500000
7.350334	3.308246	2.828053	0.500000
5.216079	2.113486	3.097299	0.500000
3.498013	8.852106	0.540121	0.500000
2.196905	10.121825	0.546229	0.500000
0.818678	3.856587	3.914084	0.500000
8.091314	1.629304	3.630723	0.500000
9.394868	4.355715	2.094453	0.500000
1.534856	2.316094	0.609626	0.500000
3.442230	7.159740	3.999140	0.500000
10.601525	5.889997	2.685155	0.500000
10.747576	2.255341	1.994707	0.500000
5.756322	4.316490	2.878774	0.500000
7.260720	10.450267	3.544468	0.500000
6.529883	7.170234	0.559207	0.500000
6.481203	4.526347	0.808751	0.500000
10.476315	3.884257	0.558344	0.500000
10.403559	0.033862	3.817910	0.500000
3.696123	6.391277	1.493899	0.500000
9.104493	0.157813	3.059698	0.500000
7.129030	8.152081	1.598328	0.500000
4.190105	5.185997	2.645071	0.500000
2.755340	2.024548	2.315769	0.500000
3.857268	9.471951	1.605741	0.500000
1.534462	10.390571	1.521133	0.500000
7.155401	0.394949	1.495440	0.500000
9.783801	7.221883	0.548668	0.500000
1.950350	8.677962	1.811537	0.500000
8.999628	9.258696	2.570814	0.500000
1.803242	3.950622	3.358226	0.500000
7.757476	9.053393	1.919484	0.500000
1.468296	0.282328	3.082819	0.500000
9.367004	6.271206	0.873793	0.500000
4.801673	5.647181	3.977870	0.500000
5.518153	3.998651	1.043029	0.500000
4.754185	4.198946	1.696213	0.500000
4.789945	0.144079	3.008659	0.500000
6.607429	4.064380	2.312734	0.500000
6.901823	2.437083	3.096701	0.500000
5.929401	1.704784	2.436481	0.500000
2.578135	4.813974	0.558469	0.500000
6.288602	10.235746	3.086232	0.500000
5.464490	8.853094	3.952621	0.500000
0.192182	0.856720	0.639417	0.500000
10.348494	7.491444	1.433927	0.500000
10.422454	9.398826	0.593068	0.500000
8.471061	6.542809	2.698086	0.500000
8.170059	8.254531	2.488806	0.500000
3.969358	2.239284	2.671882	0.500000
8.662354	6.396202	3.998123	0.500000
9.358768	10.530552	3.947724	0.500000
7.697579	2.943495	3.843804	0.500000
10.423569	5.664090	3.799136	0.500000
5.717653	9.633683	1.466848	0.500000
2.986699	4.245133	1.357172	0.500000
10.366389	8.172588	0.523106	0.500000
9.476042	6.218297	2.895800	0.500000
7.189791	1.928005	3.984179	0.500000
4.964998	8.442143	3.178752	0.500000
9.914161	3.826630	2.999186	0.500000
0.108709	5.335784	1.738307	0.500000
5.126842	2.718058	0.608560	0.500000
4.412290	1.755810	3.753674	0.500000
5.967707	3.095610	1.307046	0.500000
10.659117	3.037842	1.345170	0.500000
1.992882	3.915538	0.888511	0.500000
1.507301	9.374164	1.156989	0.500000
0.385262	5.134014	0.516052	0.500000
9.520066	9.954408	0.585509	0.500000
5.215467	7.669533	3.833432	0.500000
9.644677	0.446165	0.511061	0.500000
4.742597	9.011739	1.458271	0.500000
0.153219	0.941471	3.899424	0.500000
9.079918	10.399337	1.994641	0.500000
1.095240	3.335588	2.950332	0.500000
2.874095	2.185510	0.559681	0.500000
6.297194	7.624525	2.345148	0.500000
9.285587	1.982363	3.986516	0.500000
0.913179	8.626266	1.651541	0.500000
3.343601	1.640498	3.236733	0.500000
6.668736	1.126667	3.256043	0.500000
10.768822	3.545671	2.199728	0.500000
4.485209	5.302232	1.470555	0.500000
1.749143	4.669772	2.624146	0.500000
3.790868	3.540781	2.920632	0.500000
3.440376	7.796281	0.502944	0.500000
7.126938	6.252949	1.773456	0.500000
6.326086	3.227353	2.849935	0.500000
8.894490	0.594806	2.159668	0.500000
2.469409	0.224653	2.922653	0.500000
7.954780	5.348837	1.261920	0.500000
3.266910	4.118804	3.978703	0.500000
5.007053	4.277108	3.943736	0.500000
9.918322	7.738750	3.619137	0.500000
0.262719	10.777618	1.477221	0.500000
8.624425	2.515123	3.333751	0.500000
10.067644	2.966233	3.928033	0.500000
8.868601	9.369112	3.996182	0.500000
1.088294	4.442982	0.695553	0.500000
8.203776	6.005115	0.500807	0.500000
7.267337	9.199755	0.710928	0.500000
5.368605	9.783078	3.179289	0.500000
10.463540	6.245924	1.646511	0.500000
3.953462	8.132074	2.901570	0.500000
0.790464	5.667790	3.657477	0.500000
9.759336	4.561444	3.774493	0.500000
6.622871	9.263356	3.628007	0.500000
1.611081	9.510349	3.257544	0.500000
10.744830	1.656708	2.812695	0.500000
7.905432	5.787724	2.227695	0.500000
3.739336	0.652625	3.329236	0.500000
6.483768	1.541865	1.595103	0.500000
1.185649	5.791269	0.665771	0.500000
5.087396	7.055107	0.616769	0.500000
8.722053	0.751699	3.902161	0.500000
7.867300	0.405892	2.899293	0.500000
1.215888	7.414089	3.001689	0.500000
0.942435	1.295123	2.889953	0.500000
9.005982	3.477632	3.556202	0.500000
0.773464	8.385691	2.647794	0.500000
7.720148	8.146454	3.585602	0.500000
2.774512	8.179328	3.623338	0.500000
5.518928	3.650398	2.045658	0.500000
8.489454	6.878339	1.225002	0.500000
2.796172	6.758362	0.540141	0.500000
2.201268	1.311320	3.963363	0.500000
2.264883	2.009593	1.384839	0.500000
10.631879	3.062618	3.094883	0.500000
9.809440	4.960471	2.816686	0.500000
4.971380	10.631195	1.473562	0.500000
3.994773	0.302746	2.392959	0.500000
3.330095	5.961495	3.827191	0.500000
4.141462	2.235988	0.577690	0.500000
1.007158	6.957175	0.774680	0.500000
5.536057	7.804120	1.329653	0.500000
3.301787	1.107211	2.368167	0.500000
6.039431	8.437245	3.178511	0.500000
2.938564	8.345102	1.512385	0.500000
3.943749	8.559010	3.863298	0.500000
6.180968	2.510886	3.792435	0.500000
10.540433	10.475976	0.539603	0.500000
5.711100	6.286599	3.648502	0.500000
0.067380	9.978528	3.230824	0.500000
2.998795	3.321094	1.976804	0.500000
0.885258	10.473585	2.361937	0.500000
0.352441	0.173346	3.083006	0.500000
3.838872	3.718346	1.563680	0.500000
4.925004	3.129572	3.085694	0.500000
3.999792	1.811079	1.699226	0.500000
6.361213	2.379387	0.593404	0.500000
4.884325	0.949035	0.654715	0.500000
3.527539	7.385436	2.291259	0.500000
8.711106	3.698522	1.563648	0.500000
4.307211	9.287775	2.854387	0.500000
9.858588	7.968148	2.492231	0.500000
4.250097	9.573572	0.642742	0.500000
9.124271	2.391698	1.363329	0.500000
10.731173	1.948050	3.786396	0.500000
6.583028	0.352674	3.951402	0.500000
1.023818	3.214587	1.857014	0.500000
