400

9.602696	9.898483	0.639753	0.500000
8.402698	0.416060	2.213732	0.500000
2.099043	10.176707	1.063631	0.500000
9.106734	8.514725	0.876580	0.500000
6.312708	1.063725	3.936662	0.500000
1.313124	10.553411	0.563124	0.500000
1.511100	0.360396	1.400215	0.500000
6.659321	0.721387	1.457909	0.500000
8.994441	9.599252	1.625614	0.500000
3.118560	6.940845	1.419600	0.500000
8.423823	2.809526	3.660860	0.500000
4.724124	2.235577	1.498506	0.500000
9.100203	4.369851	3.819263	0.500000
5.152728	0.817139	3.595966	0.500000
2.403736	3.885431	1.664295	0.500000
2.603926	9.388617	2.494123	0.500000
5.477604	8.162258	1.382086	0.500000
1.809038	6.596863	2.055889	0.500000
0.041472	5.871258	2.484714	0.500000
1.367261	1.003499	0.553100	0.500000
2.131730	4.899936	3.151819	0.500000
6.256678	9.536853	3.944926	0.500000
0.813546	6.740721	3.797211	0.500000
5.139688	9.636041	3.910608	0.500000
1.942555	5.922382	2.839353	0.500000
10.576307	3.441783	3.988463	0.500000
6.051823	0.687314	2.751250	0.500000
3.782366	5.016692	0.560656	0.500000
1.366369	8.091771	3.537870	0.500000
7.120415	4.569984	1.748786	0.500000
10.730955	4.809985	3.949692	0.500000
1.759934	7.043753	3.958357	0.500000
8.506641	2.734356	2.314616	0.500000
3.648842	7.770054	0.639545	0.500000
8.480766	4.195117	1.463908	0.500000
2.822756	9.715665	3.684564	0.500000
10.350691	7.976894	3.011297	0.500000
5.229645	0.306557	0.914318	0.500000
1.562716	7.740470	0.554036	0.500000
0.539644	1.585743	0.907524	0.500000
4.827875	8.481539	3.186103	0.500000
8.187841	1.806154	3.579300	0.500000
6.105821	3.158027	0.543228	0.500000
1.617423	2.084993	0.592527	0.500000
2.500800	5.983440	1.554296	0.500000
0.073665	2.139735	1.684147	0.500000
8.699067	10.007823	2.569751	0.500000
4.921529	0.308594	2.289857	0.500000
8.584891	2.279293	1.041317	0.500000
5.242289	7.229211	3.991418	0.500000
3.892992	4.200964	1.357932	0.500000
10.707804	10.766458	2.391977	0.500000
0.788252	5.451527	3.991049	0.500000
1.614281	9.039416	3.837200	0.500000
0.424581	3.744043	1.177000	0.500000
10.742837	7.826530	1.305773	0.500000
2.584607	7.344267	0.568880	0.500000
4.470687	7.626845	2.755491	0.500000
7.870498	7.474598	2.672846	0.500000
5.210216	4.279364	3.988168	0.500000
2.996496	6.394138	2.411345	0.500000
0.495661	0.533934	0.797694	0.500000
0.063849	1.212605	2.533299	0.500000
2.483363	10.513531	1.931416	0.500000
5.781991	1.080593	0.592723	0.500000
2.796833	9.412889	0.517292	0.500000
0.384622	7.723787	3.595654	0.500000
0.750428	2.890942	3.776389	0.500000
1.934906	8.621094	1.781419	0.500000
6.245263	7.521931	3.932200	0.500000
4.116659	6.863724	1.353906	0.500000
4.797590	5.330284	1.722174	0.500000
1.836336	4.715880	0.514649	0.500000
5.708856	4.083728	0.611229	0.500000
7.991705	5.469416	1.470543	0.500000
5.149049	8.563136	2.241756	0.500000
4.654428	5.062449	3.588398	0.500000
2.524869	3.971167	3.058984	0.500000
7.881037	8.146164	1.609679	0.500000
4.344495	3.290587	1.599339	0.500000
7.358507	2.229293	2.832710	0.500000
1.321021	10.491319	2.414038	0.500000
8.053517	6.208481	2.229225	0.500000
2.023114	5.057451	1.499987	0.500000
5.052560	2.997033	0.511977	0.500000
10.383956	9.232871	0.607106	0.500000
10.483959	3.274846	2.949705	0.500000
2.574470	5.540340	3.802701	0.500000
6.212463	9.011813	1.323118	0.500000
6.826799	5.662779	3.980238	0.500000
6.440001	7.006416	3.011205	0.500000
3.480693	9.032496	2.876624	0.500000
4.278879	8.948668	3.976003	0.500000
8.293260	1.699432	2.526487	0.500000
9.667137	5.512713	2.632039	0.500000
0.605321	9.728570	2.413396	0.500000
5.071048	9.798262	1.650870	0.500000
1.163656	1.677223	3.978421	0.500000
3.623284	8.702869	1.030949	0.500000
8.690682	8.644743	1.974848	0.500000
8.103875	10.176436	0.507596	0.500000
4.873164	9.462960	2.722920	0.500000
9.720854	2.562986	3.463592	0.500000
9.857750	1.448493	3.352583	0.500000
5.278182	10.684964	3.991495	0.500000
6.385963	0.241629	0.587714	0.500000
7.348359	7.712000	0.774778	0.500000
7.285669	4.546941	3.722232	0.500000
7.843100	3.295907	0.553895	0.500000
8.920876	5.776687	3.902343	0.500000
4.531133	8.829943	1.460949	0.500000
10.445521	4.867759	2.673946	0.500000
6.157989	6.483017	2.049270	0.500000
3.254157	0.275559	1.429850	0.500000
6.882494	9.300774	3.132722	0.500000
8.529176	0.167316	1.219566	0.500000
9.396930	3.550779	2.940110	0.500000
4.317236	10.563234	1.378639	0.500000
7.980737	6.182922	3.974681	0.500000
9.480717	6.433562	0.509631	0.500000
4.729321	7.422020	0.506158	0.500000
3.405920	3.292365	0.608445	0.500000
0.539006	2.642319	0.953195	0.500000
10.627451	2.080414	3.937334	0.500000
1.838440	10.315077	3.954771	0.500000
5.566788	7.695517	2.921176	0.500000
7.794787	5.528740	3.187691	0.500000
4.363615	5.907439	0.940803	0.500000
8.169426	4.982550	3.978918	0.500000
6.911495	7.886077	3.272067	0.500000
5.910895	9.991942	1.074900	0.500000
5.734752	3.119977	3.976818	0.500000
10.219928	5.042192	1.625355	0.500000
2.620404	8.273889	1.051718	0.500000
8.565567	6.934288	0.523773	0.500000
3.862641	8.152058	1.911685	0.500000
6.561348	3.731790	1.310489	0.500000
8.482109	9.626740	3.795614	0.500000
9.353115	1.716176	0.524310	0.500000
4.016289	10.696607	2.505196	0.500000
6.733931	1.508317	0.647892	0.500000
7.377152	0.889713	2.197880	0.500000
2.446249	1.098243	0.500929	0.500000
10.655296	9.900618	1.531773	0.500000
10.356098	4.408173	0.740938	0.500000
0.219204	8.978666	3.892699	0.500000
3.230274	10.732656	3.940326	0.500000
8.615619	4.790726	0.633868	0.500000
6.718308	5.514150	1.624054	0.500000
8.134524	1.182788	1.510904	0.500000
5.666166	2.186730	0.954604	0.500000
7.529200	7.110950	3.960830	0.500000
6.212253	5.992686	3.037286	0.500000
9.696836	2.956620	2.156715	0.500000
2.591063	7.315794	2.421418	0.500000
0.295587	0.905628	3.971876	0.500000
6.567385	8.516728	0.528972	0.500000
0.677029	0.455698	3.152732	0.500000
5.337340	1.815953	3.932714	0.500000
0.013332	5.956099	3.493829	0.500000
8.778378	5.106605	2.876955	0.500000
5.696886	2.116834	2.090658	0.500000
3.650304	1.155974	2.089415	0.500000
6.519819	8.530499	3.988969	0.500000
9.779314	9.604022	2.338455	0.500000
0.790361	10.385134	1.523170	0.500000
0.293167	8.628448	1.945981	0.500000
4.982691	4.287980	1.581880	0.500000
7.249405	8.877022	1.255121	0.500000
10.737035	10.244637	0.535186	0.500000
9.021780	8.215198	3.947375	0.500000
1.075402	8.992613	2.939558	0.500000
10.440402	6.549205	0.843753	0.500000
8.863974	6.491793	2.927204	0.500000
2.663322	4.498868	3.931455	0.500000
7.352571	5.572669	0.571977	0.500000
1.674830	9.800646	3.084934	0.500000
6.445495	3.940059	3.888050	0.500000
6.428763	4.782113	0.533916	0.500000
3.265320	1.389169	3.020789	0.500000
3.124927	3.014350	1.535401	0.500000
2.693776	0.023418	0.517715	0.500000
1.136705	8.064141	2.351545	0.500000
3.214058	4.358179	2.299115	0.500000
3.559381	5.980150	3.327463	0.500000
1.653630	2.080945	2.274478	0.500000
0.083644	5.839045	1.482991	0.500000
2.564156	0.736011	3.944832	0.500000
4.659072	10.390188	3.222847	0.500000
0.174477	3.177103	1.993236	0.500000
4.123722	9.608396	1.973048	0.500000
4.130633	2.554826	0.737946	0.500000
9.922324	7.591020	1.967794	0.500000
8.628791	1.008278	0.597970	0.500000
3.338995	1.774036	3.962932	0.500000
7.850006	1.655276	0.534877	0.500000
7.385346	4.332456	0.520900	0.500000
5.224254	8.866050	0.571785	0.500000
0.811650	2.685198	2.702307	0.500000
3.918977	4.957167	2.693079	0.500000
0.510799	4.621582	1.817734	0.500000
9.099518	3.516711	0.502137	0.500000
1.182643	5.718602	1.590738	0.500000
7.457292	0.486231	0.695856	0.500000
6.969062	4.097898	2.700049	0.500000
4.403533	1.588691	3.632723	0.500000
3.187353	9.425621	1.619256	0.500000
4.980337	10.188401	0.533596	0.500000
5.932862	7.611486	0.538406	0.500000
2.766109	5.307098	2.453055	0.500000
2.761726	5.390396	0.717945	0.500000
5.018759	4.616663	2.601131	0.500000
5.070610	2.896925	2.247847	0.500000
3.374790	6.184784	0.604642	0.500000
9.479041	8.287321	2.543088	0.500000
4.180096	9.516333	0.713056	0.500000
1.500684	0.618324	3.999393	0.500000
2.614269	2.918277	2.399652	0.500000
8.909786	0.036106	3.112927	0.500000
0.967604	9.233934	1.455028	0.500000
9.988708	8.574309	1.468313	0.500000
5.473613	6.946287	1.137181	0.500000
10.599101	2.119155	2.873506	0.500000
5.007811	5.230375	0.511368	0.500000
2.860462	4.348648	0.615780	0.500000
3.947251	4.111850	3.539265	0.500000
10.701035	5.383082	0.576291	0.500000
1.620099	1.427995	1.444446	0.500000
5.644433	10.587738	2.971575	0.500000
1.808985	6.794440	0.888986	0.500000
8.445126	5.820138	0.608243	0.500000
2.536365	6.598108	3.377399	0.500000
9.466950	3.982514	1.362343	0.500000
9.489407	6.608462	3.937684	0.500000
2.272859	1.712748	3.246227	0.500000
2.455862	1.084026	1.953712	0.500000
6.516788	7.055461	1.187603	0.500000
3.532560	2.781579	2.776173	0.500000
0.665898	3.974469	3.934461	0.500000
8.092983	7.154739	1.551229	0.500000
10.131577	8.085127	3.983083	0.500000
7.634301	3.492846	1.576396	0.500000
5.354726	1.426648	2.765934	0.500000
6.845641	9.816783	1.611856	0.500000
10.169522	0.254186	1.420969	0.500000
1.648818	5.966068	3.997376	0.500000
6.536346	8.770362	2.293764	0.500000
9.749235	5.204401	3.582080	0.500000
3.270487	10.114804	2.857458	0.500000
4.020411	9.984191	3.945368	0.500000
8.995461	5.336642	1.615777	0.500000
0.938166	1.666006	3.000330	0.500000
5.702727	5.678386	1.115081	0.500000
7.395963	10.176305	3.750370	0.500000
7.302921	6.716414	0.520715	0.500000
5.609750	5.232765	3.920857	0.500000
0.572702	4.866640	3.120547	0.500000
6.673003	5.097222	3.086311	0.500000
3.717758	6.931969	2.921279	0.500000
8.381111	10.610971	3.988690	0.500000
7.535585	0.025788	1.647569	0.500000
3.592758	5.010569	3.966053	0.500000
4.246039	7.028362	3.961583	0.500000
3.116902	7.346271	3.717450	0.500000
10.305488	2.007036	0.666942	0.500000
7.487794	8.576739	2.633908	0.500000
1.375618	3.978127	1.813453	0.500000
4.797359	6.190648	3.628490	0.500000
10.151467	6.854673	2.738512	0.500000
8.205281	3.978562	3.566961	0.500000
5.962909	7.496563	1.996153	0.500000
0.563050	8.597910	0.530180	0.500000
9.904370	7.915072	0.558031	0.500000
3.985726	5.955979	2.403643	0.500000
5.798511	5.232390	2.246881	0.500000
5.593951	2.375268	3.065150	0.500000
7.643661	3.357510	2.714159	0.500000
3.239924	3.294489	3.790526	0.500000
7.746725	2.211444	1.738413	0.500000
7.303995	1.368576	3.383984	0.500000
1.532911	3.030132	1.454803	0.500000
6.281654	10.755704	3.791466	0.500000
7.290702	6.330042	1.465527	0.500000
6.997954	2.504425	0.976054	0.500000
0.378978	7.182216	2.709033	0.500000
9.730181	0.145189	0.520706	0.500000
9.048132	1.067141	2.864735	0.500000
5.952178	9.679656	2.541635	0.500000
9.403670	0.514519	3.909975	0.500000
8.990768	7.139565	2.128655	0.500000
0.060324	9.018893	2.894382	0.500000
10.017596	4.177647	3.460720	0.500000
7.976769	4.792923	2.342355	0.500000
5.972929	8.848467	3.204070	0.500000
4.611911	4.055349	0.677049	0.500000
1.007663	8.151761	1.318490	0.500000
10.531335	6.956339	3.960056	0.500000
6.713317	1.682053	1.797557	0.500000
6.952656	7.760743	2.212489	0.500000
8.539849	3.776482	2.475046	0.500000
0.945056	6.198310	2.942967	0.500000
5.960662	4.611783	1.426835	0.500000
1.841711	3.728303	3.812887	0.500000
7.498601	3.333837	3.872607	0.500000
2.339816	3.186017	0.843460	0.500000
10.330954	1.225431	1.630190	0.500000
3.206765	8.551186	3.998780	0.500000
1.461595	7.219743	2.795092	0.500000
5.771097	10.645632	1.919138	0.500000
7.530693	6.533468	3.141945	0.500000
8.200964	9.137433	0.542798	0.500000
5.057791	5.753451	2.735761	0.500000
1.210674	3.397955	0.515832	0.500000
9.402804	10.565773	1.859087	0.500000
2.952773	1.976376	0.564844	0.500000
3.553627	5.201505	1.545822	0.500000
6.758392	10.540819	2.379152	0.500000
7.665872	0.051978	2.977547	0.500000
7.900908	9.667727	1.344776	0.500000
4.361389	2.587679	3.388595	0.500000
7.262682	0.420024	3.962976	0.500000
0.821093	6.214694	0.679939	0.500000
1.250546	5.268764	2.503351	0.500000
7.095097	5.937444	2.454625	0.500000
6.750270	3.114979	3.118807	0.500000
5.999418	3.402342	2.314268	0.500000
9.414849	5.398795	0.639769	0.500000
6.817289	2.238714	3.742192	0.500000
10.333643	3.135956	0.791302	0.500000
3.021583	1.943482	2.127237	0.500000
1.673665	2.841590	3.201889	0.500000
1.579004	4.784340	3.993754	0.500000
5.772313	6.244978	3.968883	0.500000
8.563048	7.205713	3.900982	0.500000
2.563616	2.534209	3.899337	0.500000
10.257783	3.917608	1.993213	0.500000
8.134212	0.762930	3.607454	0.500000
9.292237	7.491432	3.213761	0.500000
0.668612	4.656233	0.516551	0.500000
10.026555	6.498832	1.811361	0.500000
8.285698	7.952322	0.502510	0.500000
1.753607	9.647724	2.021457	0.500000
4.091291	7.983724	3.654564	0.500000
1.874553	7.554368	1.762292	0.500000
9.240013	1.045029	1.492642	0.500000
9.522940	1.889769	2.469707	0.500000
7.589010	9.138413	3.890549	0.500000
9.487822	3.452082	3.977564	0.500000
0.329877	10.643540	3.970244	0.500000
9.883246	0.628997	2.408319	0.500000
4.663021	1.175937	1.785889	0.500000
6.792498	9.707764	0.599182	0.500000
1.497720	3.763224	2.784754	0.500000
7.724821	9.555031	2.498978	0.500000
4.051456	0.646750	3.793798	0.500000
3.604114	0.849609	0.546510	0.500000
9.189266	7.447586	1.160302	0.500000
9.837503	10.415273	2.939283	0.500000
9.563858	2.292729	1.314857	0.500000
3.562797	10.331274	0.680560	0.500000
8.016803	8.228543	3.985997	0.500000
10.090296	10.334326	3.905026	0.500000
6.812518	2.693318	2.111028	0.500000
6.408569	1.773783	2.787953	0.500000
4.970858	6.440320	2.002258	0.500000
4.291840	0.908247	2.817011	0.500000
10.302099	0.442264	3.433515	0.500000
0.421977	3.947403	2.666701	0.500000
9.479943	4.554689	2.394584	0.500000
8.562769	8.728156	3.034417	0.500000
4.543534	3.361660	3.997406	0.500000
4.151414	3.836616	2.560879	0.500000
4.551015	1.439866	0.581369	0.500000
1.809481	5.799125	0.676097	0.500000
0.401731	7.233241	0.544742	0.500000
2.370019	10.632631	3.039545	0.500000
10.030097	9.306358	3.939414	0.500000
0.755951	6.688887	1.748181	0.500000
2.084352	8.585691	2.894475	0.500000
9.075332	1.512640	3.974563	0.500000
0.777751	9.593493	0.501013	0.500000
2.323645	7.910301	3.987100	0.500000
2.892016	8.386814	2.023528	0.500000
5.799089	4.326800	3.177500	0.500000
3.102379	0.347689	2.452292	0.500000
0.930426	9.789709	3.859567	0.500000
6.365398	6.243919	0.623201	0.500000
2.304955	2.300562	1.391361	0.500000
4.201583	2.106546	2.429885	0.500000
5.000948	3.596329	3.036673	0.500000
5.739380	1.158611	1.773828	0.500000
1.644843	8.823588	0.731032	0.500000
8.766644	6.382568	1.406259	0.500000
4.821087	7.490180	1.794106	0.500000
10.758944	9.991267	3.185667	0.500000
3.768614	1.682368	1.233390	0.500000
0.733792	0.710502	1.969551	0.500000
1.489584	0.774752	2.659696	0.500000
5.519527	8.225752	3.937668	0.500000
10.293552	0.974686	0.528557	0.500000
