400

0.183922	9.396601	1.149525	0.500000
4.254509	3.085640	2.173970	0.500000
9.385792	8.739217	0.604041	0.500000
8.529650	7.542055	0.642290	0.500000
6.376740	1.145558	3.909601	0.500000
10.749846	10.334204	1.456095	0.500000
1.602600	0.059669	1.653960	0.500000
3.988685	0.282707	1.654663	0.500000
8.493506	0.847843	0.508695	0.500000
9.789449	7.048750	2.136434	0.500000
0.996365	2.662421	2.849113	0.500000
2.529138	5.197030	0.579212	0.500000
6.837420	3.865157	2.481785	0.500000
3.663692	1.169521	3.360727	0.500000
2.892797	3.087216	0.502387	0.500000
4.566329	8.635818	3.767763	0.500000
5.741221	9.763811	2.432810	0.500000
2.551342	8.000302	0.511551	0.500000
10.342721	7.396670	3.876560	0.500000
2.563828	0.186017	0.863225	0.500000
1.512760	6.490616	3.942378	0.500000
2.806387	10.095975	3.978371	0.500000
1.909686	7.425456	3.783460	0.500000
4.044823	8.938006	2.949599	0.500000
2.093634	4.309080	0.868677	0.500000
1.242716	4.205827	3.979645	0.500000
8.053856	0.117252	3.964252	0.500000
5.204039	4.573103	0.562611	0.500000
9.347102	0.175466	0.539792	0.500000
7.847456	2.528947	1.846528	0.500000
10.500343	6.397562	2.555562	0.500000
2.507320	8.488359	3.973349	0.500000
6.200212	1.136886	0.611190	0.500000
3.985884	5.872177	1.484945	0.500000
6.295585	4.117127	3.701078	0.500000
1.851252	9.364851	3.740001	0.500000
8.213603	8.260545	2.539860	0.500000
3.079796	9.375036	0.938689	0.500000
3.948652	5.904270	3.003754	0.500000
10.513211	1.834915	0.534772	0.500000
4.375931	7.843477	2.919643	0.500000
7.465408	1.020973	3.912743	0.500000
7.360449	2.620667	2.972465	0.500000
2.266187	1.422696	0.782789	0.500000
2.050923	5.428377	1.481042	0.500000
1.183408	0.200784	0.564337	0.500000
9.748302	10.311068	1.458149	0.500000
6.223285	10.006568	3.300256	0.500000
8.982800	3.677212	0.616603	0.500000
6.549203	8.163408	3.165368	0.500000
4.774814	6.454563	2.827420	0.500000
0.704746	9.494364	2.992314	0.500000
2.516164	6.143673	3.932382	0.500000
0.501282	8.246560	2.954515	0.500000
9.909235	4.895849	1.357685	0.500000
0.775736	6.601248	0.769254	0.500000
2.920190	5.939037	1.590957	0.500000
3.370913	8.211678	2.703813	0.500000
5.249399	7.621787	1.445783	0.500000
5.379072	4.572417	2.780569	0.500000
3.459571	8.038320	3.776739	0.500000
2.540955	0.447701	1.909149	0.500000
8.967601	0.558581	2.486326	0.500000
3.678968	1.053569	2.313997	0.500000
6.291970	1.304424	2.370573	0.500000
2.362629	8.925049	2.134351	0.500000
10.381192	8.744276	3.027775	0.500000
3.132555	1.228105	1.405282	0.500000
3.512380	6.426556	2.249124	0.500000
3.604339	8.055514	0.537074	0.500000
3.090264	4.728673	1.413508	0.500000
2.777792	7.142558	2.386291	0.500000
3.301889	6.067025	0.672608	0.500000
5.910574	3.690366	0.531084	0.500000
7.905688	5.001456	1.284470	0.500000
5.053978	10.594717	3.066810	0.500000
5.679571	3.202840	3.888326	0.500000
3.096162	2.916425	3.834456	0.500000
7.968896	9.359446	3.011206	0.500000
5.882273	5.184652	3.608477	0.500000
8.422830	1.802685	3.683541	0.500000
0.531534	10.240923	2.274030	0.500000
7.303437	6.876653	2.903684	0.500000
0.771797	5.888638	2.735080	0.500000
4.862701	2.411273	1.523729	0.500000
0.395327	10.365872	0.543364	0.500000
10.473957	4.737429	2.190931	0.500000
3.526439	5.278979	3.958453	0.500000
7.982842	8.555438	0.740011	0.500000
8.040321	3.872758	3.500477	0.500000
7.541726	9.919010	0.598427	0.500000
4.227624	7.403454	3.937277	0.500000
6.040620	6.330288	3.946281	0.500000
9.098309	0.083397	3.991504	0.500000
0.256918	3.735163	3.938390	0.500000
9.918703	8.237083	1.365155	0.500000
5.111001	0.645163	0.802749	0.500000
1.472023	4.774039	3.105181	0.500000
5.165210	9.544719	1.475617	0.500000
9.332273	7.172901	3.874697	0.500000
6.993291	9.991418	1.506827	0.500000
7.230784	8.096049	2.402132	0.500000
9.488969	2.288242	2.284671	0.500000
0.125453	9.623423	3.940597	0.500000
4.436259	0.453804	3.920025	0.500000
4.805216	10.011957	0.565787	0.500000
4.614722	8.019192	0.685743	0.500000
7.045295	3.133247	1.778221	0.500000
9.246671	1.946213	0.513659	0.500000
10.102848	4.442172	3.927984	0.500000
5.254344	8.993318	2.847879	0.500000
10.665228	6.259631	3.945271	0.500000
4.840675	5.432740	2.366900	0.500000
4.199399	9.945361	1.360802	0.500000
6.713771	9.110495	2.860487	0.500000
8.184932	10.706980	0.812709	0.500000
9.652000	6.511085	3.185031	0.500000
1.786939	0.694737	2.724935	0.500000
7.894422	5.458327	3.975430	0.500000
9.209939	4.824188	0.507276	0.500000
3.024337	8.417900	1.452950	0.500000
3.938567	3.881508	1.627521	0.500000
0.023958	4.450857	3.165741	0.500000
10.067894	2.996466	3.996974	0.500000
2.019430	9.898436	2.880128	0.500000
8.887186	9.868463	1.951480	0.500000
7.713380	8.519061	3.500220	0.500000
4.289966	5.348951	0.500537	0.500000
7.351090	4.444686	3.953725	0.500000
5.774041	8.352978	2.193220	0.500000
6.458674	9.783624	0.502552	0.500000
4.815581	3.802973	3.308610	0.500000
9.138647	6.723278	0.545849	0.500000
1.769534	7.208733	0.732974	0.500000
6.893364	8.019314	1.400051	0.500000
4.724299	8.794399	1.977753	0.500000
5.073308	3.493829	1.643879	0.500000
7.389682	9.907251	3.963594	0.500000
5.683215	10.634523	0.538120	0.500000
5.684407	9.040134	0.510195	0.500000
5.691714	0.835062	3.077907	0.500000
7.248849	8.953187	1.859264	0.500000
0.757328	0.968355	1.065800	0.500000
9.089121	7.581014	1.614806	0.500000
7.438299	5.708206	0.556189	0.500000
8.804117	8.792960	3.798237	0.500000
0.715402	0.935956	2.274435	0.500000
8.368581	2.862060	3.138242	0.500000
6.857602	3.347790	0.500316	0.500000
7.134474	2.324604	0.519637	0.500000
4.202720	1.333238	1.166470	0.500000
6.820810	5.307580	3.945333	0.500000
5.733224	3.618032	2.517006	0.500000
8.336107	1.935166	2.599232	0.500000
1.134832	9.396768	1.687309	0.500000
0.680443	1.622023	3.979409	0.500000
6.007559	8.071852	0.525199	0.500000
10.307015	0.386606	2.340518	0.500000
2.840965	2.027527	3.387139	0.500000
8.764343	5.947970	3.887321	0.500000
8.841514	4.922803	1.646412	0.500000
5.867297	2.307291	2.285440	0.500000
5.935016	1.652839	1.426651	0.500000
5.669540	8.176463	3.933142	0.500000
6.466546	7.366742	3.849816	0.500000
10.410816	9.698944	2.512695	0.500000
1.089283	7.625197	1.368210	0.500000
6.413433	2.964248	3.178416	0.500000
5.185440	7.211215	0.531604	0.500000
9.541600	1.051473	1.777618	0.500000
9.801263	9.285108	3.642058	0.500000
2.275510	9.760825	1.399282	0.500000
0.985778	6.028142	1.742078	0.500000
8.036283	7.803285	1.622475	0.500000
3.355280	6.828503	3.967774	0.500000
7.244519	4.718071	0.536051	0.500000
1.211591	8.412436	3.952435	0.500000
5.338349	4.376523	3.961903	0.500000
7.825313	3.207680	0.911598	0.500000
1.835043	1.633817	3.082017	0.500000
2.872900	2.591480	1.426002	0.500000
10.432624	6.914985	0.891074	0.500000
0.556868	7.579404	3.961981	0.500000
6.797845	1.741496	3.178471	0.500000
4.053231	4.084192	3.977921	0.500000
1.050842	2.972675	1.366211	0.500000
10.695700	5.913356	0.784743	0.500000
3.439028	9.190391	1.972644	0.500000
3.138752	10.074972	2.733971	0.500000
0.699586	4.837425	2.100041	0.500000
7.323211	7.549437	0.599386	0.500000
1.171521	3.624037	0.614041	0.500000
0.303317	6.764060	1.652043	0.500000
7.371819	10.089661	2.559724	0.500000
2.501777	1.042651	3.823943	0.500000
7.429990	0.890337	0.519377	0.500000
8.344248	2.451081	0.503570	0.500000
4.061982	10.676292	2.748106	0.500000
3.443444	3.935089	0.671950	0.500000
6.018724	5.258053	2.258348	0.500000
9.624815	5.551664	2.418034	0.500000
0.096573	4.660314	0.511392	0.500000
1.709079	6.372171	2.962479	0.500000
7.908205	10.363946	1.751923	0.500000
7.248218	3.222784	3.992458	0.500000
6.203574	2.288444	3.933048	0.500000
4.500615	9.022692	0.694966	0.500000
3.308871	1.723829	0.541150	0.500000
5.094154	5.729471	0.990520	0.500000
2.209473	4.760501	3.974053	0.500000
4.356162	6.508270	0.635121	0.500000
4.372085	2.144259	3.023602	0.500000
3.134898	10.404025	1.787798	0.500000
4.075510	8.092537	1.608250	0.500000
10.566972	8.672925	0.522450	0.500000
1.869918	10.117928	0.520335	0.500000
0.847064	3.852409	2.857061	0.500000
3.220434	2.866115	2.672802	0.500000
9.348395	2.166908	3.880639	0.500000
0.987675	9.273523	0.545020	0.500000
0.075224	8.868182	2.054209	0.500000
6.384718	5.706900	0.642661	0.500000
10.347301	2.295451	3.321589	0.500000
6.195953	4.627214	0.735269	0.500000
3.793524	2.686094	0.888193	0.500000
4.373516	4.399466	2.411273	0.500000
1.522887	5.789999	0.593888	0.500000
2.907022	1.736927	2.270316	0.500000
8.972365	9.802531	3.900318	0.500000
3.329919	7.294663	1.348225	0.500000
8.775755	4.382874	2.531958	0.500000
0.430809	6.870457	3.089569	0.500000
9.704028	3.833633	1.688825	0.500000
8.163751	6.765791	3.421061	0.500000
0.462869	1.788935	2.854361	0.500000
4.545445	1.518420	3.940437	0.500000
6.328083	6.252235	1.640976	0.500000
2.270377	2.924735	3.010023	0.500000
3.725619	2.117889	3.894780	0.500000
7.861920	3.364263	2.436287	0.500000
10.078609	7.994166	2.398434	0.500000
8.315925	3.909590	1.459351	0.500000
2.887242	0.767712	2.872249	0.500000
9.718060	9.276058	1.881996	0.500000
0.640091	2.183774	1.868412	0.500000
2.320996	5.309751	3.142803	0.500000
6.093463	7.105509	1.005596	0.500000
9.069663	3.337977	3.684903	0.500000
0.990223	8.454505	2.034555	0.500000
1.425764	0.950716	3.740403	0.500000
8.289166	7.155032	2.435325	0.500000
0.105287	0.864636	3.178066	0.500000
3.554992	7.256807	3.050822	0.500000
3.856778	10.311349	3.882476	0.500000
7.333603	6.369834	3.991876	0.500000
9.830972	4.320966	2.897402	0.500000
0.211228	5.034858	3.958376	0.500000
6.085488	3.311709	1.496404	0.500000
2.464230	7.950243	3.126750	0.500000
6.810940	0.069403	3.978917	0.500000
8.143935	9.457114	1.375802	0.500000
3.150183	4.445534	3.511237	0.500000
4.458918	6.376035	3.827936	0.500000
6.436193	9.038958	3.879384	0.500000
10.417580	3.664877	0.740944	0.500000
6.779682	0.490570	3.062244	0.500000
10.758142	5.763474	1.820783	0.500000
4.717067	5.076603	3.357739	0.500000
9.751347	5.594067	3.679094	0.500000
8.952471	4.803820	3.831451	0.500000
6.223382	9.169356	1.651874	0.500000
10.155131	9.815362	0.572288	0.500000
8.868306	9.700079	0.611664	0.500000
1.975273	8.055890	1.603655	0.500000
6.742617	4.877855	2.849790	0.500000
5.467331	1.788792	3.317487	0.500000
5.172971	2.739008	2.861620	0.500000
2.213626	4.114801	2.937130	0.500000
0.619716	4.059788	1.475014	0.500000
5.468786	9.968532	3.982751	0.500000
2.427496	3.673632	3.929220	0.500000
3.167189	0.297545	3.909321	0.500000
8.217868	4.390597	0.513570	0.500000
8.709094	2.862090	1.364762	0.500000
1.119464	5.544955	3.963231	0.500000
6.771554	10.782920	0.771705	0.500000
8.835048	1.788820	1.687434	0.500000
5.928199	10.743823	2.509441	0.500000
10.412995	1.490738	3.981814	0.500000
8.221928	5.096901	3.072810	0.500000
1.253240	10.278901	3.947972	0.500000
1.964829	6.443292	1.586918	0.500000
7.316889	4.023814	1.335508	0.500000
8.675264	10.449873	2.864261	0.500000
4.497432	3.676887	0.664190	0.500000
0.125974	7.747540	1.740455	0.500000
8.419161	7.808144	3.549720	0.500000
8.249620	0.951431	3.128731	0.500000
7.866677	6.650090	0.680906	0.500000
10.189176	2.539032	1.517506	0.500000
9.153722	7.531798	2.779974	0.500000
7.091271	5.581553	1.615035	0.500000
2.515592	3.521500	2.125301	0.500000
7.483412	1.380929	2.513100	0.500000
0.855655	1.847442	0.543882	0.500000
1.198175	3.222175	3.738195	0.500000
3.408999	9.057200	3.888602	0.500000
2.752510	6.181217	2.855425	0.500000
6.013971	10.320593	1.497658	0.500000
4.556658	9.633401	3.630221	0.500000
8.774681	8.650222	1.610047	0.500000
6.713555	6.037221	2.986009	0.500000
2.120451	2.502252	2.114006	0.500000
9.290246	1.107151	3.960510	0.500000
1.524651	2.057332	1.334171	0.500000
3.870041	2.060943	2.038515	0.500000
7.754241	1.702274	1.269943	0.500000
6.808372	0.124821	1.876455	0.500000
8.642686	6.035083	2.841015	0.500000
4.851567	2.508129	3.826404	0.500000
5.612883	0.172709	3.989091	0.500000
2.735924	6.900612	0.528944	0.500000
1.120029	6.881511	2.322355	0.500000
6.683490	4.661841	1.776799	0.500000
6.135964	2.357188	0.590478	0.500000
5.319168	1.704777	0.601262	0.500000
0.557465	5.241664	1.192349	0.500000
7.394418	2.041288	3.952954	0.500000
10.488377	3.494973	3.017601	0.500000
4.676887	4.767650	1.503411	0.500000
1.518102	3.335222	2.211004	0.500000
1.638486	5.470749	2.395890	0.500000
7.612040	5.739096	2.477652	0.500000
5.709634	6.423096	2.463769	0.500000
0.597833	0.262121	3.873944	0.500000
9.605149	5.873159	1.099427	0.500000
7.725682	0.289950	2.538352	0.500000
7.451204	7.546877	3.715536	0.500000
0.415765	2.852400	0.602430	0.500000
8.106003	6.089011	1.548384	0.500000
5.707947	4.394493	1.688674	0.500000
9.674661	10.304365	2.959030	0.500000
5.328784	7.227123	3.861850	0.500000
1.463003	8.316674	0.694947	0.500000
9.145853	1.451501	2.988397	0.500000
9.354141	3.447354	2.572380	0.500000
9.234733	8.542688	2.556172	0.500000
0.150609	3.172536	1.812179	0.500000
0.097528	10.398803	3.261623	0.500000
10.200761	1.401746	2.515581	0.500000
4.654529	1.090636	2.958215	0.500000
6.999154	8.868347	0.742748	0.500000
2.802774	4.739818	2.390940	0.500000
9.952828	0.568568	3.424511	0.500000
3.988005	3.165031	3.296112	0.500000
10.668602	1.549984	1.558135	0.500000
8.999765	6.506387	1.753206	0.500000
8.915127	0.159566	1.455218	0.500000
9.705850	2.930667	0.651793	0.500000
4.091278	0.330792	0.508019	0.500000
6.324118	7.485226	2.186208	0.500000
10.107033	10.377043	3.987636	0.500000
6.901466	1.101444	1.583177	0.500000
5.114784	1.575681	2.203325	0.500000
5.543657	7.723168	2.969344	0.500000
4.523610	9.747248	2.600297	0.500000
0.281505	2.649561	3.924125	0.500000
1.632735	4.561800	1.818134	0.500000
8.603741	5.648140	0.703447	0.500000
8.980154	9.486260	2.931075	0.500000
3.703688	5.216476	2.208774	0.500000
5.383511	6.583731	1.501059	0.500000
4.833444	2.682201	0.539729	0.500000
2.030848	3.155262	1.268119	0.500000
9.754541	7.613127	0.548660	0.500000
2.056132	0.104047	3.897194	0.500000
9.699029	8.327461	3.931102	0.500000
10.562708	5.406657	2.964469	0.500000
4.858594	0.447655	2.120861	0.500000
7.863480	0.677366	1.501579	0.500000
2.162663	9.125560	0.528783	0.500000
1.393821	7.714610	2.864655	0.500000
3.484114	10.293922	0.677688	0.500000
7.252112	6.911841	1.679510	0.500000
1.629397	8.764166	2.852570	0.500000
0.006177	8.574331	3.975011	0.500000
4.424557	7.041566	1.846075	0.500000
3.402894	3.980978	2.645909	0.500000
1.838960	1.127915	1.685886	0.500000
6.850505	2.096633	1.484223	0.500000
2.000023	2.444507	0.532652	0.500000
0.351283	7.859428	0.699937	0.500000
6.827490	6.634764	0.513147	0.500000
2.642681	9.157585	3.134883	0.500000
0.973156	0.096330	2.950980	0.500000
5.925796	0.626841	1.450646	0.500000
10.589570	0.447447	0.584111	0.500000
2.059192	2.523480	3.977100	0.500000
7.639791	4.441010	2.321930	0.500000
9.756774	1.075988	0.770576	0.500000
