400

10.353651	6.105167	1.704061	0.500000
7.754947	10.629759	3.896350	0.500000
0.915148	8.344534	0.603849	0.500000
9.340555	9.306599	0.912524	0.500000
6.839065	0.083008	1.362029	0.500000
0.113712	9.994311	1.441646	0.500000
2.133880	10.171428	3.511771	0.500000
9.709411	8.056286	3.932008	0.500000
1.938915	7.877637	3.155600	0.500000
6.472445	6.413222	0.573707	0.500000
5.442021	6.319289	2.570485	0.500000
7.767503	3.958401	3.785208	0.500000
4.537398	3.637656	0.528681	0.500000
3.655962	2.330873	3.115848	0.500000
10.724988	4.804172	3.816648	0.500000
9.862657	0.603546	2.979041	0.500000
1.083717	7.092596	0.701873	0.500000
1.168449	1.548202	0.567440	0.500000
9.834145	5.655185	0.508562	0.500000
2.692576	9.406098	3.999260	0.500000
9.193941	2.490840	3.088745	0.500000
2.867059	7.803641	3.542034	0.500000
2.170890	7.041222	3.707083	0.500000
3.353475	4.614133	2.311467	0.500000
1.828038	7.474851	1.318521	0.500000
2.180261	6.137099	1.836891	0.500000
8.876415	2.567275	1.905014	0.500000
4.952603	7.437437	2.098409	0.500000
0.818884	6.998142	3.972267	0.500000
7.148466	8.095234	3.997632	0.500000
6.855180	3.502957	3.967822	0.500000
1.545690	4.428004	0.506283	0.500000
9.993854	1.286762	2.234201	0.500000
2.806473	0.055205	3.964545	0.500000
6.480969	3.431962	0.807050	0.500000
5.481440	5.812898	1.630585	0.500000
8.449895	8.079246	1.308678	0.500000
8.041249	9.436063	3.928094	0.500000
3.589483	6.392403	3.135854	0.500000
1.183201	0.592997	3.433491	0.500000
9.957305	6.702272	0.576200	0.500000
6.719424	7.182235	3.078032	0.500000
5.381633	6.266469	0.502635	0.500000
2.736402	5.758221	0.764363	0.500000
6.683234	8.393003	3.032824	0.500000
9.764642	4.509229	3.934725	0.500000
8.607314	7.320560	3.754233	0.500000
9.188070	9.456731	2.877776	0.500000
4.651724	10.403503	3.975751	0.500000
6.412105	6.515025	3.996394	0.500000
1.153441	9.697791	1.186304	0.500000
6.699492	1.449900	0.612602	0.500000
4.818934	8.222042	2.750617	0.500000
8.772597	5.164960	0.580296	0.500000
8.946537	4.815292	3.170719	0.500000
8.436725	6.292019	3.685838	0.500000
5.838358	7.958276	2.611365	0.500000
6.076764	1.077780	2.727597	0.500000
7.552423	4.614975	3.036324	0.500000
0.217279	3.717560	3.911698	0.500000
10.371011	0.170194	0.724678	0.500000
0.188437	5.991264	0.702122	0.500000
1.750376	8.878409	2.030128	0.500000
10.362820	9.954397	0.589177	0.500000
4.962704	2.974605	1.605831	0.500000
3.352249	9.835509	2.674842	0.500000
8.748547	4.089755	3.940241	0.500000
10.486485	1.561155	3.438795	0.500000
3.650894	10.433214	1.872067	0.500000
2.760940	7.308418	2.666493	0.500000
1.803841	9.121148	0.547313	0.500000
6.039197	5.022249	1.921324	0.500000
1.796881	4.874174	3.567184	0.500000
2.782494	2.708998	0.655364	0.500000
1.984276	6.623289	0.664513	0.500000
1.808067	7.187135	2.332271	0.500000
10.514166	9.368867	2.853338	0.500000
1.631344	0.633379	0.562002	0.500000
9.846189	3.698427	3.207454	0.500000
3.520672	5.813628	3.961859	0.500000
6.278400	2.402744	0.655678	0.500000
8.135159	1.592027	2.459667	0.500000
0.238449	0.767573	3.021615	0.500000
4.335543	4.436299	2.213520	0.500000
2.239220	1.684779	0.536632	0.500000
8.351853	7.577275	2.248584	0.500000
3.004343	3.607142	1.789556	0.500000
3.585574	3.946870	0.663516	0.500000
6.404537	8.690790	1.622004	0.500000
9.968148	3.297876	2.280955	0.500000
7.327919	10.432988	2.261897	0.500000
4.391297	2.443292	0.507030	0.500000
6.956986	0.637374	2.333564	0.500000
7.488309	6.925632	3.945401	0.500000
4.452686	6.356426	1.050292	0.500000
6.723447	9.788353	3.775520	0.500000
7.031880	8.882891	0.627187	0.500000
3.234281	1.186199	3.790327	0.500000
5.869819	9.103794	0.535655	0.500000
1.273113	6.485237	1.526443	0.500000
8.045259	2.089555	1.501242	0.500000
3.998393	1.905325	2.215753	0.500000
8.459559	7.026984	0.993388	0.500000
9.593123	1.917753	3.971833	0.500000
5.976136	2.062147	3.024568	0.500000
6.026885	10.783510	2.615679	0.500000
8.625931	8.709266	0.522436	0.500000
6.710331	4.086705	3.150175	0.500000
7.305164	3.113428	3.135762	0.500000
5.974977	4.110173	3.870266	0.500000
1.971609	0.124576	1.578719	0.500000
8.855566	8.220388	3.010514	0.500000
6.125816	10.595869	3.953410	0.500000
6.296034	8.838416	3.898751	0.500000
9.300023	3.549156	0.609772	0.500000
8.233144	0.224404	1.945914	0.500000
3.864250	3.062408	2.264377	0.500000
4.102714	7.845547	3.563157	0.500000
6.082435	7.501737	1.575287	0.500000
10.125294	10.242294	2.362104	0.500000
5.682751	7.360584	0.557381	0.500000
3.901327	5.457527	2.370310	0.500000
9.765073	2.121291	0.531920	0.500000
5.539264	1.777407	3.988209	0.500000
0.373351	9.185528	0.583149	0.500000
6.370929	8.080408	0.651913	0.500000
8.176429	3.982827	0.715289	0.500000
3.890173	9.094217	2.233405	0.500000
8.417096	4.764913	2.219883	0.500000
9.083043	5.718690	2.017717	0.500000
1.996646	10.285854	0.558424	0.500000
7.293292	0.510313	0.574721	0.500000
2.959658	5.475693	1.839617	0.500000
3.638133	7.809087	0.978092	0.500000
5.104769	4.340474	1.400780	0.500000
4.846371	9.507542	2.406639	0.500000
9.956135	2.299020	2.219062	0.500000
7.681344	9.676976	2.995905	0.500000
1.859073	2.229875	2.545445	0.500000
2.532540	1.103684	1.511871	0.500000
0.171535	3.583684	1.696081	0.500000
5.518500	10.126446	0.560636	0.500000
2.599444	8.285235	2.276440	0.500000
9.255256	8.716667	2.113062	0.500000
1.208162	3.264977	3.988589	0.500000
1.103544	8.152213	3.686186	0.500000
1.859289	1.187157	3.968910	0.500000
8.613090	2.754736	0.941449	0.500000
7.105050	5.136834	2.207415	0.500000
0.863934	1.963567	1.605534	0.500000
3.983306	8.772627	0.979424	0.500000
8.931620	6.713857	2.392443	0.500000
5.430933	5.135838	0.823037	0.500000
0.166491	3.607858	2.894501	0.500000
1.938959	5.191131	1.436439	0.500000
9.109843	1.780453	1.268064	0.500000
8.595917	0.379531	0.688098	0.500000
2.002050	3.845653	2.897924	0.500000
5.674228	9.683232	3.968112	0.500000
0.729293	4.921064	2.867969	0.500000
9.104481	5.482203	3.903599	0.500000
2.325613	10.476013	2.564808	0.500000
7.359587	2.230164	2.392727	0.500000
6.219083	7.596415	3.993972	0.500000
9.836961	10.279468	3.374545	0.500000
2.320637	8.412423	1.204758	0.500000
5.359704	6.172050	3.959204	0.500000
3.536706	0.857204	0.644896	0.500000
3.049721	8.595691	0.528232	0.500000
2.967967	4.053062	3.212886	0.500000
1.601379	6.244853	3.919284	0.500000
1.009534	7.271607	2.936293	0.500000
8.929727	6.155291	0.649360	0.500000
0.753947	8.616942	1.562153	0.500000
4.480626	2.941082	3.113300	0.500000
1.010794	4.161212	3.483715	0.500000
0.702082	1.463704	3.976978	0.500000
5.547006	3.962527	2.633877	0.500000
5.358270	2.872767	3.748781	0.500000
3.809140	0.245712	3.819348	0.500000
0.668050	2.422052	0.553492	0.500000
10.512613	3.932794	0.624642	0.500000
7.101249	9.178610	2.298157	0.500000
3.496208	4.830805	1.138832	0.500000
5.492361	3.168331	0.694930	0.500000
9.455166	10.439822	0.748923	0.500000
10.104908	5.117155	1.571046	0.500000
8.969656	10.760524	2.878801	0.500000
2.224362	8.457182	3.962330	0.500000
9.146682	7.742538	0.577575	0.500000
2.950546	8.896502	3.129593	0.500000
0.515082	0.655031	0.960404	0.500000
10.059764	8.997813	3.799749	0.500000
8.700853	3.846240	2.807437	0.500000
4.964220	0.693067	3.280992	0.500000
9.727299	2.850460	1.415690	0.500000
10.548524	7.356764	3.994486	0.500000
4.926640	0.759487	1.459619	0.500000
10.451822	0.332248	1.802494	0.500000
6.265319	2.567509	2.182905	0.500000
4.031539	3.899540	3.101836	0.500000
7.961749	5.715796	2.480836	0.500000
0.624315	9.732037	2.326334	0.500000
4.647406	1.953074	1.413025	0.500000
6.101552	0.832306	1.623379	0.500000
5.535585	1.476932	0.508297	0.500000
0.979113	7.680995	2.005154	0.500000
3.452437	10.053192	3.734555	0.500000
6.625911	9.794802	1.520450	0.500000
10.716294	5.696396	2.544577	0.500000
6.545743	5.371033	0.565704	0.500000
4.546385	5.877791	3.304337	0.500000
2.527068	5.840727	3.818404	0.500000
7.635514	3.113531	0.587139	0.500000
9.250061	9.907894	1.847002	0.500000
6.492471	9.866709	2.764921	0.500000
7.719840	1.051528	1.636472	0.500000
10.783903	2.602761	2.758573	0.500000
8.191794	1.375797	0.732963	0.500000
7.315191	7.631117	0.515841	0.500000
10.048973	8.681679	0.564723	0.500000
4.449475	9.422976	3.946999	0.500000
2.047318	3.158486	1.779560	0.500000
7.202608	4.413246	0.621010	0.500000
5.042004	8.238990	3.778573	0.500000
2.935904	1.753479	2.473847	0.500000
2.202126	4.180662	1.620404	0.500000
0.888108	0.008373	1.906100	0.500000
5.259826	5.195689	2.524485	0.500000
1.019724	10.598533	0.546417	0.500000
5.375216	6.811098	1.361099	0.500000
4.441380	1.282047	0.535109	0.500000
2.636645	2.100741	1.543965	0.500000
9.371686	6.094892	3.074669	0.500000
10.530571	2.903064	0.585269	0.500000
2.930127	9.272776	1.905677	0.500000
2.790337	7.357364	1.664074	0.500000
1.056232	5.528358	1.904129	0.500000
7.777235	0.406200	2.950448	0.500000
3.599224	2.712586	1.357480	0.500000
0.217478	7.045910	1.396115	0.500000
5.812469	3.489720	1.784968	0.500000
5.225343	1.474377	2.299978	0.500000
10.700962	8.077893	1.818794	0.500000
2.856624	9.596521	0.689601	0.500000
1.096157	3.937383	2.467960	0.500000
8.156422	2.577833	3.023242	0.500000
7.641035	5.488848	0.516369	0.500000
2.559007	4.710802	0.564800	0.500000
3.946556	7.223043	1.875045	0.500000
1.061429	4.398901	1.446530	0.500000
9.913896	5.209369	3.193548	0.500000
4.169418	4.914225	3.239700	0.500000
5.335084	10.320981	3.189158	0.500000
7.173234	5.822738	1.398073	0.500000
2.095139	3.879893	3.937536	0.500000
0.158310	4.881549	0.871483	0.500000
1.730142	9.137010	3.030930	0.500000
4.446021	6.292942	2.255561	0.500000
9.190697	1.396122	3.008666	0.500000
9.453129	6.719842	1.447869	0.500000
3.363724	6.332534	1.499160	0.500000
4.325902	0.159566	0.813408	0.500000
3.063305	0.477491	2.569239	0.500000
10.688363	9.890984	3.942107	0.500000
4.956564	10.403118	1.971173	0.500000
1.271719	5.564589	0.672080	0.500000
0.376600	1.039615	1.989541	0.500000
7.653638	7.975114	2.928873	0.500000
1.426900	2.147688	3.866315	0.500000
7.425566	8.521476	1.492387	0.500000
2.404598	2.031987	3.595670	0.500000
9.923691	6.794964	2.608914	0.500000
4.998076	5.189303	3.968845	0.500000
4.592601	5.266526	1.630932	0.500000
3.455909	6.827248	0.533703	0.500000
6.390828	1.041155	3.851258	0.500000
7.165556	4.786180	3.958742	0.500000
7.946689	4.820921	1.256306	0.500000
4.622333	1.909690	3.109384	0.500000
3.146571	6.804045	3.942770	0.500000
5.575778	9.580098	1.399837	0.500000
4.148076	6.672458	3.948641	0.500000
9.468222	0.132272	1.630532	0.500000
0.478495	8.667694	2.634411	0.500000
10.130863	8.281647	2.876881	0.500000
9.873101	3.961816	1.495312	0.500000
8.468214	9.087523	1.538523	0.500000
4.602873	1.361260	3.956049	0.500000
6.250975	6.429525	1.811158	0.500000
7.405539	0.826950	3.951906	0.500000
5.613964	4.197130	0.504401	0.500000
9.409779	7.588430	2.170050	0.500000
5.660837	0.437671	0.525536	0.500000
3.691688	4.364284	3.954361	0.500000
9.884686	7.698508	1.289611	0.500000
7.249729	6.683384	2.293107	0.500000
6.948564	2.088937	1.463519	0.500000
2.057126	9.825341	1.702246	0.500000
10.323988	2.638831	3.661904	0.500000
2.042630	5.258170	2.599296	0.500000
4.459773	4.682131	0.535454	0.500000
3.539527	1.682874	1.338314	0.500000
6.216398	4.938503	2.912175	0.500000
1.715016	2.614068	0.979442	0.500000
2.245324	3.555128	0.580313	0.500000
0.198082	10.513001	2.855946	0.500000
9.515194	6.520496	3.979872	0.500000
7.635884	10.342043	0.711617	0.500000
6.087486	5.482143	3.767090	0.500000
10.407613	1.289637	1.154608	0.500000
4.700636	7.153196	3.023677	0.500000
8.999441	9.073781	3.947116	0.500000
8.548625	9.938728	0.887799	0.500000
0.743402	5.540205	3.811922	0.500000
5.650099	2.037806	1.368042	0.500000
5.312679	8.709391	1.983494	0.500000
9.208219	3.069102	3.990523	0.500000
10.074425	9.289864	1.676760	0.500000
3.919154	3.268790	3.918741	0.500000
6.873129	0.031511	3.261352	0.500000
8.472770	3.588783	1.666348	0.500000
6.540006	6.077354	2.707536	0.500000
3.098031	5.328308	3.137804	0.500000
5.204537	2.475805	2.487655	0.500000
4.541554	7.433147	0.555070	0.500000
6.718187	3.616522	2.220724	0.500000
6.084539	3.165722	3.102404	0.500000
9.048708	0.969310	1.992676	0.500000
2.292024	1.167303	2.966509	0.500000
7.687073	6.502338	0.578925	0.500000
2.273421	6.287834	2.947276	0.500000
4.829005	3.905453	3.894296	0.500000
7.036716	7.667045	2.176642	0.500000
1.294655	10.343948	2.892168	0.500000
7.400395	1.551930	3.230781	0.500000
8.493799	0.840734	3.701638	0.500000
8.280992	8.318211	3.882097	0.500000
0.248291	4.800694	1.987212	0.500000
9.154376	4.752350	1.507253	0.500000
7.034231	7.001711	1.302790	0.500000
4.047418	8.838296	3.193786	0.500000
0.291465	6.334390	3.347263	0.500000
4.288472	8.179353	1.818581	0.500000
2.737868	4.840022	3.951316	0.500000
10.394583	5.840680	3.900097	0.500000
5.655564	9.107374	2.921831	0.500000
0.117948	8.351603	3.860964	0.500000
0.973229	2.886109	2.010229	0.500000
7.202039	5.807354	3.410272	0.500000
3.922056	1.049400	2.848932	0.500000
9.615750	0.994198	0.568052	0.500000
0.160781	7.234201	2.393406	0.500000
6.564656	9.935220	0.502250	0.500000
7.559728	2.573924	3.985191	0.500000
8.502456	1.996061	3.970063	0.500000
1.278144	6.176117	2.810347	0.500000
0.675973	3.538430	0.645438	0.500000
8.110011	5.142430	3.964823	0.500000
0.931114	9.331388	3.947938	0.500000
8.110949	8.871090	2.531376	0.500000
0.819466	10.600646	3.991425	0.500000
4.222447	2.293399	3.998506	0.500000
8.262660	6.123773	1.503835	0.500000
5.086321	8.390430	0.527198	0.500000
4.161631	3.632986	1.462294	0.500000
1.460994	1.087163	2.015107	0.500000
0.047234	2.540737	1.546210	0.500000
10.274541	4.374598	2.547646	0.500000
7.565540	3.150579	1.600269	0.500000
4.320743	10.266524	2.852597	0.500000
4.988654	7.240985	3.990352	0.500000
3.504437	0.666881	1.646729	0.500000
3.575537	8.101929	2.697725	0.500000
2.647442	0.234664	0.815186	0.500000
1.036774	1.606575	2.850505	0.500000
7.587262	9.496035	1.245147	0.500000
2.480347	7.536153	0.562207	0.500000
3.406688	8.543597	3.999170	0.500000
6.628292	2.203242	3.918125	0.500000
10.766647	7.788161	0.565825	0.500000
5.698843	7.055124	3.217663	0.500000
10.526376	0.132513	3.714540	0.500000
3.210382	2.529010	3.992201	0.500000
8.819580	10.169776	3.901461	0.500000
0.475213	2.445006	3.983216	0.500000
3.691547	10.195102	0.608056	0.500000
2.772348	3.062303	2.616407	0.500000
4.314051	0.371958	2.180967	0.500000
6.413337	4.275363	1.349879	0.500000
5.871706	10.543057	1.424823	0.500000
3.742741	5.602999	0.514341	0.500000
7.573197	4.208272	2.106092	0.500000
4.292118	9.825676	1.359893	0.500000
8.047969	6.893197	2.959894	0.500000
4.746835	9.345680	0.597374	0.500000
9.693745	4.625472	0.560342	0.500000
1.902169	2.897005	3.359205	0.500000
8.323896	9.860440	2.236770	0.500000
0.942129	2.909037	3.037607	0.500000
