400

9.222662	9.538538	0.532733	0.500000
8.735312	0.387102	2.554103	0.500000
1.437444	9.965353	1.544194	0.500000
7.983526	9.056966	0.501063	0.500000
5.955757	1.283089	3.112030	0.500000
1.312817	10.574841	0.681289	0.500000
1.406483	0.258471	1.584791	0.500000
7.184410	0.588451	1.778203	0.500000
9.550138	9.032240	1.377478	0.500000
3.351861	8.347876	1.119505	0.500000
8.606514	3.346486	3.070550	0.500000
5.777182	1.783061	1.390043	0.500000
8.773075	4.541052	3.580961	0.500000
5.524369	0.160655	2.484395	0.500000
2.473859	4.524794	1.809889	0.500000
3.145957	8.883239	3.868786	0.500000
5.131538	8.150345	0.731955	0.500000
1.504617	6.328618	1.650895	0.500000
0.589749	6.663948	2.561589	0.500000
2.453664	10.501264	0.542518	0.500000
1.909072	4.468172	3.269108	0.500000
6.184024	10.052931	3.965744	0.500000
0.817275	7.720557	3.923067	0.500000
5.411363	9.395828	3.900435	0.500000
2.518561	5.832299	2.387202	0.500000
1.009084	4.357645	3.951155	0.500000
7.257212	0.309998	2.840686	0.500000
4.147419	4.928619	0.517750	0.500000
1.791057	8.108451	3.332566	0.500000
6.888788	4.702492	1.729654	0.500000
10.447493	5.963807	3.951386	0.500000
1.682640	7.140000	3.935998	0.500000
8.620224	2.162988	1.446884	0.500000
4.239550	8.736404	0.801331	0.500000
8.141743	4.108106	1.715979	0.500000
3.279839	9.825108	3.489756	0.500000
10.152155	8.098531	3.128328	0.500000
5.312232	0.464156	1.517282	0.500000
1.539772	8.142316	0.511561	0.500000
1.211205	0.858187	0.755096	0.500000
4.496951	8.009403	3.001570	0.500000
8.706406	2.555711	3.933399	0.500000
5.903150	3.044921	1.761903	0.500000
2.035895	1.702629	0.501984	0.500000
3.278373	6.336850	1.700056	0.500000
0.800565	1.730505	1.690095	0.500000
9.073345	9.778912	2.570789	0.500000
4.854550	10.393211	1.942524	0.500000
8.437851	2.508006	0.507674	0.500000
5.448405	6.421836	2.120479	0.500000
3.372259	4.527427	1.256408	0.500000
10.188118	0.775688	2.055068	0.500000
0.462455	5.215564	3.990830	0.500000
1.824349	9.042348	3.853903	0.500000
10.369624	2.490682	0.518288	0.500000
10.686861	7.742313	0.905634	0.500000
2.865692	6.787371	0.626750	0.500000
3.960394	7.167811	2.888218	0.500000
8.495722	7.710088	3.253554	0.500000
4.888305	3.951726	3.960490	0.500000
2.898880	7.176415	2.310519	0.500000
0.328337	0.271591	0.624901	0.500000
10.069619	1.865548	3.070149	0.500000
2.263913	10.272024	2.940646	0.500000
6.005874	1.161003	0.571585	0.500000
2.482894	8.934660	0.567806	0.500000
0.317685	8.618480	3.901257	0.500000
0.339602	3.529531	3.885834	0.500000
1.281715	8.631709	2.569843	0.500000
6.864042	7.972400	3.437358	0.500000
3.834862	7.289492	1.665467	0.500000
4.625350	5.210497	1.485209	0.500000
1.862542	4.097371	1.018012	0.500000
6.586098	3.564203	0.601879	0.500000
8.302181	5.319266	1.857162	0.500000
5.573805	7.971831	2.097842	0.500000
4.830480	4.634246	3.162117	0.500000
2.552863	3.688188	3.077177	0.500000
7.814342	7.861757	1.663391	0.500000
4.061869	3.135723	1.773287	0.500000
7.082808	2.044940	2.942974	0.500000
1.159825	0.696640	2.498716	0.500000
7.863805	6.235952	2.235247	0.500000
2.493588	4.808141	0.686485	0.500000
4.291750	2.562673	0.592742	0.500000
10.248759	8.805939	0.682026	0.500000
10.540173	3.116797	2.944088	0.500000
2.537734	5.949861	3.581308	0.500000
5.983961	8.771082	0.672126	0.500000
6.758963	5.216111	3.966842	0.500000
6.437031	6.783868	3.434859	0.500000
3.780041	8.850881	3.032109	0.500000
4.882853	7.913839	3.943902	0.500000
8.481766	2.249332	2.816621	0.500000
9.997276	4.334176	2.292846	0.500000
0.520195	9.761466	1.890822	0.500000
4.423155	9.585044	1.498043	0.500000
1.442674	2.198747	3.887822	0.500000
2.699621	7.805787	0.526092	0.500000
9.021453	7.815436	1.862153	0.500000
8.227694	10.030155	0.651009	0.500000
4.637285	9.233593	2.597533	0.500000
9.451937	2.647808	3.215715	0.500000
10.338190	1.248257	3.957956	0.500000
5.501169	0.684798	3.810952	0.500000
5.460614	0.211793	0.558634	0.500000
8.615564	8.119482	0.592015	0.500000
6.879207	4.089037	3.206778	0.500000
7.527799	2.964767	0.806248	0.500000
8.853556	5.795783	3.994363	0.500000
4.918386	8.665553	1.721119	0.500000
0.008020	5.894413	2.924746	0.500000
5.973967	6.156169	0.818567	0.500000
3.840155	10.780316	1.872000	0.500000
6.857096	9.528095	2.930190	0.500000
8.605321	0.280620	1.567082	0.500000
8.751508	4.243601	2.533820	0.500000
4.453805	0.840840	1.924956	0.500000
7.471249	6.006161	3.995907	0.500000
9.883493	5.418791	0.519147	0.500000
4.067802	7.524080	0.686306	0.500000
2.468149	3.421819	1.542606	0.500000
1.068760	1.988976	0.557902	0.500000
10.181904	2.913004	3.980701	0.500000
2.242752	10.011484	3.940829	0.500000
5.612350	7.212454	2.874871	0.500000
8.034926	5.497432	3.126267	0.500000
4.892141	5.952033	0.537764	0.500000
7.815735	4.949780	3.968845	0.500000
7.689169	8.299841	2.581951	0.500000
5.975558	10.093528	0.559525	0.500000
5.230262	2.869953	3.690833	0.500000
0.032439	4.993667	2.014823	0.500000
1.697090	8.379122	1.675947	0.500000
9.348311	6.334157	0.617374	0.500000
3.737631	8.522540	2.087026	0.500000
7.088984	3.676950	1.685659	0.500000
8.758341	9.650204	3.861669	0.500000
9.707973	1.780378	0.958284	0.500000
4.024197	10.064319	2.546169	0.500000
6.942604	1.536013	1.462930	0.500000
7.953016	1.027247	2.656031	0.500000
2.570489	0.821077	0.553265	0.500000
10.123932	9.882774	1.345347	0.500000
10.210216	3.584383	0.685686	0.500000
0.081051	9.590399	3.962758	0.500000
2.901673	0.158881	3.958602	0.500000
8.452511	4.675533	0.611506	0.500000
6.750908	5.773281	1.942145	0.500000
8.004103	1.207866	1.421020	0.500000
5.493049	2.291024	0.561393	0.500000
7.253651	7.171980	3.975084	0.500000
5.703046	5.801036	3.536351	0.500000
8.635387	3.002069	2.056575	0.500000
3.292669	7.931517	3.035818	0.500000
0.616195	1.612361	3.998107	0.500000
6.884612	8.304178	0.656311	0.500000
0.199620	1.427389	2.525347	0.500000
5.591396	1.823934	3.990193	0.500000
0.685323	6.771552	3.593961	0.500000
9.161342	5.202301	2.409655	0.500000
4.961355	2.595322	1.464762	0.500000
3.045740	1.195161	2.166141	0.500000
6.255748	8.699222	3.757269	0.500000
10.401478	9.274204	2.123232	0.500000
0.295079	0.185222	2.427641	0.500000
0.071932	8.147094	1.880261	0.500000
5.525274	3.873214	0.539752	0.500000
6.452251	7.989130	1.591627	0.500000
10.225028	10.495291	0.544366	0.500000
8.959134	8.520067	3.901238	0.500000
0.837207	9.249927	3.298718	0.500000
10.382218	6.532171	0.661605	0.500000
8.869719	6.344421	2.813886	0.500000
2.970393	4.561842	3.979165	0.500000
7.542788	5.033677	0.980512	0.500000
1.230156	10.594444	3.120987	0.500000
6.283466	3.531793	3.943653	0.500000
6.443838	4.854091	0.597965	0.500000
3.806417	0.851599	3.021837	0.500000
3.212459	2.586227	1.879238	0.500000
2.448787	10.217112	1.527721	0.500000
0.382311	8.182374	2.870971	0.500000
3.273315	3.777048	2.165116	0.500000
3.578523	5.456451	3.941755	0.500000
1.384940	1.439925	3.234564	0.500000
0.621216	5.504133	0.579563	0.500000
3.393823	1.133294	3.990377	0.500000
5.523051	9.773696	2.778645	0.500000
0.507907	2.617409	1.172618	0.500000
3.428937	9.321670	1.370794	0.500000
3.280363	2.818842	0.688764	0.500000
10.377564	7.169962	2.349924	0.500000
9.177470	0.947861	0.554502	0.500000
3.599578	2.128481	3.977317	0.500000
7.474973	1.458463	0.589731	0.500000
7.552242	3.996934	0.572235	0.500000
5.280319	9.424631	0.980285	0.500000
1.215040	2.143144	2.515386	0.500000
3.784907	5.099162	3.022351	0.500000
0.856638	5.598942	2.259197	0.500000
8.577074	3.416234	0.938463	0.500000
1.531022	5.098276	1.211098	0.500000
8.053949	0.399071	0.714305	0.500000
6.227854	3.881721	2.265933	0.500000
4.558255	1.308090	3.968367	0.500000
2.262292	9.210014	1.617313	0.500000
4.534318	10.598182	0.774654	0.500000
6.054305	7.729567	0.518176	0.500000
2.731665	4.948702	2.953842	0.500000
3.218279	5.650573	0.517718	0.500000
5.488276	4.586179	2.302179	0.500000
3.886367	3.095310	2.887913	0.500000
3.919823	6.395292	0.692732	0.500000
9.000096	8.594717	2.692666	0.500000
4.000775	9.699171	0.549749	0.500000
0.915173	0.633854	3.708477	0.500000
2.218902	2.647936	2.166249	0.500000
9.231378	10.670755	3.293675	0.500000
0.784980	8.820493	1.620345	0.500000
9.870956	8.340334	2.055808	0.500000
5.031336	7.130164	0.548391	0.500000
0.308601	2.493618	2.148581	0.500000
5.344322	4.922458	0.605992	0.500000
2.874428	3.846242	0.500099	0.500000
3.524347	4.007388	3.190313	0.500000
10.593692	4.568942	0.819481	0.500000
1.824197	2.211830	1.340545	0.500000
6.240043	10.424494	3.036160	0.500000
2.218252	7.213714	1.371564	0.500000
8.539522	5.706802	0.616142	0.500000
2.339809	7.066424	3.149364	0.500000
9.520036	3.563366	1.521263	0.500000
9.559354	6.586195	3.898867	0.500000
2.018240	0.738479	3.793776	0.500000
2.386808	0.457668	1.678200	0.500000
7.139727	7.306731	0.691274	0.500000
3.118138	2.310932	2.960187	0.500000
1.219854	3.191572	3.379328	0.500000
8.370034	7.099757	2.205954	0.500000
10.046305	8.621402	3.984831	0.500000
7.772497	3.506025	2.430152	0.500000
4.915187	1.079602	2.879181	0.500000
6.618396	9.698919	1.473909	0.500000
9.596348	0.031112	1.558269	0.500000
1.315237	5.963313	3.997297	0.500000
6.400073	8.580727	2.707114	0.500000
9.926871	4.889183	3.384930	0.500000
3.095538	9.803464	2.271601	0.500000
4.619234	10.030831	3.398886	0.500000
9.610904	5.685504	1.452711	0.500000
0.337389	2.466648	3.499734	0.500000
5.840124	5.195935	1.489013	0.500000
7.242608	10.431663	3.793870	0.500000
7.800207	6.560725	0.875762	0.500000
5.928169	4.676575	3.826348	0.500000
0.214733	4.549632	2.945970	0.500000
6.267183	5.227051	2.850662	0.500000
3.255952	6.425033	2.908025	0.500000
8.467115	10.692477	3.964494	0.500000
7.723424	10.324713	1.533341	0.500000
4.052627	4.550705	3.992774	0.500000
3.934052	6.561983	3.760848	0.500000
2.964630	6.929296	3.965278	0.500000
0.117764	1.599943	0.556668	0.500000
7.351554	8.751688	1.488175	0.500000
1.086568	4.370583	1.742397	0.500000
4.723444	5.685050	3.873492	0.500000
9.862466	6.465457	2.859106	0.500000
7.544388	3.627738	3.983980	0.500000
5.758804	7.168293	1.406043	0.500000
0.492759	8.616671	0.651851	0.500000
9.605824	7.913480	0.813965	0.500000
4.139800	6.071134	2.393567	0.500000
5.056530	5.566434	2.628555	0.500000
5.350643	2.110246	2.823743	0.500000
7.148384	3.067254	3.159087	0.500000
3.251404	3.367160	3.957574	0.500000
7.647155	2.268595	1.705444	0.500000
6.653402	1.463407	3.846913	0.500000
1.277719	3.087167	1.614487	0.500000
6.535889	0.381281	3.776036	0.500000
7.112454	6.739356	1.593843	0.500000
6.547279	2.327242	0.610866	0.500000
1.505586	6.224792	2.844537	0.500000
9.199358	10.719667	0.585820	0.500000
7.828636	1.707958	3.542922	0.500000
5.860047	9.082039	1.882200	0.500000
9.473327	0.673809	3.929620	0.500000
9.441377	7.369791	3.030233	0.500000
10.582392	9.063051	3.133104	0.500000
10.516732	4.329885	3.969748	0.500000
7.632941	4.556246	2.629419	0.500000
5.380583	8.503577	3.190465	0.500000
4.087642	3.548040	0.705172	0.500000
0.976080	7.562816	1.725751	0.500000
10.557620	7.028461	3.991405	0.500000
6.162987	0.891929	2.066801	0.500000
7.168437	7.440414	2.431105	0.500000
9.086516	4.517230	1.542223	0.500000
1.180913	5.182919	3.287276	0.500000
6.136848	4.194964	1.301833	0.500000
2.203258	3.324701	3.970788	0.500000
7.684228	2.626306	3.970526	0.500000
1.261798	3.276975	0.524989	0.500000
10.572473	1.665990	1.558834	0.500000
4.258504	9.195825	3.942105	0.500000
1.121849	7.472106	2.904342	0.500000
5.826852	10.378933	1.578448	0.500000
7.833952	6.931746	3.075710	0.500000
6.907261	9.374061	0.523956	0.500000
4.896960	6.440173	3.152246	0.500000
0.446941	3.683169	1.129284	0.500000
9.009469	10.014071	1.409925	0.500000
2.254216	2.840087	0.671677	0.500000
3.517221	5.258359	1.967870	0.500000
6.721698	10.515834	2.095786	0.500000
8.161494	10.062163	3.032806	0.500000
8.526052	8.654037	1.519736	0.500000
4.389398	2.056440	3.247458	0.500000
7.765613	0.633436	3.738239	0.500000
1.413844	6.212735	0.589211	0.500000
1.858682	5.076593	2.381984	0.500000
6.952047	5.982278	2.917302	0.500000
6.200583	2.785212	2.881166	0.500000
5.133503	3.767155	1.513494	0.500000
9.502952	4.296417	0.612817	0.500000
6.425179	2.443963	3.914380	0.500000
9.458813	2.931361	0.513258	0.500000
2.626755	1.376420	3.321163	0.500000
2.113799	2.647388	3.178011	0.500000
1.967021	5.156938	3.998590	0.500000
5.449496	6.745261	3.946690	0.500000
8.505891	6.935646	3.907349	0.500000
2.481650	2.139082	3.976688	0.500000
10.470372	3.465317	1.906964	0.500000
8.647431	1.265881	3.937762	0.500000
9.743164	7.640332	3.969903	0.500000
0.886802	4.395547	0.547836	0.500000
10.404975	6.098637	1.901233	0.500000
8.644675	7.117865	0.599768	0.500000
1.405491	9.649566	2.515783	0.500000
3.677042	7.759538	3.981226	0.500000
1.888643	7.543718	2.263474	0.500000
9.270908	1.074931	1.784866	0.500000
9.341957	2.011494	2.322333	0.500000
7.435264	9.175420	3.863762	0.500000
9.634898	3.947193	3.675786	0.500000
0.017374	0.096010	3.910093	0.500000
9.147370	1.294184	3.065530	0.500000
3.732328	1.470817	1.481369	0.500000
7.209781	10.402260	0.611097	0.500000
1.764668	3.537092	2.477209	0.500000
7.716864	9.403917	2.274412	0.500000
4.182723	0.281858	3.985270	0.500000
4.001572	0.780081	0.793126	0.500000
9.776413	7.036468	1.434182	0.500000
10.200736	10.426804	2.301094	0.500000
9.977214	2.492418	1.691006	0.500000
3.445349	10.512034	0.885924	0.500000
7.780326	8.154674	3.853218	0.500000
10.031356	10.184046	3.996083	0.500000
6.856522	2.761148	2.108788	0.500000
6.243161	1.899659	2.322145	0.500000
4.704738	6.468896	1.432187	0.500000
4.603764	0.119098	2.913782	0.500000
10.030265	0.479233	3.031611	0.500000
0.761882	3.707981	2.424976	0.500000
9.576021	3.385542	2.515951	0.500000
8.236549	8.888161	3.310871	0.500000
4.287908	3.124666	3.962859	0.500000
4.194703	4.192425	1.727165	0.500000
4.866861	1.466045	0.997022	0.500000
2.392636	5.936322	1.033964	0.500000
0.784100	7.220476	0.544989	0.500000
2.231017	0.614409	2.786080	0.500000
9.571871	9.291697	3.323120	0.500000
0.586983	6.362612	1.252890	0.500000
2.325149	9.125342	2.938266	0.500000
9.554212	1.926983	3.976055	0.500000
0.377775	9.908224	0.639586	0.500000
2.582083	8.021033	3.941384	0.500000
2.776618	8.212220	2.134871	0.500000
5.683133	4.004933	3.120232	0.500000
3.249809	10.738065	2.790923	0.500000
1.163890	10.002139	3.978128	0.500000
6.951197	5.870133	0.501155	0.500000
2.751457	1.572120	1.275349	0.500000
4.040056	2.131310	2.286815	0.500000
4.781139	3.540802	2.919406	0.500000
6.557292	0.303226	0.969373	0.500000
1.374579	9.234173	0.693097	0.500000
8.626139	6.259490	1.474198	0.500000
4.835687	7.293749	2.191602	0.500000
0.288991	9.980804	2.871426	0.500000
3.519815	1.829453	0.526554	0.500000
0.533677	0.765121	1.489861	0.500000
1.959167	1.384009	1.972578	0.500000
5.955221	7.605876	3.868983	0.500000
10.194227	0.780479	0.842439	0.500000
