400

0.354072	7.033885	0.543784	0.500000
8.801669	9.993075	3.958869	0.500000
10.412610	9.094273	2.523895	0.500000
10.302125	9.704726	0.519306	0.500000
7.969236	9.823109	3.037980	0.500000
1.281420	0.541053	2.333552	0.500000
4.511751	8.499592	2.319288	0.500000
7.204180	6.168565	2.997038	0.500000
1.604211	8.374621	1.045028	0.500000
7.291145	5.232223	2.362382	0.500000
5.492169	5.812421	2.143420	0.500000
7.774110	3.530865	2.961216	0.500000
2.138609	4.748216	0.934478	0.500000
3.015783	3.343365	3.960880	0.500000
8.906967	1.660213	3.001480	0.500000
10.295009	0.369997	1.255337	0.500000
10.319490	8.735590	1.148719	0.500000
0.770069	3.975517	2.267101	0.500000
1.121736	7.716745	2.036328	0.500000
5.321604	7.268230	3.238675	0.500000
0.815533	3.189621	1.291581	0.500000
1.978595	7.457119	3.915852	0.500000
3.200453	5.565219	1.974463	0.500000
0.682436	8.744262	0.576602	0.500000
0.448850	4.963893	2.129569	0.500000
4.644573	5.747908	1.518503	0.500000
8.661076	0.806692	2.246480	0.500000
4.489818	9.280131	1.516149	0.500000
1.568655	9.971706	3.093876	0.500000
6.847603	9.595457	3.666129	0.500000
5.877622	3.454240	3.990361	0.500000
0.658511	5.476585	3.953232	0.500000
7.678051	1.760351	0.674296	0.500000
3.405713	2.753826	3.198382	0.500000
5.853638	4.090068	0.537422	0.500000
6.139374	5.336272	2.884628	0.500000
9.020419	9.514469	1.626208	0.500000
10.768429	9.722856	3.980127	0.500000
2.731686	6.858719	0.559038	0.500000
0.625712	9.341405	3.134940	0.500000
8.837024	7.780136	1.207637	0.500000
7.821341	9.037744	3.705846	0.500000
3.583468	7.617417	2.385229	0.500000
4.767847	6.973351	0.756736	0.500000
7.629978	8.568503	1.832875	0.500000
10.403766	7.921734	3.966511	0.500000
7.461798	7.804185	3.997110	0.500000
9.365918	9.345958	2.580886	0.500000
3.541197	0.019852	3.950169	0.500000
7.881786	5.446872	3.626137	0.500000
1.293580	7.438363	0.606214	0.500000
6.665477	10.021701	0.636305	0.500000
5.944215	7.619758	3.949471	0.500000
8.033385	7.887697	0.606082	0.500000
9.058735	3.012995	3.954678	0.500000
8.234839	7.780406	2.608564	0.500000
5.415878	8.754025	1.720885	0.500000
7.376660	0.578440	3.960741	0.500000
9.663531	2.806288	1.690197	0.500000
10.572989	2.865504	2.677638	0.500000
9.815542	9.755870	3.516398	0.500000
10.725333	6.076661	0.597076	0.500000
2.587570	10.417986	1.314714	0.500000
9.724183	8.592188	1.981362	0.500000
2.748356	4.151244	1.754297	0.500000
5.159627	6.785822	1.701009	0.500000
9.588580	2.012520	3.963726	0.500000
1.723184	1.337608	2.888078	0.500000
3.873265	9.531557	3.160449	0.500000
4.862063	6.429204	2.686251	0.500000
9.300560	7.889116	3.975194	0.500000
8.465711	2.710375	1.606846	0.500000
2.517062	3.118315	1.309284	0.500000
2.671724	5.644297	0.553106	0.500000
2.423198	8.908500	0.803951	0.500000
0.158613	4.295744	1.316501	0.500000
0.426420	0.123905	1.934396	0.500000
2.015676	1.644878	0.836850	0.500000
7.956992	2.545719	3.431218	0.500000
4.258395	4.922276	0.957918	0.500000
4.819466	0.703380	1.957278	0.500000
7.266401	10.718135	3.177823	0.500000
0.647306	9.758264	0.584275	0.500000
4.526355	3.855573	2.447438	0.500000
2.719447	0.922608	1.130970	0.500000
5.804411	5.659537	3.800532	0.500000
2.961951	6.561780	2.044789	0.500000
1.678810	2.469652	1.454830	0.500000
5.957128	9.815434	2.938710	0.500000
10.770133	0.288206	3.982454	0.500000
9.351655	0.853985	1.487031	0.500000
6.702422	1.115291	1.017878	0.500000
6.795902	10.370813	2.124358	0.500000
8.872257	6.854162	2.243389	0.500000
5.269510	5.103089	0.522842	0.500000
7.661140	10.094402	3.969940	0.500000
8.348316	10.620439	0.619282	0.500000
3.741884	3.216244	2.297188	0.500000
6.446333	0.651256	2.836570	0.500000
1.059311	6.714984	1.462874	0.500000
7.324601	3.177417	1.457911	0.500000
3.684620	2.016762	0.519035	0.500000
6.441357	7.214999	0.555898	0.500000
0.132013	2.097322	3.931302	0.500000
4.841772	2.926737	3.892552	0.500000
7.421529	0.460783	0.578414	0.500000
9.320076	9.513339	0.627704	0.500000
5.044914	3.735169	1.425446	0.500000
7.083369	1.454005	3.091892	0.500000
6.283250	4.776167	3.777603	0.500000
0.545101	1.563289	2.065229	0.500000
1.548272	9.453274	0.901425	0.500000
6.499593	1.583855	1.971412	0.500000
5.701803	0.303602	3.839994	0.500000
10.691271	5.015812	0.533171	0.500000
7.090740	9.489770	1.423148	0.500000
6.412831	3.005219	3.216819	0.500000
4.889820	7.863745	3.943760	0.500000
3.233978	6.340137	3.855295	0.500000
7.812810	10.705164	2.271524	0.500000
4.825950	8.323757	0.765527	0.500000
2.094358	6.572745	1.479476	0.500000
9.743524	10.431214	2.619397	0.500000
5.101065	0.440121	3.002761	0.500000
9.776269	10.349145	1.587645	0.500000
5.358095	9.878023	1.150485	0.500000
9.094204	1.935857	1.684081	0.500000
4.674673	7.403015	2.473638	0.500000
8.595677	2.897409	2.733368	0.500000
6.220418	6.880896	1.483152	0.500000
1.951774	0.396446	1.589008	0.500000
9.559153	0.127373	0.617696	0.500000
3.724857	6.020894	1.111119	0.500000
4.115548	6.875156	1.820422	0.500000
3.541233	4.187770	0.529329	0.500000
5.867829	9.613057	3.979971	0.500000
0.788167	2.712920	2.327523	0.500000
9.279377	7.243534	3.182385	0.500000
2.119305	2.969628	3.126640	0.500000
1.028521	0.162137	0.524091	0.500000
10.265609	1.600320	1.413364	0.500000
6.623823	8.982810	0.538897	0.500000
2.029031	10.483505	2.307136	0.500000
1.016889	8.767873	1.773098	0.500000
0.314103	4.689266	3.089267	0.500000
4.348372	10.151054	3.950357	0.500000
3.264223	1.533679	3.755146	0.500000
7.526314	2.826495	0.531888	0.500000
8.862062	5.393076	3.125443	0.500000
10.630052	3.287789	1.580895	0.500000
2.430441	7.889938	0.630023	0.500000
1.229480	9.166764	3.967071	0.500000
6.616934	3.320679	0.757214	0.500000
1.129102	6.519787	3.698147	0.500000
10.639953	7.967641	0.541583	0.500000
8.737550	2.178121	0.626451	0.500000
1.252496	10.358904	1.448030	0.500000
2.713309	3.844783	2.818452	0.500000
6.570360	10.610897	3.996248	0.500000
1.825312	3.522357	3.961795	0.500000
8.918805	4.799092	3.939900	0.500000
3.104163	9.635631	0.549828	0.500000
7.102232	4.465000	3.059224	0.500000
6.949969	5.721484	3.900925	0.500000
1.612036	9.589820	2.002487	0.500000
10.722757	9.986707	1.408991	0.500000
8.109439	4.604267	2.735783	0.500000
2.929728	2.186088	1.194877	0.500000
3.087314	7.470605	1.358091	0.500000
1.389121	5.845172	2.403106	0.500000
0.749143	6.660570	2.465535	0.500000
9.900011	1.006930	3.759258	0.500000
8.714972	8.660579	0.558541	0.500000
7.628559	6.931204	0.532428	0.500000
5.468243	4.223795	2.401366	0.500000
0.113967	6.585969	3.954191	0.500000
2.264038	1.413913	3.931507	0.500000
8.257420	6.133768	1.763937	0.500000
5.352670	1.747958	1.950198	0.500000
2.471576	9.591389	2.820178	0.500000
2.839557	0.651846	2.321907	0.500000
10.742099	3.523258	0.544724	0.500000
5.225683	9.200325	2.604513	0.500000
3.786810	6.859782	0.547394	0.500000
4.620624	3.994765	0.522487	0.500000
5.607397	8.980369	0.738702	0.500000
9.766452	1.572024	2.410764	0.500000
7.772906	1.593052	3.806373	0.500000
1.509585	8.863138	2.833096	0.500000
9.217299	3.702553	1.491604	0.500000
10.736703	7.313381	2.207951	0.500000
1.589977	2.911002	0.545435	0.500000
8.438500	8.915193	2.470747	0.500000
7.113587	3.472007	3.846932	0.500000
3.937841	1.152560	2.954555	0.500000
8.624027	3.208865	0.678745	0.500000
10.150427	8.166829	2.972142	0.500000
7.067797	0.557338	1.974783	0.500000
8.628176	1.164907	0.646010	0.500000
6.109924	0.217948	0.539617	0.500000
5.174587	3.893260	3.426087	0.500000
9.794609	4.685549	1.680018	0.500000
2.517380	0.088027	3.174864	0.500000
5.784409	10.729635	2.453140	0.500000
5.548369	1.276220	3.419247	0.500000
5.738965	1.249030	0.554482	0.500000
1.850566	10.367932	0.529770	0.500000
0.125379	1.192739	0.588014	0.500000
5.567678	2.929133	0.536055	0.500000
1.119438	4.525083	3.932553	0.500000
8.629577	6.361499	0.505040	0.500000
9.250908	6.319904	1.363328	0.500000
1.325908	7.314794	3.004320	0.500000
6.815545	3.626472	2.420698	0.500000
8.731813	10.527834	2.692585	0.500000
6.465372	0.974812	3.833781	0.500000
7.812455	1.601294	1.668638	0.500000
0.705840	0.929080	3.637891	0.500000
5.964529	2.272323	2.568768	0.500000
7.143908	8.199799	0.950629	0.500000
9.295742	5.847406	2.252547	0.500000
6.663198	8.372332	3.638438	0.500000
10.763776	6.623621	1.434003	0.500000
9.608916	5.676439	0.654545	0.500000
2.427675	8.011706	3.058829	0.500000
4.447131	2.725149	0.529795	0.500000
3.146453	4.957005	1.156346	0.500000
0.028553	10.652708	0.550899	0.500000
10.547151	4.148528	2.340281	0.500000
1.019640	1.805501	0.625484	0.500000
8.224222	5.038368	0.532996	0.500000
3.667609	4.870768	3.065466	0.500000
3.916128	2.372076	3.985500	0.500000
10.083942	4.661767	3.604961	0.500000
0.298942	2.558251	0.712978	0.500000
2.293115	7.485023	2.106578	0.500000
4.685268	0.540323	3.969507	0.500000
9.764060	1.753757	0.526153	0.500000
9.447147	0.651881	2.938387	0.500000
1.717357	3.400220	2.216103	0.500000
9.805331	4.489612	0.586320	0.500000
8.311949	6.466425	3.060271	0.500000
3.919167	2.320204	1.882831	0.500000
7.513641	7.153927	2.976015	0.500000
4.978481	10.062971	2.119819	0.500000
8.525602	3.817118	2.212481	0.500000
7.581055	4.061860	1.904823	0.500000
9.306894	4.644388	2.602873	0.500000
2.477852	4.830672	2.790861	0.500000
4.122726	0.036113	2.827750	0.500000
9.517232	3.531570	2.518612	0.500000
10.303102	5.201069	2.409913	0.500000
3.884583	6.781473	2.887283	0.500000
3.175813	8.701176	2.473973	0.500000
7.663663	6.419130	3.965461	0.500000
3.410881	4.317825	3.911592	0.500000
1.294787	6.195450	0.634319	0.500000
0.549950	8.451391	2.648032	0.500000
6.448852	4.809210	1.982124	0.500000
7.992173	1.938229	2.629572	0.500000
10.458707	5.437368	1.414042	0.500000
5.443533	4.997633	1.514585	0.500000
3.642910	0.970396	0.503988	0.500000
3.231021	1.606037	2.238001	0.500000
1.072873	10.653868	3.982809	0.500000
4.040490	7.855285	3.365290	0.500000
0.886002	4.893532	0.853151	0.500000
10.572551	0.307185	2.927608	0.500000
7.933288	9.675208	2.024102	0.500000
1.026941	1.984554	3.383253	0.500000
7.971781	7.221264	1.635850	0.500000
1.945986	0.657266	0.522861	0.500000
0.254612	7.367687	3.260103	0.500000
4.104891	5.735342	3.725056	0.500000
6.270137	5.289671	0.962863	0.500000
3.801141	7.883782	0.513084	0.500000
4.765150	1.806650	3.890526	0.500000
9.935861	7.000159	3.984505	0.500000
7.318186	5.262792	1.052661	0.500000
4.821054	1.620181	2.815789	0.500000
2.081002	6.476360	3.367328	0.500000
5.573253	8.649712	3.945333	0.500000
7.778148	4.467196	3.802449	0.500000
2.032333	1.441499	1.907645	0.500000
3.272353	10.291882	2.814696	0.500000
4.023330	10.297514	1.225906	0.500000
1.029956	3.926617	0.559635	0.500000
9.826102	6.316347	3.173670	0.500000
3.965757	9.816754	2.190820	0.500000
6.459497	7.532844	2.998310	0.500000
9.660029	10.738978	3.935319	0.500000
5.123277	5.447112	3.024039	0.500000
7.331544	8.225100	2.777279	0.500000
4.325929	9.047968	3.990866	0.500000
4.002785	5.819455	2.523828	0.500000
7.105004	9.424035	2.672332	0.500000
9.766024	6.896525	0.612314	0.500000
5.263013	3.153175	2.535809	0.500000
2.527434	8.413348	1.690743	0.500000
0.358556	5.812322	2.828434	0.500000
1.417030	5.307420	3.296726	0.500000
4.559837	5.906433	0.529155	0.500000
4.111635	1.309888	1.395317	0.500000
6.158538	3.988088	3.145266	0.500000
1.717243	4.216394	3.178244	0.500000
2.958948	0.138811	0.522885	0.500000
8.337523	0.177669	3.979366	0.500000
8.662443	7.079768	3.960292	0.500000
8.201456	9.592227	0.935429	0.500000
8.926828	5.333970	1.360915	0.500000
10.558578	0.893729	2.094941	0.500000
6.221118	6.611231	2.631264	0.500000
9.106644	9.016570	3.593369	0.500000
8.378692	8.213279	3.534155	0.500000
0.834864	5.727543	1.495309	0.500000
3.912790	3.916949	1.560273	0.500000
7.308762	6.462197	1.467670	0.500000
7.976925	0.690388	3.106115	0.500000
1.103554	8.209873	3.686157	0.500000
2.376322	4.460400	3.999308	0.500000
9.155521	8.259918	2.864664	0.500000
8.131938	3.509054	3.995273	0.500000
5.651086	6.190511	0.700083	0.500000
4.361372	4.725207	3.787070	0.500000
4.053380	3.634516	3.406003	0.500000
6.573800	8.644453	1.755638	0.500000
5.902223	0.772269	1.790708	0.500000
5.845499	2.399577	3.903789	0.500000
7.434277	10.441043	1.257241	0.500000
3.830797	0.465328	1.948071	0.500000
7.845642	4.073854	0.718786	0.500000
2.893191	5.918672	2.917786	0.500000
4.878643	2.751393	1.577191	0.500000
6.357401	8.704581	2.732681	0.500000
0.805504	10.739079	3.012914	0.500000
8.717399	1.204799	3.885168	0.500000
10.142460	2.849361	3.751032	0.500000
6.568397	6.766584	3.785045	0.500000
9.889305	5.636682	3.961910	0.500000
8.845109	3.814521	3.278198	0.500000
6.007660	8.085810	0.961254	0.500000
5.396104	6.559497	3.958669	0.500000
6.545942	5.867284	1.741264	0.500000
0.548100	9.660870	2.132936	0.500000
3.197199	5.296211	3.954461	0.500000
2.894387	7.079420	2.932076	0.500000
5.297165	8.281746	3.014020	0.500000
0.257930	8.749645	3.933409	0.500000
2.633516	2.005023	3.097170	0.500000
6.994222	7.533773	1.994127	0.500000
4.751415	1.714833	0.613005	0.500000
1.039545	0.930217	1.403666	0.500000
10.150085	6.494320	2.237541	0.500000
7.000592	2.202490	1.336973	0.500000
6.082656	2.586590	1.500086	0.500000
8.048723	4.946311	1.700288	0.500000
1.986162	5.575888	1.607831	0.500000
1.758913	3.779877	1.236970	0.500000
8.856591	6.031425	3.986819	0.500000
0.159840	8.055432	1.545367	0.500000
4.296946	7.826233	1.543219	0.500000
4.424349	2.645654	2.881515	0.500000
1.814230	2.469315	3.975817	0.500000
6.147090	3.781569	1.587096	0.500000
4.245231	6.925580	3.846838	0.500000
1.668838	4.513066	1.935552	0.500000
3.318194	8.587943	3.527679	0.500000
7.959468	0.619936	1.487970	0.500000
9.800900	3.771069	3.986962	0.500000
7.130033	2.625448	2.466701	0.500000
1.916465	0.476338	3.900427	0.500000
2.010363	8.524287	3.992250	0.500000
4.693522	0.539502	0.797642	0.500000
3.139110	7.625857	3.859514	0.500000
3.671122	8.657919	1.179107	0.500000
10.664781	1.446045	3.017118	0.500000
4.956864	10.106673	3.122481	0.500000
9.607467	8.043259	0.576712	0.500000
2.175801	10.261621	3.998244	0.500000
6.978941	2.297928	3.705375	0.500000
9.644734	7.568854	1.941304	0.500000
5.647017	7.633618	2.332283	0.500000
10.712730	10.042360	2.977383	0.500000
2.129657	5.556464	3.960831	0.500000
8.836398	0.004411	1.654210	0.500000
0.060685	3.982675	3.979590	0.500000
4.339399	9.446120	0.535711	0.500000
3.363046	3.071455	0.665092	0.500000
6.007391	10.566871	1.482408	0.500000
6.805221	4.390292	0.799741	0.500000
3.081975	9.604823	3.931263	0.500000
4.108373	4.836884	2.101168	0.500000
6.322264	2.157551	0.532970	0.500000
5.979865	9.638699	1.919119	0.500000
6.980312	6.113129	0.557464	0.500000
2.974306	9.546688	1.700139	0.500000
9.821203	3.085451	0.672598	0.500000
2.892133	2.703422	2.149168	0.500000
9.514517	2.479350	3.051813	0.500000
0.792377	3.260923	3.650613	0.500000
