300

10.506997	6.411923	0.542956	0.500000
1.904694	8.900414	0.566366	0.500000
2.978468	10.540414	0.585568	0.500000
3.659771	0.325115	1.589098	0.500000
4.275444	0.167520	0.626537	0.500000
7.628053	10.200243	0.613290	0.500000
7.379185	7.994386	0.559295	0.500000
7.404185	0.600424	2.405791	0.500000
9.191554	0.339892	0.543305	0.500000
0.603159	4.681509	0.559285	0.500000
6.607995	8.970049	0.579029	0.500000
0.041072	10.302662	1.500666	0.500000
1.214199	9.824250	0.501348	0.500000
4.325696	1.687391	0.584218	0.500000
1.957079	10.598310	0.532645	0.500000
3.285977	1.914492	0.664742	0.500000
7.703059	9.185975	0.548419	0.500000
9.549479	1.697008	1.370215	0.500000
0.861850	8.801462	0.593289	0.500000
0.439717	0.470372	1.413448	0.500000
2.122141	0.137767	2.434202	0.500000
1.429989	0.938821	0.643667	0.500000
2.788391	2.803551	0.693985	0.500000
1.354037	3.900900	0.609568	0.500000
5.391593	0.103315	0.594019	0.500000
3.613838	0.970996	0.595030	0.500000
6.176803	9.929747	0.514366	0.500000
8.558207	1.338683	0.561997	0.500000
8.660819	10.251000	0.610583	0.500000
10.273840	3.002573	0.508003	0.500000
2.556615	0.791254	0.525167	0.500000
3.457596	3.359908	1.597958	0.500000
1.742260	5.045367	0.527113	0.500000
3.431440	3.711187	0.504543	0.500000
3.906497	2.763623	0.617442	0.500000
2.213959	3.111184	1.535782	0.500000
5.032161	2.541223	0.516114	0.500000
0.582810	2.409258	1.491829	0.500000
10.335957	2.493065	1.492742	0.500000
0.228080	0.978438	0.566319	0.500000
0.634651	2.939327	0.530934	0.500000
9.436152	5.041485	1.296920	0.500000
3.007485	4.648102	0.622794	0.500000
4.088681	2.924515	2.347759	0.500000
8.186336	0.373801	0.504800	0.500000
4.604151	3.587995	0.512256	0.500000
6.798962	0.092861	0.556753	0.500000
6.212342	4.494069	0.652230	0.500000
7.216866	3.896006	1.429223	0.500000
9.345063	5.690214	0.539606	0.500000
9.540692	10.629592	1.372975	0.500000
8.579924	4.230621	0.573540	0.500000
3.888976	5.802414	0.614748	0.500000
8.366669	10.684430	1.466703	0.500000
6.863547	2.910769	1.414097	0.500000
9.926388	1.175284	0.588253	0.500000
10.284058	5.314357	0.507556	0.500000
9.422748	6.718536	0.611637	0.500000
8.198754	3.596399	2.481718	0.500000
9.579454	4.401734	0.530821	0.500000
0.162030	7.474548	0.602579	0.500000
2.108832	6.986761	0.541631	0.500000
1.662391	2.874238	0.685339	0.500000
1.688366	6.069481	0.503170	0.500000
7.291571	2.537017	0.530562	0.500000
2.416747	3.761118	0.761553	0.500000
6.768912	3.473593	0.578593	0.500000
10.177018	7.122405	1.452204	0.500000
7.322103	7.543925	2.381523	0.500000
7.847714	7.743343	1.432178	0.500000
3.187013	8.671415	0.505409	0.500000
0.884617	6.754190	0.507774	0.500000
0.564829	5.734666	0.541744	0.500000
2.649076	5.774674	0.592738	0.500000
5.504898	7.084271	0.567940	0.500000
3.185892	6.668903	0.524028	0.500000
5.200935	4.724778	0.619118	0.500000
9.000993	0.870738	1.608756	0.500000
4.534209	6.722105	0.535509	0.500000
6.443151	6.246102	1.361382	0.500000
0.644758	8.069975	1.456212	0.500000
10.254583	0.231526	0.675600	0.500000
4.253924	8.941650	0.783075	0.500000
3.868379	7.780546	0.577473	0.500000
3.693478	9.818990	0.575459	0.500000
5.556433	8.713199	2.395653	0.500000
4.011463	4.193304	1.614467	0.500000
5.292060	6.296952	1.461705	0.500000
6.084969	5.562274	0.506764	0.500000
10.646373	8.488794	0.953118	0.500000
2.132074	9.982126	1.598620	0.500000
2.642814	9.581632	0.549979	0.500000
4.907548	9.992654	0.619362	0.500000
4.827238	10.670658	1.469074	0.500000
5.535383	9.943041	1.614915	0.500000
8.044597	9.525971	1.453589	0.500000
7.177207	8.852352	1.427084	0.500000
4.920639	7.979649	0.666863	0.500000
8.093179	6.703649	1.539495	0.500000
9.622265	7.790531	0.596192	0.500000
1.467464	9.075828	1.530394	0.500000
2.610666	0.241807	1.548267	0.500000
0.502132	8.255291	2.474678	0.500000
3.167429	10.009258	1.576864	0.500000
4.120189	10.504561	2.273070	0.500000
6.048433	9.055508	1.475092	0.500000
8.365607	8.297227	0.692121	0.500000
8.841946	9.231405	0.503589	0.500000
9.582070	2.453355	2.321660	0.500000
10.408033	7.745110	2.295300	0.500000
0.169127	9.595179	0.554815	0.500000
2.134618	1.200467	1.575576	0.500000
0.528753	10.741112	0.553103	0.500000
6.681089	0.813118	1.702599	0.500000
5.114759	1.937789	1.674951	0.500000
6.161273	10.723333	1.322388	0.500000
8.274740	2.352817	0.729943	0.500000
10.490105	2.024977	0.535080	0.500000
1.546159	0.341772	1.488802	0.500000
0.464956	9.168615	1.484108	0.500000
0.180973	3.376880	1.464897	0.500000
1.652391	2.198628	1.426645	0.500000
9.174916	3.388068	2.327186	0.500000
1.138837	1.320775	1.537854	0.500000
5.522425	1.658127	0.500626	0.500000
7.504435	2.064143	1.505340	0.500000
5.681873	0.852732	1.491536	0.500000
6.392210	1.828944	1.465666	0.500000
7.976849	3.347960	0.501041	0.500000
10.776332	2.134501	2.451132	0.500000
1.826946	5.977594	2.476134	0.500000
2.346919	5.205053	1.404820	0.500000
2.756364	2.182789	1.519024	0.500000
3.816195	2.245789	1.592268	0.500000
5.763557	2.721229	1.413456	0.500000
9.042294	1.585830	2.398219	0.500000
7.795454	1.041524	1.497542	0.500000
7.376620	4.420379	0.536580	0.500000
1.191656	3.923411	2.341703	0.500000
1.178147	3.303139	1.540515	0.500000
1.405866	7.161475	1.275276	0.500000
2.116052	6.435573	1.620127	0.500000
3.633640	5.776191	2.460718	0.500000
5.230433	4.882503	2.459889	0.500000
7.539302	1.516498	0.556316	0.500000
9.826604	8.938528	0.532340	0.500000
8.508765	1.751729	1.497355	0.500000
5.693331	3.367941	0.610322	0.500000
9.467035	2.339598	0.558553	0.500000
2.122694	1.848424	0.525518	0.500000
0.349201	5.503934	1.574772	0.500000
3.144007	6.019367	1.489523	0.500000
2.955153	4.449710	1.683362	0.500000
6.290237	2.464490	0.506170	0.500000
9.315706	3.426687	0.511702	0.500000
5.829316	1.731390	2.453956	0.500000
9.018886	10.303435	2.396587	0.500000
6.887131	4.987300	1.474945	0.500000
7.578426	5.799912	1.466872	0.500000
10.177362	9.541704	1.318417	0.500000
6.525415	6.913752	0.570515	0.500000
6.548817	8.011092	1.417290	0.500000
2.944134	6.524440	2.435140	0.500000
3.203164	7.254652	1.539778	0.500000
4.117942	6.312173	1.481403	0.500000
6.446464	6.658257	2.421245	0.500000
4.998383	5.767082	0.635417	0.500000
7.590297	6.920813	0.574300	0.500000
7.081246	5.841046	0.573836	0.500000
5.024606	4.155579	1.475925	0.500000
10.578006	4.088296	0.624880	0.500000
2.865947	7.690137	0.598099	0.500000
4.089168	8.167803	1.547610	0.500000
4.572466	7.265433	1.499456	0.500000
5.498320	9.183063	0.632663	0.500000
3.612399	5.121068	1.309660	0.500000
4.177772	8.677930	2.463361	0.500000
8.551002	6.252006	2.419652	0.500000
0.390724	10.072608	2.465638	0.500000
9.361918	8.046517	2.430138	0.500000
9.197440	6.654212	1.666318	0.500000
2.494430	9.046160	1.516355	0.500000
3.492681	9.009038	1.659357	0.500000
5.482137	8.042281	1.579787	0.500000
6.586899	8.530434	2.380170	0.500000
7.885230	10.220532	2.370059	0.500000
7.010431	5.667267	2.369572	0.500000
9.050512	7.693407	1.415177	0.500000
9.894243	8.574446	1.680198	0.500000
8.556769	7.229272	0.603513	0.500000
8.499041	7.275439	2.308412	0.500000
3.178135	0.182259	2.495545	0.500000
2.825676	1.133987	2.418348	0.500000
3.885980	1.003630	2.433596	0.500000
4.323689	9.758333	1.513613	0.500000
6.829275	9.807574	1.272775	0.500000
8.471398	6.199477	0.577197	0.500000
7.896398	3.098192	1.570887	0.500000
9.482569	9.110607	2.441271	0.500000
9.211351	9.648100	1.576146	0.500000
9.598302	0.348671	2.430515	0.500000
1.064453	0.121027	2.386403	0.500000
1.116327	10.034576	1.491197	0.500000
2.151142	1.985312	2.468134	0.500000
3.269761	2.090649	2.455342	0.500000
7.807555	8.427610	2.170848	0.500000
10.000148	1.296134	2.468806	0.500000
10.108059	10.028739	2.222028	0.500000
10.124743	0.688054	1.561345	0.500000
6.513378	1.085517	0.559629	0.500000
0.619807	1.188136	2.463110	0.500000
10.328310	3.146336	2.328128	0.500000
3.346656	1.288168	1.549000	0.500000
4.522682	1.137595	1.514649	0.500000
4.486415	1.891175	2.497700	0.500000
5.308208	10.513344	2.470515	0.500000
8.290213	9.276159	2.470394	0.500000
9.918574	10.071594	0.500484	0.500000
6.868868	1.626281	2.454150	0.500000
1.347410	9.569200	2.398803	0.500000
8.972705	2.732019	1.468202	0.500000
0.159645	4.120954	2.239198	0.500000
8.424748	2.488584	2.278586	0.500000
0.565813	3.107137	2.454153	0.500000
3.481277	4.001074	2.485552	0.500000
2.229804	3.794807	2.412823	0.500000
5.184239	0.843715	2.421127	0.500000
9.636789	4.047592	1.464403	0.500000
6.377273	0.019255	2.304880	0.500000
8.119935	5.236466	2.342238	0.500000
0.715048	5.157825	2.462737	0.500000
1.732623	4.907631	2.211129	0.500000
1.626162	2.911318	2.442863	0.500000
9.257710	5.398763	2.423791	0.500000
5.257832	2.747202	2.323664	0.500000
6.399112	2.583182	2.355551	0.500000
8.526181	0.530725	2.452501	0.500000
7.266810	9.379276	2.398969	0.500000
8.663393	3.821604	1.504137	0.500000
0.789316	4.582625	1.565003	0.500000
0.976039	1.954757	0.509120	0.500000
5.784154	3.749296	2.480216	0.500000
1.828221	4.145163	1.488740	0.500000
9.699358	7.051928	2.435768	0.500000
0.991900	6.386984	2.034933	0.500000
7.296333	4.594136	2.382580	0.500000
7.309725	10.731257	1.464311	0.500000
4.761375	3.860664	2.464029	0.500000
6.284968	4.755694	2.245073	0.500000
6.220958	3.777882	1.453974	0.500000
9.895318	4.189308	2.454329	0.500000
8.667683	5.680608	1.429268	0.500000
1.353207	7.335637	2.286782	0.500000
2.700844	5.361561	2.499926	0.500000
2.898557	3.049277	2.452612	0.500000
4.165702	4.876912	2.471412	0.500000
4.697659	2.848449	1.489141	0.500000
4.143054	4.505107	0.564988	0.500000
10.171350	6.170801	2.365724	0.500000
7.411264	2.724009	2.492899	0.500000
1.311232	5.650481	1.332089	0.500000
7.904479	1.472822	2.499855	0.500000
2.384287	7.384467	2.334027	0.500000
3.955524	6.786862	2.374300	0.500000
4.618713	5.887644	2.291888	0.500000
5.674442	5.885938	2.482075	0.500000
4.725995	5.151159	1.398940	0.500000
6.796583	3.704205	2.363164	0.500000
7.047164	7.085121	1.439763	0.500000
7.992951	4.648800	1.510048	0.500000
0.117455	1.477718	1.559966	0.500000
10.438799	4.765728	1.434361	0.500000
2.502481	9.423230	2.444994	0.500000
3.443100	7.707806	2.407437	0.500000
4.886639	7.781484	2.498166	0.500000
5.945654	7.108373	1.613129	0.500000
5.438884	6.886720	2.468089	0.500000
5.789980	5.341152	1.454820	0.500000
0.305171	7.003073	2.437115	0.500000
8.016338	5.245751	0.517906	0.500000
0.302768	6.646194	1.355225	0.500000
2.044770	8.088301	1.235373	0.500000
2.634037	8.426448	2.308328	0.500000
3.574945	9.656375	2.496482	0.500000
1.652268	1.028179	2.442028	0.500000
4.967835	8.995833	1.615335	0.500000
5.948026	7.757876	2.426554	0.500000
8.762188	8.689036	1.725668	0.500000
8.847160	4.362760	2.406369	0.500000
1.369268	7.930992	0.500970	0.500000
10.555593	9.061900	2.478004	0.500000
10.685923	0.335730	2.380319	0.500000
1.102822	2.066163	2.311821	0.500000
6.112851	9.601034	2.380728	0.500000
4.865832	9.577889	2.493510	0.500000
5.902311	8.241146	0.536351	0.500000
9.978574	6.043357	1.333506	0.500000
10.501596	5.046643	2.418274	0.500000
1.563192	8.592524	2.414099	0.500000
7.553236	6.538343	2.468830	0.500000
