300

10.569509	5.772763	0.543501	0.500000
2.825441	8.559415	1.561172	0.500000
2.955694	10.484935	0.540481	0.500000
2.988303	0.289565	1.517542	0.500000
4.703037	0.312942	0.505823	0.500000
6.838677	8.970881	0.565911	0.500000
8.707602	8.178760	0.512918	0.500000
7.725439	0.437498	2.377719	0.500000
9.378518	10.423120	0.546712	0.500000
9.669503	3.885987	0.558266	0.500000
7.383165	7.903975	0.712659	0.500000
0.281360	10.354998	1.766751	0.500000
1.057123	9.032653	0.515814	0.500000
4.316812	1.532683	0.505459	0.500000
1.988952	10.736700	0.700491	0.500000
3.312683	1.689511	0.507138	0.500000
7.858033	8.795293	0.580339	0.500000
10.084585	1.625165	1.522125	0.500000
0.487816	7.921964	0.612408	0.500000
1.011645	0.583778	1.435060	0.500000
1.325926	9.893624	1.465917	0.500000
1.537656	0.898713	0.531021	0.500000
4.098886	2.553929	0.684004	0.500000
10.713992	4.030275	0.599035	0.500000
6.023429	0.231569	0.519659	0.500000
3.757767	0.692914	0.552444	0.500000
6.352277	9.834705	0.729251	0.500000
8.287425	10.597954	0.654822	0.500000
8.679104	9.682739	0.547848	0.500000
9.558315	1.905232	0.538534	0.500000
2.688709	0.763841	0.622256	0.500000
2.745630	3.594588	1.582142	0.500000
1.451813	4.983892	0.560839	0.500000
2.363858	3.696720	0.557434	0.500000
3.424656	3.412307	0.613630	0.500000
1.708887	3.421207	1.648000	0.500000
5.096874	2.245518	0.565823	0.500000
0.900385	2.446148	1.355437	0.500000
10.754558	2.820808	1.479497	0.500000
0.522486	0.831649	0.589734	0.500000
0.541566	3.058581	0.601157	0.500000
9.549543	4.419963	1.464794	0.500000
2.946842	4.610289	0.612655	0.500000
4.134086	3.379466	1.406002	0.500000
7.402350	9.930827	0.505430	0.500000
5.769110	3.007909	0.570905	0.500000
7.021849	0.100385	0.518658	0.500000
6.688043	4.882410	0.526886	0.500000
7.816215	3.596604	1.483461	0.500000
8.984599	4.866392	0.532186	0.500000
9.852639	10.418688	1.511955	0.500000
8.473421	3.795002	0.637119	0.500000
4.452776	5.285730	0.676829	0.500000
8.772060	10.399598	1.581033	0.500000
7.510878	2.619416	1.604061	0.500000
10.229758	1.136602	0.508905	0.500000
10.041778	4.846523	0.577610	0.500000
9.345873	5.854481	0.552802	0.500000
8.257934	3.655309	2.475002	0.500000
10.041786	3.539788	1.494581	0.500000
0.184275	6.884414	0.558966	0.500000
2.329740	7.242728	0.584766	0.500000
1.603465	2.602339	0.535431	0.500000
0.495656	5.448215	1.558052	0.500000
7.298013	1.837302	0.729262	0.500000
1.021892	4.071927	0.532203	0.500000
6.717980	2.922997	1.010219	0.500000
9.964385	7.319689	1.595380	0.500000
7.078750	7.284323	2.412004	0.500000
7.756075	7.596503	1.642722	0.500000
3.122209	9.396864	0.505494	0.500000
0.804075	6.075445	0.539808	0.500000
0.396217	4.916286	0.590253	0.500000
1.858551	6.300349	0.514673	0.500000
5.179758	6.562552	0.508159	0.500000
2.352786	5.436740	0.740624	0.500000
4.725334	3.421309	0.583415	0.500000
9.598706	0.562311	1.111503	0.500000
4.254196	7.691333	1.548302	0.500000
6.432945	5.832207	1.439367	0.500000
10.751119	8.091153	1.585451	0.500000
10.360796	0.010430	0.673068	0.500000
5.363923	7.582149	0.596093	0.500000
3.434173	7.502481	0.569217	0.500000
4.240346	10.155079	0.504313	0.500000
5.850737	10.384977	2.433880	0.500000
2.672586	2.744771	0.557126	0.500000
6.003581	6.684555	1.104945	0.500000
5.752792	5.401178	0.618957	0.500000
1.139621	8.025907	1.393739	0.500000
3.808988	8.727703	1.421106	0.500000
1.930192	9.569685	0.590141	0.500000
5.317692	10.314842	0.621569	0.500000
5.303042	0.135797	1.464110	0.500000
6.147302	8.902336	1.506689	0.500000
7.912331	9.389086	1.389426	0.500000
7.246027	8.582607	1.444298	0.500000
3.137620	6.538281	0.557618	0.500000
8.524933	6.480298	1.428758	0.500000
9.932843	6.865097	0.567776	0.500000
1.785265	8.341455	0.596201	0.500000
2.662137	9.652880	1.378193	0.500000
1.616322	7.487555	2.481589	0.500000
4.801697	8.845506	1.582818	0.500000
4.816116	0.088341	2.344759	0.500000
5.349175	9.318680	0.823585	0.500000
10.070175	7.929215	0.552577	0.500000
9.410182	8.920081	0.573529	0.500000
10.049075	2.815415	2.378509	0.500000
0.060847	8.760477	2.375032	0.500000
0.399670	9.790580	0.917343	0.500000
2.462099	1.241768	1.534410	0.500000
0.886553	10.575831	0.503494	0.500000
7.080803	0.711388	1.634563	0.500000
5.293231	1.836660	1.601467	0.500000
5.708721	9.975371	1.491427	0.500000
8.349550	1.871086	0.694171	0.500000
10.592166	2.092637	0.683969	0.500000
1.987559	0.240817	1.678320	0.500000
1.755025	8.848765	1.459532	0.500000
0.614410	3.635357	1.515486	0.500000
2.136367	2.304896	1.538347	0.500000
8.867689	2.778611	2.480316	0.500000
1.404369	1.572831	1.452395	0.500000
5.590693	1.243786	0.567696	0.500000
7.858424	1.562808	1.620060	0.500000
5.884772	0.999953	1.493495	0.500000
6.622618	1.762442	1.488164	0.500000
8.004512	2.883977	0.600887	0.500000
1.802544	2.794077	2.439872	0.500000
2.699987	6.163981	1.407907	0.500000
3.085597	5.131197	1.545360	0.500000
3.308213	2.482808	1.323178	0.500000
4.245500	2.184182	1.622483	0.500000
6.024770	2.591167	1.719079	0.500000
9.824293	0.828077	2.334275	0.500000
7.469610	10.417563	1.433502	0.500000
7.308894	3.699214	0.562008	0.500000
1.422093	4.506800	2.476017	0.500000
1.043792	3.572458	2.457518	0.500000
0.696914	7.067995	1.445909	0.500000
1.816737	6.727161	1.513601	0.500000
4.981601	7.764207	2.320114	0.500000
6.578908	4.463881	2.425674	0.500000
7.701487	0.901221	0.592236	0.500000
10.741920	8.859306	0.503627	0.500000
8.208268	0.558591	1.470667	0.500000
6.250003	3.954495	0.632160	0.500000
8.801179	0.763706	0.518439	0.500000
2.236887	1.777862	0.672128	0.500000
10.670033	5.559605	2.449334	0.500000
5.044625	7.001254	1.494682	0.500000
4.793345	4.888679	1.617084	0.500000
6.264915	2.052538	0.522919	0.500000
9.121523	2.837337	0.565773	0.500000
5.965553	1.862567	2.491265	0.500000
9.526488	10.367787	2.487011	0.500000
7.168828	4.521190	1.440521	0.500000
7.684445	5.923480	1.387186	0.500000
10.347518	9.119441	1.387343	0.500000
6.786617	7.046457	0.568003	0.500000
6.524387	7.675049	1.503094	0.500000
4.425555	6.528288	2.442658	0.500000
2.187915	7.762713	1.577136	0.500000
5.320217	5.847921	1.454504	0.500000
6.510464	6.228947	2.457340	0.500000
3.474845	5.511438	0.663609	0.500000
7.764694	6.797367	0.573908	0.500000
7.150930	5.917096	0.519015	0.500000
5.253634	3.842079	1.327044	0.500000
10.293171	3.070189	0.530813	0.500000
2.882981	8.354728	0.580165	0.500000
3.208798	7.601507	1.634904	0.500000
4.204564	6.476380	0.732615	0.500000
6.372393	8.028255	0.511248	0.500000
4.148405	5.781671	1.601580	0.500000
4.679645	10.050451	1.430583	0.500000
9.363588	7.202400	2.471463	0.500000
0.692059	9.707546	2.494518	0.500000
8.859484	8.191090	2.482894	0.500000
9.573645	6.302190	1.475425	0.500000
3.342541	8.389184	2.418222	0.500000
4.419754	8.031098	0.513511	0.500000
3.590815	6.629145	1.518452	0.500000
6.550358	8.317672	2.296238	0.500000
8.140575	10.311772	2.435104	0.500000
7.118679	5.318198	2.113327	0.500000
8.807259	7.556269	1.631498	0.500000
9.564705	8.273425	1.561805	0.500000
8.871666	7.001132	0.590297	0.500000
8.259387	7.208533	2.483686	0.500000
2.679246	10.504526	2.395954	0.500000
4.130493	9.919433	2.389722	0.500000
3.908164	0.647048	2.470270	0.500000
3.957694	0.010238	1.387223	0.500000
5.519900	8.630003	2.492070	0.500000
8.317137	5.907324	0.564523	0.500000
8.539994	2.549124	1.541551	0.500000
9.570757	9.218131	2.466670	0.500000
9.000753	9.414091	1.478245	0.500000
10.497492	0.076178	2.426799	0.500000
1.373833	10.673585	2.441446	0.500000
0.592571	8.905457	1.481231	0.500000
2.308524	1.761354	2.400685	0.500000
3.956752	2.915852	2.394910	0.500000
7.600546	8.397134	2.475148	0.500000
10.530494	1.652365	2.442367	0.500000
0.458795	0.806419	2.262802	0.500000
10.627973	0.713334	1.440386	0.500000
6.592647	1.078590	0.657835	0.500000
1.658506	0.970700	2.304836	0.500000
0.005099	3.620634	2.343616	0.500000
3.501244	1.175665	1.489869	0.500000
4.584186	0.986120	1.552576	0.500000
3.400122	2.028451	2.458155	0.500000
6.902255	10.581098	2.409882	0.500000
8.408902	9.255911	2.341708	0.500000
10.142288	9.707698	0.569054	0.500000
7.079040	1.528788	2.362517	0.500000
1.135592	8.481159	2.492764	0.500000
8.903254	1.432114	1.482674	0.500000
0.321959	4.628764	2.482339	0.500000
9.516210	1.933240	2.431333	0.500000
0.431531	2.570844	2.374325	0.500000
3.403905	3.887013	2.473793	0.500000
2.648941	4.653876	2.401100	0.500000
4.389181	1.571837	2.459143	0.500000
9.633099	2.518209	1.496108	0.500000
6.301353	0.648878	2.412013	0.500000
8.841920	6.351003	2.368955	0.500000
1.244114	5.494998	2.423969	0.500000
2.437450	5.685954	2.450481	0.500000
3.598091	4.244080	1.489750	0.500000
9.625898	5.670622	2.425495	0.500000
5.013147	2.578040	2.444020	0.500000
6.927679	2.518479	2.456671	0.500000
8.799978	0.275344	2.351607	0.500000
7.373721	9.470254	2.424934	0.500000
8.814216	3.532142	1.544247	0.500000
1.041052	4.605543	1.504116	0.500000
0.851259	1.801708	0.521247	0.500000
6.041778	3.336303	2.435956	0.500000
2.071722	4.408691	1.524336	0.500000
10.239569	7.939360	2.476448	0.500000
0.547411	6.333886	2.371665	0.500000
8.240896	5.547071	2.352575	0.500000
6.850780	9.616906	1.580088	0.500000
4.467923	3.839462	2.373383	0.500000
7.602089	4.522636	2.490669	0.500000
6.581120	3.723587	1.677887	0.500000
9.435585	3.617756	2.360854	0.500000
8.870883	5.425639	1.511173	0.500000
3.576502	5.941861	2.499953	0.500000
3.929353	4.909451	2.254424	0.500000
2.869644	2.890868	2.421790	0.500000
5.439169	4.153654	2.403225	0.500000
5.024524	2.873112	1.470535	0.500000
3.930517	4.412506	0.554429	0.500000
10.420762	6.824330	2.456217	0.500000
7.934614	2.204785	2.417100	0.500000
1.594041	5.653516	1.494397	0.500000
8.429865	1.280528	2.464774	0.500000
3.674065	9.723159	1.308381	0.500000
4.284073	8.751433	2.440306	0.500000
4.761447	5.538631	2.413462	0.500000
5.787815	5.143808	2.477572	0.500000
5.160811	4.433940	0.525164	0.500000
7.200734	3.499935	2.439099	0.500000
7.071156	6.720404	1.495434	0.500000
8.241231	4.537785	1.372930	0.500000
0.366344	1.576167	1.439945	0.500000
10.603879	4.520102	1.544073	0.500000
2.306463	8.635882	2.429099	0.500000
2.704982	6.645904	2.321713	0.500000
3.577066	7.161694	2.457533	0.500000
5.898484	7.335027	2.364887	0.500000
5.449122	6.291408	2.435889	0.500000
6.073914	4.652467	1.370656	0.500000
0.597285	7.577540	2.489599	0.500000
7.752163	4.982445	0.590900	0.500000
10.583400	6.377566	1.372446	0.500000
1.717338	6.439109	2.488730	0.500000
3.151622	9.370995	2.350601	0.500000
1.977301	9.793024	2.218791	0.500000
2.692215	0.739145	2.486781	0.500000
4.211188	9.065662	0.554357	0.500000
5.086768	9.644384	2.255958	0.500000
8.483949	8.555203	1.413533	0.500000
9.026318	4.717896	2.314521	0.500000
1.286206	7.199520	0.608233	0.500000
10.390276	9.796360	2.397370	0.500000
1.201611	1.927730	2.447112	0.500000
2.159356	3.767986	2.473439	0.500000
6.286453	9.394371	2.398010	0.500000
5.275861	1.081373	2.416375	0.500000
5.546113	8.046799	1.524385	0.500000
10.117902	5.465173	1.571692	0.500000
10.018715	4.508306	2.448131	0.500000
2.630986	7.644027	2.491548	0.500000
7.600188	6.411840	2.423289	0.500000
