300

0.542542	6.754457	0.665389	0.500000
1.715898	8.751839	0.835268	0.500000
3.177443	10.414059	0.547741	0.500000
3.486727	0.076460	1.600693	0.500000
4.270161	10.525452	0.622326	0.500000
6.897864	0.299990	0.535292	0.500000
7.270721	8.563809	0.555390	0.500000
6.302453	10.384826	2.354863	0.500000
8.961519	1.183958	0.557530	0.500000
10.317007	6.462954	0.500294	0.500000
6.770917	9.842221	0.523220	0.500000
10.304865	10.303747	1.681956	0.500000
1.229837	9.838969	0.567669	0.500000
3.325816	1.595132	0.631105	0.500000
2.230800	10.749080	0.624905	0.500000
2.547966	0.953474	0.530078	0.500000
7.734629	10.264911	0.548596	0.500000
9.142686	1.426815	1.587664	0.500000
0.040786	8.145535	0.631284	0.500000
10.776513	0.386983	1.455361	0.500000
1.698401	10.096014	1.413537	0.500000
1.425359	0.724762	0.584167	0.500000
1.979795	2.557257	0.619858	0.500000
2.681343	3.621212	0.628839	0.500000
4.816128	0.602021	0.575515	0.500000
3.727234	0.584577	0.597160	0.500000
5.551758	10.645815	0.610428	0.500000
7.991145	1.524184	1.236860	0.500000
7.922113	0.700547	0.615460	0.500000
8.898485	2.246389	0.650370	0.500000
0.918616	2.674899	0.520849	0.500000
3.877756	4.157338	1.650920	0.500000
1.776390	4.834738	0.553540	0.500000
3.809444	4.603622	0.539688	0.500000
4.385190	2.728874	0.504724	0.500000
3.187135	2.676527	0.505097	0.500000
5.454729	2.502808	0.725309	0.500000
9.146839	3.568322	0.503469	0.500000
0.123069	2.123690	0.806197	0.500000
0.357343	0.597931	0.536370	0.500000
0.832931	4.375036	0.595913	0.500000
10.028986	5.359029	0.528614	0.500000
2.762939	4.635063	0.635567	0.500000
3.257739	3.252365	1.551364	0.500000
6.879860	1.361853	0.515686	0.500000
5.020226	3.524022	0.552854	0.500000
5.450244	1.502083	0.502145	0.500000
8.053904	4.135393	0.541943	0.500000
7.705726	2.722057	1.376524	0.500000
9.443405	4.581982	0.903629	0.500000
9.037806	9.826295	1.520208	0.500000
8.217328	6.345187	0.589269	0.500000
3.481181	5.561761	0.500197	0.500000
6.449893	2.302619	0.578761	0.500000
6.698295	2.915465	1.369250	0.500000
10.082887	1.604757	0.503414	0.500000
8.931389	7.300343	0.552877	0.500000
7.124940	6.575522	0.581368	0.500000
7.806246	4.963458	1.989921	0.500000
10.333820	4.258749	0.537789	0.500000
10.093994	7.467171	0.554018	0.500000
2.045039	7.812341	0.510542	0.500000
0.038378	3.266175	0.518642	0.500000
2.417260	5.613186	0.706863	0.500000
6.209686	3.533595	0.639325	0.500000
3.789526	3.569050	0.529412	0.500000
6.179078	4.720196	0.626551	0.500000
10.471047	7.249432	1.490951	0.500000
7.935923	7.379799	0.644174	0.500000
6.733159	5.013349	1.469954	0.500000
2.753577	8.513708	0.613909	0.500000
1.666931	6.863447	0.533792	0.500000
1.227851	5.896963	0.549852	0.500000
2.827589	6.532786	0.677330	0.500000
4.440767	7.504993	0.551063	0.500000
3.313423	7.428980	0.527930	0.500000
5.628579	5.593065	0.746320	0.500000
7.248824	0.650736	1.429846	0.500000
3.979211	6.434919	0.535577	0.500000
8.224361	5.272956	0.510244	0.500000
0.499588	8.246287	1.522888	0.500000
10.058757	0.464327	0.751661	0.500000
5.070225	8.510829	0.573088	0.500000
4.043309	8.543998	0.585593	0.500000
3.411688	9.432469	0.716201	0.500000
5.015526	7.967701	1.444286	0.500000
5.061252	4.581335	0.562511	0.500000
5.706059	6.721502	1.550397	0.500000
6.858889	7.616143	0.646947	0.500000
10.262438	8.233714	1.677901	0.500000
2.411986	9.835619	2.455781	0.500000
2.361420	9.494961	0.548515	0.500000
4.502857	9.524237	0.532742	0.500000
4.548233	0.266230	1.582692	0.500000
5.188691	10.219761	1.498186	0.500000
7.203639	9.395700	1.324950	0.500000
6.870500	8.456006	1.483276	0.500000
6.119938	8.489676	0.699949	0.500000
8.301027	7.269269	2.401774	0.500000
8.376649	8.326203	0.539796	0.500000
1.038628	9.160208	1.508977	0.500000
2.338537	0.276801	1.626394	0.500000
1.386354	9.835846	2.477664	0.500000
2.855031	10.084234	1.538085	0.500000
4.021264	10.587984	2.499855	0.500000
5.794883	8.930868	1.783193	0.500000
8.021800	9.284542	0.682365	0.500000
8.756044	10.607401	0.766508	0.500000
10.708294	2.148118	2.391482	0.500000
10.662490	7.723863	2.453757	0.500000
0.592711	9.029358	0.548323	0.500000
1.751947	1.374473	1.341635	0.500000
0.053070	10.115748	0.668584	0.500000
5.117729	1.227111	1.536483	0.500000
4.899760	2.199016	1.648957	0.500000
5.869225	0.198887	1.501898	0.500000
8.647117	3.534645	1.494779	0.500000
9.791020	2.411681	1.510001	0.500000
1.281530	0.353011	1.580157	0.500000
0.012352	9.357495	1.377596	0.500000
0.970815	3.412109	1.273039	0.500000
1.193309	2.395868	1.465808	0.500000
10.129724	2.997579	2.334174	0.500000
0.694322	1.465315	1.632501	0.500000
4.386986	1.572499	0.669694	0.500000
6.905827	1.835015	1.510503	0.500000
5.575590	0.621462	2.416799	0.500000
6.059535	2.314144	1.956361	0.500000
7.261169	3.415354	0.501125	0.500000
10.391580	1.586308	1.503517	0.500000
2.227931	5.843640	2.457426	0.500000
2.760881	4.182370	1.534375	0.500000
2.691968	2.337902	1.324078	0.500000
3.700820	2.269025	1.402173	0.500000
5.718070	3.198966	1.456275	0.500000
8.480300	1.191907	2.333774	0.500000
7.548051	2.117989	0.548794	0.500000
9.900413	3.511933	1.228736	0.500000
0.860059	3.881780	2.170479	0.500000
2.224372	3.282775	1.549615	0.500000
0.960564	7.205250	1.630030	0.500000
1.825007	6.144318	1.366102	0.500000
2.157870	5.211566	1.656743	0.500000
3.836167	4.774788	2.476640	0.500000
6.152297	1.175057	1.371460	0.500000
9.414139	8.231745	0.655288	0.500000
7.476766	1.277346	2.460250	0.500000
5.667582	4.999291	1.591187	0.500000
9.866705	2.778888	0.522538	0.500000
1.660920	3.724647	0.523644	0.500000
0.175388	4.053306	1.358506	0.500000
2.891321	6.010700	1.574968	0.500000
3.327297	5.049593	1.608154	0.500000
5.059574	4.124462	1.625586	0.500000
7.252751	4.733323	0.571019	0.500000
5.379510	1.694441	2.493467	0.500000
8.325426	0.414949	1.571950	0.500000
6.476011	6.078245	1.512850	0.500000
8.498561	4.617808	1.296679	0.500000
9.470968	8.905279	1.407258	0.500000
7.519169	7.083804	1.548281	0.500000
7.892625	8.034221	1.708087	0.500000
2.057796	7.186857	1.475432	0.500000
3.058311	7.208142	1.531523	0.500000
3.936245	6.182097	1.503120	0.500000
7.265896	7.505229	2.454857	0.500000
5.460435	7.518582	0.640567	0.500000
6.104883	6.564856	0.641915	0.500000
6.647551	5.674561	0.523240	0.500000
6.628457	3.414925	2.457744	0.500000
0.326457	5.283133	0.554385	0.500000
2.616430	8.168601	1.555092	0.500000
3.647465	8.020721	1.366440	0.500000
4.568503	6.973036	1.606658	0.500000
5.518617	9.519080	0.541729	0.500000
4.564555	5.445599	0.671288	0.500000
5.086212	8.526872	2.408766	0.500000
7.577684	3.748543	1.445586	0.500000
0.503024	9.075861	2.389334	0.500000
9.419630	6.508554	1.763830	0.500000
10.335812	6.053005	1.532113	0.500000
2.212837	9.205911	1.690976	0.500000
3.385961	8.983287	1.625390	0.500000
4.772325	9.080353	1.529357	0.500000
6.440689	8.147401	2.350756	0.500000
7.492338	10.589842	2.416034	0.500000
7.413738	5.778254	1.184563	0.500000
8.336977	8.976819	1.627331	0.500000
9.116166	7.928729	1.592733	0.500000
9.076223	9.343162	0.555017	0.500000
9.602220	8.425318	2.452784	0.500000
2.882166	0.012022	2.455249	0.500000
2.410940	1.229961	2.488180	0.500000
3.385525	0.893741	2.439930	0.500000
4.028150	10.021586	1.481079	0.500000
6.159522	9.815045	1.384518	0.500000
8.523530	6.807258	1.425349	0.500000
8.136394	2.225140	2.497585	0.500000
8.593495	8.251997	2.427734	0.500000
10.076010	9.249898	0.663747	0.500000
8.495014	10.572266	2.344687	0.500000
1.384011	1.087413	2.479592	0.500000
0.565197	10.322747	1.519214	0.500000
2.002490	2.108934	2.026950	0.500000
3.116227	2.073625	2.288324	0.500000
7.351284	8.597556	2.388442	0.500000
9.557469	10.272989	2.458665	0.500000
9.044747	9.274265	2.442364	0.500000
9.628648	1.028098	2.432227	0.500000
8.228097	3.120959	0.520809	0.500000
10.283563	0.271730	2.361481	0.500000
0.492023	2.973013	2.472460	0.500000
3.005386	1.296507	1.585558	0.500000
4.026539	1.191277	1.537417	0.500000
4.085245	1.872762	2.449153	0.500000
5.033787	10.551633	2.469514	0.500000
7.745148	9.561477	2.292559	0.500000
9.774597	10.198843	0.801705	0.500000
7.112284	2.299056	2.440424	0.500000
0.587816	0.296613	2.343343	0.500000
0.022921	1.155256	2.470734	0.500000
10.519907	4.033652	2.342734	0.500000
9.406895	2.178818	2.430220	0.500000
1.475276	3.047629	2.226986	0.500000
3.246593	3.917566	2.471699	0.500000
2.616914	4.781095	2.485744	0.500000
4.539509	0.819501	2.483298	0.500000
8.675671	2.357599	1.642878	0.500000
6.423197	1.522014	2.460368	0.500000
9.489907	5.485910	1.499654	0.500000
0.450609	4.775887	2.498204	0.500000
1.493557	4.746333	2.318220	0.500000
2.087812	3.813666	2.459100	0.500000
10.098304	4.967715	2.135911	0.500000
4.062052	2.901121	2.254037	0.500000
5.059870	2.760661	2.497217	0.500000
6.717719	0.554294	2.384529	0.500000
6.655021	9.339328	2.248976	0.500000
9.018873	3.100391	2.317828	0.500000
0.094106	2.897343	1.514459	0.500000
0.987217	1.627229	0.536005	0.500000
7.991239	3.186092	2.241529	0.500000
1.752821	4.293383	1.442972	0.500000
10.346847	6.764936	2.426053	0.500000
1.043110	5.765659	2.499114	0.500000
6.331245	4.081318	1.495466	0.500000
7.052259	10.422573	1.426445	0.500000
4.516185	3.786264	2.445946	0.500000
6.760273	5.435499	2.447458	0.500000
5.560021	3.697242	2.453343	0.500000
8.706788	5.166071	2.423349	0.500000
8.414327	5.729750	1.435007	0.500000
1.663207	6.690419	2.363183	0.500000
3.205881	5.625006	2.474705	0.500000
2.674327	2.962167	2.472772	0.500000
4.242401	5.722933	2.474444	0.500000
4.630605	3.142457	1.451352	0.500000
5.017647	6.533387	0.524445	0.500000
10.743671	5.710642	2.496545	0.500000
7.475093	4.120560	2.446824	0.500000
1.081330	5.349830	1.438955	0.500000
8.538926	3.989791	2.488106	0.500000
1.975891	7.777354	2.496533	0.500000
2.812365	6.667211	2.386853	0.500000
3.847813	6.890060	2.341315	0.500000
5.064108	6.465424	2.478534	0.500000
4.410556	5.098524	1.657771	0.500000
6.248458	4.440887	2.438122	0.500000
6.426312	6.757936	2.368182	0.500000
9.491118	4.013659	2.162507	0.500000
9.450624	0.263001	1.535523	0.500000
0.103386	5.059500	1.531878	0.500000
2.753094	8.686826	2.418024	0.500000
3.285768	7.826426	2.445991	0.500000
4.434153	7.697029	2.440889	0.500000
4.938763	6.019487	1.413579	0.500000
5.710298	5.613914	2.436263	0.500000
5.029457	4.823643	2.423093	0.500000
0.588870	6.658162	2.484692	0.500000
9.242634	6.245669	0.524126	0.500000
0.579822	6.223915	1.556687	0.500000
1.501205	8.164049	1.664301	0.500000
1.627406	8.788267	2.457420	0.500000
3.449906	9.724164	2.452194	0.500000
1.786837	0.038272	2.484896	0.500000
4.048093	8.658255	2.380940	0.500000
5.602899	7.555901	2.352100	0.500000
8.084879	10.181804	1.486033	0.500000
9.474447	7.424404	2.449383	0.500000
1.045733	7.962808	0.573677	0.500000
10.246736	9.351511	2.265396	0.500000
0.192883	10.099969	2.450952	0.500000
0.961656	2.090392	2.398402	0.500000
5.601757	9.667800	2.461110	0.500000
4.497265	9.604649	2.374364	0.500000
6.343631	7.582130	1.520527	0.500000
7.483689	6.161808	2.210805	0.500000
9.591170	5.767011	2.482054	0.500000
0.908075	7.876807	2.473677	0.500000
8.527905	6.152072	2.400622	0.500000
