300

0.219692	6.803164	0.608476	0.500000
1.736156	8.739282	0.746232	0.500000
3.140183	10.731578	0.556596	0.500000
3.833318	0.310509	1.401464	0.500000
4.121481	10.532912	0.570315	0.500000
6.542531	10.742837	0.628081	0.500000
6.729123	7.165780	0.685143	0.500000
6.531977	10.767809	2.400271	0.500000
9.374420	0.015820	0.551140	0.500000
0.164278	4.890397	0.547364	0.500000
6.734532	9.633427	0.568769	0.500000
10.537953	10.254817	1.507146	0.500000
1.310869	9.674564	0.536635	0.500000
4.483367	1.952310	0.522024	0.500000
2.082497	10.578796	0.512977	0.500000
3.447559	1.761044	0.510911	0.500000
7.607749	10.338109	0.504639	0.500000
9.590039	1.457404	1.451194	0.500000
0.626794	8.757040	0.558579	0.500000
0.432634	0.530626	1.379379	0.500000
1.873265	10.016195	1.526904	0.500000
1.631929	1.000638	0.605185	0.500000
3.139132	2.740352	0.620089	0.500000
1.610311	3.689364	0.604544	0.500000
4.931827	0.900041	0.625133	0.500000
3.932732	0.845276	0.552236	0.500000
5.145709	10.703960	0.592700	0.500000
8.847679	1.222539	0.601668	0.500000
8.685778	10.050560	0.611262	0.500000
10.195674	2.939659	0.559130	0.500000
2.802941	0.894810	0.657252	0.500000
3.377849	3.454653	1.374996	0.500000
1.336910	4.764290	0.515558	0.500000
3.386451	4.613792	0.504208	0.500000
4.099285	3.058082	0.615720	0.500000
2.310701	3.244559	1.464040	0.500000
5.086757	2.894862	0.544646	0.500000
0.348579	2.408167	1.493080	0.500000
10.114405	2.316940	1.417244	0.500000
0.575521	1.020762	0.509104	0.500000
0.680509	2.810663	0.513877	0.500000
9.678738	4.563742	1.425111	0.500000
2.341752	4.632229	0.527017	0.500000
3.937185	3.012578	2.438219	0.500000
7.322013	0.630649	0.503568	0.500000
4.560935	4.079618	0.547437	0.500000
6.064805	0.940138	0.562536	0.500000
6.778579	4.698567	0.613342	0.500000
7.311177	4.033093	1.312207	0.500000
9.759637	5.125957	0.518131	0.500000
9.530922	10.308619	1.436349	0.500000
8.949396	4.249702	0.511073	0.500000
2.959476	5.571956	0.516369	0.500000
8.308735	0.357679	0.559184	0.500000
6.668674	3.216305	1.689199	0.500000
9.982858	1.099058	0.565425	0.500000
10.204640	6.187939	0.537885	0.500000
9.325631	6.780002	0.528369	0.500000
8.145408	3.643060	2.484899	0.500000
10.105136	4.012332	0.555210	0.500000
10.773823	7.845787	0.533551	0.500000
2.178980	7.835323	0.540369	0.500000
2.077458	2.754911	0.522302	0.500000
1.974473	5.715013	0.702034	0.500000
7.327903	2.771783	0.645228	0.500000
2.622924	3.668066	0.551955	0.500000
6.778973	3.645749	0.500400	0.500000
10.594949	7.286533	1.542373	0.500000
7.623617	7.456797	2.475287	0.500000
7.667377	6.735049	1.404134	0.500000
2.894240	8.566203	0.863014	0.500000
1.694559	6.718291	0.515466	0.500000
0.970986	5.933158	0.617136	0.500000
2.755684	6.619769	0.675180	0.500000
5.727804	7.657174	0.536727	0.500000
3.406022	7.614238	0.593789	0.500000
5.372506	4.809882	0.536394	0.500000
8.986113	0.538131	1.401840	0.500000
3.887791	6.291351	0.707789	0.500000
6.517226	6.159721	1.648223	0.500000
0.579838	8.141251	1.555719	0.500000
10.686864	0.018481	0.576511	0.500000
3.919873	8.476125	0.517837	0.500000
4.709543	7.613519	0.529875	0.500000
3.453711	9.498098	0.571004	0.500000
5.635078	8.085672	1.440020	0.500000
3.951238	4.507415	1.635002	0.500000
5.513731	6.054325	1.527238	0.500000
6.147284	5.669567	0.583616	0.500000
10.392005	8.289250	1.369843	0.500000
2.457811	9.968427	2.402582	0.500000
2.339677	9.509030	0.506430	0.500000
4.582613	9.639585	0.574593	0.500000
4.825919	0.262193	1.543632	0.500000
5.072101	9.631997	1.463557	0.500000
7.675291	9.685710	1.604867	0.500000
6.977170	8.931482	1.504591	0.500000
5.286443	8.759896	0.529917	0.500000
8.458792	7.603719	1.552379	0.500000
9.731704	7.845900	0.521551	0.500000
1.298658	9.197508	1.536846	0.500000
2.482352	0.427592	1.529694	0.500000
0.874846	8.653285	2.455595	0.500000
3.042686	10.292037	1.579292	0.500000
4.316392	10.757404	2.411214	0.500000
5.947996	9.131976	1.220021	0.500000
7.507312	8.289127	0.605497	0.500000
7.873444	9.323531	0.691896	0.500000
9.098007	1.239134	2.475969	0.500000
0.127566	7.783169	2.445933	0.500000
0.302002	9.891176	0.635217	0.500000
2.214500	1.414797	1.506956	0.500000
0.957505	0.063020	0.520200	0.500000
6.500850	0.945875	1.505208	0.500000
5.119769	2.310201	1.491037	0.500000
5.946287	0.024714	1.529934	0.500000
8.630270	2.457210	0.681011	0.500000
10.735780	2.046563	0.620246	0.500000
1.520498	0.201537	1.362803	0.500000
0.291763	9.302303	1.537232	0.500000
0.140895	3.418527	1.765120	0.500000
1.456738	2.132930	1.523104	0.500000
9.152983	3.202487	2.412724	0.500000
1.228994	1.151094	1.607676	0.500000
5.681204	1.936444	0.527112	0.500000
7.186663	2.198254	1.634290	0.500000
5.497849	1.157060	1.468155	0.500000
6.121619	2.051343	1.434699	0.500000
8.174635	3.603508	0.663304	0.500000
0.037166	2.049156	2.496015	0.500000
1.871117	5.584950	2.490199	0.500000
1.835582	5.031770	1.547739	0.500000
2.844331	2.280889	1.463409	0.500000
3.861498	2.451316	1.563340	0.500000
5.594200	3.314096	1.515333	0.500000
8.275107	0.658859	2.266678	0.500000
7.673074	1.102776	1.553334	0.500000
8.566797	4.740029	1.406895	0.500000
0.568008	4.067749	2.471691	0.500000
1.239706	3.138747	1.380013	0.500000
1.031787	6.953496	1.407850	0.500000
2.023314	7.036899	1.663416	0.500000
2.760999	5.596276	1.616507	0.500000
5.356591	4.989540	2.335388	0.500000
7.887047	1.533161	0.628543	0.500000
10.299368	8.797359	0.510375	0.500000
8.590951	1.561174	1.523660	0.500000
5.715471	3.860876	0.525741	0.500000
9.597216	2.122083	0.525591	0.500000
2.337497	1.788336	0.551196	0.500000
0.617675	5.138305	1.564443	0.500000
3.244925	6.646777	1.547419	0.500000
2.817495	4.500275	1.412713	0.500000
6.141161	2.847049	0.732473	0.500000
9.213512	3.285788	0.569897	0.500000
5.588794	1.859821	2.410829	0.500000
8.572199	10.481945	1.759519	0.500000
7.129053	5.239043	1.428374	0.500000
8.171793	5.673628	1.582946	0.500000
9.884384	9.185461	1.349725	0.500000
7.075244	6.215382	0.787812	0.500000
7.273988	7.685424	1.504849	0.500000
2.800677	7.132039	2.498607	0.500000
4.103536	7.141694	1.275763	0.500000
4.005730	5.964006	1.710959	0.500000
6.633051	7.469957	2.242832	0.500000
5.706937	6.641993	0.564926	0.500000
7.926701	7.312756	0.500087	0.500000
7.644764	5.343144	0.577755	0.500000
5.101765	4.212457	1.572273	0.500000
0.601171	3.923588	0.625046	0.500000
2.687046	7.828944	1.680583	0.500000
3.646983	8.180038	1.462552	0.500000
5.012362	6.923513	1.632718	0.500000
5.684320	9.806176	0.518429	0.500000
4.281272	5.077494	0.669627	0.500000
5.291814	8.644396	2.419712	0.500000
8.309346	6.428350	2.487446	0.500000
0.386840	9.817169	2.489776	0.500000
8.494793	8.489558	2.447924	0.500000
9.494237	7.406167	1.455506	0.500000
2.339098	9.080962	1.573961	0.500000
3.394114	9.209202	1.584064	0.500000
4.671986	8.509553	1.506662	0.500000
6.327078	8.566712	2.274442	0.500000
7.730943	10.582594	2.376950	0.500000
6.375763	5.597010	2.474654	0.500000
8.054973	8.648153	1.444340	0.500000
9.097628	8.388865	1.411453	0.500000
8.506314	8.172374	0.507347	0.500000
8.899402	7.249192	2.425890	0.500000
3.031598	0.120924	2.407403	0.500000
2.777917	1.373926	2.436968	0.500000
3.765903	1.158378	2.447698	0.500000
4.158987	10.152555	1.594962	0.500000
6.582902	10.035492	1.533596	0.500000
8.193270	6.292992	0.652117	0.500000
7.840749	3.014235	1.565253	0.500000
9.541261	8.207145	2.412612	0.500000
9.140004	9.077153	0.533666	0.500000
9.334658	0.124334	2.307399	0.500000
0.670163	0.136452	2.442451	0.500000
0.857560	10.183299	1.522337	0.500000
1.940833	2.544017	2.410250	0.500000
3.260075	2.264609	2.467270	0.500000
7.413574	8.709099	2.462670	0.500000
10.150077	0.945830	2.390896	0.500000
9.411543	9.814946	2.306709	0.500000
10.082902	0.433213	1.402081	0.500000
6.797860	1.625723	0.584146	0.500000
0.570027	1.188641	2.453898	0.500000
10.270363	2.917557	2.388764	0.500000
3.220801	1.187654	1.532626	0.500000
4.439410	1.557677	1.468505	0.500000
4.562074	2.172074	2.388039	0.500000
5.504341	10.660753	2.417033	0.500000
8.421777	9.619684	2.499933	0.500000
9.974467	9.828546	0.536321	0.500000
6.673705	1.682890	2.462831	0.500000
1.376088	10.155435	2.474599	0.500000
9.506220	2.227957	2.478271	0.500000
9.861783	4.033600	2.367973	0.500000
8.391956	2.516156	2.345926	0.500000
0.930285	2.763063	2.382720	0.500000
3.559556	3.963542	2.452602	0.500000
2.453231	4.332573	2.493799	0.500000
4.855045	1.087168	2.296364	0.500000
9.770144	3.439013	1.565433	0.500000
6.001647	0.896159	2.443821	0.500000
9.291763	5.696993	1.359962	0.500000
10.586292	4.728289	2.450642	0.500000
1.308725	4.738456	2.410479	0.500000
1.476065	3.646347	2.343057	0.500000
9.568468	5.181801	2.227486	0.500000
5.025930	3.089980	2.368226	0.500000
6.115350	2.808535	2.493173	0.500000
7.228882	0.752621	2.385502	0.500000
6.855378	9.581452	2.432691	0.500000
9.058267	2.543571	1.599702	0.500000
10.759783	4.371243	1.448836	0.500000
1.221278	1.948979	0.532626	0.500000
5.765394	3.807527	2.483370	0.500000
1.180593	4.193635	1.476481	0.500000
9.913558	7.183999	2.432956	0.500000
0.838296	5.799347	2.321950	0.500000
7.839556	4.510831	2.078794	0.500000
7.344449	0.127594	1.482580	0.500000
4.694159	4.046121	2.482943	0.500000
6.471763	4.550550	2.467830	0.500000
6.236355	4.131823	1.341652	0.500000
8.882961	4.394511	2.489810	0.500000
8.849616	6.616503	1.408827	0.500000
1.366775	6.699673	2.446209	0.500000
3.364830	5.026055	2.334929	0.500000
2.820670	3.261941	2.349859	0.500000
4.354618	5.270306	2.499734	0.500000
4.474819	3.318595	1.519040	0.500000
4.890294	6.046860	0.656468	0.500000
10.471974	5.771358	2.382652	0.500000
7.185940	2.713273	2.492109	0.500000
1.714326	6.056960	1.607979	0.500000
7.809314	1.679479	2.388680	0.500000
2.171802	8.195277	2.493401	0.500000
2.737042	6.108913	2.491426	0.500000
3.678797	6.515205	2.490350	0.500000
4.770670	6.393011	2.469249	0.500000
4.814743	5.286704	1.526533	0.500000
7.138553	3.761001	2.433217	0.500000
7.087439	6.566519	2.426828	0.500000
8.719584	3.577159	1.522238	0.500000
10.744829	1.459529	1.511297	0.500000
10.362484	5.314279	1.338094	0.500000
2.788201	8.999141	2.476459	0.500000
3.318751	8.111220	2.485245	0.500000
4.209505	7.684813	2.304700	0.500000
6.018265	7.109887	1.431985	0.500000
5.919957	6.651257	2.447988	0.500000
6.071346	5.105753	1.533859	0.500000
0.180667	6.706960	2.468957	0.500000
8.718284	5.362338	0.573749	0.500000
0.144856	6.181466	1.512362	0.500000
1.633001	8.218919	1.637167	0.500000
1.775743	9.127301	2.459674	0.500000
3.545201	9.971451	2.457603	0.500000
1.934598	0.508964	2.444990	0.500000
4.057793	8.945998	2.390398	0.500000
5.306090	7.546717	2.498517	0.500000
8.802104	9.399808	1.498035	0.500000
8.616613	5.446918	2.479529	0.500000
1.118669	7.652501	0.618330	0.500000
10.521813	8.876913	2.296830	0.500000
10.240239	10.452155	2.478379	0.500000
1.602478	1.491149	2.488082	0.500000
5.802473	9.568119	2.190246	0.500000
4.839693	9.763078	2.461176	0.500000
6.449696	8.332323	0.739880	0.500000
9.312800	6.187247	2.465523	0.500000
9.963339	6.492199	1.667963	0.500000
1.211653	7.697452	2.405125	0.500000
7.466450	5.530939	2.482695	0.500000
