300

10.508795	5.853777	0.671697	0.500000
2.949893	8.749898	1.490157	0.500000
3.215240	10.246780	0.525749	0.500000
2.928185	0.220424	1.346725	0.500000
4.750302	0.275248	0.539121	0.500000
6.788468	8.934465	0.501235	0.500000
8.799813	8.065769	0.535347	0.500000
7.506637	0.340449	2.425821	0.500000
9.390082	10.451109	0.628529	0.500000
9.752895	3.820569	0.620704	0.500000
7.385956	8.029079	0.507614	0.500000
0.319127	10.501709	1.507493	0.500000
1.044737	8.939540	0.506064	0.500000
4.516708	1.616295	0.684338	0.500000
2.007349	10.783832	0.819742	0.500000
3.518542	1.448197	0.577332	0.500000
7.811188	9.083890	0.538236	0.500000
10.049028	1.584753	1.517943	0.500000
0.339038	7.916144	0.511934	0.500000
0.929616	0.597056	1.498990	0.500000
1.332516	10.053357	1.569200	0.500000
1.573926	0.884804	0.629127	0.500000
3.903480	2.532500	0.617383	0.500000
0.213499	3.840080	0.631533	0.500000
5.850709	0.365477	0.550683	0.500000
3.685890	0.412428	0.592662	0.500000
6.349397	9.931562	0.752676	0.500000
8.363790	0.057637	0.572731	0.500000
8.559979	9.758369	0.564868	0.500000
9.370442	2.033111	0.689988	0.500000
2.685161	0.838444	0.578641	0.500000
3.039276	3.338214	1.535544	0.500000
1.645152	4.654737	0.566341	0.500000
2.447872	3.699521	0.759923	0.500000
3.456954	3.518276	0.601220	0.500000
1.675783	3.490644	1.605427	0.500000
5.016449	2.533538	0.520420	0.500000
0.916695	2.507370	1.530188	0.500000
10.670752	2.479615	1.550638	0.500000
0.358867	0.943915	0.551956	0.500000
0.487296	2.813188	0.675930	0.500000
9.668115	4.594447	1.410932	0.500000
2.782273	4.712593	0.584703	0.500000
4.055474	3.426682	1.439402	0.500000
7.515750	10.069957	0.533074	0.500000
5.836084	3.361696	0.522439	0.500000
6.856409	0.061161	0.500098	0.500000
6.959078	5.135975	0.606596	0.500000
7.707724	3.715123	1.520137	0.500000
9.051981	5.033299	0.510543	0.500000
9.994920	10.213827	1.462063	0.500000
8.521343	3.822011	0.616834	0.500000
5.027567	5.292215	0.705486	0.500000
8.713813	10.433923	1.577262	0.500000
7.421753	2.556054	1.621484	0.500000
10.135618	0.849247	0.550503	0.500000
10.049112	4.953889	0.509389	0.500000
9.231198	6.026987	0.606655	0.500000
8.279017	3.580891	2.336341	0.500000
10.336538	3.571580	1.401943	0.500000
0.153048	6.792675	0.564415	0.500000
2.469532	7.394231	0.507709	0.500000
1.476752	2.626246	0.608111	0.500000
0.456263	5.807242	1.539415	0.500000
7.244137	2.072391	0.592359	0.500000
1.424916	3.669996	0.578126	0.500000
6.780661	3.003237	0.804967	0.500000
9.873528	7.406680	1.558649	0.500000
7.046821	7.270852	2.444757	0.500000
7.653283	7.444807	1.466777	0.500000
2.742419	9.340852	0.682052	0.500000
1.210757	6.005186	0.500540	0.500000
0.581267	4.857936	0.638537	0.500000
2.262128	6.310279	0.590393	0.500000
5.317315	6.302103	0.541361	0.500000
2.431034	5.443437	1.190458	0.500000
4.610448	3.466388	0.503059	0.500000
9.664338	0.374454	1.521211	0.500000
4.173408	7.829769	1.560664	0.500000
6.347391	5.795657	1.501625	0.500000
10.670971	8.010089	1.461965	0.500000
10.454665	10.627055	0.525795	0.500000
5.340866	7.339123	0.566361	0.500000
3.824685	7.543215	0.664754	0.500000
4.219528	10.165919	0.673254	0.500000
6.004313	10.645371	2.368921	0.500000
2.739574	2.742401	0.542837	0.500000
6.054031	6.789924	1.337481	0.500000
6.024628	5.538030	0.586626	0.500000
0.870983	8.335713	1.346732	0.500000
4.059731	8.837707	1.563056	0.500000
1.689639	9.758741	0.677805	0.500000
5.337658	10.060838	0.579616	0.500000
5.354369	0.088925	1.426077	0.500000
6.193719	8.750278	1.651802	0.500000
7.958754	9.640476	1.440776	0.500000
7.264978	8.646791	1.533716	0.500000
3.220169	6.638017	0.552643	0.500000
8.134510	6.371051	1.670860	0.500000
9.915931	6.765168	0.512417	0.500000
1.765865	8.236115	0.577925	0.500000
2.557905	10.079705	1.504721	0.500000
0.921081	7.633509	2.488549	0.500000
5.059206	8.680882	1.675999	0.500000
4.821310	10.783906	2.420333	0.500000
5.423631	8.957561	0.731025	0.500000
10.070530	8.011776	0.643545	0.500000
9.226846	8.987771	0.504860	0.500000
10.074200	2.749246	2.496740	0.500000
0.096538	8.667346	2.490707	0.500000
0.444150	9.741580	0.635940	0.500000
2.696438	1.470205	1.399676	0.500000
0.930989	0.053550	0.595776	0.500000
6.793430	0.531307	1.479476	0.500000
5.371666	1.906098	1.400742	0.500000
5.902398	9.828444	1.645667	0.500000
8.329328	1.760640	0.632490	0.500000
10.618376	1.839074	0.640537	0.500000
1.956911	0.130530	1.847114	0.500000
1.915860	8.941891	1.357510	0.500000
0.624871	3.467467	1.559443	0.500000
2.057959	2.359996	1.401914	0.500000
8.924503	2.703954	2.473686	0.500000
1.511570	1.481373	1.454855	0.500000
5.535114	1.371008	0.509873	0.500000
7.653439	1.539994	1.433942	0.500000
5.823304	1.032165	1.628225	0.500000
6.569805	1.692428	1.456434	0.500000
7.899127	2.912567	0.569072	0.500000
1.646094	2.735256	2.325686	0.500000
2.749691	6.346587	1.487824	0.500000
3.354848	5.252554	1.594688	0.500000
3.215976	2.351812	1.491331	0.500000
4.239283	2.215495	1.552040	0.500000
6.233255	2.638637	1.643405	0.500000
9.505264	0.778437	2.495290	0.500000
7.515530	10.548663	1.429580	0.500000
7.283240	4.026431	0.511928	0.500000
1.679052	4.559998	2.416817	0.500000
1.115968	3.662762	2.468832	0.500000
0.769666	7.067962	1.620240	0.500000
1.669264	6.531604	1.417910	0.500000
4.739747	7.556916	2.355240	0.500000
6.564305	4.343091	2.363339	0.500000
7.687328	0.846933	0.512097	0.500000
10.657843	8.879785	0.692084	0.500000
8.193000	0.645174	1.399427	0.500000
6.316312	4.327286	0.586799	0.500000
8.961568	0.901078	0.544554	0.500000
2.139303	1.760372	0.535231	0.500000
10.694145	5.483763	2.429858	0.500000
4.906620	6.907212	1.397134	0.500000
4.408130	4.663080	1.488909	0.500000
6.055482	2.283401	0.610430	0.500000
9.121115	3.020210	0.629921	0.500000
5.760702	2.009760	2.456226	0.500000
9.312931	10.421889	2.478768	0.500000
7.117997	4.597796	1.486486	0.500000
7.408709	5.560438	1.428259	0.500000
10.199108	9.076649	1.586440	0.500000
6.670458	7.150881	0.513114	0.500000
6.681918	7.787201	1.503185	0.500000
4.332075	6.554849	2.272371	0.500000
1.678675	7.555062	1.399840	0.500000
5.307460	5.741354	1.590939	0.500000
6.442732	6.389098	2.416334	0.500000
3.535096	5.672333	0.630523	0.500000
7.778241	6.772931	0.501026	0.500000
6.822706	6.157806	0.647956	0.500000
5.308655	3.955926	1.600707	0.500000
10.266006	2.788273	0.604620	0.500000
3.257691	8.450055	0.514203	0.500000
2.858595	7.727553	1.417964	0.500000
4.327988	6.614559	0.547460	0.500000
6.130114	8.160329	0.712883	0.500000
4.292807	5.909761	1.495293	0.500000
4.836819	9.649495	1.402374	0.500000
9.359999	7.341628	2.487853	0.500000
0.868782	9.783592	2.482475	0.500000
8.787471	8.437232	2.486270	0.500000
9.258218	6.520638	1.499354	0.500000
3.648090	8.282600	2.287746	0.500000
4.639719	8.178511	0.707645	0.500000
3.812130	6.894630	1.457993	0.500000
6.799158	8.394972	2.385083	0.500000
8.057986	10.253018	2.314816	0.500000
6.997461	5.267215	2.307776	0.500000
8.788504	7.575647	1.671299	0.500000
9.333675	8.380623	1.393126	0.500000
8.804931	7.017603	0.727519	0.500000
8.225554	7.152252	2.450757	0.500000
2.933781	10.571505	2.401513	0.500000
4.123589	9.978154	2.268555	0.500000
3.770450	0.442110	2.490847	0.500000
3.999488	0.075284	1.498864	0.500000
5.662995	8.329826	2.456231	0.500000
8.090232	5.844096	0.729265	0.500000
8.500278	2.549564	1.424748	0.500000
9.776390	9.284693	2.479220	0.500000
9.080433	9.425670	1.548433	0.500000
10.481699	0.274227	2.489227	0.500000
1.055283	0.018275	2.432007	0.500000
0.564665	9.356903	1.568445	0.500000
2.215010	1.868405	2.284228	0.500000
3.884745	2.763820	2.482200	0.500000
7.814284	8.141893	2.464521	0.500000
10.644280	1.840316	2.404948	0.500000
0.522283	0.911969	2.429210	0.500000
10.635986	0.627623	1.409174	0.500000
6.618067	1.166110	0.572808	0.500000
1.639799	0.931124	2.430198	0.500000
10.735319	3.545086	2.415662	0.500000
3.673817	1.272919	1.649063	0.500000
4.843096	1.008811	1.428939	0.500000
3.273709	1.750432	2.465372	0.500000
7.005291	10.221508	2.499689	0.500000
8.718443	9.515729	2.493393	0.500000
10.064790	9.675837	0.549904	0.500000
7.225835	1.441322	2.451526	0.500000
1.186005	8.776116	2.496005	0.500000
9.002022	1.301395	1.495494	0.500000
0.606637	4.698569	2.299592	0.500000
9.562903	1.798212	2.498435	0.500000
0.490110	2.692319	2.456965	0.500000
3.281224	3.636206	2.471339	0.500000
2.665406	4.713769	2.348581	0.500000
4.584074	1.795796	2.482905	0.500000
9.534409	2.557419	1.633842	0.500000
6.370579	0.858397	2.480799	0.500000
8.939395	6.219612	2.430922	0.500000
1.193524	5.527071	2.492214	0.500000
2.178054	5.596271	2.191712	0.500000
3.492177	4.234841	1.626562	0.500000
9.561157	5.248533	2.405957	0.500000
5.042915	2.716293	2.437511	0.500000
6.757737	2.473933	2.488696	0.500000
8.551037	0.336638	2.377226	0.500000
7.736881	9.231750	2.493567	0.500000
9.015439	3.596766	1.604304	0.500000
1.086274	4.428377	1.395298	0.500000
0.938516	1.782285	0.655299	0.500000
5.927891	3.299214	2.451366	0.500000
2.155240	4.415125	1.483041	0.500000
9.937251	8.265532	2.182244	0.500000
0.363294	6.503538	2.449405	0.500000
8.134100	5.477911	2.438654	0.500000
6.946283	9.664813	1.549264	0.500000
4.485411	4.019640	2.405927	0.500000
7.575704	4.295093	2.358157	0.500000
6.399165	3.679723	1.525641	0.500000
9.642256	3.698105	2.422669	0.500000
8.901493	5.430980	1.608964	0.500000
3.614084	5.870307	2.489592	0.500000
3.820745	4.876662	2.428977	0.500000
2.841486	2.735108	2.433539	0.500000
5.472146	4.405477	2.479865	0.500000
4.964716	2.912014	1.454196	0.500000
3.872223	4.535482	0.606448	0.500000
10.103689	6.306721	2.474798	0.500000
7.926002	2.538816	2.486659	0.500000
1.432819	5.493509	1.396236	0.500000
8.537776	1.383241	2.450968	0.500000
3.494418	9.711486	1.337872	0.500000
4.440682	9.006618	2.480285	0.500000
4.799855	5.258534	2.452649	0.500000
5.841925	5.475727	2.447251	0.500000
5.255846	4.286072	0.507669	0.500000
7.054584	3.426616	2.419974	0.500000
7.073101	6.578581	1.528043	0.500000
8.435524	4.469167	1.516208	0.500000
0.358125	1.497360	1.460151	0.500000
10.683694	4.849222	1.426853	0.500000
2.560090	8.590825	2.434770	0.500000
2.713354	6.584464	2.460134	0.500000
3.537140	7.192352	2.411199	0.500000
5.965192	7.360741	2.496120	0.500000
5.410883	6.456531	2.346685	0.500000
5.962315	4.794533	1.552341	0.500000
10.692608	7.479562	2.490072	0.500000
8.084875	4.756373	0.571338	0.500000
10.472896	6.547334	1.438371	0.500000
1.653995	6.428705	2.464622	0.500000
3.120150	9.564327	2.267850	0.500000
2.011789	9.498763	2.446048	0.500000
2.771626	0.885647	2.331339	0.500000
4.070952	9.176947	0.561410	0.500000
5.230724	9.817975	2.419160	0.500000
8.304735	8.588654	1.273736	0.500000
8.922677	4.466756	2.499201	0.500000
1.124263	7.061772	0.649244	0.500000
10.641958	10.030831	2.353575	0.500000
1.070212	1.866601	2.410892	0.500000
2.255265	3.638058	2.469640	0.500000
6.455791	9.384560	2.447507	0.500000
5.212006	1.005733	2.463413	0.500000
5.556699	7.767769	1.484066	0.500000
10.058457	5.631204	1.566453	0.500000
10.310839	4.532455	2.390299	0.500000
2.148775	7.414915	2.348412	0.500000
7.474746	6.318277	2.498640	0.500000
