300

10.732671	5.768156	0.641625	0.500000
2.857415	8.517241	1.506091	0.500000
2.806411	10.452146	0.608427	0.500000
2.918026	0.491168	1.519077	0.500000
4.639664	0.172410	0.553246	0.500000
6.619902	8.943981	0.670130	0.500000
9.089588	7.835573	0.589388	0.500000
7.433022	0.433763	2.407271	0.500000
9.150743	10.636277	0.544082	0.500000
9.587443	3.874675	0.555973	0.500000
7.114860	7.971196	0.730143	0.500000
0.062519	10.474965	1.476729	0.500000
1.545112	9.194289	0.549719	0.500000
3.952248	1.472470	0.520703	0.500000
1.535485	10.321466	0.529614	0.500000
2.969550	1.676262	0.518008	0.500000
8.101873	8.147136	0.605729	0.500000
9.893724	1.579262	1.439738	0.500000
0.231068	7.504329	0.942362	0.500000
0.737815	0.580274	1.584607	0.500000
1.136332	10.350894	1.500254	0.500000
1.285894	0.681079	0.622620	0.500000
3.762270	2.562225	0.613352	0.500000
10.767070	3.821057	0.518801	0.500000
5.663847	0.022951	0.842658	0.500000
3.605941	0.432766	0.537956	0.500000
6.306556	10.059189	0.516131	0.500000
7.819623	10.655159	0.551320	0.500000
8.588080	9.754992	0.577668	0.500000
9.284412	1.803278	0.654131	0.500000
2.553073	0.756122	0.610645	0.500000
2.630517	3.601192	1.646309	0.500000
1.631357	4.819259	0.713848	0.500000
2.348505	3.756019	0.636886	0.500000
3.371845	3.532393	0.711404	0.500000
1.633264	3.500181	1.472746	0.500000
4.923158	2.485106	0.746990	0.500000
0.788007	2.478063	1.511733	0.500000
10.502168	2.410325	1.476278	0.500000
0.240884	0.881846	0.533120	0.500000
0.194422	2.754513	0.630364	0.500000
9.582215	4.582373	1.524298	0.500000
2.682265	4.821571	0.542169	0.500000
3.928039	3.240384	1.535108	0.500000
7.515090	9.466748	0.591498	0.500000
5.689188	3.359289	0.537026	0.500000
6.861885	0.202201	0.611859	0.500000
6.741681	5.215288	0.683124	0.500000
7.837032	3.659173	1.471468	0.500000
8.934167	4.991155	0.518668	0.500000
9.777001	10.552539	1.559583	0.500000
8.558755	4.086029	0.782290	0.500000
4.650663	5.330935	0.536556	0.500000
8.633721	10.515791	1.426343	0.500000
7.256785	2.705774	1.399968	0.500000
9.975414	0.970987	0.523358	0.500000
10.150222	4.947543	0.550728	0.500000
9.621335	5.884092	0.580053	0.500000
8.571926	3.260310	2.498651	0.500000
10.180963	3.451098	1.458987	0.500000
0.528188	6.634355	0.529167	0.500000
2.739336	7.737855	0.535937	0.500000
1.347370	2.824528	0.517242	0.500000
0.354260	5.259131	1.539249	0.500000
7.382236	2.141630	0.539905	0.500000
1.299282	3.863875	0.581846	0.500000
6.679345	3.170517	0.545372	0.500000
10.104558	7.442168	1.587022	0.500000
6.936045	7.190750	2.441603	0.500000
7.691119	7.670064	1.567292	0.500000
3.413395	9.299932	0.742162	0.500000
1.115111	5.748320	0.642846	0.500000
0.642820	4.708659	0.540508	0.500000
2.282384	5.848446	0.626050	0.500000
5.697049	6.150344	0.698733	0.500000
1.919914	6.348368	1.439064	0.500000
4.418156	3.439972	0.671985	0.500000
9.371387	0.680540	1.385690	0.500000
4.385426	7.664627	1.532122	0.500000
6.508185	5.832960	1.449231	0.500000
10.573573	8.387035	1.616169	0.500000
10.157799	10.763417	0.576790	0.500000
5.306449	7.077424	0.544458	0.500000
3.882986	7.293260	0.533911	0.500000
3.963389	10.129985	0.572894	0.500000
6.371990	0.021701	1.576204	0.500000
2.463035	2.728220	0.650045	0.500000
6.224981	6.813517	1.837233	0.500000
5.702836	5.160987	0.520636	0.500000
0.507829	8.514254	0.839888	0.500000
3.845546	8.608664	1.674783	0.500000
2.478846	8.704451	0.536782	0.500000
5.079841	10.009185	0.580755	0.500000
5.081847	0.086129	1.773512	0.500000
6.036832	8.838146	1.533698	0.500000
8.175266	9.626509	1.644061	0.500000
7.061796	8.629494	1.557532	0.500000
2.860242	6.712008	0.628279	0.500000
8.183409	6.645613	1.622865	0.500000
10.221301	6.811535	0.598467	0.500000
1.226483	7.890923	0.502810	0.500000
2.301386	10.293943	1.538956	0.500000
1.215599	7.687617	2.335549	0.500000
4.975102	8.742224	1.540329	0.500000
4.346532	10.701793	2.494768	0.500000
5.631777	9.094081	0.586730	0.500000
10.089732	7.834861	0.615343	0.500000
9.104501	8.873627	0.534206	0.500000
10.006814	3.069667	2.400926	0.500000
0.403198	8.275432	2.489249	0.500000
0.123257	9.679514	0.673801	0.500000
2.468253	1.383875	1.630006	0.500000
0.544522	10.688068	0.621273	0.500000
7.004430	0.816880	1.546207	0.500000
5.491951	1.968269	1.594881	0.500000
5.664221	9.785173	1.656197	0.500000
8.298183	1.685613	0.515226	0.500000
10.518672	1.852562	0.546926	0.500000
1.838669	0.489574	1.479682	0.500000
1.982202	9.180286	1.483425	0.500000
0.517862	3.468286	1.346896	0.500000
1.870729	2.318078	1.501695	0.500000
9.255315	2.412386	2.492105	0.500000
1.376507	1.382906	1.407508	0.500000
5.399985	1.297570	0.559251	0.500000
7.635269	1.649034	1.479236	0.500000
5.807578	0.883438	1.381815	0.500000
6.501834	1.920757	1.481392	0.500000
7.875196	3.107837	0.554726	0.500000
1.429603	2.860393	2.297340	0.500000
3.131530	6.430107	1.556935	0.500000
2.918696	5.400406	1.444079	0.500000
3.136220	2.448580	1.422628	0.500000
4.234063	2.152362	1.413672	0.500000
6.108945	2.913194	1.376626	0.500000
9.962565	0.446972	2.429809	0.500000
7.449324	10.433484	1.459988	0.500000
7.153998	4.068616	0.621690	0.500000
1.399867	4.848231	2.438332	0.500000
0.685651	3.539213	2.497724	0.500000
1.120264	7.306789	1.385159	0.500000
2.375909	7.238124	1.465325	0.500000
4.762321	7.127988	2.478700	0.500000
6.347485	3.806629	2.449125	0.500000
7.573794	0.959889	0.621516	0.500000
10.334095	8.858489	0.637862	0.500000
8.056188	0.568986	1.495776	0.500000
6.155996	4.245671	0.572920	0.500000
8.696428	0.754576	0.575381	0.500000
1.937402	1.601004	0.565539	0.500000
10.774638	5.917810	2.271186	0.500000
5.230570	6.809945	1.506897	0.500000
4.612428	4.103574	1.672123	0.500000
6.013069	2.240805	0.541883	0.500000
8.896983	2.793327	0.526130	0.500000
6.079117	1.648440	2.437298	0.500000
9.069876	10.128614	2.335167	0.500000
7.196228	4.656002	1.532543	0.500000
7.683786	5.715204	1.526088	0.500000
10.032444	9.547330	1.542806	0.500000
6.331935	6.967721	0.792170	0.500000
6.613575	7.719935	1.580362	0.500000
4.477937	6.144200	2.406142	0.500000
1.879164	8.143369	1.325879	0.500000
5.417601	5.542595	1.495692	0.500000
6.609803	5.771902	2.470828	0.500000
3.603100	5.364960	0.541834	0.500000
7.892442	7.088374	0.673894	0.500000
7.314448	6.160842	0.506288	0.500000
5.653213	3.832155	1.437172	0.500000
9.970351	2.906191	0.587090	0.500000
3.574745	8.290335	0.754693	0.500000
3.342360	7.565285	1.499147	0.500000
4.036107	6.304462	0.544841	0.500000
6.065330	7.989392	0.517080	0.500000
4.115292	5.341658	1.477766	0.500000
4.487235	9.948332	1.422960	0.500000
9.435055	7.346857	2.331813	0.500000
0.877196	9.881880	2.469474	0.500000
8.735143	8.137702	2.385230	0.500000
9.577658	6.542930	1.454954	0.500000
3.276940	7.864294	2.465892	0.500000
4.788865	8.055426	0.553261	0.500000
4.147405	6.683785	1.485117	0.500000
6.514205	8.409116	2.417506	0.500000
7.879128	10.172303	2.481955	0.500000
7.310046	5.015967	2.473097	0.500000
8.844422	7.477801	1.516921	0.500000
9.548773	8.274962	1.698557	0.500000
8.983430	6.838500	0.702681	0.500000
8.199303	7.274579	2.468237	0.500000
3.217741	10.364125	2.481993	0.500000
4.176620	9.410632	2.450573	0.500000
3.339394	0.680975	2.409785	0.500000
3.867147	0.129001	1.552420	0.500000
5.287184	9.026088	2.451196	0.500000
8.446597	6.010001	0.541326	0.500000
8.423378	2.769684	1.493598	0.500000
9.737572	9.228322	2.479037	0.500000
9.055705	9.170249	1.508448	0.500000
10.478223	10.340222	2.495749	0.500000
1.458346	10.756798	2.479836	0.500000
0.686311	9.390669	1.507418	0.500000
2.076181	1.752420	2.489124	0.500000
3.937798	2.576348	2.393012	0.500000
7.512666	8.104149	2.457132	0.500000
10.302156	1.596149	2.439051	0.500000
0.304894	0.780525	2.486566	0.500000
10.458895	0.730458	1.475340	0.500000
6.630260	1.450919	0.585649	0.500000
1.358668	0.973924	2.425496	0.500000
10.509145	3.939207	2.378754	0.500000
3.593639	1.348070	1.544247	0.500000
4.781128	0.915426	1.262944	0.500000
3.187236	1.873347	2.445338	0.500000
6.886678	10.257555	2.363853	0.500000
8.612005	9.189561	2.448213	0.500000
9.773892	9.772023	0.583761	0.500000
7.192371	1.549387	2.425739	0.500000
1.224705	8.786390	2.123469	0.500000
8.781569	1.701547	1.575588	0.500000
0.343150	4.761149	2.418742	0.500000
9.227652	1.388333	2.437119	0.500000
0.094271	2.502747	2.462315	0.500000
3.346054	3.381397	2.480983	0.500000
2.933924	4.398901	2.441741	0.500000
4.222612	1.258365	2.422264	0.500000
9.442049	2.616223	1.479197	0.500000
6.206667	0.587248	2.403593	0.500000
8.863875	6.399096	2.342025	0.500000
0.978177	5.776794	2.454943	0.500000
2.462311	5.342054	2.417156	0.500000
3.308999	4.353307	1.318016	0.500000
9.754355	5.879368	2.488974	0.500000
4.870249	2.220619	2.484438	0.500000
6.959693	2.525751	2.405894	0.500000
8.902946	0.405461	2.400985	0.500000
7.359494	9.274834	2.473057	0.500000
9.071098	3.592784	1.589697	0.500000
1.008460	4.343951	1.567309	0.500000
0.906118	1.790961	0.614581	0.500000
5.776551	2.704700	2.489317	0.500000
2.256107	4.563255	1.699331	0.500000
10.215999	8.008213	2.488848	0.500000
0.920681	6.319147	1.501298	0.500000
8.178815	5.625256	2.460790	0.500000
6.843395	9.632903	1.536855	0.500000
4.636581	3.299977	2.492738	0.500000
8.233698	4.216702	2.213005	0.500000
6.796688	3.676112	1.498360	0.500000
9.239584	4.110473	2.484212	0.500000
9.078940	5.671133	1.530793	0.500000
3.461850	5.520207	2.315670	0.500000
3.921506	4.242715	2.422096	0.500000
2.583623	2.714720	2.283354	0.500000
5.330195	4.138959	2.395033	0.500000
5.137388	2.935917	1.699817	0.500000
4.127295	4.462132	0.744707	0.500000
10.426201	6.875323	2.354017	0.500000
8.021570	2.313248	2.496823	0.500000
1.613767	5.377759	1.592849	0.500000
8.172069	1.159529	2.359784	0.500000
3.473298	9.967454	1.559143	0.500000
4.295788	8.025663	2.486693	0.500000
4.551135	5.088482	2.382573	0.500000
5.923220	5.017487	2.490122	0.500000
5.141275	4.270320	0.547919	0.500000
7.429291	3.441812	2.441873	0.500000
7.186450	6.719116	1.451147	0.500000
8.428680	4.876591	1.481950	0.500000
0.230870	1.552831	1.667782	0.500000
10.572916	4.436082	1.325782	0.500000
2.158502	8.690919	2.481238	0.500000
2.729643	6.598164	2.498861	0.500000
3.724290	6.940894	2.487251	0.500000
5.790394	7.707858	2.461005	0.500000
5.516902	6.087152	2.400944	0.500000
6.169792	4.740983	1.463313	0.500000
0.660858	6.822246	2.326742	0.500000
7.764539	5.151732	0.697781	0.500000
10.720006	6.539924	1.453584	0.500000
1.703138	6.700583	2.430209	0.500000
3.216657	9.096242	2.382142	0.500000
2.325721	9.827225	2.440969	0.500000
2.349935	0.500828	2.462271	0.500000
4.472640	9.029059	0.604935	0.500000
5.706155	10.493173	2.491565	0.500000
8.148479	8.571070	1.608097	0.500000
9.065652	5.118318	2.496314	0.500000
1.533819	6.693325	0.541461	0.500000
0.008420	9.360932	2.319328	0.500000
0.925891	1.934586	2.484247	0.500000
2.028318	3.776087	2.463423	0.500000
6.314235	9.414384	2.359950	0.500000
5.277967	0.966383	2.315475	0.500000
5.424374	7.817949	1.435433	0.500000
10.085064	5.642703	1.472381	0.500000
10.115335	4.940165	2.457763	0.500000
2.280394	7.676807	2.405871	0.500000
7.452575	6.314472	2.416064	0.500000
