500

10.727660	0.508176	2.810062	0.500000
3.341708	0.055936	1.654813	0.500000
5.739155	9.644357	0.625938	0.500000
6.634431	1.658075	2.634394	0.500000
8.085399	1.562212	0.516675	0.500000
6.353097	9.592213	1.442085	0.500000
10.143938	6.488909	0.508379	0.500000
6.423707	10.477000	0.581706	0.500000
0.780538	0.841837	3.327871	0.500000
1.990148	10.556724	2.484771	0.500000
0.794568	10.420495	0.820910	0.500000
8.359917	7.552308	4.410232	0.500000
5.048107	1.436443	0.640138	0.500000
2.319517	2.621842	2.344193	0.500000
9.318539	8.601286	0.527697	0.500000
4.592999	0.784718	2.566047	0.500000
9.728253	9.748106	0.571798	0.500000
8.272155	0.549873	1.026371	0.500000
7.619610	6.626987	2.303268	0.500000
8.352820	10.356117	3.518354	0.500000
10.105253	1.920314	0.755642	0.500000
0.344638	1.470434	0.657882	0.500000
3.460054	2.694374	0.530606	0.500000
7.020206	5.538806	1.805239	0.500000
6.033490	10.714946	1.786085	0.500000
7.811156	1.146024	2.643069	0.500000
6.628135	4.432772	3.924033	0.500000
2.622989	9.739931	0.613491	0.500000
8.723134	9.309238	3.427853	0.500000
9.393943	0.215110	0.644125	0.500000
8.348384	3.047212	2.657935	0.500000
2.258044	0.854624	0.635024	0.500000
1.852356	4.130375	0.608193	0.500000
4.504996	1.806481	2.579071	0.500000
4.633902	1.273315	1.588992	0.500000
7.078642	2.615509	1.627384	0.500000
8.872014	4.249547	0.641087	0.500000
9.076597	3.965680	1.596128	0.500000
7.494641	8.406991	0.619080	0.500000
10.753058	5.013476	2.398982	0.500000
9.515228	4.302702	4.465089	0.500000
1.284692	6.068089	2.493658	0.500000
1.620224	1.911749	0.504847	0.500000
2.201156	5.301368	2.623214	0.500000
5.436502	4.365933	2.506210	0.500000
4.560977	2.348128	0.516381	0.500000
9.533675	2.220575	1.757771	0.500000
6.046281	5.765934	1.610854	0.500000
6.816959	3.617070	3.370852	0.500000
10.611837	4.931382	0.577360	0.500000
9.882868	8.071099	1.239535	0.500000
4.946804	3.809666	0.524521	0.500000
3.213961	5.945824	2.536686	0.500000
3.786462	4.005189	0.513932	0.500000
6.279899	3.803418	0.591720	0.500000
4.034592	2.392744	1.484857	0.500000
8.029038	4.837479	0.534019	0.500000
5.609683	7.900861	4.449877	0.500000
6.724944	6.557556	1.693906	0.500000
10.557203	2.052125	1.663843	0.500000
3.522279	5.258274	0.683623	0.500000
1.480052	7.658925	0.501547	0.500000
2.781250	4.303777	0.958939	0.500000
5.012502	4.704723	3.347607	0.500000
7.274311	6.236056	0.673384	0.500000
2.400926	7.174443	0.595606	0.500000
9.099084	3.896328	2.667417	0.500000
5.736604	5.255638	2.901599	0.500000
0.316250	3.948588	0.526786	0.500000
8.825744	5.350336	0.909496	0.500000
3.334987	6.932583	2.998460	0.500000
0.446255	5.806983	3.830185	0.500000
8.306693	9.040682	0.519679	0.500000
4.583937	6.586719	0.578401	0.500000
7.115278	1.133814	0.544439	0.500000
4.574376	9.291929	1.027249	0.500000
7.469713	7.258504	0.518253	0.500000
10.521249	8.383284	3.220895	0.500000
0.810070	2.166982	1.731764	0.500000
3.456907	0.825601	3.292806	0.500000
10.415499	7.100405	4.497229	0.500000
9.225512	5.904836	4.434526	0.500000
2.438517	0.824664	3.363044	0.500000
5.657561	3.350149	2.592220	0.500000
0.325777	0.507472	0.972067	0.500000
6.124161	8.089241	0.550159	0.500000
9.117854	8.540133	1.698385	0.500000
6.753375	9.248671	0.564729	0.500000
0.180690	6.826373	3.528766	0.500000
2.746808	9.133604	1.492092	0.500000
10.041767	3.282586	1.567422	0.500000
10.218850	6.195183	4.049519	0.500000
3.633706	9.682306	1.720288	0.500000
5.976156	2.846247	3.541161	0.500000
5.951380	0.937713	0.557070	0.500000
2.925292	4.207251	3.375204	0.500000
10.673131	9.950957	1.516798	0.500000
9.301374	5.246326	1.847678	0.500000
7.363270	0.053072	2.510779	0.500000
0.605419	5.106154	1.385939	0.500000
6.586242	0.700953	2.295553	0.500000
10.339358	1.638439	3.603068	0.500000
1.609382	9.528312	3.411869	0.500000
3.413531	8.995720	0.558334	0.500000
6.417505	10.619930	2.827666	0.500000
9.775382	9.303914	2.585835	0.500000
2.989005	10.295408	4.377816	0.500000
0.643003	2.171950	3.331418	0.500000
0.740724	2.408795	0.531186	0.500000
10.727915	8.043063	4.319606	0.500000
8.361861	0.107643	2.369234	0.500000
10.177931	0.875429	0.648258	0.500000
2.336827	2.400447	3.477316	0.500000
2.885587	1.069818	1.544990	0.500000
2.858699	0.480623	2.505581	0.500000
7.270029	1.481925	1.760910	0.500000
7.089989	2.664888	3.638903	0.500000
5.578113	3.856061	1.321498	0.500000
8.095184	2.309214	3.436720	0.500000
6.876607	0.492671	1.331772	0.500000
7.172861	3.184382	0.528665	0.500000
3.420268	5.292202	4.447348	0.500000
10.428745	2.313430	2.757904	0.500000
1.003782	1.076459	1.545025	0.500000
3.845234	3.790250	3.563758	0.500000
3.641691	9.976672	0.699167	0.500000
8.080787	4.130535	2.554256	0.500000
4.819984	10.192493	0.627665	0.500000
6.864245	5.237297	0.736198	0.500000
10.056685	3.956040	0.500356	0.500000
9.530030	10.153807	1.967011	0.500000
2.955898	10.738663	0.566079	0.500000
1.709774	5.382371	1.509654	0.500000
6.602780	1.185938	4.346738	0.500000
5.869367	1.010163	1.589038	0.500000
5.111906	5.851739	2.297425	0.500000
8.269905	4.798141	1.592566	0.500000
8.723410	4.953974	2.742916	0.500000
0.036739	5.946773	2.853302	0.500000
1.128833	7.236499	1.340683	0.500000
3.947332	1.609187	0.815630	0.500000
8.483813	8.725889	4.287033	0.500000
3.499525	2.324366	2.328321	0.500000
1.975510	7.072161	1.908824	0.500000
4.739542	3.806073	2.034958	0.500000
1.076900	5.099213	2.330354	0.500000
8.533102	4.824172	4.459939	0.500000
5.552209	2.964137	0.540715	0.500000
2.135990	5.111583	0.554182	0.500000
9.367360	7.436182	2.570881	0.500000
2.884598	5.331936	1.520420	0.500000
1.920127	9.558369	1.865957	0.500000
2.304918	4.566132	1.802258	0.500000
5.098670	2.935291	1.556171	0.500000
4.405722	5.279752	2.726878	0.500000
3.914994	9.523747	2.683549	0.500000
4.278610	8.366051	0.527709	0.500000
6.352434	4.685479	1.532672	0.500000
9.348796	10.164649	2.961649	0.500000
7.362369	4.548088	1.976025	0.500000
9.995155	5.248622	4.472669	0.500000
3.320537	7.971839	0.572011	0.500000
0.542471	4.141303	2.700881	0.500000
3.930535	6.919469	3.946578	0.500000
0.018263	4.142972	1.645787	0.500000
4.738367	5.927128	1.350806	0.500000
6.229604	6.079873	0.612638	0.500000
0.672631	6.752742	0.553588	0.500000
8.262819	7.635480	2.561580	0.500000
0.275608	9.554234	0.509176	0.500000
1.220054	1.917793	4.440740	0.500000
2.777440	7.541681	2.393027	0.500000
2.456717	9.416630	4.449157	0.500000
8.359523	8.756847	2.401919	0.500000
3.333892	8.689950	2.796937	0.500000
3.686164	6.311152	1.412020	0.500000
3.755160	4.215595	1.497132	0.500000
8.325957	1.578752	4.468902	0.500000
4.923946	8.052861	3.550391	0.500000
9.220185	4.991325	3.714071	0.500000
1.267961	5.723769	0.591670	0.500000
9.168661	2.293363	0.502237	0.500000
10.540213	10.434460	0.548491	0.500000
5.262350	5.809293	0.501257	0.500000
5.261232	7.577266	0.574192	0.500000
2.395909	10.381758	1.432610	0.500000
8.546985	2.154863	2.229611	0.500000
9.782039	5.546095	0.622466	0.500000
1.343197	8.987042	4.486928	0.500000
3.596172	6.882005	0.517007	0.500000
5.018469	0.004182	1.971043	0.500000
1.044332	10.099482	1.736824	0.500000
0.151103	7.721715	0.533664	0.500000
3.168153	7.173290	1.400200	0.500000
3.582933	9.431748	4.433392	0.500000
8.201473	5.867597	1.678890	0.500000
2.230647	8.800001	0.500270	0.500000
6.186098	8.124100	2.377556	0.500000
7.362941	0.081404	0.532700	0.500000
9.907638	9.138722	1.560360	0.500000
0.638547	8.680255	3.725924	0.500000
6.585033	0.042253	4.294753	0.500000
2.595307	3.263110	0.551039	0.500000
5.759608	4.010857	3.405329	0.500000
4.881706	9.347818	3.220089	0.500000
4.649532	8.395206	1.655134	0.500000
8.320802	10.405632	1.491051	0.500000
6.547957	2.656029	2.587077	0.500000
8.950196	0.384429	3.252763	0.500000
1.688813	8.685254	1.333751	0.500000
0.965619	4.716206	0.535012	0.500000
0.215794	9.169841	2.450906	0.500000
2.796729	0.654240	4.335729	0.500000
2.919464	3.558241	4.376922	0.500000
4.366233	2.153651	4.189061	0.500000
2.209485	3.384454	3.663147	0.500000
6.140248	2.106398	0.505917	0.500000
2.620750	1.792083	0.505723	0.500000
0.008096	0.984770	1.843974	0.500000
8.589182	1.502867	1.423055	0.500000
2.624020	1.632927	2.442026	0.500000
0.750616	9.042422	1.596861	0.500000
0.959285	0.468063	2.411883	0.500000
10.625690	3.373497	4.480071	0.500000
4.343768	1.256363	3.612692	0.500000
6.892384	8.638876	1.385530	0.500000
6.807914	3.768009	1.531638	0.500000
3.902637	3.324669	2.666569	0.500000
0.079366	2.404784	4.375818	0.500000
9.297451	2.026932	3.437242	0.500000
0.761976	2.976434	2.410581	0.500000
4.286471	3.333544	1.109716	0.500000
1.261178	3.290676	0.656331	0.500000
1.464276	3.347593	1.793274	0.500000
1.839896	1.793508	1.649671	0.500000
1.200342	4.262014	1.462371	0.500000
7.482806	2.300761	2.640852	0.500000
6.116877	2.973434	1.438645	0.500000
6.294544	8.654667	4.407493	0.500000
7.907059	6.054515	4.493705	0.500000
10.486849	4.314860	4.077612	0.500000
2.322232	6.406656	2.703083	0.500000
1.413740	2.162459	2.657868	0.500000
0.660938	4.107627	4.482648	0.500000
4.023609	7.391911	2.321957	0.500000
3.074350	2.466851	4.462037	0.500000
4.743600	0.897032	4.472980	0.500000
4.706442	6.932061	1.732816	0.500000
0.553176	4.806395	3.492786	0.500000
0.184226	3.080529	3.423471	0.500000
3.112219	4.757112	2.503658	0.500000
0.239899	5.835042	0.710416	0.500000
1.006338	2.908762	4.404651	0.500000
2.847058	5.183281	3.628865	0.500000
0.536998	6.805672	2.353398	0.500000
5.360959	0.278663	1.040722	0.500000
5.825272	4.931172	0.624518	0.500000
8.937414	2.488849	4.489440	0.500000
2.404707	7.334870	3.307141	0.500000
3.549180	1.216323	2.286329	0.500000
8.457199	9.762249	2.354304	0.500000
7.005755	7.568516	1.509168	0.500000
5.562339	6.612291	1.138448	0.500000
4.538051	4.943953	0.594014	0.500000
6.744813	9.685922	2.536232	0.500000
5.694203	10.101679	4.433034	0.500000
7.187677	4.252611	0.723310	0.500000
8.866172	7.533122	3.491411	0.500000
8.357287	7.809944	0.649207	0.500000
9.883929	4.589462	1.295397	0.500000
10.767039	7.480247	1.728984	0.500000
1.342960	9.569886	0.533064	0.500000
1.595434	8.375212	3.503618	0.500000
1.251207	0.976349	0.543412	0.500000
5.152471	7.682004	2.247794	0.500000
1.823787	10.488016	0.509621	0.500000
8.373964	9.718807	4.358873	0.500000
9.550352	6.202703	1.347880	0.500000
3.852944	7.758467	4.489831	0.500000
2.329001	5.627597	4.448058	0.500000
0.296906	9.736484	3.547807	0.500000
0.065078	0.239909	4.005466	0.500000
2.683541	6.360246	1.740523	0.500000
4.785446	7.347262	4.314394	0.500000
8.780708	10.180576	0.614266	0.500000
9.862123	7.728439	3.670697	0.500000
8.929623	1.119925	2.325238	0.500000
4.007658	8.872744	3.634584	0.500000
8.115262	2.478535	1.080156	0.500000
10.491769	10.131423	4.487193	0.500000
9.137570	1.198372	0.510835	0.500000
3.294190	0.894591	0.510763	0.500000
7.213064	2.144642	0.722757	0.500000
5.819706	8.772336	1.689278	0.500000
8.448617	6.372827	0.602302	0.500000
6.650985	0.736206	3.357805	0.500000
5.584042	2.766384	4.493409	0.500000
10.561886	8.651796	0.565195	0.500000
7.231459	10.133423	1.780908	0.500000
6.353848	7.073962	0.553459	0.500000
9.331479	10.364918	3.981382	0.500000
10.475674	1.146011	4.489218	0.500000
1.797503	0.795797	4.300178	0.500000
5.718822	9.891845	2.407841	0.500000
9.244570	8.083733	4.491235	0.500000
7.139770	8.579827	2.543267	0.500000
6.153559	5.996272	3.640365	0.500000
5.288361	2.054244	3.281939	0.500000
0.034406	10.226640	2.537046	0.500000
8.574988	4.208056	3.512457	0.500000
2.846925	6.060178	0.590411	0.500000
9.539242	2.993695	2.618947	0.500000
1.377186	2.856436	3.389148	0.500000
1.563608	3.989184	2.600709	0.500000
4.955209	3.709088	4.488924	0.500000
2.284516	1.694025	4.457483	0.500000
6.308454	1.803135	3.572740	0.500000
9.258987	7.076194	0.600500	0.500000
7.917748	3.282365	3.731163	0.500000
7.720164	2.417653	4.406968	0.500000
9.098219	0.857835	4.289942	0.500000
1.765072	4.011569	4.318743	0.500000
8.532386	1.358540	3.320921	0.500000
5.660666	0.489948	4.397441	0.500000
7.722608	9.225121	1.627869	0.500000
7.826667	0.464640	3.426399	0.500000
7.492638	1.373466	3.698796	0.500000
7.159734	10.411992	3.513024	0.500000
7.226734	8.100652	4.075399	0.500000
7.500909	4.101226	4.427245	0.500000
9.743835	1.120681	1.578199	0.500000
10.110206	1.321027	2.536991	0.500000
9.213729	3.274013	0.722823	0.500000
2.944684	7.315993	4.183851	0.500000
2.555963	4.650191	4.485596	0.500000
10.331243	5.194612	3.532149	0.500000
5.013663	4.879437	1.681799	0.500000
8.473260	6.388269	2.878873	0.500000
9.590729	3.303332	4.390661	0.500000
9.786013	7.141769	1.700572	0.500000
1.581883	5.767820	3.425964	0.500000
1.313874	4.959518	4.326104	0.500000
2.879911	3.506957	2.634653	0.500000
4.047987	2.510997	3.293793	0.500000
5.373211	9.047127	4.092702	0.500000
4.843291	3.748549	3.093880	0.500000
8.228930	3.322228	0.512196	0.500000
8.092448	3.737114	1.585413	0.500000
8.926394	9.566473	1.411108	0.500000
5.969698	9.787661	3.501084	0.500000
0.282795	5.038874	4.477772	0.500000
9.372415	7.085068	4.372305	0.500000
2.480346	3.550021	1.689601	0.500000
0.349943	3.000995	1.365221	0.500000
6.445770	4.127357	2.559370	0.500000
2.039307	2.632535	1.093017	0.500000
10.641590	6.524669	1.459493	0.500000
6.541398	7.941174	3.329011	0.500000
6.783853	6.239545	4.447326	0.500000
5.275538	8.673581	0.632902	0.500000
8.434632	10.757517	4.434116	0.500000
7.920936	6.847117	1.331503	0.500000
3.902676	5.361134	1.851057	0.500000
1.884503	4.724389	3.430317	0.500000
3.425024	3.167995	1.727159	0.500000
7.463455	7.041850	4.423878	0.500000
7.741524	9.290023	3.138948	0.500000
8.875283	7.546331	1.528996	0.500000
0.729828	6.882465	4.415753	0.500000
5.762068	8.718320	3.106774	0.500000
4.851980	10.280630	2.829483	0.500000
5.683302	6.836650	3.319573	0.500000
9.269011	8.469413	3.129439	0.500000
3.468977	8.432525	1.693114	0.500000
2.933680	2.075958	1.534732	0.500000
6.551354	5.972957	2.584355	0.500000
5.053055	6.052109	3.480652	0.500000
3.555463	6.037449	3.478009	0.500000
8.075262	8.283872	3.467739	0.500000
10.437274	5.535709	1.548428	0.500000
9.989542	6.397665	2.447631	0.500000
1.863158	0.801296	2.116400	0.500000
5.483107	10.661578	3.573494	0.500000
3.468083	1.400752	4.497130	0.500000
3.821005	7.911525	3.374266	0.500000
7.046789	7.535931	2.535225	0.500000
8.885380	6.589674	1.989909	0.500000
4.247033	10.419766	1.415538	0.500000
7.779433	8.145899	1.850043	0.500000
0.807715	0.977491	4.401300	0.500000
7.687311	9.911001	0.735804	0.500000
2.515881	9.377662	2.708316	0.500000
1.498951	7.645564	2.619582	0.500000
1.185569	8.845465	2.696015	0.500000
10.456073	2.916370	0.612935	0.500000
10.727488	8.483545	1.776657	0.500000
10.037190	9.383094	3.555493	0.500000
5.647810	1.668388	2.412146	0.500000
6.797726	9.067291	3.534289	0.500000
9.851905	8.878797	4.497352	0.500000
9.896903	0.701871	3.538653	0.500000
9.617487	6.723152	3.344376	0.500000
1.387256	5.980875	4.492502	0.500000
2.668647	8.353679	3.487056	0.500000
3.911858	0.054548	2.728223	0.500000
6.945381	3.216044	4.478650	0.500000
5.485565	1.993040	1.442347	0.500000
4.609155	9.615250	4.484892	0.500000
9.118984	0.251657	1.609125	0.500000
0.464543	1.498252	2.580416	0.500000
7.611948	6.112527	3.507181	0.500000
9.962562	0.245934	4.472334	0.500000
4.062420	7.610510	1.234297	0.500000
10.445675	7.322818	2.732042	0.500000
1.978903	2.653512	4.453996	0.500000
5.540490	4.714594	4.351121	0.500000
7.713036	0.690428	4.418198	0.500000
4.052520	10.096136	3.563375	0.500000
5.610559	0.651192	2.550794	0.500000
2.531746	8.040051	1.455291	0.500000
0.598680	7.735411	3.254006	0.500000
8.614166	6.595748	3.876378	0.500000
6.714477	6.779120	3.339514	0.500000
7.580528	4.324101	3.415458	0.500000
5.265891	9.935657	1.500102	0.500000
6.029579	3.667790	4.475927	0.500000
5.480577	0.996444	3.510219	0.500000
8.553771	3.585593	4.475702	0.500000
6.983143	5.111550	2.960785	0.500000
1.488038	0.214671	1.367780	0.500000
4.714310	6.992049	2.947079	0.500000
10.483420	3.504577	2.506616	0.500000
6.390096	7.290677	4.201845	0.500000
8.950318	3.108145	3.519161	0.500000
4.061609	4.345516	2.561264	0.500000
2.143637	8.330779	4.358738	0.500000
4.494715	5.090285	4.493041	0.500000
5.397690	5.713809	4.478396	0.500000
9.991308	2.752599	3.571274	0.500000
9.907750	3.781150	3.460492	0.500000
8.809020	2.973889	1.715691	0.500000
3.942619	4.953384	3.629164	0.500000
4.401696	6.094492	4.355307	0.500000
3.644321	4.305062	4.432986	0.500000
7.423823	3.380595	2.309710	0.500000
4.540693	8.591331	4.485321	0.500000
7.537277	9.105639	4.428378	0.500000
8.251007	5.283028	3.583106	0.500000
9.862628	4.577456	2.693875	0.500000
4.601300	8.491969	2.673872	0.500000
1.797876	7.374879	4.442373	0.500000
5.504358	1.719465	4.341295	0.500000
3.107412	1.767315	3.370841	0.500000
6.673845	9.632213	4.374945	0.500000
4.835031	2.754872	2.671620	0.500000
4.025093	3.256717	4.451755	0.500000
7.467972	5.127888	4.423819	0.500000
6.432847	5.298438	4.393113	0.500000
6.617459	2.183591	4.460369	0.500000
1.105422	3.800883	3.580777	0.500000
0.907297	6.133125	1.531835	0.500000
3.160705	8.468033	4.352673	0.500000
2.249857	10.310534	3.436456	0.500000
1.898856	6.398358	1.027121	0.500000
7.876362	5.444811	2.537431	0.500000
1.002288	10.143236	2.866165	0.500000
2.980571	9.589679	3.579125	0.500000
4.122305	6.341502	2.334697	0.500000
1.373762	6.842325	3.354435	0.500000
0.833670	8.667797	0.632488	0.500000
0.891573	8.092510	1.962789	0.500000
0.764652	10.212133	4.485096	0.500000
7.586908	7.354968	3.471289	0.500000
2.184167	6.475466	3.860604	0.500000
1.328374	0.044028	3.662170	0.500000
4.698322	9.329708	2.072957	0.500000
2.978994	10.256976	2.401496	0.500000
9.962756	8.274500	2.394832	0.500000
5.740467	6.654622	2.253474	0.500000
2.122411	8.481094	2.426955	0.500000
9.447722	5.711992	3.013379	0.500000
1.790460	10.429406	4.499421	0.500000
1.000423	7.982532	4.479027	0.500000
4.785607	10.653258	4.499344	0.500000
4.907490	2.962327	3.762962	0.500000
3.175685	3.005690	3.469208	0.500000
3.769373	0.174972	4.265637	0.500000
7.503100	10.274241	4.466144	0.500000
3.198587	10.637366	3.426972	0.500000
3.162270	6.291267	4.417634	0.500000
0.068423	9.189404	4.477933	0.500000
9.636646	1.727051	4.389211	0.500000
5.887394	7.642515	1.414653	0.500000
1.716167	1.600152	3.573852	0.500000
4.499375	0.250816	3.556097	0.500000
4.150918	0.381146	0.681710	0.500000
10.279650	0.178451	1.435639	0.500000
9.765983	0.246856	2.583137	0.500000
5.564876	6.703861	4.306211	0.500000
10.227612	10.442404	3.379328	0.500000
