100

9.697220	9.823341	0.653325	0.500000
0.718105	0.445885	0.660447	0.500000
2.625388	10.249831	0.531984	0.500000
2.969143	0.752625	0.530887	0.500000
4.098127	0.659732	0.504628	0.500000
6.463234	9.219172	0.621073	0.500000
5.025445	8.128677	0.508961	0.500000
6.170846	0.746484	0.583078	0.500000
7.202266	0.705328	0.554052	0.500000
8.579017	9.656388	0.516051	0.500000
9.057800	0.163101	0.569699	0.500000
0.414875	9.906993	0.616965	0.500000
1.106764	8.976697	0.628175	0.500000
1.509201	10.064667	0.532226	0.500000
1.959064	0.576508	0.505259	0.500000
3.867554	2.597830	0.553795	0.500000
4.596268	10.172417	0.596089	0.500000
5.147515	0.729836	0.548747	0.500000
6.703539	1.592077	0.622428	0.500000
7.868014	10.409582	0.658667	0.500000
0.210962	1.412054	0.537351	0.500000
10.165405	0.308546	0.570338	0.500000
2.414914	1.573991	0.698961	0.500000
2.869777	2.592670	0.663674	0.500000
3.516132	1.663680	0.628239	0.500000
5.146038	2.812163	0.604781	0.500000
5.563412	1.889957	0.671758	0.500000
4.568800	1.648950	0.567108	0.500000
8.339601	0.884618	0.659122	0.500000
9.665632	1.213559	0.648081	0.500000
10.028517	2.222790	0.599019	0.500000
0.617245	2.588125	0.559232	0.500000
1.286164	1.468528	0.565819	0.500000
1.643112	2.541054	0.517268	0.500000
3.459946	3.516555	0.611390	0.500000
5.464497	4.275983	0.564661	0.500000
6.172269	3.472983	0.690573	0.500000
6.903716	2.751976	0.625947	0.500000
7.760299	1.824139	0.514703	0.500000
8.839682	1.954687	0.546396	0.500000
10.327003	3.267170	0.642290	0.500000
2.212706	3.749895	0.590575	0.500000
4.611159	3.665280	0.681316	0.500000
3.528542	6.777569	0.697682	0.500000
4.152738	5.784516	0.602550	0.500000
6.500122	4.461731	0.528118	0.500000
7.239757	3.724525	0.507271	0.500000
8.352771	3.727418	0.667740	0.500000
7.922404	2.816124	0.514305	0.500000
9.245123	2.946133	0.562703	0.500000
1.131645	3.534397	0.527594	0.500000
1.299786	4.763900	0.699054	0.500000
1.826214	5.681891	0.532484	0.500000
2.380574	4.849876	0.586722	0.500000
3.044271	7.649234	0.522816	0.500000
4.567156	4.780330	0.638282	0.500000
7.783526	4.630183	0.654288	0.500000
9.164648	5.817040	0.668192	0.500000
8.929786	4.817124	0.572791	0.500000
9.511339	4.001496	0.555437	0.500000
0.446878	5.297062	0.697867	0.500000
3.487541	4.687718	0.634890	0.500000
3.030336	5.675802	0.613012	0.500000
2.115278	8.161591	0.523465	0.500000
5.898828	5.306024	0.515538	0.500000
7.927233	5.657749	0.602031	0.500000
8.409543	6.845332	0.589204	0.500000
10.241142	6.056471	0.560218	0.500000
9.919288	4.988910	0.573330	0.500000
0.341764	4.291250	0.577684	0.500000
0.311921	7.029380	0.563183	0.500000
0.928956	6.191962	0.534606	0.500000
2.535392	6.563523	0.571091	0.500000
4.547259	7.235062	0.624128	0.500000
5.127590	6.110173	0.568420	0.500000
6.205992	6.250776	0.693472	0.500000
6.947558	5.365477	0.552416	0.500000
7.613028	7.533986	0.689668	0.500000
8.284913	8.534633	0.578063	0.500000
9.622077	6.967749	0.511048	0.500000
8.938147	7.771586	0.610734	0.500000
1.568762	6.961613	0.544684	0.500000
3.230348	9.029236	0.637894	0.500000
3.928667	8.178366	0.654466	0.500000
5.560258	7.204402	0.592997	0.500000
3.602722	9.993099	0.536480	0.500000
7.344303	6.498174	0.545579	0.500000
6.592491	7.245714	0.695939	0.500000
6.788676	10.186523	0.599980	0.500000
7.536504	9.413692	0.578101	0.500000
10.380874	8.964482	0.679193	0.500000
0.916684	7.859559	0.637182	0.500000
10.238605	7.948873	0.687149	0.500000
2.142640	9.169321	0.698159	0.500000
4.313953	9.127492	0.624387	0.500000
5.617482	10.192289	0.506115	0.500000
5.456514	9.175298	0.640473	0.500000
6.093291	8.146703	0.673874	0.500000
7.130025	8.406053	0.505967	0.500000
9.264367	8.738251	0.562758	0.500000
