400

10.433154	9.008817	0.562648	0.500000
0.986421	9.028749	0.541584	0.500000
2.141503	9.062491	0.552845	0.500000
3.196423	8.956886	0.585052	0.500000
4.222464	8.973863	0.570170	0.500000
5.279473	8.920210	0.558588	0.500000
6.364793	8.923872	0.554636	0.500000
7.388914	8.962744	0.549467	0.500000
8.395688	9.045801	0.593749	0.500000
9.419646	9.034889	0.656484	0.500000
0.502393	0.827666	0.638177	0.500000
1.539167	0.797447	0.536427	0.500000
2.696028	0.845578	0.548168	0.500000
3.750195	0.821500	0.544944	0.500000
4.757625	0.773521	0.541390	0.500000
5.751368	0.727924	0.652654	0.500000
6.819897	0.757219	0.509716	0.500000
7.830899	0.804306	0.522619	0.500000
8.953384	0.843941	0.535514	0.500000
9.971974	0.825911	0.558663	0.500000
0.012647	1.706028	0.611219	0.500000
1.072750	1.682996	0.627998	0.500000
2.079393	1.696789	0.522992	0.500000
3.134606	1.742998	0.657765	0.500000
4.241728	1.692687	0.506229	0.500000
5.280589	1.651179	0.513945	0.500000
6.306336	1.621101	0.541466	0.500000
7.336910	1.690853	0.549892	0.500000
8.456330	1.718889	0.624371	0.500000
9.463241	1.699180	0.650371	0.500000
0.527898	2.562339	0.548664	0.500000
1.543189	2.619298	0.599755	0.500000
2.660339	2.677880	0.536431	0.500000
3.735497	2.609256	0.556366	0.500000
4.754057	2.558376	0.656227	0.500000
5.797685	2.600002	0.507131	0.500000
6.824312	2.569967	0.606782	0.500000
7.905159	2.585492	0.559144	0.500000
8.979082	2.602100	0.678040	0.500000
9.975790	2.578215	0.576563	0.500000
0.038786	3.473286	0.503074	0.500000
1.045758	3.521314	0.593048	0.500000
2.091176	3.534846	0.510495	0.500000
3.166758	3.573212	0.524287	0.500000
4.247919	3.487685	0.522594	0.500000
5.263562	3.481159	0.529371	0.500000
6.307396	3.473596	0.644315	0.500000
7.361642	3.444031	0.533086	0.500000
8.373125	3.479773	0.515631	0.500000
9.513661	3.503936	0.525607	0.500000
0.507412	4.411234	0.637037	0.500000
1.585343	4.401813	0.503764	0.500000
2.586860	4.408362	0.537601	0.500000
3.740555	4.380124	0.821363	0.500000
4.740103	4.394196	0.726578	0.500000
5.761697	4.422335	0.654094	0.500000
6.804581	4.390137	0.748496	0.500000
7.855923	4.373835	0.558779	0.500000
8.904778	4.386867	0.623380	0.500000
9.950327	4.403767	0.629114	0.500000
10.451452	5.311357	0.507004	0.500000
0.989017	5.349076	0.520955	0.500000
2.139274	5.378304	0.507026	0.500000
3.113691	5.250087	0.727141	0.500000
4.211751	5.231472	0.523508	0.500000
5.224570	5.286779	0.614376	0.500000
6.351732	5.275717	0.507456	0.500000
7.356452	5.269173	0.606659	0.500000
8.396654	5.267749	0.584254	0.500000
9.442400	5.299045	0.542562	0.500000
0.508223	6.278198	0.712418	0.500000
1.543691	6.204056	0.539546	0.500000
2.560934	6.267887	0.697246	0.500000
3.673894	6.159659	0.627514	0.500000
4.675704	6.196309	0.570385	0.500000
5.817487	6.181883	0.540796	0.500000
6.852756	6.207149	0.585685	0.500000
7.878676	6.148802	0.545574	0.500000
8.972046	6.185535	0.535156	0.500000
9.976657	6.219790	0.645836	0.500000
10.483572	7.157573	0.529779	0.500000
1.080650	7.091136	0.511658	0.500000
2.097006	7.228166	0.518687	0.500000
3.113237	7.116790	0.527210	0.500000
4.191921	7.087814	0.587366	0.500000
5.233638	7.087852	0.511092	0.500000
6.289947	7.068004	0.551246	0.500000
7.404181	7.092821	0.518416	0.500000
8.408964	7.119029	0.572123	0.500000
9.431923	7.111802	0.622442	0.500000
0.571339	8.044599	0.540091	0.500000
1.583962	8.090773	0.574999	0.500000
2.593093	8.125595	0.520653	0.500000
3.670657	8.025081	0.527450	0.500000
4.677074	8.014847	0.522043	0.500000
5.760527	7.946705	0.634085	0.500000
6.891077	7.995364	0.506690	0.500000
7.885457	8.082712	0.597185	0.500000
8.914749	7.990233	0.644410	0.500000
9.904295	8.137334	0.621410	0.500000
0.502396	0.152232	1.519503	0.500000
1.580917	0.258877	1.562007	0.500000
2.631480	0.154017	1.502715	0.500000
3.718925	0.152964	1.568994	0.500000
4.751461	0.124747	1.511054	0.500000
5.819713	0.173204	1.543896	0.500000
6.829597	0.138378	1.523484	0.500000
7.833993	0.122274	1.497845	0.500000
8.889355	0.133903	1.500239	0.500000
9.986591	0.153893	1.528419	0.500000
1.035960	1.105561	1.495318	0.500000
2.216544	1.148344	1.417261	0.500000
3.247985	1.102330	1.460064	0.500000
4.250768	1.036471	1.415842	0.500000
5.240145	1.050312	1.622184	0.500000
6.303188	1.081939	1.623617	0.500000
7.311889	1.012210	1.355865	0.500000
8.382150	1.032825	1.590537	0.500000
9.430836	1.041054	1.445352	0.500000
10.458501	1.086765	1.627051	0.500000
0.476378	1.981116	1.536288	0.500000
1.575899	2.034681	1.482170	0.500000
2.676933	2.063231	1.498341	0.500000
3.699670	2.046514	1.516850	0.500000
4.696917	1.926318	1.524971	0.500000
5.809747	1.994131	1.580467	0.500000
6.832577	1.937865	1.385727	0.500000
7.848987	1.989462	1.453617	0.500000
8.887021	1.951742	1.616442	0.500000
9.934522	1.997061	1.568294	0.500000
1.067494	2.943389	1.449258	0.500000
2.147105	2.958146	1.355614	0.500000
3.202898	2.953698	1.379699	0.500000
4.237647	2.918467	1.547350	0.500000
5.253895	2.921866	1.495085	0.500000
6.311472	2.889230	1.522923	0.500000
7.350328	2.869789	1.560855	0.500000
8.361221	2.842786	1.589389	0.500000
9.509323	2.921347	1.469934	0.500000
0.019259	2.937959	1.351205	0.500000
0.594875	3.818451	1.630206	0.500000
1.630780	3.846288	1.456974	0.500000
2.661882	3.772419	1.679223	0.500000
3.742922	3.774285	1.709635	0.500000
4.744202	3.810238	1.541612	0.500000
5.830127	3.806479	1.625008	0.500000
6.828200	3.774459	1.562293	0.500000
7.939395	3.752779	1.476716	0.500000
8.974554	3.757042	1.623968	0.500000
10.071404	3.843175	1.481696	0.500000
1.062928	4.768490	1.450883	0.500000
2.145770	4.715902	1.498164	0.500000
3.209647	4.739448	1.700089	0.500000
4.213976	4.758585	1.629321	0.500000
5.256732	4.728831	1.589862	0.500000
6.293436	4.696337	1.653814	0.500000
7.304857	4.741183	1.564919	0.500000
8.403976	4.715903	1.474427	0.500000
9.487539	4.670486	1.523595	0.500000
0.009655	4.769964	1.548437	0.500000
0.601517	5.671877	1.541726	0.500000
1.625348	5.596255	1.483700	0.500000
2.684418	5.656699	1.537748	0.500000
3.747637	5.669715	1.648653	0.500000
4.746830	5.685212	1.561081	0.500000
5.805780	5.620367	1.495949	0.500000
6.809865	5.626939	1.520559	0.500000
7.827324	5.591553	1.490905	0.500000
8.905184	5.591441	1.441181	0.500000
9.916639	5.609143	1.437509	0.500000
1.025864	6.579611	1.660482	0.500000
2.111399	6.497965	1.563485	0.500000
3.150797	6.561148	1.578626	0.500000
4.244174	6.553108	1.461884	0.500000
5.304175	6.654587	1.482159	0.500000
6.300901	6.513466	1.482950	0.500000
7.342228	6.497443	1.530326	0.500000
8.363703	6.558836	1.439067	0.500000
9.372044	6.477332	1.429162	0.500000
10.467047	6.582243	1.565197	0.500000
0.549650	7.491221	1.452230	0.500000
1.564193	7.400480	1.355750	0.500000
2.589160	7.429525	1.371804	0.500000
3.637001	7.452941	1.443845	0.500000
4.829844	7.555110	1.507061	0.500000
5.841632	7.497593	1.613035	0.500000
6.822585	7.403680	1.385262	0.500000
7.865286	7.425765	1.530241	0.500000
8.926610	7.389829	1.458064	0.500000
9.973207	7.469305	1.407700	0.500000
1.019764	8.373424	1.420261	0.500000
2.065289	8.409157	1.427874	0.500000
3.085984	8.307154	1.486200	0.500000
4.215791	8.359608	1.446971	0.500000
5.357520	8.379709	1.734168	0.500000
6.336775	8.348578	1.423584	0.500000
7.357147	8.288261	1.453318	0.500000
8.400775	8.312799	1.510746	0.500000
9.424589	8.328326	1.503776	0.500000
0.008775	8.338003	1.436103	0.500000
0.057363	8.915630	2.363052	0.500000
1.065157	9.027443	2.469905	0.500000
2.152920	0.002284	2.442982	0.500000
3.176723	9.059623	2.468947	0.500000
4.183922	8.984328	2.482043	0.500000
5.356984	8.922295	2.594297	0.500000
6.409869	8.926934	2.471315	0.500000
7.411781	8.998536	2.473279	0.500000
8.426491	8.999695	2.472518	0.500000
9.516138	9.017448	2.415227	0.500000
0.568096	0.810741	2.572379	0.500000
1.575458	0.817072	2.561219	0.500000
2.654180	0.864710	2.572365	0.500000
3.707163	0.867754	2.375600	0.500000
4.732479	0.830704	2.529433	0.500000
5.744552	0.801924	2.475557	0.500000
6.869861	0.785079	2.394969	0.500000
7.892214	0.798793	2.451964	0.500000
9.021544	0.819836	2.492902	0.500000
10.048746	0.797835	2.492381	0.500000
0.068964	1.716122	2.573108	0.500000
1.066187	1.704126	2.336023	0.500000
2.108589	1.731132	2.288561	0.500000
3.191136	1.723344	2.471526	0.500000
4.240173	1.713348	2.416152	0.500000
5.298029	1.762005	2.570859	0.500000
6.355533	1.758446	2.679841	0.500000
7.316725	1.724929	2.362885	0.500000
8.400807	1.702321	2.500936	0.500000
9.515359	1.692137	2.447329	0.500000
0.565116	2.693992	2.333467	0.500000
1.583288	2.691635	2.346828	0.500000
2.660792	2.672110	2.476402	0.500000
3.686632	2.646243	2.440720	0.500000
4.719251	2.588103	2.529067	0.500000
5.807509	2.647455	2.492285	0.500000
6.924192	2.718923	2.453692	0.500000
7.916687	2.593938	2.510256	0.500000
9.002714	2.587525	2.577553	0.500000
9.974658	2.657070	2.340410	0.500000
10.477481	3.564137	2.443529	0.500000
1.078917	3.586633	2.533277	0.500000
2.096407	3.600965	2.606193	0.500000
3.185987	3.521182	2.591416	0.500000
4.195184	3.514846	2.571757	0.500000
5.208522	3.521040	2.496236	0.500000
6.282987	3.531620	2.484204	0.500000
7.425414	3.611250	2.456296	0.500000
8.431541	3.496184	2.483782	0.500000
9.446298	3.499438	2.520273	0.500000
0.566154	4.511841	2.376749	0.500000
1.631955	4.489009	2.351155	0.500000
2.686852	4.404685	2.509894	0.500000
3.725699	4.401855	2.589509	0.500000
4.739451	4.437961	2.441985	0.500000
5.764155	4.462528	2.564975	0.500000
6.770852	4.504878	2.593280	0.500000
7.914896	4.502826	2.513840	0.500000
8.941716	4.440318	2.390818	0.500000
9.941820	4.436315	2.506202	0.500000
0.024323	5.368939	2.565191	0.500000
1.088615	5.398930	2.376987	0.500000
2.234840	5.329570	2.369046	0.500000
3.226535	5.297759	2.537751	0.500000
4.254914	5.472334	2.507919	0.500000
5.278464	5.418332	2.422434	0.500000
6.297956	5.415947	2.417316	0.500000
7.308138	5.408784	2.411004	0.500000
8.464474	5.379452	2.608225	0.500000
9.477436	5.323138	2.364990	0.500000
0.533271	6.257165	2.494075	0.500000
1.551522	6.286782	2.618589	0.500000
2.684696	6.269352	2.605530	0.500000
3.669839	6.322325	2.425695	0.500000
4.731570	6.351990	2.399558	0.500000
5.760038	6.295695	2.368687	0.500000
6.830298	6.291498	2.427383	0.500000
7.948196	6.247229	2.360500	0.500000
8.952188	6.215718	2.299030	0.500000
9.984979	6.220446	2.371786	0.500000
10.460079	7.143935	2.502788	0.500000
1.028263	7.170172	2.609211	0.500000
2.055869	7.240783	2.338525	0.500000
3.161059	7.252590	2.578301	0.500000
4.143879	7.204391	2.270306	0.500000
5.299993	7.206415	2.447740	0.500000
6.316853	7.155193	2.473205	0.500000
7.345902	7.155100	2.484533	0.500000
8.507499	7.080611	2.590084	0.500000
9.473520	7.080179	2.251283	0.500000
0.500968	8.007774	2.334122	0.500000
1.555965	8.137874	2.277286	0.500000
2.596707	8.139752	2.432188	0.500000
3.692496	8.100360	2.360579	0.500000
4.751969	8.084697	2.487536	0.500000
5.886051	8.063104	2.536550	0.500000
6.902746	8.058267	2.317248	0.500000
7.903334	8.036984	2.393857	0.500000
8.901777	7.994046	2.344370	0.500000
9.968642	8.029630	2.326351	0.500000
0.506619	0.126238	3.315342	0.500000
1.614959	0.220975	3.440268	0.500000
2.656775	0.228045	3.491666	0.500000
3.700163	0.202026	3.312390	0.500000
4.775341	0.204009	3.346308	0.500000
5.794877	0.258996	3.463887	0.500000
6.853306	0.219080	3.313336	0.500000
7.921446	0.154264	3.303926	0.500000
8.930092	0.149104	3.437674	0.500000
9.951301	0.200546	3.301577	0.500000
1.069582	1.125293	3.467282	0.500000
2.127251	1.078894	3.499100	0.500000
3.182296	1.123472	3.454485	0.500000
4.289677	1.113265	3.474870	0.500000
5.286987	1.181100	3.430136	0.500000
6.355140	1.089645	3.477399	0.500000
7.401089	1.058336	3.296176	0.500000
8.424973	1.031639	3.452273	0.500000
9.511301	1.102311	3.346874	0.500000
0.029642	1.040190	3.479464	0.500000
0.615183	2.093082	3.382023	0.500000
1.629238	1.979391	3.423370	0.500000
2.702770	2.058409	3.438698	0.500000
3.717155	2.035995	3.264415	0.500000
4.738768	2.028663	3.426012	0.500000
5.777773	2.083414	3.452563	0.500000
6.901867	2.043470	3.469931	0.500000
7.931769	2.014361	3.401611	0.500000
8.978221	1.965443	3.454245	0.500000
10.087225	1.983368	3.447485	0.500000
1.138181	2.993910	3.474495	0.500000
2.137745	2.917001	3.365517	0.500000
3.151054	2.963367	3.472780	0.500000
4.231396	2.895359	3.455698	0.500000
5.233736	2.936507	3.469442	0.500000
6.345336	2.937827	3.309574	0.500000
7.393430	2.974205	3.369915	0.500000
8.401721	2.912451	3.495845	0.500000
9.445864	2.880993	3.494288	0.500000
10.477588	2.909158	3.259365	0.500000
0.551191	3.916407	3.399675	0.500000
1.621436	3.883569	3.496071	0.500000
2.653850	3.834143	3.470227	0.500000
3.707167	3.829329	3.462246	0.500000
4.780048	3.898893	3.464878	0.500000
5.815010	3.815480	3.442484	0.500000
6.856483	3.833647	3.329676	0.500000
7.866819	3.866870	3.392657	0.500000
8.953576	3.819004	3.372009	0.500000
10.027285	3.856271	3.421237	0.500000
1.054412	4.792903	3.380071	0.500000
2.192072	4.719686	3.414955	0.500000
3.204773	4.786739	3.453549	0.500000
4.257248	4.751373	3.489511	0.500000
5.263218	4.786685	3.434702	0.500000
6.292744	4.750537	3.468489	0.500000
7.425195	4.809439	3.436546	0.500000
8.449217	4.846697	3.490660	0.500000
9.447223	4.737859	3.479359	0.500000
10.461468	4.784350	3.475639	0.500000
0.503426	5.649661	3.399125	0.500000
1.694105	5.600813	3.361463	0.500000
2.695903	5.652454	3.499484	0.500000
3.681531	5.742518	3.343466	0.500000
4.756410	5.690747	3.400131	0.500000
5.779324	5.674242	3.458187	0.500000
6.825845	5.685505	3.423556	0.500000
7.862930	5.711259	3.347334	0.500000
8.926926	5.753527	3.460367	0.500000
9.937656	5.688357	3.478645	0.500000
1.068404	6.561632	3.477140	0.500000
2.099973	6.527452	3.458453	0.500000
3.167354	6.608450	3.445594	0.500000
4.233185	6.569711	3.463399	0.500000
5.292257	6.561588	3.449497	0.500000
6.320573	6.552135	3.339633	0.500000
7.324289	6.601048	3.446444	0.500000
8.372830	6.628675	3.496973	0.500000
9.411174	6.598087	3.212546	0.500000
0.024597	6.604616	3.441410	0.500000
0.553687	7.457651	3.446989	0.500000
1.568627	7.441953	3.492107	0.500000
2.583383	7.433390	3.493430	0.500000
3.676311	7.473137	3.457174	0.500000
4.728584	7.435588	3.292707	0.500000
5.821060	7.453008	3.336997	0.500000
6.817810	7.514958	3.414503	0.500000
7.849516	7.526654	3.294401	0.500000
8.888651	7.494653	3.452156	0.500000
9.945391	7.458657	3.468116	0.500000
1.033810	8.304920	3.178900	0.500000
2.123878	8.409565	3.275426	0.500000
3.133986	8.451696	3.288567	0.500000
4.144305	8.360973	3.447763	0.500000
5.163506	8.355757	3.401175	0.500000
6.292394	8.387724	3.404168	0.500000
7.310549	8.404170	3.437762	0.500000
8.416177	8.365890	3.258160	0.500000
9.456824	8.368420	3.320191	0.500000
10.461775	8.310804	3.309389	0.500000
