100

0.675947	0.068770	0.647868	0.500000
1.654158	10.034806	0.686951	0.500000
2.591670	0.164515	0.559709	0.500000
4.494445	0.127090	0.624300	0.500000
5.352230	9.787292	0.634254	0.500000
7.537275	0.631645	0.529313	0.500000
6.318727	9.348659	0.562092	0.500000
8.312973	10.345039	0.535307	0.500000
9.197443	0.416240	0.504464	0.500000
0.907544	2.439631	0.617340	0.500000
9.464239	1.586596	0.576969	0.500000
1.694121	0.664131	0.532870	0.500000
2.766307	1.289861	0.675829	0.500000
3.588685	0.560982	0.676888	0.500000
6.446711	10.410142	0.510741	0.500000
4.535714	1.158550	0.534280	0.500000
7.273397	9.836823	0.626368	0.500000
6.562604	1.134230	0.671155	0.500000
8.481963	1.173127	0.520832	0.500000
10.151707	0.850342	0.680832	0.500000
1.694903	3.104213	0.652390	0.500000
3.615841	4.236992	0.649960	0.500000
4.530171	3.471317	0.679791	0.500000
2.813264	2.378403	0.503627	0.500000
3.674686	1.712285	0.535992	0.500000
6.614492	3.326697	0.559369	0.500000
5.427333	0.564256	0.578863	0.500000
7.508018	3.766143	0.679716	0.500000
0.003562	1.942546	0.682530	0.500000
7.576454	1.637533	0.686593	0.500000
1.835775	1.891901	0.695456	0.500000
3.603473	3.098704	0.604395	0.500000
2.889389	5.782206	0.528384	0.500000
4.634376	2.257065	0.651127	0.500000
5.643533	2.764084	0.572871	0.500000
5.669494	1.591390	0.636324	0.500000
6.565619	2.283310	0.573714	0.500000
6.396481	4.455176	0.688230	0.500000
7.488165	2.691153	0.630469	0.500000
10.439317	4.376583	0.611514	0.500000
9.596632	3.770670	0.572815	0.500000
0.839681	1.276214	0.570855	0.500000
3.795593	5.321019	0.518554	0.500000
4.731641	4.510591	0.533890	0.500000
5.496787	5.226559	0.672614	0.500000
6.569723	5.536500	0.519015	0.500000
5.622442	3.783309	0.680579	0.500000
7.337512	4.789058	0.541081	0.500000
8.473202	4.273312	0.560937	0.500000
8.427300	2.208690	0.544645	0.500000
10.415530	3.007727	0.565471	0.500000
0.802878	3.759220	0.511499	0.500000
2.743345	3.651896	0.605907	0.500000
0.905608	6.133938	0.583682	0.500000
4.684381	5.921730	0.548689	0.500000
5.645878	6.214320	0.557403	0.500000
7.598078	5.904902	0.527563	0.500000
9.403590	5.902730	0.656301	0.500000
8.446007	5.290965	0.543655	0.500000
8.336962	3.219408	0.547356	0.500000
9.363675	2.588970	0.504954	0.500000
1.794466	4.201856	0.564521	0.500000
2.720485	4.683611	0.534552	0.500000
3.661574	6.482942	0.631666	0.500000
4.648489	6.984073	0.583042	0.500000
5.803859	7.210907	0.665908	0.500000
6.649833	6.577489	0.668554	0.500000
7.665343	6.947302	0.664351	0.500000
10.363877	5.492932	0.626577	0.500000
9.559670	4.880937	0.506993	0.500000
0.906701	4.948789	0.621276	0.500000
1.883794	6.411519	0.577273	0.500000
2.506709	7.235492	0.531581	0.500000
2.244204	8.225708	0.616057	0.500000
3.419692	7.761270	0.684028	0.500000
6.086124	8.364803	0.615243	0.500000
6.961206	7.808349	0.513034	0.500000
7.978530	8.112758	0.533612	0.500000
8.931421	7.546575	0.657675	0.500000
9.960555	7.879673	0.611556	0.500000
1.914468	5.373485	0.568142	0.500000
0.327534	6.982778	0.529390	0.500000
8.615279	6.561148	0.550108	0.500000
1.454182	7.437305	0.646888	0.500000
3.482123	8.917820	0.595786	0.500000
4.457699	8.003242	0.697566	0.500000
7.175085	8.801354	0.534568	0.500000
8.966364	8.588872	0.653170	0.500000
9.696121	6.865517	0.629612	0.500000
9.981917	9.011353	0.583966	0.500000
0.652997	9.471288	0.544761	0.500000
3.381856	9.959052	0.574780	0.500000
1.530785	8.927400	0.604191	0.500000
2.480989	9.240376	0.554349	0.500000
4.347031	9.453726	0.627996	0.500000
5.167865	8.768007	0.649565	0.500000
8.093145	9.192021	0.699072	0.500000
9.129846	9.765902	0.657698	0.500000
0.476507	8.258023	0.605959	0.500000
10.074223	10.244179	0.671402	0.500000
