100

9.996457	8.653028	0.546656	0.500000
0.997178	8.653270	0.588728	0.500000
1.994901	8.656864	0.513464	0.500000
2.992219	8.656150	0.592298	0.500000
3.993562	8.659189	0.598862	0.500000
4.994615	8.658303	0.598442	0.500000
5.993338	8.656042	0.502093	0.500000
6.994088	8.657677	0.503011	0.500000
7.995583	8.653225	0.504408	0.500000
8.995417	8.653365	0.584583	0.500000
0.496711	0.860826	0.525628	0.500000
1.496861	0.865805	0.525109	0.500000
2.494944	0.867420	0.598098	0.500000
3.491036	0.860293	0.507916	0.500000
4.492278	0.862574	0.523314	0.500000
5.491527	0.867172	0.594266	0.500000
6.494407	0.863985	0.586676	0.500000
7.497829	0.860395	0.584569	0.500000
8.497289	0.861205	0.501951	0.500000
9.495854	0.859715	0.580136	0.500000
9.996274	1.729757	0.507645	0.500000
0.994451	1.728204	0.590338	0.500000
1.996317	1.732198	0.501754	0.500000
2.998518	1.730850	0.512928	0.500000
3.997570	1.731624	0.593546	0.500000
4.994115	1.731852	0.505276	0.500000
5.994977	1.727296	0.510000	0.500000
6.998811	1.725039	0.505694	0.500000
7.997198	1.727264	0.583318	0.500000
8.997741	1.726784	0.589977	0.500000
0.497948	2.594780	0.518004	0.500000
1.495421	2.595097	0.597345	0.500000
2.497790	2.595731	0.578882	0.500000
3.501214	2.596597	0.512327	0.500000
4.497877	2.597925	0.594004	0.500000
5.498757	2.591716	0.594465	0.500000
6.496425	2.594477	0.518489	0.500000
7.495193	2.592170	0.585097	0.500000
8.496883	2.590532	0.506210	0.500000
9.500150	2.594769	0.586493	0.500000
9.997313	3.460766	0.510531	0.500000
0.995360	3.461333	0.598593	0.500000
1.995366	3.460578	0.519829	0.500000
2.996967	3.460841	0.502682	0.500000
4.003604	3.462229	0.500859	0.500000
5.004639	3.457985	0.500921	0.500000
6.002061	3.461424	0.595043	0.500000
7.001238	3.458945	0.501128	0.500000
7.999889	3.456386	0.592815	0.500000
8.996861	3.457011	0.511677	0.500000
0.502986	4.326699	0.500749	0.500000
1.499396	4.325800	0.593663	0.500000
2.502039	4.325532	0.598977	0.500000
3.501462	4.325643	0.552716	0.500000
4.501117	4.326171	0.581596	0.500000
5.501823	4.327570	0.579407	0.500000
6.500240	4.327791	0.510312	0.500000
7.499319	4.324342	0.598787	0.500000
8.496492	4.325006	0.509179	0.500000
9.496698	4.322336	0.596088	0.500000
9.999677	5.191355	0.576566	0.500000
1.000645	5.194724	0.599793	0.500000
1.998218	5.189276	0.514854	0.500000
2.999120	5.193053	0.507285	0.500000
3.997840	5.193477	0.599812	0.500000
4.996451	5.191655	0.503760	0.500000
5.996904	5.195107	0.510185	0.500000
7.000035	5.194213	0.511547	0.500000
7.998864	5.192246	0.594185	0.500000
8.999449	5.192688	0.574155	0.500000
0.498468	6.054877	0.501122	0.500000
1.499087	6.057289	0.506539	0.500000
2.497163	6.057504	0.599678	0.500000
3.497949	6.059022	0.568171	0.500000
4.496634	6.058715	0.513669	0.500000
5.493633	6.058449	0.593948	0.500000
6.496578	6.058037	0.598250	0.500000
7.498401	6.059900	0.592769	0.500000
8.495907	6.056878	0.509699	0.500000
9.496632	6.057607	0.504114	0.500000
9.994766	6.920773	0.588335	0.500000
0.997584	6.917666	0.597935	0.500000
1.997467	6.923382	0.553785	0.500000
2.997456	6.927891	0.586576	0.500000
3.996737	6.926125	0.507593	0.500000
4.992989	6.924575	0.598062	0.500000
5.994639	6.922032	0.500461	0.500000
6.995810	6.921351	0.503924	0.500000
7.997054	6.924500	0.506618	0.500000
8.993752	6.920218	0.594152	0.500000
0.493885	7.785267	0.515517	0.500000
1.494490	7.787212	0.522346	0.500000
2.495915	7.790845	0.502212	0.500000
3.496882	7.792718	0.509590	0.500000
4.493344	7.790886	0.595625	0.500000
5.493170	7.787215	0.514301	0.500000
6.491081	7.791403	0.599826	0.500000
7.493189	7.787927	0.567159	0.500000
8.494902	7.787206	0.598565	0.500000
9.493249	7.783845	0.513444	0.500000
