400

5.914350	2.009191	3.266539	0.500000
1.708353	5.968678	2.688810	0.500000
0.346004	5.093483	1.681665	0.500000
0.534739	2.199598	0.520580	0.500000
6.281374	8.201010	3.481417	0.500000
0.270765	0.691871	2.675781	0.500000
7.492802	4.083509	2.737021	0.500000
5.166348	1.947748	1.839035	0.500000
1.432807	0.159786	0.761523	0.500000
6.309044	0.914219	1.173741	0.500000
4.565415	2.271020	0.843007	0.500000
11.845777	1.351847	3.672971	0.500000
9.822229	0.806550	2.404568	0.500000
4.551531	3.989615	3.956794	0.500000
4.966683	0.650763	1.546636	0.500000
9.302410	8.120034	3.990598	0.500000
10.085267	9.807113	3.198314	0.500000
8.823367	0.024330	1.537066	0.500000
6.089677	9.843303	2.978504	0.500000
8.640613	11.665093	0.538796	0.500000
9.152299	1.120192	3.983149	0.500000
8.634987	6.550299	3.060824	0.500000
5.626046	4.530864	2.899133	0.500000
12.186507	3.626514	1.990000	0.500000
6.855458	12.284551	0.615590	0.500000
2.513923	4.962420	0.993749	0.500000
8.999610	6.065456	1.494016	0.500000
4.183596	9.845841	1.734902	0.500000
6.336839	1.349011	2.300169	0.500000
0.131508	0.284374	1.149155	0.500000
7.630958	2.919621	1.432678	0.500000
12.018705	9.776976	1.392621	0.500000
6.424796	8.018181	1.690975	0.500000
2.372733	9.979594	0.674603	0.500000
4.893169	6.804212	2.287533	0.500000
0.454592	9.848011	0.639258	0.500000
9.427914	10.868022	1.661318	0.500000
11.045689	12.067975	1.317698	0.500000
11.781652	0.436560	3.118046	0.500000
3.279989	6.078840	1.549408	0.500000
1.230905	1.874277	1.804623	0.500000
3.789544	9.337571	3.960604	0.500000
9.333443	0.038514	0.667549	0.500000
2.027515	11.106978	0.545486	0.500000
3.857408	0.133298	1.290353	0.500000
9.510179	3.588263	2.346701	0.500000
11.295238	6.925630	2.093548	0.500000
7.486338	1.546236	1.678015	0.500000
3.833754	12.256067	3.916030	0.500000
8.499861	0.309930	2.958493	0.500000
7.663649	11.759055	2.807571	0.500000
12.366010	5.127340	3.103497	0.500000
8.809922	5.221645	0.647721	0.500000
3.662851	1.676349	2.886706	0.500000
6.922614	7.329336	3.402905	0.500000
12.107127	11.781978	1.689615	0.500000
4.076427	6.839869	1.550299	0.500000
3.967207	3.372466	2.161019	0.500000
9.380678	10.131492	3.902550	0.500000
0.880279	10.766093	0.542015	0.500000
5.405974	10.597085	1.299871	0.500000
7.447303	5.920756	0.583172	0.500000
2.550692	1.383846	2.896281	0.500000
7.676286	5.951738	3.074172	0.500000
3.021779	8.631103	1.967680	0.500000
9.873039	1.587509	3.402221	0.500000
1.503866	4.890780	3.983045	0.500000
8.163852	7.377815	2.627320	0.500000
2.234234	5.083861	2.915228	0.500000
4.936445	5.238440	3.721142	0.500000
0.090848	6.467640	1.446446	0.500000
4.953133	9.686963	3.971973	0.500000
2.781338	10.819307	3.778054	0.500000
1.744575	2.019470	3.893732	0.500000
5.764039	8.343670	0.623705	0.500000
12.050378	7.351349	0.502387	0.500000
9.771013	5.080930	1.251313	0.500000
7.345277	8.187010	3.868491	0.500000
11.390360	7.611969	1.365390	0.500000
5.603029	10.467962	3.596371	0.500000
9.809994	10.938865	3.141309	0.500000
10.478197	6.180384	2.260754	0.500000
6.589948	9.105151	1.137751	0.500000
6.613183	4.510112	3.059607	0.500000
0.916679	2.524361	2.994615	0.500000
8.613208	6.580984	0.680619	0.500000
1.890529	8.805701	1.020679	0.500000
0.086814	6.121653	3.038822	0.500000
7.953738	10.471092	1.974311	0.500000
6.900753	0.285694	3.222464	0.500000
5.661743	2.373429	1.044389	0.500000
7.579986	5.192507	3.965961	0.500000
2.363448	5.486780	1.952284	0.500000
8.949436	4.129136	3.367744	0.500000
10.146464	7.357552	3.813089	0.500000
7.896516	7.133129	3.711615	0.500000
6.845342	10.223325	1.877124	0.500000
3.821008	0.940363	3.920029	0.500000
0.065441	1.265206	0.567032	0.500000
2.993540	11.308570	2.604183	0.500000
8.206698	9.795105	3.678196	0.500000
10.583342	0.155362	0.608358	0.500000
4.967794	0.774611	3.942163	0.500000
4.532750	2.781391	3.839623	0.500000
6.799031	5.517303	2.812440	0.500000
3.149319	1.949327	3.898426	0.500000
0.361977	7.784837	3.373799	0.500000
1.453576	9.328387	3.493082	0.500000
0.574694	7.813484	0.603288	0.500000
11.647034	9.088077	0.503480	0.500000
7.675845	3.472805	0.540460	0.500000
8.241160	9.533337	0.715000	0.500000
6.409908	3.958286	2.140351	0.500000
9.372503	9.001883	2.236112	0.500000
0.636168	3.902928	1.518476	0.500000
0.968383	11.790101	3.987334	0.500000
3.526401	7.989366	2.970794	0.500000
9.292305	1.630946	1.155356	0.500000
10.048537	8.878200	3.848899	0.500000
5.683201	11.601086	0.655562	0.500000
9.667221	9.661895	1.532770	0.500000
4.724456	4.683326	1.063221	0.500000
6.848904	2.636027	2.782611	0.500000
3.159255	4.221527	2.619733	0.500000
12.186036	1.228187	1.783455	0.500000
11.894170	5.692122	3.986545	0.500000
2.274642	3.429980	0.606568	0.500000
11.911717	9.975705	2.526862	0.500000
5.879802	6.020565	2.080166	0.500000
7.123117	8.305245	2.347382	0.500000
9.316338	3.012041	3.406932	0.500000
0.436764	10.907348	3.904172	0.500000
5.811672	12.099719	3.621255	0.500000
11.647193	11.751091	2.587626	0.500000
5.632816	5.978434	3.131088	0.500000
9.700945	10.668094	0.551803	0.500000
9.573057	5.615598	2.480769	0.500000
6.515440	2.376522	3.997085	0.500000
4.212547	6.315148	2.855800	0.500000
8.456207	2.005686	0.661165	0.500000
6.608624	9.176768	2.218980	0.500000
2.910846	9.587779	1.622448	0.500000
2.512220	7.976246	2.712138	0.500000
0.760316	6.032635	3.852647	0.500000
5.799934	2.981189	2.770033	0.500000
1.582359	2.623427	1.082486	0.500000
10.802851	4.671384	0.927125	0.500000
1.068306	5.977523	1.730562	0.500000
5.712316	7.439360	2.429255	0.500000
9.996013	7.861281	0.571247	0.500000
0.523394	2.861521	1.569917	0.500000
2.359660	4.417951	3.677139	0.500000
11.045104	8.366382	1.927371	0.500000
9.122861	3.152330	0.586830	0.500000
11.839576	4.304587	1.259983	0.500000
3.500915	10.399000	2.961926	0.500000
1.192905	3.403669	0.581675	0.500000
9.564081	2.824582	1.521624	0.500000
3.668270	3.028077	3.223423	0.500000
8.016859	3.061987	2.852570	0.500000
9.525204	12.428677	2.934229	0.500000
12.192691	3.313355	0.880026	0.500000
9.069427	10.208675	2.456528	0.500000
8.708493	3.495408	1.747992	0.500000
3.128651	0.502850	0.529401	0.500000
10.932016	4.178637	3.413009	0.500000
11.332473	7.842170	3.936151	0.500000
7.146109	3.917422	3.671390	0.500000
9.535701	6.681632	2.237570	0.500000
7.376142	9.784793	2.713592	0.500000
7.490783	2.812949	3.690813	0.500000
4.621263	3.263148	0.572922	0.500000
6.483162	2.731931	1.547173	0.500000
7.247212	10.792358	3.837849	0.500000
2.095211	11.681675	2.037942	0.500000
4.623837	1.785648	3.463779	0.500000
2.020951	11.899736	3.229857	0.500000
1.867624	5.995036	3.836469	0.500000
1.751082	0.741125	3.637410	0.500000
4.169190	10.382551	3.957018	0.500000
5.036797	6.612093	0.799693	0.500000
11.090528	9.688851	3.760530	0.500000
7.987121	12.445151	0.611165	0.500000
9.000074	5.814806	3.901796	0.500000
3.729365	10.300760	0.888141	0.500000
0.813040	3.997777	2.623588	0.500000
2.865884	6.525169	3.908309	0.500000
11.940288	10.858568	0.825725	0.500000
8.056430	11.428539	3.973976	0.500000
6.070557	0.668766	3.906807	0.500000
12.361806	6.905944	3.933154	0.500000
3.812502	7.443215	0.669005	0.500000
9.119605	6.943839	3.912237	0.500000
2.818249	9.618575	3.822442	0.500000
5.948370	3.916586	3.936591	0.500000
0.623628	8.712565	3.902285	0.500000
6.257255	7.294379	1.017760	0.500000
1.594150	7.224284	0.705505	0.500000
6.400980	5.500801	3.757720	0.500000
2.889468	0.948210	1.757935	0.500000
2.642782	8.634262	3.874345	0.500000
2.047108	3.850068	2.679025	0.500000
8.815927	1.177187	2.284974	0.500000
5.547143	1.279904	0.621905	0.500000
1.615234	4.717410	1.834698	0.500000
5.998627	4.732943	0.889355	0.500000
11.166287	10.683547	2.151563	0.500000
5.771758	9.709250	1.921639	0.500000
3.162668	2.889783	0.526266	0.500000
7.041420	9.984533	0.908272	0.500000
3.382161	1.435650	1.006026	0.500000
1.119411	7.107814	3.102843	0.500000
4.199224	5.815879	0.581940	0.500000
9.982096	6.304342	3.377817	0.500000
10.961181	1.552463	1.934310	0.500000
0.017472	9.231403	2.912592	0.500000
3.429512	6.768514	2.359754	0.500000
8.352102	3.303089	3.885588	0.500000
7.024619	10.717968	2.830008	0.500000
9.655480	8.603345	1.177637	0.500000
2.983157	2.181215	1.709537	0.500000
6.681448	2.210917	0.638657	0.500000
8.022901	8.337175	2.894426	0.500000
11.531203	3.371367	3.979349	0.500000
4.761194	11.096095	0.548947	0.500000
3.814569	5.293048	2.893842	0.500000
9.907466	4.759726	2.972063	0.500000
2.564366	1.982585	0.524768	0.500000
2.584240	12.394377	1.307213	0.500000
11.840911	8.117446	2.644918	0.500000
12.294121	8.173216	1.639437	0.500000
5.574343	12.156907	1.642778	0.500000
10.757332	2.669483	1.395019	0.500000
3.873881	11.291288	3.266556	0.500000
4.019828	8.676188	0.751325	0.500000
10.929429	6.383036	3.888534	0.500000
4.363560	0.965197	0.589647	0.500000
4.214148	11.238304	2.252075	0.500000
11.884249	9.088522	3.973396	0.500000
3.641028	9.353843	2.527443	0.500000
10.306321	2.889179	2.537633	0.500000
10.835381	9.559999	1.565446	0.500000
2.756617	7.163815	1.374444	0.500000
7.018366	9.618416	3.708857	0.500000
12.129824	4.076891	3.488874	0.500000
10.103004	7.820196	2.892187	0.500000
8.332883	9.452735	2.590714	0.500000
8.663606	9.562934	1.630377	0.500000
12.290595	10.766008	2.035333	0.500000
4.011216	2.290909	1.726411	0.500000
1.083224	5.149806	2.913411	0.500000
10.150999	3.546159	3.556278	0.500000
12.179958	5.717652	0.738568	0.500000
11.384292	12.298867	3.983100	0.500000
4.611873	2.637025	2.766948	0.500000
6.234226	11.394060	2.888508	0.500000
0.105598	11.468032	2.937656	0.500000
9.267218	9.465609	0.552031	0.500000
3.590213	4.462414	3.625998	0.500000
3.886411	1.200703	1.907232	0.500000
10.582065	4.715417	2.212993	0.500000
8.264001	10.707741	0.944705	0.500000
5.977497	10.292043	0.503823	0.500000
2.960674	8.079792	0.647780	0.500000
3.823681	5.478581	3.964287	0.500000
8.563354	0.227798	3.981100	0.500000
0.843856	6.243602	0.754318	0.500000
10.132847	11.606755	1.204781	0.500000
10.052803	0.305580	1.567469	0.500000
0.624311	10.059475	2.766251	0.500000
6.240197	6.857924	3.977573	0.500000
6.592829	5.592252	1.338974	0.500000
7.324943	6.772374	1.224165	0.500000
0.988074	7.070135	1.831725	0.500000
1.350944	1.577752	3.063246	0.500000
0.090768	12.350275	3.782348	0.500000
0.823697	0.827251	1.714862	0.500000
3.407570	4.699066	1.776572	0.500000
3.782532	7.216872	3.949946	0.500000
4.858394	8.933879	1.560348	0.500000
0.623203	9.135510	1.591764	0.500000
4.860224	2.991425	1.513772	0.500000
2.078414	10.404457	2.607243	0.500000
0.943192	8.842743	2.679669	0.500000
1.293341	4.444387	0.703740	0.500000
4.787937	7.891803	2.702660	0.500000
8.953793	8.649737	3.148570	0.500000
4.778297	4.995692	2.314261	0.500000
11.442382	1.841129	2.853608	0.500000
9.211153	2.347321	2.597073	0.500000
1.265800	10.883525	3.012620	0.500000
5.288383	4.018890	1.669512	0.500000
5.723992	3.339855	0.671780	0.500000
10.770517	5.289056	3.110635	0.500000
7.184583	6.329030	2.259492	0.500000
11.723060	11.256404	3.608085	0.500000
9.861936	5.776790	0.524569	0.500000
12.045308	2.521534	2.141530	0.500000
7.091499	1.200603	0.590388	0.500000
5.787790	0.179919	0.631543	0.500000
8.468728	2.509723	1.889855	0.500000
9.078247	4.603707	2.372232	0.500000
10.880148	9.778914	0.526863	0.500000
1.108714	12.431042	2.727379	0.500000
10.088489	0.254252	3.981135	0.500000
8.781469	7.718485	0.556731	0.500000
2.723614	10.715554	1.292921	0.500000
9.759606	11.728158	3.853835	0.500000
6.713734	3.618200	0.834956	0.500000
10.238274	7.557378	1.896969	0.500000
2.138623	6.665326	2.073922	0.500000
1.359351	1.179135	0.510995	0.500000
11.516311	0.855794	1.030585	0.500000
1.709865	10.541337	3.991087	0.500000
7.977077	1.966407	2.809074	0.500000
6.376531	0.182436	2.014563	0.500000
10.584419	0.004242	2.814251	0.500000
8.327992	1.031134	1.227958	0.500000
2.940977	5.953947	2.807063	0.500000
8.471649	5.003497	3.120837	0.500000
0.758577	3.749388	3.737528	0.500000
3.433402	5.045467	0.540141	0.500000
5.563661	0.279107	2.636816	0.500000
7.985332	8.000143	1.279518	0.500000
3.982628	7.870155	1.728872	0.500000
5.291446	7.832853	1.558779	0.500000
6.544231	11.452450	1.473196	0.500000
10.699255	8.664599	2.893147	0.500000
10.751711	2.031839	3.780796	0.500000
10.396143	6.820340	1.209126	0.500000
3.823598	3.899193	1.212546	0.500000
8.167997	11.585130	1.529857	0.500000
10.945369	0.997652	3.168541	0.500000
4.634544	5.982264	1.678249	0.500000
0.930550	8.184398	1.471543	0.500000
6.799013	11.011636	0.555098	0.500000
0.157880	1.713817	2.988592	0.500000
5.982703	4.947087	1.945045	0.500000
8.152699	4.353471	2.007575	0.500000
11.045074	3.781039	2.323908	0.500000
0.598977	2.114279	3.854680	0.500000
10.946276	5.699123	1.356678	0.500000
2.809035	2.964367	2.560624	0.500000
8.519607	7.200710	1.652710	0.500000
1.726569	3.117975	3.700133	0.500000
1.862911	2.800312	2.237361	0.500000
1.777474	1.062647	1.413460	0.500000
0.633430	1.131928	3.655476	0.500000
10.544538	8.753385	0.701660	0.500000
7.722901	5.526122	1.461500	0.500000
2.867867	3.496707	3.654802	0.500000
0.693847	11.274345	1.438908	0.500000
10.677969	3.438416	0.547156	0.500000
0.349357	8.810218	0.669543	0.500000
10.757553	10.746400	1.045027	0.500000
5.947778	5.794477	0.570009	0.500000
1.518341	10.385553	1.554535	0.500000
7.727057	0.861872	2.380793	0.500000
4.978180	10.167377	2.718936	0.500000
5.711758	9.004602	3.992599	0.500000
0.955042	7.860053	2.444609	0.500000
1.042756	12.263858	1.731286	0.500000
5.495132	8.795339	2.575370	0.500000
12.099432	10.143214	3.594244	0.500000
4.904403	11.794857	3.946559	0.500000
7.120980	7.649099	0.512559	0.500000
2.339547	9.428828	2.759717	0.500000
11.364200	0.449531	1.949096	0.500000
7.694151	8.690767	0.504056	0.500000
7.198272	1.722347	3.432924	0.500000
3.667983	11.384535	1.208857	0.500000
1.989104	7.769017	1.844379	0.500000
4.792235	7.585325	3.677902	0.500000
10.394213	2.157459	0.531947	0.500000
8.289020	1.678648	3.945558	0.500000
7.357358	4.835125	0.721497	0.500000
9.745819	4.094705	0.949548	0.500000
7.797276	0.748166	3.553372	0.500000
5.229573	6.449245	3.961391	0.500000
11.447963	5.358529	2.190953	0.500000
4.598592	3.712327	2.980551	0.500000
3.578191	0.303647	2.424662	0.500000
2.007748	5.718297	0.527907	0.500000
2.459838	4.174255	1.773990	0.500000
8.744018	11.632663	3.115694	0.500000
11.946895	11.929703	0.520787	0.500000
9.591100	6.806501	0.613963	0.500000
10.746884	10.648279	3.411741	0.500000
8.353037	8.560323	3.986919	0.500000
4.467610	0.519447	2.872300	0.500000
4.605270	8.924332	3.390737	0.500000
7.621332	12.421054	1.655016	0.500000
11.559408	6.532427	0.902099	0.500000
2.793402	5.496755	3.863757	0.500000
10.921802	9.805779	2.585228	0.500000
4.807285	9.812093	0.659329	0.500000
1.716201	9.469975	1.927310	0.500000
4.831671	7.865510	0.669789	0.500000
2.759053	0.902225	3.800474	0.500000
7.677832	8.949781	1.745990	0.500000
