400

7.814586	6.251904	3.000037	0.500000
9.160249	6.865161	3.803294	0.500000
7.807068	0.992464	2.610871	0.500000
1.405550	3.628360	1.722017	0.500000
2.688264	0.760652	2.737311	0.500000
10.080573	5.026533	1.079975	0.500000
8.749965	0.146819	3.448276	0.500000
7.211346	7.849370	2.402704	0.500000
11.602973	10.898263	2.588023	0.500000
6.059787	3.101440	1.768690	0.500000
10.369403	9.945300	2.970185	0.500000
4.906853	3.573865	1.307444	0.500000
10.621320	0.075657	1.924910	0.500000
9.710221	10.458281	1.953780	0.500000
4.308619	1.183842	2.102122	0.500000
0.994755	1.096580	1.512672	0.500000
6.938601	11.118413	3.562893	0.500000
8.546126	7.668654	3.006045	0.500000
11.705439	2.747141	3.637094	0.500000
2.174289	2.851817	1.127940	0.500000
2.857449	3.575366	3.656090	0.500000
9.194117	1.604390	0.517997	0.500000
6.667590	4.524815	0.588469	0.500000
2.940000	8.827087	3.066120	0.500000
2.470565	1.727856	3.288518	0.500000
8.762947	4.417495	3.696998	0.500000
0.374469	12.201106	2.318933	0.500000
2.847330	11.937458	2.287681	0.500000
0.824118	5.562330	0.769123	0.500000
10.313160	7.172990	3.925202	0.500000
8.865490	10.933118	3.820366	0.500000
5.605962	9.334395	2.900351	0.500000
3.033594	4.609898	1.489512	0.500000
9.808174	4.428437	3.719931	0.500000
11.065446	10.053961	2.075417	0.500000
7.852769	10.118816	2.620526	0.500000
0.015281	8.912930	2.839729	0.500000
5.530941	7.681424	3.910223	0.500000
1.403744	2.008892	0.578512	0.500000
2.270211	6.711392	3.682513	0.500000
0.861401	2.928498	0.519877	0.500000
1.244336	10.126000	3.902977	0.500000
8.534848	3.826485	1.191464	0.500000
8.559971	9.024092	1.770409	0.500000
7.583599	7.621592	3.552414	0.500000
8.382536	9.433606	3.623154	0.500000
11.402952	7.082126	2.869126	0.500000
0.977055	4.265895	2.555039	0.500000
3.675653	11.814026	3.945567	0.500000
2.524865	10.003021	3.228873	0.500000
1.185344	7.627930	2.754172	0.500000
11.456392	4.117805	0.610798	0.500000
2.575824	5.442752	2.648095	0.500000
6.348662	6.947142	3.669595	0.500000
6.742036	2.510305	3.264243	0.500000
0.153326	5.489286	3.889816	0.500000
8.342701	8.923442	0.570101	0.500000
1.799792	0.831129	3.970794	0.500000
4.208237	9.206819	3.671951	0.500000
5.659684	7.748895	0.513734	0.500000
8.827380	7.991943	0.656512	0.500000
9.429545	11.759968	3.954601	0.500000
5.602072	1.067350	1.353974	0.500000
12.145829	8.521709	3.992074	0.500000
6.107005	5.853056	0.511994	0.500000
11.795238	11.201434	0.673524	0.500000
5.732253	4.809886	0.878609	0.500000
1.392987	4.040156	0.533823	0.500000
0.838868	2.411107	3.978748	0.500000
9.241121	4.514729	2.663296	0.500000
11.956017	3.654583	1.759821	0.500000
9.657308	0.233466	2.171297	0.500000
1.453934	6.405483	0.572921	0.500000
0.880245	1.687098	2.434680	0.500000
7.926879	11.713348	3.753741	0.500000
12.327366	10.412202	1.746130	0.500000
9.173934	1.184575	2.238324	0.500000
2.601212	9.280141	3.978218	0.500000
5.330488	0.597683	2.818172	0.500000
2.941993	10.927628	3.691919	0.500000
5.769886	3.584468	0.581912	0.500000
0.242128	1.937833	0.645732	0.500000
1.250279	6.404005	3.938330	0.500000
4.307563	3.242726	0.555484	0.500000
0.197226	8.164497	1.985951	0.500000
6.565662	0.770375	1.102859	0.500000
11.588203	7.836273	1.525306	0.500000
3.696916	2.041223	1.987759	0.500000
10.722934	0.584872	0.709752	0.500000
3.531625	2.510076	3.889161	0.500000
4.420307	10.097238	0.617889	0.500000
6.248852	2.102788	1.581594	0.500000
8.627000	10.802240	2.058438	0.500000
9.618899	9.666920	0.585589	0.500000
10.726440	8.632589	3.883737	0.500000
12.110586	4.949503	1.422066	0.500000
3.032509	9.446454	1.345209	0.500000
6.544613	1.202365	3.827156	0.500000
12.033608	11.568611	1.778778	0.500000
6.394747	9.642084	1.580320	0.500000
7.573176	9.235687	2.177538	0.500000
2.818248	10.438283	1.740820	0.500000
6.805529	11.832713	1.667273	0.500000
7.296738	4.663857	2.774745	0.500000
0.211473	6.203584	2.169997	0.500000
10.286378	4.035530	0.502034	0.500000
6.452488	0.006888	3.787190	0.500000
2.157840	1.683094	2.100877	0.500000
9.501571	2.185610	3.817976	0.500000
9.435808	4.171237	1.611846	0.500000
10.974223	9.163946	0.819042	0.500000
11.746729	6.054177	1.579895	0.500000
7.335358	1.353574	1.537136	0.500000
4.778520	9.465858	1.970649	0.500000
7.022465	10.504213	1.592117	0.500000
11.206852	3.820828	3.999276	0.500000
8.407936	7.961464	1.746887	0.500000
4.154420	7.079389	3.739526	0.500000
8.284833	5.204765	3.044815	0.500000
5.738135	4.102706	3.100989	0.500000
2.676545	3.668574	1.981958	0.500000
8.227685	7.044656	0.769083	0.500000
8.435968	1.724138	3.121760	0.500000
3.534785	5.298287	0.804449	0.500000
4.267362	8.656341	2.773504	0.500000
4.255761	6.659166	1.920892	0.500000
5.415962	11.633287	0.687888	0.500000
4.029042	3.041455	2.956524	0.500000
0.226653	8.777850	0.799198	0.500000
7.937795	11.545969	1.239600	0.500000
8.774334	6.768456	1.808164	0.500000
11.611084	0.120839	2.529996	0.500000
5.873564	5.257850	2.691390	0.500000
8.965592	5.649779	1.931323	0.500000
7.867242	9.920328	1.444294	0.500000
7.912325	1.711104	0.623138	0.500000
1.412012	0.935867	2.935568	0.500000
9.862666	2.666069	2.676799	0.500000
8.627433	2.627511	3.534155	0.500000
9.654202	2.598503	0.617570	0.500000
6.686927	8.762522	0.757169	0.500000
9.450473	6.178066	2.943047	0.500000
7.035651	3.454163	2.367582	0.500000
4.930930	7.261510	3.005483	0.500000
1.147255	8.384653	0.666707	0.500000
4.298907	0.560086	3.932029	0.500000
11.077742	10.859714	1.343720	0.500000
4.426054	5.914646	0.785848	0.500000
7.804816	0.306936	1.449747	0.500000
3.578477	12.036853	1.187672	0.500000
7.946390	6.256043	1.338000	0.500000
7.124018	9.764874	3.966651	0.500000
5.565291	3.041637	3.881978	0.500000
7.369996	3.977393	1.304830	0.500000
10.401094	4.255921	2.875215	0.500000
0.897887	8.450759	3.663154	0.500000
3.285569	8.414756	2.074461	0.500000
6.555474	3.543308	3.366787	0.500000
1.025991	2.597267	1.471418	0.500000
10.601391	2.979841	2.018405	0.500000
5.203086	8.632107	3.781250	0.500000
11.200707	2.279950	1.449862	0.500000
5.418944	1.875164	0.552528	0.500000
11.557974	5.179660	3.225871	0.500000
6.485879	0.810625	2.509285	0.500000
3.945137	9.815471	1.525474	0.500000
2.876993	7.491944	1.799947	0.500000
9.731965	0.984718	1.166424	0.500000
6.911691	9.649140	2.950470	0.500000
8.661146	8.334545	3.892066	0.500000
1.545832	2.453607	2.316604	0.500000
5.042536	9.375417	0.941784	0.500000
8.041380	3.875435	2.074753	0.500000
9.364122	3.651545	0.603633	0.500000
10.431503	11.461045	3.929908	0.500000
3.107346	5.633034	1.779923	0.500000
0.528776	0.835719	0.646479	0.500000
6.643176	8.158117	3.553545	0.500000
2.335608	6.249546	2.023538	0.500000
10.887961	3.176845	1.075478	0.500000
10.950044	2.326294	3.025643	0.500000
2.831453	0.370544	1.626029	0.500000
7.938605	3.421880	3.127364	0.500000
7.405176	11.170625	2.335130	0.500000
2.695458	5.964752	0.604502	0.500000
7.954778	4.857300	1.780327	0.500000
1.049612	3.415577	3.985867	0.500000
3.646228	1.497942	2.865817	0.500000
3.580234	6.505439	0.911817	0.500000
11.643691	8.330625	3.088177	0.500000
0.003723	4.084366	0.660586	0.500000
3.365152	9.603887	2.566785	0.500000
6.107513	7.672750	2.854325	0.500000
5.199779	8.376420	2.536008	0.500000
10.983823	6.173968	3.988474	0.500000
11.902879	9.350612	1.208843	0.500000
1.006831	8.731319	2.207523	0.500000
7.799203	7.155400	1.904705	0.500000
9.371293	3.383963	3.249428	0.500000
6.436255	8.268924	1.651809	0.500000
7.525144	4.112503	3.962569	0.500000
1.403454	7.642159	3.978540	0.500000
5.402581	0.363954	3.823560	0.500000
3.551082	0.335118	3.196061	0.500000
12.000118	4.462917	2.614941	0.500000
11.277172	5.897984	2.463455	0.500000
5.066149	3.278459	2.562628	0.500000
2.051233	4.661331	2.244788	0.500000
2.246473	8.840254	0.554173	0.500000
7.695514	8.647524	3.387539	0.500000
7.814667	5.572022	3.862266	0.500000
2.297018	9.934865	0.852516	0.500000
7.421389	10.809335	0.613635	0.500000
4.598681	12.112527	3.580209	0.500000
10.246319	7.900796	2.551312	0.500000
2.081684	8.184575	3.267397	0.500000
7.802798	2.545864	2.440638	0.500000
1.414151	7.495055	1.388984	0.500000
5.770593	11.741717	3.209815	0.500000
10.645569	11.283877	2.512116	0.500000
2.787003	0.292883	3.902347	0.500000
6.170272	5.488554	1.631697	0.500000
7.100284	5.630696	0.916711	0.500000
7.936926	10.435381	3.688540	0.500000
8.375998	0.799414	0.745556	0.500000
6.123921	10.484907	3.971623	0.500000
8.346646	1.829031	1.759879	0.500000
10.735719	4.884534	3.894827	0.500000
7.605319	2.305180	3.779649	0.500000
5.938581	0.025527	0.828744	0.500000
11.448193	3.322274	2.737818	0.500000
5.865791	6.702414	2.183616	0.500000
11.041190	1.139799	1.642677	0.500000
1.873997	11.285059	1.745361	0.500000
1.938669	10.843363	3.514179	0.500000
4.803063	11.925727	1.503865	0.500000
9.346076	3.119217	1.589260	0.500000
2.002499	0.067489	3.085780	0.500000
1.009851	10.585037	1.385369	0.500000
0.237741	6.667845	3.074445	0.500000
11.655778	0.211601	1.273600	0.500000
3.738000	11.207333	2.965767	0.500000
5.925736	12.372164	2.030192	0.500000
9.100718	8.737390	2.601669	0.500000
9.933653	8.552423	0.515754	0.500000
4.196547	0.045426	2.371462	0.500000
3.266430	2.942600	0.722739	0.500000
8.809574	2.685571	2.426163	0.500000
3.691216	10.982227	1.139747	0.500000
0.811561	1.070374	3.753518	0.500000
11.039349	5.511832	0.818015	0.500000
7.691370	7.900237	0.974590	0.500000
4.114962	7.690279	2.505000	0.500000
2.048557	1.141205	0.957063	0.500000
10.859199	7.777030	0.561345	0.500000
4.498760	1.597830	3.776122	0.500000
3.895946	4.237749	3.503136	0.500000
3.457764	10.061273	3.949899	0.500000
2.597006	2.113028	0.557983	0.500000
3.782710	3.992201	0.992661	0.500000
1.802193	11.873047	3.895316	0.500000
2.754588	2.556001	2.572647	0.500000
0.142091	10.726548	3.962258	0.500000
11.178141	8.948121	2.386555	0.500000
3.393049	4.714265	2.723168	0.500000
7.024613	6.735388	0.512281	0.500000
6.806863	1.774379	2.395724	0.500000
10.087815	9.000037	2.693148	0.500000
0.431941	9.897471	0.533330	0.500000
9.881626	7.526831	0.523387	0.500000
2.337957	6.950365	0.805129	0.500000
9.767900	12.052564	0.533163	0.500000
10.334030	8.130695	1.508031	0.500000
11.462318	1.420664	3.974601	0.500000
12.376934	6.684429	0.695162	0.500000
11.705097	11.415404	3.740015	0.500000
1.666451	3.569078	2.918853	0.500000
7.961730	2.820064	0.849758	0.500000
5.297866	5.981334	1.633771	0.500000
0.206744	3.556803	3.368460	0.500000
7.828284	4.942184	0.586941	0.500000
3.532566	1.488231	1.156327	0.500000
6.126396	11.140117	1.260166	0.500000
9.222527	4.837932	0.512133	0.500000
10.301271	0.995117	3.961970	0.500000
9.611069	7.997926	3.895611	0.500000
11.089414	6.782915	1.889170	0.500000
4.317143	8.561934	1.408800	0.500000
11.249154	6.829997	0.893771	0.500000
5.503623	10.366843	2.993640	0.500000
1.157722	6.829211	2.134436	0.500000
1.131043	9.462584	1.251950	0.500000
10.452725	1.790449	0.739250	0.500000
6.128256	9.294013	3.889229	0.500000
10.579009	0.036308	3.076366	0.500000
1.846962	5.471219	1.462587	0.500000
9.976571	5.499667	3.532902	0.500000
8.947999	6.092730	0.690580	0.500000
4.434473	2.005831	0.838282	0.500000
1.466629	5.467508	2.564105	0.500000
10.345114	10.459252	3.864516	0.500000
3.018009	7.373520	3.878584	0.500000
0.099845	11.080884	2.840829	0.500000
1.837916	8.162317	2.069813	0.500000
9.751304	1.704103	2.938229	0.500000
0.370218	5.210506	2.950108	0.500000
0.700876	4.691722	1.345381	0.500000
4.403156	5.385599	1.909718	0.500000
3.754370	5.604633	3.209203	0.500000
0.054741	12.378025	0.713446	0.500000
10.107089	9.378186	1.600553	0.500000
9.219860	11.050005	0.969425	0.500000
7.511279	12.430449	2.421298	0.500000
4.233615	0.624753	1.087824	0.500000
0.023944	9.507303	3.802492	0.500000
10.189145	10.804911	0.683928	0.500000
8.569587	12.429103	2.310711	0.500000
12.032866	9.751581	2.512688	0.500000
0.397391	11.276848	0.619708	0.500000
3.528100	3.107297	1.759033	0.500000
1.984263	9.924003	1.957353	0.500000
5.283613	5.151059	3.926549	0.500000
11.996720	0.501492	3.805468	0.500000
1.057452	11.254309	3.175613	0.500000
10.771501	12.019602	1.058976	0.500000
7.636550	0.571066	3.695194	0.500000
2.466819	5.657610	3.962242	0.500000
5.063233	6.185515	2.641995	0.500000
9.690663	11.135300	3.042747	0.500000
8.985222	12.358989	1.258760	0.500000
3.043834	6.891802	2.736625	0.500000
5.422113	1.568666	2.271286	0.500000
3.262702	0.506748	0.612372	0.500000
4.823274	2.343859	3.174118	0.500000
7.348680	5.919057	2.099594	0.500000
4.503187	9.999038	3.008228	0.500000
10.954977	1.282959	2.722404	0.500000
4.642900	4.333799	2.785440	0.500000
5.028623	11.533383	2.555583	0.500000
11.298231	9.856618	3.861090	0.500000
6.700883	7.674266	0.868100	0.500000
5.467310	1.459111	3.325547	0.500000
3.938047	4.136294	2.051318	0.500000
9.896834	1.743400	1.803841	0.500000
12.059326	1.859154	1.859666	0.500000
9.929318	5.140647	2.140558	0.500000
12.008974	1.348100	2.988936	0.500000
4.719159	4.974572	0.533877	0.500000
6.442732	2.080679	0.566402	0.500000
3.971189	7.543226	1.409886	0.500000
1.311052	11.848946	0.668585	0.500000
2.419863	4.945720	0.660136	0.500000
6.999154	12.336331	0.726934	0.500000
3.930760	9.203523	0.524525	0.500000
9.680253	11.605817	1.840352	0.500000
6.742903	9.896224	0.620077	0.500000
0.514072	10.107354	3.027939	0.500000
0.358631	12.245932	3.548123	0.500000
9.773919	6.882778	1.400763	0.500000
5.830329	2.583549	2.753691	0.500000
11.481645	1.557765	0.635675	0.500000
6.911481	3.145822	0.550980	0.500000
11.905502	2.716253	0.757612	0.500000
11.226895	7.674594	3.938137	0.500000
5.341660	4.964062	1.893754	0.500000
4.702150	10.831022	1.794751	0.500000
1.369769	0.148690	2.209529	0.500000
10.681465	4.125655	1.572984	0.500000
8.589320	1.089223	3.944328	0.500000
4.976355	11.037893	3.942511	0.500000
3.431591	6.274405	3.916817	0.500000
4.756827	6.142006	3.781770	0.500000
8.761203	11.647822	3.065179	0.500000
0.668532	7.509556	0.506888	0.500000
7.002636	6.995135	2.905188	0.500000
9.617330	9.322882	3.601169	0.500000
10.206634	3.440356	3.876631	0.500000
1.518859	5.357528	3.696732	0.500000
0.889467	11.643861	1.632843	0.500000
9.394447	7.700069	1.893309	0.500000
2.733184	11.470172	0.719396	0.500000
10.377936	6.352058	2.564969	0.500000
3.623781	8.248174	0.756216	0.500000
2.290774	0.030285	0.665018	0.500000
2.066774	2.826430	3.637343	0.500000
11.067103	5.029954	1.843718	0.500000
11.997074	6.583644	3.907047	0.500000
1.824969	10.959023	0.698618	0.500000
1.536943	9.608831	2.816327	0.500000
0.508820	2.601843	2.757096	0.500000
10.147901	6.000884	0.537070	0.500000
6.637004	5.631563	3.342758	0.500000
0.357096	7.245053	1.491040	0.500000
9.022661	9.979599	2.962005	0.500000
2.522007	3.727191	0.738993	0.500000
1.812161	4.240535	3.800894	0.500000
0.518523	4.446192	3.818176	0.500000
5.340542	6.739752	0.872720	0.500000
4.025225	8.195958	3.799045	0.500000
6.381413	10.354859	2.357750	0.500000
