400

12.099128	6.223713	2.999524	0.500000
11.983462	2.785145	0.633557	0.500000
10.888907	5.203161	1.504618	0.500000
3.811321	1.362938	3.866599	0.500000
9.616067	4.285819	1.808793	0.500000
10.470385	2.245622	3.128733	0.500000
0.149331	7.234784	2.136715	0.500000
8.737139	0.818351	3.805274	0.500000
11.238257	0.523204	1.569354	0.500000
2.258570	6.776532	1.531443	0.500000
9.222768	5.322387	2.853144	0.500000
1.236280	1.522054	2.740225	0.500000
6.710867	1.134615	1.197395	0.500000
8.641510	9.171282	1.764004	0.500000
5.672038	0.271398	0.600946	0.500000
5.070649	6.389803	2.112809	0.500000
7.452783	3.110164	1.842842	0.500000
8.894324	10.356847	0.640987	0.500000
3.970689	9.993557	0.673366	0.500000
11.830292	4.096312	0.901161	0.500000
2.355672	9.651138	3.394107	0.500000
8.370740	2.119822	3.556112	0.500000
0.775259	2.831956	1.530965	0.500000
6.906991	6.126769	3.880824	0.500000
3.665516	0.999317	0.558572	0.500000
10.745846	7.305524	1.329327	0.500000
3.318315	3.513827	3.849191	0.500000
7.330053	7.098104	3.840648	0.500000
5.676278	9.762475	2.985148	0.500000
8.187174	5.453140	2.400268	0.500000
9.357205	6.588144	1.864202	0.500000
3.708101	3.559929	0.833503	0.500000
5.692145	5.856392	3.406548	0.500000
5.028030	1.906914	0.592422	0.500000
1.581886	7.747190	3.021868	0.500000
2.206328	8.711727	0.516980	0.500000
11.856440	10.666695	1.332545	0.500000
2.010589	1.291755	3.334702	0.500000
0.478707	7.702113	3.712709	0.500000
11.841704	6.432205	3.991500	0.500000
8.308598	1.125973	2.798298	0.500000
7.738127	11.539423	0.678397	0.500000
7.843488	6.404316	2.110555	0.500000
3.999361	8.299943	1.862093	0.500000
1.395447	11.739706	3.258824	0.500000
4.142765	2.887099	1.465452	0.500000
6.761873	1.714203	2.133574	0.500000
9.465963	12.372477	3.128119	0.500000
10.252105	10.959925	1.425239	0.500000
1.091814	10.967894	0.991885	0.500000
10.519531	10.795949	2.566316	0.500000
12.369528	8.918080	3.899322	0.500000
10.241270	4.461986	1.025803	0.500000
11.267964	5.238623	2.872557	0.500000
4.297553	11.687789	0.975296	0.500000
10.658832	9.164600	3.770850	0.500000
10.320013	6.311432	2.065108	0.500000
1.542992	2.744956	0.548877	0.500000
2.406219	12.211030	3.223136	0.500000
9.588469	10.023240	1.524105	0.500000
12.404440	3.482015	3.987910	0.500000
7.802781	9.635302	3.902950	0.500000
2.687934	4.293919	0.892977	0.500000
1.313202	8.463594	3.935996	0.500000
0.613298	11.852675	0.587624	0.500000
7.058698	9.022888	3.161383	0.500000
12.233480	11.210532	0.550772	0.500000
7.864972	6.179781	1.017550	0.500000
3.302017	6.818281	1.259188	0.500000
10.297070	8.236794	3.481456	0.500000
8.894076	10.840536	3.770290	0.500000
6.974081	10.080124	3.285141	0.500000
3.228926	7.988341	3.983047	0.500000
11.763052	2.588004	3.075642	0.500000
0.282831	1.342463	1.973625	0.500000
7.391993	0.515415	3.192864	0.500000
5.110571	8.895620	3.669240	0.500000
3.977036	1.778024	1.261889	0.500000
9.442029	8.055013	0.834227	0.500000
11.270342	1.172841	3.146881	0.500000
2.470767	6.417217	3.207632	0.500000
6.223902	6.839178	0.719936	0.500000
4.413516	7.997214	3.988575	0.500000
8.404688	12.273930	3.712160	0.500000
8.954271	7.497670	1.697325	0.500000
5.140432	0.028672	3.995331	0.500000
5.480726	7.187411	3.342574	0.500000
6.725391	5.587974	0.556847	0.500000
7.468490	11.739560	3.789300	0.500000
0.684925	6.270786	2.581403	0.500000
7.665059	7.501560	2.978291	0.500000
1.587109	5.261390	3.805340	0.500000
0.127378	0.683912	3.318844	0.500000
2.898502	3.210500	2.023569	0.500000
6.152035	10.673875	3.057122	0.500000
7.141559	3.192888	3.936977	0.500000
8.490810	12.081364	1.666991	0.500000
11.852543	9.104608	0.552706	0.500000
9.405699	11.717086	3.926650	0.500000
5.806475	8.833329	0.700632	0.500000
10.642359	1.450931	3.921977	0.500000
11.695664	1.494268	2.101097	0.500000
2.478962	8.816846	1.584408	0.500000
2.759637	2.760625	0.914085	0.500000
8.199864	8.203263	2.351323	0.500000
4.990241	6.390461	3.927959	0.500000
8.176378	7.797255	0.736417	0.500000
9.835523	10.282264	3.874318	0.500000
5.979308	11.797558	3.691094	0.500000
6.372079	3.676084	1.437672	0.500000
5.395084	3.004414	1.867103	0.500000
8.773584	4.091962	0.921667	0.500000
8.691727	6.809710	2.994819	0.500000
11.371115	0.319451	2.541841	0.500000
1.654801	0.367638	3.982962	0.500000
11.936810	7.944089	0.546916	0.500000
12.189282	0.421375	1.955810	0.500000
5.680432	4.681974	3.481012	0.500000
6.413448	5.273901	2.366224	0.500000
9.764648	0.702596	3.974998	0.500000
2.276402	2.680299	3.943755	0.500000
0.779088	10.862627	2.788584	0.500000
5.813140	1.250067	2.094335	0.500000
11.475802	5.364397	3.960691	0.500000
0.149650	3.576834	2.701247	0.500000
1.477125	9.177937	2.886477	0.500000
0.185849	9.727719	0.634534	0.500000
2.837426	7.476117	0.519255	0.500000
6.918030	0.098011	3.980949	0.500000
8.882642	9.734578	3.980980	0.500000
5.916110	2.900814	3.026684	0.500000
11.854101	0.288151	0.647947	0.500000
7.779545	8.613502	1.310767	0.500000
0.832460	4.920651	1.629729	0.500000
10.707455	8.794602	2.705222	0.500000
12.336811	11.130094	3.362557	0.500000
11.177133	11.635967	2.562797	0.500000
12.129004	10.455289	2.441643	0.500000
0.814666	0.210161	2.305297	0.500000
0.779790	4.629142	2.815337	0.500000
2.675925	3.169844	3.104017	0.500000
9.061608	8.022390	2.880427	0.500000
11.674635	8.109537	3.978178	0.500000
10.492563	4.899107	3.651560	0.500000
6.998550	7.854490	0.620734	0.500000
8.558792	6.077797	3.874681	0.500000
10.090718	0.061781	2.164569	0.500000
6.961399	0.192373	0.900892	0.500000
6.910254	9.286467	0.629035	0.500000
1.777693	2.376815	1.532241	0.500000
0.547811	2.329870	3.929000	0.500000
1.601073	10.196743	2.755378	0.500000
3.299294	11.985648	3.905958	0.500000
0.283226	8.074952	2.714375	0.500000
0.475613	0.585300	0.750273	0.500000
3.224029	9.363749	0.986115	0.500000
4.617408	3.888610	3.649663	0.500000
4.956594	11.458761	3.897610	0.500000
4.638814	4.653671	2.035151	0.500000
7.179118	3.057807	0.677003	0.500000
10.773683	9.478978	1.274635	0.500000
11.227010	10.083472	0.578441	0.500000
7.671435	1.441382	3.799303	0.500000
5.178820	1.028380	3.182140	0.500000
6.657425	1.949106	3.478159	0.500000
0.447705	9.949984	1.814126	0.500000
1.555132	5.877408	1.866823	0.500000
4.446260	9.626245	3.887314	0.500000
9.902976	10.684736	0.523477	0.500000
1.690553	3.188360	2.604717	0.500000
2.731147	0.689176	3.718100	0.500000
4.714392	3.663406	2.617899	0.500000
8.745756	11.562681	3.069831	0.500000
9.216312	4.816239	3.800217	0.500000
6.260656	6.509732	2.299875	0.500000
0.419075	9.389560	3.125391	0.500000
8.119830	2.159652	2.473424	0.500000
0.369823	6.713257	3.932991	0.500000
2.888550	9.017774	2.561872	0.500000
1.531421	9.704384	1.806342	0.500000
6.159055	4.363084	0.502305	0.500000
6.637106	7.808620	2.922725	0.500000
6.774533	8.799395	1.590463	0.500000
9.611434	5.585219	1.605030	0.500000
1.259899	0.839379	1.661041	0.500000
9.161885	11.636216	0.935126	0.500000
10.664937	6.252671	3.637633	0.500000
9.754673	9.058982	0.653208	0.500000
10.826425	2.619379	0.623357	0.500000
2.498171	4.822830	2.843798	0.500000
11.407993	7.079223	0.530875	0.500000
6.389691	3.652302	2.491511	0.500000
4.222145	0.165561	0.591131	0.500000
1.617829	5.838188	2.986647	0.500000
2.811124	2.105362	3.320981	0.500000
4.193214	12.101152	3.440266	0.500000
10.195583	2.791477	1.989694	0.500000
9.935007	8.771225	1.613399	0.500000
2.611699	1.488105	2.461894	0.500000
7.677519	1.213130	1.737719	0.500000
4.426984	11.575828	2.183385	0.500000
7.355878	7.076604	1.250591	0.500000
7.567867	2.177920	1.213262	0.500000
4.928424	9.327579	0.608886	0.500000
8.714963	9.107305	0.739213	0.500000
9.525534	0.278644	0.531694	0.500000
10.698732	11.935769	1.578218	0.500000
11.910394	5.466460	0.768822	0.500000
12.143493	12.030106	2.636367	0.500000
2.111618	7.795099	1.852947	0.500000
2.521135	11.530250	1.116759	0.500000
4.349982	7.153530	3.220359	0.500000
1.384179	4.024849	0.615453	0.500000
7.630211	11.596311	2.062774	0.500000
5.982636	2.249578	1.181104	0.500000
7.786485	3.290989	3.032938	0.500000
1.600809	0.386585	2.914986	0.500000
3.304104	10.429302	3.851820	0.500000
7.943262	9.926508	0.758312	0.500000
5.757439	1.839454	2.908593	0.500000
5.825036	12.388192	2.486966	0.500000
9.538982	6.285602	2.889533	0.500000
1.212610	9.857989	0.596301	0.500000
11.710555	12.139530	3.725295	0.500000
12.176886	11.872755	1.402725	0.500000
5.619002	3.679603	3.712793	0.500000
5.022463	7.979207	2.527303	0.500000
3.506943	2.507679	2.561050	0.500000
5.404481	11.655741	0.618235	0.500000
3.397035	0.146030	1.681102	0.500000
0.872835	10.786558	3.985157	0.500000
2.658613	5.649943	0.625945	0.500000
5.745663	8.719552	2.670502	0.500000
6.446698	8.158853	3.936189	0.500000
3.728728	10.822135	1.888985	0.500000
6.979309	5.932390	1.815134	0.500000
7.750639	4.781756	0.759728	0.500000
8.892896	3.262112	3.602019	0.500000
7.199616	5.241808	3.297228	0.500000
8.691071	6.561683	0.526699	0.500000
10.030568	7.353829	2.750981	0.500000
1.412339	2.424954	3.249654	0.500000
10.444693	3.782423	2.529097	0.500000
11.230839	2.941627	2.258159	0.500000
2.727376	4.477514	3.977714	0.500000
9.733690	2.255291	1.023889	0.500000
9.449595	1.496172	3.187943	0.500000
0.507017	7.575097	0.874114	0.500000
6.262374	9.300125	3.782831	0.500000
10.431917	0.581046	2.996622	0.500000
1.185448	7.179356	1.733375	0.500000
6.402147	11.738142	0.883375	0.500000
12.430843	10.159817	3.957038	0.500000
9.671341	6.211203	3.928866	0.500000
0.384466	4.056995	0.894811	0.500000
3.952530	5.785524	1.736762	0.500000
11.683538	1.896978	3.904561	0.500000
8.651846	5.453377	0.624523	0.500000
10.696152	6.133430	0.577525	0.500000
11.028198	7.950450	2.147736	0.500000
6.505635	2.698516	1.932157	0.500000
11.798175	5.033763	1.960369	0.500000
8.637298	7.581181	3.755759	0.500000
9.509338	8.952755	3.983134	0.500000
9.664478	8.994128	2.567368	0.500000
2.146650	11.191046	3.858755	0.500000
3.867324	4.069315	1.708975	0.500000
10.754400	1.840808	1.290256	0.500000
8.594466	8.813841	3.540714	0.500000
2.726181	11.860919	2.100713	0.500000
3.571093	10.096829	2.857019	0.500000
3.187236	5.690015	3.936550	0.500000
3.587121	8.074097	2.933804	0.500000
1.592119	7.366938	0.775360	0.500000
3.429961	5.733320	2.650823	0.500000
9.459740	3.162372	1.398511	0.500000
1.069287	6.454161	0.794313	0.500000
4.447349	2.909701	3.325771	0.500000
5.740735	7.774099	1.573289	0.500000
10.640393	8.524378	0.623280	0.500000
9.609811	10.275845	2.616461	0.500000
5.105158	1.124331	1.260964	0.500000
9.749567	5.645481	0.597741	0.500000
7.169561	10.855121	2.569066	0.500000
6.747878	10.587541	0.990697	0.500000
8.440934	1.642275	0.710595	0.500000
10.961230	11.211826	3.910041	0.500000
3.695609	4.506552	3.634816	0.500000
1.081408	8.404574	0.641722	0.500000
6.001678	1.005627	3.948706	0.500000
1.629740	5.368010	1.006000	0.500000
2.141069	0.269330	1.532665	0.500000
0.078240	4.309924	2.011429	0.500000
3.393228	7.045748	2.278916	0.500000
11.518438	6.081957	1.921404	0.500000
4.481554	5.118227	3.809392	0.500000
7.557723	8.602457	3.924099	0.500000
5.308081	12.333586	1.529401	0.500000
10.409362	3.469545	0.966527	0.500000
0.420562	5.500895	3.975002	0.500000
10.601797	12.183362	3.901846	0.500000
4.935578	7.983813	0.721062	0.500000
7.352330	0.234334	2.000221	0.500000
2.184379	10.699876	1.592662	0.500000
1.663105	0.389638	0.585814	0.500000
1.197075	9.518629	3.844779	0.500000
5.228968	6.774696	1.020493	0.500000
10.451192	3.737449	3.980024	0.500000
2.307012	1.375850	0.760765	0.500000
2.973503	5.234829	1.895752	0.500000
5.554709	9.137040	1.705621	0.500000
1.130687	8.626494	1.938654	0.500000
6.586987	4.032813	3.798110	0.500000
7.220636	7.916330	1.803359	0.500000
5.494971	11.467349	2.004646	0.500000
8.941800	2.716277	2.733478	0.500000
5.312311	1.977644	3.811511	0.500000
2.234840	8.481810	3.430321	0.500000
0.627424	11.301210	1.835429	0.500000
10.291461	5.126202	2.569408	0.500000
10.778418	0.195490	0.609223	0.500000
4.264037	5.936666	3.244955	0.500000
4.062464	7.198102	0.635309	0.500000
6.440913	0.635892	2.879789	0.500000
11.054235	2.937066	3.751908	0.500000
3.160545	0.284046	2.734692	0.500000
8.454152	3.565573	2.284324	0.500000
11.550621	10.117048	3.439013	0.500000
8.240131	12.439393	2.595827	0.500000
2.409972	10.833868	2.651686	0.500000
5.997844	5.015141	1.479204	0.500000
9.989645	1.226114	0.518082	0.500000
6.908681	2.761927	2.861003	0.500000
2.531475	7.474274	3.260751	0.500000
4.741575	9.513693	2.649057	0.500000
4.555175	4.155133	0.969516	0.500000
3.401739	6.772735	3.936962	0.500000
3.742950	11.229080	3.050162	0.500000
5.286064	10.745574	1.238909	0.500000
6.516918	9.894596	2.136752	0.500000
10.274415	7.288516	3.983127	0.500000
7.808519	10.672933	3.558406	0.500000
3.259807	9.815478	1.900144	0.500000
4.050259	1.201824	2.268301	0.500000
8.695587	9.699871	2.922896	0.500000
1.705640	11.756864	1.825413	0.500000
11.845503	8.993827	2.533683	0.500000
5.974925	7.843036	0.584771	0.500000
8.185625	10.335744	1.646874	0.500000
9.378320	4.282340	2.804201	0.500000
4.852702	0.151435	2.740932	0.500000
7.599240	1.015477	0.560979	0.500000
9.259976	11.197468	1.982295	0.500000
10.314720	11.697726	0.614822	0.500000
6.640185	11.848836	1.962597	0.500000
0.712903	1.338297	3.906382	0.500000
3.551130	8.236539	0.717788	0.500000
11.549780	4.276168	3.277244	0.500000
1.475271	6.562399	3.994634	0.500000
3.536442	4.900072	0.814584	0.500000
10.221900	11.708547	3.053310	0.500000
11.113451	6.579510	2.714446	0.500000
7.628747	4.158325	3.964297	0.500000
9.089526	0.438806	1.915718	0.500000
11.087347	10.224050	1.958524	0.500000
1.759927	4.010885	3.246473	0.500000
1.823415	4.884844	1.892511	0.500000
5.707560	5.894314	0.859782	0.500000
7.197837	6.251142	2.914996	0.500000
7.604837	4.165711	2.219984	0.500000
2.576526	10.189876	0.811631	0.500000
1.090778	3.771359	1.997987	0.500000
2.859373	2.234268	1.810144	0.500000
8.927538	1.893189	1.580628	0.500000
7.713575	9.092357	2.303682	0.500000
0.199628	8.394892	1.418020	0.500000
3.652843	2.411624	3.997496	0.500000
8.680891	2.968742	0.646848	0.500000
4.493003	7.260320	2.022606	0.500000
3.711074	6.010930	0.769322	0.500000
0.456445	2.364644	2.507384	0.500000
10.444107	9.754291	2.865924	0.500000
5.326549	2.960236	0.577096	0.500000
11.735925	1.746252	0.735219	0.500000
4.112209	9.324093	1.683168	0.500000
4.746052	5.349732	0.584419	0.500000
12.346500	5.121573	3.124303	0.500000
4.226003	2.570135	0.515041	0.500000
12.185298	2.792075	1.852520	0.500000
8.351360	0.469771	1.040421	0.500000
1.146644	3.442321	3.831549	0.500000
4.098177	8.937745	3.229988	0.500000
5.318576	5.366092	2.295389	0.500000
4.632068	2.015120	2.757044	0.500000
11.291924	0.570663	3.953275	0.500000
5.375184	10.531753	3.902801	0.500000
11.513122	3.838707	1.876676	0.500000
0.438661	1.916463	0.611398	0.500000
9.655521	2.390765	3.921870	0.500000
6.031171	9.933903	0.607602	0.500000
