400

10.047685	5.963986	0.625725	0.500000
5.510807	7.820791	1.452202	0.500000
1.491973	2.115346	3.461936	0.500000
5.111722	4.058809	3.825866	0.500000
6.978081	2.606973	2.628523	0.500000
0.105357	9.865858	3.373019	0.500000
6.236129	1.648429	3.914323	0.500000
0.873592	2.012059	2.428061	0.500000
1.006525	9.760040	1.360138	0.500000
10.373017	9.185896	1.846731	0.500000
12.420087	10.443115	2.195293	0.500000
0.406569	9.230472	0.511681	0.500000
11.472636	0.342672	2.076513	0.500000
5.865162	10.721500	2.773042	0.500000
6.159180	1.855058	2.910334	0.500000
11.620853	10.114799	0.545300	0.500000
12.029233	5.229120	1.537494	0.500000
8.748140	9.110760	1.515127	0.500000
5.431547	1.087396	2.716629	0.500000
1.200256	6.853169	0.507160	0.500000
0.698376	8.092235	1.183843	0.500000
5.495041	9.981996	1.660812	0.500000
7.269335	9.078932	0.687217	0.500000
7.171705	1.876170	1.866001	0.500000
7.154586	2.345652	3.926276	0.500000
9.037125	3.341878	0.629679	0.500000
9.500047	0.229415	2.434229	0.500000
7.560502	11.424718	3.816988	0.500000
0.711177	5.563339	1.296715	0.500000
3.432039	0.860144	0.753046	0.500000
2.033355	0.462090	1.615418	0.500000
1.002660	0.728059	1.160898	0.500000
9.777379	1.823410	2.066450	0.500000
3.395824	1.531012	2.580069	0.500000
7.433926	4.468685	3.798242	0.500000
8.730469	10.155460	1.606311	0.500000
7.364679	5.498381	3.855743	0.500000
2.368550	9.450531	0.503866	0.500000
1.947564	5.449901	2.759096	0.500000
4.408225	7.881477	3.131882	0.500000
9.841967	7.335916	1.642181	0.500000
10.615188	10.632096	2.696767	0.500000
8.488577	6.006714	3.041433	0.500000
3.696945	6.903594	2.195796	0.500000
2.126215	0.077637	3.976855	0.500000
11.552753	0.264703	0.515473	0.500000
0.029043	10.829481	3.911827	0.500000
2.467915	1.700203	3.375455	0.500000
7.383679	10.332303	1.625712	0.500000
5.419837	5.147864	2.801327	0.500000
9.739236	1.090464	1.378534	0.500000
0.660233	11.195659	1.357825	0.500000
10.633941	2.896640	2.547864	0.500000
5.271845	6.091906	3.826043	0.500000
6.839897	7.519055	1.367904	0.500000
0.807414	8.328881	2.283561	0.500000
0.138884	7.022134	0.873718	0.500000
5.825634	0.737391	3.968913	0.500000
0.003458	8.037007	2.986264	0.500000
5.770746	10.450575	0.548796	0.500000
9.122567	11.477629	2.669027	0.500000
5.324280	8.076756	3.555434	0.500000
1.234463	11.243870	2.966382	0.500000
8.696420	9.008802	2.697840	0.500000
0.344478	4.807345	2.037343	0.500000
6.676183	9.942622	0.626214	0.500000
1.492165	9.915242	3.939601	0.500000
3.620905	4.215707	3.399087	0.500000
4.733536	4.052447	1.292744	0.500000
8.475842	11.890789	0.869838	0.500000
8.959885	4.864837	0.533329	0.500000
9.152952	7.905749	2.315733	0.500000
1.749762	3.939113	0.571896	0.500000
1.761091	5.544315	1.657154	0.500000
8.117458	5.873358	0.519939	0.500000
7.509122	3.388315	3.188894	0.500000
6.805818	4.445755	0.665547	0.500000
11.345437	0.476140	3.557441	0.500000
0.876890	1.466453	3.974886	0.500000
9.585733	5.988446	3.853792	0.500000
5.985432	2.517633	0.982708	0.500000
10.758269	9.060400	3.298646	0.500000
11.628799	1.016713	1.265696	0.500000
1.774267	9.627168	2.377943	0.500000
7.119731	5.847190	0.901989	0.500000
4.477409	6.178794	1.810506	0.500000
1.849548	11.895900	1.808944	0.500000
8.660004	5.095261	1.501200	0.500000
2.804777	5.513147	2.191296	0.500000
4.150160	3.377260	2.394595	0.500000
5.847037	8.982032	1.755505	0.500000
1.507209	8.674693	1.532336	0.500000
9.233497	3.963090	1.413297	0.500000
12.132793	1.789027	0.698280	0.500000
4.984270	8.829660	0.841999	0.500000
9.443488	12.122058	3.540218	0.500000
0.081722	4.189022	0.728259	0.500000
2.046262	1.771948	1.862759	0.500000
10.553150	4.158441	2.842549	0.500000
0.941152	2.928068	0.564349	0.500000
7.364768	10.963307	2.576783	0.500000
8.706049	1.911354	3.919117	0.500000
6.329298	6.602914	1.223891	0.500000
3.286346	10.451583	0.592745	0.500000
10.661122	7.851169	1.937624	0.500000
8.756075	7.678872	3.931387	0.500000
11.549074	11.053465	2.280426	0.500000
7.692109	7.928102	0.581591	0.500000
4.480724	0.364670	3.875075	0.500000
9.697842	10.839539	1.122374	0.500000
0.055337	2.767171	2.674313	0.500000
3.048518	12.377152	0.601130	0.500000
5.610580	9.163323	2.748564	0.500000
2.888891	10.278485	3.524360	0.500000
3.404952	4.762270	0.620001	0.500000
0.050326	3.634547	1.995204	0.500000
6.603684	6.242071	3.581837	0.500000
4.103455	6.355863	0.820269	0.500000
9.949233	6.191671	1.876884	0.500000
3.294587	0.479819	1.863803	0.500000
4.144631	0.269119	2.596311	0.500000
3.631668	11.485081	0.561730	0.500000
0.875212	0.982794	2.487613	0.500000
10.168261	9.569528	0.758591	0.500000
5.476559	5.863093	1.130470	0.500000
4.369551	7.687325	2.006323	0.500000
8.309298	2.311480	0.934434	0.500000
3.871322	10.074995	3.397869	0.500000
1.062625	12.167963	1.241658	0.500000
6.100375	5.346601	3.644280	0.500000
4.540786	1.704513	0.742256	0.500000
0.830014	11.823506	3.924738	0.500000
11.126531	10.482518	3.807881	0.500000
1.917149	3.095593	3.949267	0.500000
2.135237	2.567422	2.574165	0.500000
8.703708	10.941458	0.520139	0.500000
11.298950	1.680068	1.937546	0.500000
11.986009	8.173362	0.831622	0.500000
5.336762	12.107109	3.774838	0.500000
10.776145	8.135245	0.512569	0.500000
9.222275	2.611295	1.765476	0.500000
0.146485	6.030949	0.511976	0.500000
5.810853	12.173803	1.289091	0.500000
9.492588	10.701492	2.102254	0.500000
7.252214	10.427987	3.531354	0.500000
10.337288	5.891568	2.754111	0.500000
2.891875	0.011336	2.976892	0.500000
0.771916	8.619144	3.938823	0.500000
2.271480	8.481620	0.740096	0.500000
3.591217	10.276721	2.072411	0.500000
3.528444	2.270356	1.833463	0.500000
3.345862	12.344140	3.911590	0.500000
8.429550	10.506881	2.549098	0.500000
12.038037	7.754631	3.883905	0.500000
8.911297	6.064144	1.144926	0.500000
7.812812	9.602655	2.739907	0.500000
8.409671	4.177520	3.890439	0.500000
7.126549	1.186591	2.671454	0.500000
4.512161	4.447707	2.565343	0.500000
7.680525	8.206910	3.964636	0.500000
11.540305	6.255593	2.835773	0.500000
11.733786	9.321086	3.842056	0.500000
7.115956	3.111132	1.618904	0.500000
4.389703	1.356190	3.054004	0.500000
6.003728	1.578555	1.730122	0.500000
1.324275	11.408689	0.596883	0.500000
10.863323	8.230295	3.999497	0.500000
10.647874	2.133564	0.715738	0.500000
4.507475	9.146480	3.773133	0.500000
4.343926	7.493792	0.993929	0.500000
2.491891	4.508217	2.843858	0.500000
8.525335	6.516381	1.993356	0.500000
3.671135	1.914057	3.822239	0.500000
11.586250	3.459600	2.609180	0.500000
1.197173	3.126162	2.751084	0.500000
12.446469	11.584965	2.402006	0.500000
2.505612	6.620016	1.510261	0.500000
0.237451	6.544935	2.893961	0.500000
5.956589	6.640161	2.901691	0.500000
1.645614	8.072177	3.986523	0.500000
8.882467	0.598694	1.072881	0.500000
6.199388	5.050472	1.693499	0.500000
8.238627	9.083737	3.923864	0.500000
7.378897	7.213028	3.971944	0.500000
2.520194	6.930720	2.744249	0.500000
8.323797	10.309008	3.920611	0.500000
3.225345	9.341360	3.969108	0.500000
8.426798	12.373128	3.577161	0.500000
8.210177	0.302161	1.937940	0.500000
6.059687	11.421614	0.662988	0.500000
10.543191	7.027367	3.807092	0.500000
6.062633	3.144099	3.385656	0.500000
6.834938	5.606754	2.577831	0.500000
2.848700	1.977655	0.505647	0.500000
4.542306	10.382245	0.661377	0.500000
3.787103	9.040227	1.760554	0.500000
3.741511	3.416493	1.479602	0.500000
11.379994	7.444686	3.025529	0.500000
12.363566	1.304115	1.892245	0.500000
6.188372	3.566531	0.785890	0.500000
1.854920	3.775451	3.206501	0.500000
9.064027	9.967894	3.153249	0.500000
6.479187	7.556862	2.586572	0.500000
2.948433	5.977761	3.907658	0.500000
9.527630	7.034430	3.795603	0.500000
8.264666	3.058694	3.905838	0.500000
7.434720	6.744541	1.793363	0.500000
1.207395	4.042369	1.898765	0.500000
11.979062	6.878900	2.104556	0.500000
4.425679	4.818991	3.537559	0.500000
3.030038	3.627615	2.258052	0.500000
12.092767	10.990816	0.832888	0.500000
3.412813	9.501717	2.689089	0.500000
6.989197	0.760910	3.661297	0.500000
5.839750	11.606330	2.174598	0.500000
7.501816	12.330584	2.770990	0.500000
9.549256	11.092164	3.963037	0.500000
0.012908	5.501469	2.732785	0.500000
3.180340	7.919298	1.034869	0.500000
4.441665	10.856711	1.931253	0.500000
7.797977	9.155478	1.840517	0.500000
1.338025	2.498602	1.561057	0.500000
2.790546	8.900361	1.601423	0.500000
0.601434	3.941420	3.002923	0.500000
4.840466	10.791806	3.225321	0.500000
4.758928	9.768325	2.844971	0.500000
5.936351	7.239046	3.726559	0.500000
11.240326	9.166522	0.589715	0.500000
4.758866	8.929362	2.065875	0.500000
12.248021	7.856143	1.951086	0.500000
0.311944	0.186404	1.971597	0.500000
1.642781	10.256808	0.511307	0.500000
1.786483	6.494253	3.401980	0.500000
2.865311	3.421401	3.826030	0.500000
10.973737	11.310293	1.387586	0.500000
10.892197	5.137719	0.520620	0.500000
7.765697	0.401622	1.017839	0.500000
9.973082	3.784340	0.552702	0.500000
5.472197	0.571403	1.726915	0.500000
3.009144	5.952210	0.725458	0.500000
1.182929	6.182927	2.618228	0.500000
8.339489	4.088907	0.739226	0.500000
6.580424	8.880752	2.754206	0.500000
9.291820	12.233837	1.534483	0.500000
5.155771	7.888047	0.511565	0.500000
9.533275	7.447236	0.660429	0.500000
1.991421	12.337812	0.560055	0.500000
11.170264	3.145665	1.691901	0.500000
7.583487	8.025408	2.417829	0.500000
7.688465	5.035532	2.937966	0.500000
6.747334	8.539000	1.449872	0.500000
5.369780	2.310527	3.531114	0.500000
2.537941	10.739198	2.612522	0.500000
0.560513	5.780602	3.715168	0.500000
11.679675	5.229678	3.483386	0.500000
4.903343	1.366405	3.940222	0.500000
12.085580	3.360483	1.110694	0.500000
3.514555	0.822328	3.331406	0.500000
5.149465	4.930445	0.966942	0.500000
11.432884	7.401122	1.256437	0.500000
0.302625	9.449398	2.282980	0.500000
7.994835	1.840039	2.996794	0.500000
3.420844	8.585301	3.289046	0.500000
7.008091	12.203286	0.944986	0.500000
9.629160	0.920621	3.888164	0.500000
2.202004	11.571850	3.209650	0.500000
10.499078	5.568187	3.995010	0.500000
9.850121	4.084075	3.927649	0.500000
0.463401	10.390894	0.598088	0.500000
10.591757	12.321259	1.254943	0.500000
10.168774	9.954525	3.810618	0.500000
7.401123	6.452838	2.767884	0.500000
3.374182	9.369339	0.731340	0.500000
11.625824	5.807330	0.658050	0.500000
1.868256	4.904271	3.669801	0.500000
5.214171	12.178415	2.765941	0.500000
10.393875	7.801006	3.174404	0.500000
5.665687	1.408978	0.797155	0.500000
10.822200	4.441852	1.404383	0.500000
5.197646	0.203167	0.655723	0.500000
6.177474	4.094208	3.762716	0.500000
11.316588	9.937347	2.891156	0.500000
4.946606	3.014840	1.377893	0.500000
10.568863	10.543718	0.678086	0.500000
4.258823	12.243489	0.859289	0.500000
7.979363	1.087770	3.960942	0.500000
2.761981	2.880225	1.476177	0.500000
9.765907	8.546954	1.329302	0.500000
7.833391	4.530275	1.786570	0.500000
9.115188	2.136279	2.764373	0.500000
1.687483	0.815566	3.352565	0.500000
1.250972	8.678593	0.565217	0.500000
12.440052	6.676723	3.946271	0.500000
11.219154	10.035781	1.792113	0.500000
1.679643	8.129775	2.779698	0.500000
8.205482	2.784789	2.587612	0.500000
8.151238	11.586469	2.011419	0.500000
9.400315	6.829403	2.474402	0.500000
8.898544	5.125116	3.987871	0.500000
9.783953	0.217130	0.665946	0.500000
10.432298	12.174506	3.858563	0.500000
2.047019	7.427827	0.836827	0.500000
11.810517	2.606124	3.536935	0.500000
12.276988	2.446339	1.742748	0.500000
0.742643	4.620320	3.984345	0.500000
2.928977	4.764118	3.968181	0.500000
10.952479	2.132762	3.261387	0.500000
6.580253	11.528414	2.995075	0.500000
2.369192	4.689017	1.001177	0.500000
2.942086	7.613032	3.647178	0.500000
10.597401	6.838881	2.540689	0.500000
11.995777	11.956529	3.304420	0.500000
10.407800	11.637230	0.533671	0.500000
2.120342	9.320961	3.368997	0.500000
11.608330	4.297329	3.842521	0.500000
0.940969	7.596975	3.208311	0.500000
4.520239	6.893211	3.661837	0.500000
6.418836	11.167146	3.914346	0.500000
11.537318	8.720769	1.735460	0.500000
9.772615	3.105299	3.165224	0.500000
5.356236	6.816531	0.680854	0.500000
7.230176	2.605425	0.690612	0.500000
6.223210	0.490559	2.563406	0.500000
8.514924	6.694318	3.866485	0.500000
10.101069	3.236103	1.704005	0.500000
10.423462	0.724498	2.216390	0.500000
9.829855	8.671353	3.725332	0.500000
8.293966	0.867115	3.032320	0.500000
11.079244	11.375213	3.306756	0.500000
11.942829	1.612204	2.944067	0.500000
6.270224	7.669491	0.500997	0.500000
9.923692	1.929919	3.769513	0.500000
7.715883	6.865742	0.585833	0.500000
0.114161	0.584247	3.677252	0.500000
7.171279	11.836173	1.947563	0.500000
1.019993	9.118194	3.034181	0.500000
12.258870	12.013217	1.248854	0.500000
8.504942	11.214460	3.453895	0.500000
2.632685	7.902774	1.963623	0.500000
7.094452	11.076339	0.850901	0.500000
6.898706	4.347647	2.695017	0.500000
9.436994	2.273011	0.551105	0.500000
2.201730	0.949634	0.690758	0.500000
4.961371	7.068276	2.684546	0.500000
8.325577	1.900814	1.919464	0.500000
12.192308	9.580811	1.243201	0.500000
5.587116	9.543719	3.921895	0.500000
4.303969	0.637280	1.581090	0.500000
6.665910	1.028358	1.135233	0.500000
0.081128	0.636407	0.778814	0.500000
4.516407	1.628399	1.904639	0.500000
3.423734	11.223665	2.808866	0.500000
8.553648	9.672490	0.646268	0.500000
6.727453	9.576431	1.614726	0.500000
3.971983	2.412984	2.929349	0.500000
5.002455	2.622023	2.368993	0.500000
3.280827	11.671009	1.802401	0.500000
2.245157	3.872229	1.587539	0.500000
1.891064	10.907846	3.918495	0.500000
2.375824	1.069279	2.592148	0.500000
10.013496	1.273259	2.956628	0.500000
9.240889	5.489578	2.421402	0.500000
10.051018	5.031183	1.951072	0.500000
6.647207	8.342090	3.649919	0.500000
2.829861	3.874389	0.644706	0.500000
10.920586	3.174567	0.580872	0.500000
4.632589	2.930192	3.959301	0.500000
0.829069	1.737937	0.603091	0.500000
7.782142	10.359634	0.697828	0.500000
4.201011	3.539086	0.511725	0.500000
8.656220	3.878989	2.322642	0.500000
3.913246	5.820244	3.696578	0.500000
5.043076	11.471332	1.382542	0.500000
8.074142	7.149671	3.026035	0.500000
8.376399	8.115062	1.634321	0.500000
3.442075	10.986450	3.982825	0.500000
9.940864	9.491780	2.754371	0.500000
11.229725	5.119248	2.555669	0.500000
11.200759	6.234485	1.853682	0.500000
5.786038	4.215220	2.172898	0.500000
12.066530	4.447988	2.712486	0.500000
9.089481	4.616832	3.088496	0.500000
4.083485	5.516475	2.549313	0.500000
0.227229	3.544971	3.952715	0.500000
7.111311	9.498165	3.872916	0.500000
1.871528	2.420495	0.607611	0.500000
3.098625	5.317402	3.133419	0.500000
4.948072	3.451731	3.037434	0.500000
10.721996	6.715136	0.841101	0.500000
1.700279	7.120787	2.151079	0.500000
1.186316	12.248989	2.877634	0.500000
11.037837	3.262467	3.570844	0.500000
5.212616	8.047512	2.514727	0.500000
0.360271	2.434664	3.582587	0.500000
0.860503	10.283202	2.855265	0.500000
7.627657	1.409930	1.050532	0.500000
7.436220	3.655639	0.621925	0.500000
4.032639	5.347830	1.251362	0.500000
1.757292	10.711871	1.804995	0.500000
0.927882	5.091426	3.046801	0.500000
