100

1.649954	5.791553	0.909932	0.500000
9.298930	0.198890	0.709629	0.500000
9.786639	10.117614	0.603314	0.500000
2.422215	7.594499	0.987559	0.500000
7.015312	8.272663	0.767002	0.500000
3.170535	8.392861	0.579054	0.500000
5.148846	5.739258	0.653689	0.500000
9.288296	4.225745	0.792480	0.500000
0.168934	3.016445	0.606982	0.500000
10.303432	1.199065	0.609166	0.500000
7.118823	10.154911	0.991763	0.500000
0.386586	10.771434	0.874741	0.500000
2.357025	10.682248	0.514559	0.500000
5.683671	8.366256	0.624258	0.500000
5.655625	6.713107	0.958702	0.500000
7.994533	3.293162	0.643999	0.500000
7.061360	1.451731	0.958165	0.500000
2.816400	9.482024	0.744010	0.500000
2.010355	1.029555	0.512757	0.500000
4.647399	1.027145	0.500504	0.500000
3.816057	7.608130	0.559334	0.500000
2.118988	8.614920	0.843391	0.500000
10.095928	6.112583	0.754986	0.500000
3.120995	4.668054	0.674232	0.500000
10.033791	2.488442	0.755398	0.500000
4.026404	5.410031	0.615239	0.500000
1.277625	2.823697	0.670931	0.500000
5.125643	4.746695	0.896150	0.500000
0.748882	9.844845	0.508356	0.500000
3.790407	9.233178	0.545650	0.500000
9.158790	8.086837	0.883833	0.500000
1.081229	5.050404	0.519177	0.500000
2.055635	4.854962	0.751596	0.500000
2.271009	2.717985	0.951313	0.500000
0.311635	1.887461	0.601201	0.500000
1.422585	0.133530	0.868193	0.500000
8.762228	9.821295	0.935943	0.500000
0.161422	5.563407	0.687729	0.500000
8.020486	4.382195	0.576769	0.500000
1.941628	6.714019	0.529261	0.500000
0.206816	4.369365	0.858139	0.500000
8.286099	0.860203	0.793548	0.500000
6.603380	6.290516	0.896214	0.500000
4.966164	10.446562	0.890692	0.500000
9.334322	7.017676	0.777977	0.500000
5.896768	3.676612	0.750040	0.500000
10.284409	7.916604	0.579456	0.500000
9.046551	3.201938	0.687251	0.500000
9.968171	4.993917	0.522021	0.500000
7.115767	7.191567	0.504938	0.500000
1.401761	7.724074	0.580851	0.500000
4.900698	7.676852	0.516227	0.500000
3.899916	2.905433	0.967977	0.500000
4.827452	3.167459	0.652753	0.500000
6.849810	3.386121	0.959836	0.500000
5.119442	9.207820	0.537197	0.500000
8.235352	8.463445	0.761324	0.500000
1.822252	9.699866	0.628193	0.500000
6.928863	5.402725	0.510717	0.500000
1.322404	1.776054	0.761450	0.500000
6.013341	5.215864	0.869108	0.500000
3.068408	5.824690	0.639978	0.500000
3.129310	6.830926	0.605245	0.500000
0.767224	0.944278	0.679759	0.500000
10.667453	9.571969	0.976114	0.500000
7.221823	2.431798	0.819188	0.500000
0.784381	6.874882	0.665577	0.500000
8.524960	2.285885	0.941565	0.500000
6.803762	4.361453	0.527466	0.500000
3.222198	10.382881	0.986624	0.500000
4.113268	0.104970	0.564159	0.500000
7.572366	9.265197	0.560811	0.500000
0.459223	8.156037	0.882611	0.500000
9.989054	3.512668	0.927702	0.500000
4.366617	8.535997	0.996003	0.500000
8.064646	10.534682	0.634288	0.500000
6.255470	9.325099	0.930912	0.500000
2.042404	3.669311	0.529556	0.500000
4.539623	2.073409	0.775123	0.500000
5.944179	0.511191	0.509100	0.500000
10.638145	7.033520	0.989391	0.500000
5.955015	10.299671	0.792560	0.500000
8.900602	5.232958	0.605432	0.500000
5.719820	1.575653	0.739451	0.500000
7.670711	6.344141	0.587580	0.500000
9.413276	1.702613	0.661213	0.500000
9.700828	9.009777	0.595806	0.500000
6.217326	2.567038	0.968338	0.500000
8.701185	6.213516	0.995845	0.500000
6.304843	7.598829	0.984836	0.500000
1.004994	3.742715	0.975779	0.500000
7.331859	0.428338	0.771907	0.500000
1.130442	8.965632	0.937187	0.500000
3.039389	3.631106	0.820258	0.500000
3.214120	2.068896	0.604626	0.500000
4.405227	6.838565	0.911179	0.500000
3.934482	4.147810	0.952324	0.500000
3.126598	0.699163	0.738667	0.500000
8.008342	5.491713	0.998267	0.500000
8.312625	7.461777	0.563807	0.500000
