300

9.915164	7.883372	0.522992	0.500000
1.572515	8.539211	1.377673	0.500000
2.451799	0.283337	1.410047	0.500000
5.736559	9.284383	2.983319	0.500000
2.671982	9.772118	0.567932	0.500000
6.554064	0.562329	0.569113	0.500000
0.138407	2.826628	0.503748	0.500000
8.967872	9.112788	1.355819	0.500000
0.091284	8.808219	1.309275	0.500000
8.753402	4.315909	0.504952	0.500000
8.772874	8.585241	2.971207	0.500000
9.909144	3.754864	1.801426	0.500000
3.355123	8.900687	0.618260	0.500000
1.667795	1.152077	0.618923	0.500000
6.686719	8.100445	0.501386	0.500000
3.565692	0.796408	2.939929	0.500000
4.592746	1.694128	0.743913	0.500000
8.511155	2.792053	0.556771	0.500000
8.851147	4.084039	2.138470	0.500000
0.084770	0.120697	2.972288	0.500000
2.730696	2.408779	1.440952	0.500000
9.705846	9.435947	0.605284	0.500000
1.804933	7.868241	0.588205	0.500000
1.697062	0.089977	0.575414	0.500000
3.417202	1.496436	0.575061	0.500000
6.120665	9.681664	2.036511	0.500000
6.862998	9.854222	2.994071	0.500000
8.942958	1.239297	1.166582	0.500000
9.856289	1.679334	0.540525	0.500000
0.246050	1.327783	1.412986	0.500000
1.661202	3.871847	2.950268	0.500000
1.719233	2.699315	0.572201	0.500000
0.910651	8.472688	0.505672	0.500000
2.770118	0.208375	2.369137	0.500000
9.390539	4.504357	1.357215	0.500000
3.770095	9.826663	0.611960	0.500000
7.735501	0.666143	1.450871	0.500000
8.572339	2.209065	1.486453	0.500000
9.806607	2.443347	2.438177	0.500000
6.510671	0.982248	2.941080	0.500000
8.802792	6.074657	2.083775	0.500000
9.492509	4.443194	2.869812	0.500000
0.776702	4.497094	0.511104	0.500000
3.234673	2.697759	0.561251	0.500000
4.470190	5.470685	0.567057	0.500000
7.799377	2.435832	2.264264	0.500000
5.511780	2.432520	0.607473	0.500000
6.580947	3.336893	2.362279	0.500000
7.228090	5.828137	2.078552	0.500000
8.076651	5.254315	0.500155	0.500000
8.198571	4.278336	2.895098	0.500000
9.254433	3.345013	1.005995	0.500000
7.778433	7.098713	0.589540	0.500000
2.565057	3.211494	2.068557	0.500000
3.363579	1.346902	2.089551	0.500000
6.518139	4.666917	0.506937	0.500000
5.560613	3.582989	0.520013	0.500000
8.376666	6.279168	0.501758	0.500000
7.536228	3.911485	0.529018	0.500000
7.204216	5.000326	1.255764	0.500000
0.736148	2.557370	1.266856	0.500000
7.924975	5.835813	1.318085	0.500000
5.507939	7.246403	0.522988	0.500000
3.995903	4.664824	2.962467	0.500000
4.393254	6.357950	2.373702	0.500000
2.338337	6.070741	1.256187	0.500000
4.838320	2.665953	2.867921	0.500000
6.418934	1.971628	0.526566	0.500000
9.631832	6.039617	1.229896	0.500000
0.484035	6.585072	1.387115	0.500000
1.616034	6.328610	0.517531	0.500000
6.874695	9.085719	0.549720	0.500000
3.522109	5.047245	2.123644	0.500000
3.897942	7.835889	1.535237	0.500000
4.726883	2.495960	1.502263	0.500000
5.659670	7.947623	2.944420	0.500000
6.969280	5.868133	0.590097	0.500000
9.539025	7.570695	1.448055	0.500000
7.652469	9.939668	2.139272	0.500000
8.534558	7.804433	2.338357	0.500000
0.472776	5.814558	0.532328	0.500000
1.800165	9.084737	0.504003	0.500000
4.888533	0.794585	1.388466	0.500000
4.804362	8.828141	2.984900	0.500000
2.624572	8.213825	1.047245	0.500000
8.618293	9.640242	2.356978	0.500000
4.803697	3.369749	2.064962	0.500000
6.895506	9.741272	1.351304	0.500000
6.396106	4.316246	2.890119	0.500000
0.318628	0.012532	1.364679	0.500000
8.601563	9.493308	0.501463	0.500000
1.303768	0.564928	2.930928	0.500000
3.807047	8.557815	2.753931	0.500000
2.016787	8.918975	2.244460	0.500000
5.970926	6.272719	0.525858	0.500000
6.150687	7.588830	1.217242	0.500000
8.566034	8.333213	0.815654	0.500000
7.496789	0.131240	0.553794	0.500000
5.631285	2.662330	2.002243	0.500000
8.548120	0.082045	1.460525	0.500000
1.190440	0.486441	1.512358	0.500000
1.618581	1.636834	2.887188	0.500000
2.464704	6.989288	2.404006	0.500000
4.418849	1.615141	2.111953	0.500000
4.301678	8.325693	0.669118	0.500000
2.489993	1.154697	2.980466	0.500000
8.869965	6.713956	1.302546	0.500000
5.363855	7.401416	2.137360	0.500000
1.111319	1.527733	1.933336	0.500000
7.830246	9.263034	2.931648	0.500000
7.272773	3.780230	2.962174	0.500000
0.974527	7.251369	0.669937	0.500000
7.443664	1.140970	0.515988	0.500000
3.678945	3.880859	2.145995	0.500000
5.116236	0.221050	0.506709	0.500000
4.012465	8.919008	1.466889	0.500000
5.947476	9.558149	0.535619	0.500000
9.151161	0.719802	2.960928	0.500000
4.122146	0.626868	2.122131	0.500000
8.400514	0.592368	0.517098	0.500000
8.727902	5.373164	2.981117	0.500000
2.235524	2.778771	2.920327	0.500000
4.135504	0.777315	0.600940	0.500000
3.953005	2.517936	2.319307	0.500000
2.382971	1.948698	0.522333	0.500000
1.700448	9.562245	1.528902	0.500000
4.549251	2.716277	0.519257	0.500000
6.715393	6.986168	0.577828	0.500000
5.888797	0.332534	1.303718	0.500000
9.539217	0.552191	0.516211	0.500000
8.173040	5.142916	2.143162	0.500000
1.640683	3.705538	0.651282	0.500000
0.668533	0.838064	0.511608	0.500000
5.601740	3.390299	2.871047	0.500000
4.629271	3.590664	1.068904	0.500000
4.588296	6.992515	1.619369	0.500000
2.633722	0.777922	0.538373	0.500000
6.465212	2.456481	1.407288	0.500000
6.030178	3.424937	1.490133	0.500000
0.870189	2.536943	2.969483	0.500000
8.710047	6.687910	2.995354	0.500000
1.632002	3.405735	1.704652	0.500000
2.580274	3.326310	1.043194	0.500000
2.053726	5.447443	2.097527	0.500000
2.032261	4.852481	2.950632	0.500000
2.918526	5.174639	1.304877	0.500000
5.394992	1.747390	1.418773	0.500000
5.291576	9.413672	1.373207	0.500000
5.639985	4.227837	2.117694	0.500000
0.277960	3.355519	2.990154	0.500000
6.879837	6.289400	2.974997	0.500000
1.588709	2.405205	2.231503	0.500000
2.658303	6.127222	2.951148	0.500000
3.589015	6.644359	2.975846	0.500000
5.507327	1.212369	0.509076	0.500000
4.188075	4.778642	1.274395	0.500000
5.695932	4.412819	1.089996	0.500000
8.074172	1.796327	2.999600	0.500000
7.974075	6.632216	2.192164	0.500000
7.294538	4.889933	2.795325	0.500000
2.487309	4.416738	0.548061	0.500000
8.803625	3.025773	2.051418	0.500000
8.113018	8.692511	1.779962	0.500000
1.525982	4.612105	1.291293	0.500000
3.416414	7.885116	0.500744	0.500000
2.273225	4.186694	2.047984	0.500000
6.296070	5.621728	1.365063	0.500000
5.046623	7.931302	1.211308	0.500000
5.650421	5.319079	0.547555	0.500000
0.884104	4.047113	1.927620	0.500000
9.534185	5.092345	0.508328	0.500000
9.901842	3.991843	0.526348	0.500000
5.536278	6.879446	2.996257	0.500000
7.603595	4.126151	1.994426	0.500000
6.425256	5.383966	2.995097	0.500000
4.827094	4.490269	0.539896	0.500000
7.329920	7.466778	2.065108	0.500000
0.838625	8.735068	2.084554	0.500000
8.128584	7.532058	1.464120	0.500000
7.778027	7.214592	2.981654	0.500000
0.564941	5.761348	2.014772	0.500000
2.037649	7.279511	1.401591	0.500000
4.761590	9.240475	0.510221	0.500000
3.791236	5.701804	1.407607	0.500000
5.737527	6.719403	1.492544	0.500000
4.598234	4.359116	2.106274	0.500000
6.837097	6.566941	1.513263	0.500000
5.687527	8.562433	0.743541	0.500000
6.560331	8.111956	2.112401	0.500000
9.343030	8.377439	2.085199	0.500000
1.820323	9.701544	2.944566	0.500000
2.635265	1.372760	1.358911	0.500000
1.423481	8.408575	2.999326	0.500000
4.446778	7.166242	2.982067	0.500000
1.410812	7.142789	2.994311	0.500000
4.422820	9.908333	1.406757	0.500000
5.514529	8.684533	2.156744	0.500000
9.425559	0.468283	1.898941	0.500000
1.939170	5.289752	0.599766	0.500000
9.639303	7.338295	2.941912	0.500000
0.860377	9.761051	2.168610	0.500000
2.809760	9.075076	1.612915	0.500000
4.904362	1.455884	2.993075	0.500000
3.723683	9.683914	2.923236	0.500000
6.332930	1.322587	1.288141	0.500000
4.575943	8.343790	2.094590	0.500000
4.658451	0.384317	2.975912	0.500000
7.654514	1.758476	1.500191	0.500000
7.185109	2.763501	2.991646	0.500000
9.368321	9.406201	2.979347	0.500000
7.750365	9.283307	1.038535	0.500000
3.748425	3.157382	1.436395	0.500000
6.483040	8.597160	2.992325	0.500000
2.466995	8.182893	2.981638	0.500000
5.680396	0.400529	2.948784	0.500000
5.127360	9.858837	2.260488	0.500000
6.718339	0.510913	2.016718	0.500000
1.760530	2.018152	1.305942	0.500000
8.275712	1.754613	0.593719	0.500000
7.460243	1.059174	2.457049	0.500000
0.763528	7.112362	2.213942	0.500000
3.406580	3.115091	2.949687	0.500000
1.934161	0.887941	2.138719	0.500000
3.753841	2.142469	1.265433	0.500000
8.894358	2.400734	2.850077	0.500000
0.435117	0.733435	2.207064	0.500000
3.156956	4.123859	1.321049	0.500000
9.270094	3.393692	2.890492	0.500000
9.704865	2.392667	1.440590	0.500000
0.703919	9.480861	0.532118	0.500000
9.396193	1.500672	2.020891	0.500000
2.740928	7.010516	0.508164	0.500000
0.681005	3.537193	1.015320	0.500000
3.556580	9.721603	1.920706	0.500000
6.494057	3.186558	0.538582	0.500000
6.388693	4.900283	2.066746	0.500000
4.255406	6.794530	0.603801	0.500000
5.493833	5.340331	1.974816	0.500000
2.412674	1.823186	2.228859	0.500000
0.711084	4.272436	2.904635	0.500000
3.782977	3.819121	0.534726	0.500000
9.735243	6.817294	2.080693	0.500000
3.019106	5.182059	2.980286	0.500000
2.789508	4.147026	2.941903	0.500000
4.388791	3.666317	2.932644	0.500000
8.276993	3.538843	1.197657	0.500000
5.824184	2.208602	2.999865	0.500000
9.543366	1.645076	2.999796	0.500000
7.272213	3.046872	1.476900	0.500000
6.812999	4.065195	1.253989	0.500000
0.724687	3.065092	2.129794	0.500000
9.577704	5.396200	2.083107	0.500000
5.123959	5.792866	2.824620	0.500000
8.523418	0.929955	2.052083	0.500000
5.992603	6.125212	2.454987	0.500000
5.423168	4.766099	2.933683	0.500000
3.373014	0.654886	1.284890	0.500000
8.133670	4.572813	1.255092	0.500000
9.717485	6.840457	0.585010	0.500000
0.226351	5.272348	2.868079	0.500000
8.824707	5.364625	1.216074	0.500000
3.055231	5.970011	2.042352	0.500000
3.505315	4.811443	0.520163	0.500000
3.250783	2.119473	2.989695	0.500000
6.322515	7.110731	2.229511	0.500000
3.906707	5.683443	2.933856	0.500000
3.423968	6.208960	0.515712	0.500000
9.593157	6.074785	2.904547	0.500000
7.830063	5.873551	2.924568	0.500000
9.880992	9.457929	2.107860	0.500000
1.309264	5.634102	1.321421	0.500000
1.182569	5.068793	2.449554	0.500000
1.674831	6.439982	2.037517	0.500000
0.324104	4.922284	1.389777	0.500000
4.819351	6.029295	1.320087	0.500000
7.610044	8.222395	2.932776	0.500000
3.327959	7.656396	2.818340	0.500000
8.203620	3.199983	2.973057	0.500000
7.353571	2.377404	0.727790	0.500000
0.597199	7.743573	2.980475	0.500000
0.682687	9.166450	2.997088	0.500000
0.547254	1.553149	2.775746	0.500000
0.527931	6.463887	2.969523	0.500000
1.577936	7.850202	2.122656	0.500000
3.592849	6.916151	1.928572	0.500000
4.493556	5.352926	2.053224	0.500000
8.738728	7.382524	0.516465	0.500000
8.219589	0.299618	2.999599	0.500000
7.217436	9.031390	2.162071	0.500000
9.878318	8.484841	2.954966	0.500000
6.616517	1.927313	2.335923	0.500000
1.496754	6.005842	2.923192	0.500000
2.791222	9.155767	2.937974	0.500000
6.407484	8.831329	1.405904	0.500000
2.931201	7.720961	1.871712	0.500000
6.800705	7.591818	2.971235	0.500000
0.892977	1.825563	0.556966	0.500000
7.345107	8.176443	1.346202	0.500000
5.758200	1.265125	2.238111	0.500000
0.548463	7.918150	1.443033	0.500000
