200

0.962499	0.279480	0.516978	0.500000
1.840888	8.439194	0.530457	0.500000
3.735677	0.286049	0.531998	0.500000
3.758561	8.404378	1.150049	0.500000
6.213813	8.641423	0.534188	0.500000
7.216388	8.679861	0.635648	0.500000
6.750095	7.618914	0.507781	0.500000
6.609346	7.413608	1.614533	0.500000
8.219331	8.104925	1.990590	0.500000
9.794992	8.556138	0.532030	0.500000
1.998923	0.994087	0.536015	0.500000
2.617143	0.177836	0.676431	0.500000
2.828995	0.307704	1.930411	0.500000
3.271876	0.889018	1.245870	0.500000
5.459083	0.383155	0.534197	0.500000
7.219732	1.369945	1.059504	0.500000
7.791509	0.671799	0.614733	0.500000
8.683613	0.205922	0.516041	0.500000
9.508722	0.315215	1.301461	0.500000
10.365376	0.594301	0.507324	0.500000
0.471504	1.673873	0.501486	0.500000
1.994560	2.082777	0.666442	0.500000
3.064183	1.788642	1.731137	0.500000
2.983412	1.849037	0.536362	0.500000
5.739774	1.173723	1.131713	0.500000
6.694931	0.555701	0.594493	0.500000
6.348276	1.612029	1.865673	0.500000
7.307355	2.350294	0.507011	0.500000
9.431683	1.115984	0.624502	0.500000
10.133549	1.364915	1.344082	0.500000
1.065121	2.542109	0.535075	0.500000
1.818030	2.974358	1.395887	0.500000
2.643437	2.891169	0.661136	0.500000
4.558353	1.926825	1.350823	0.500000
6.440451	1.814555	0.567560	0.500000
6.637612	2.606980	1.340198	0.500000
8.474711	1.631848	1.998782	0.500000
8.347019	1.618274	0.546808	0.500000
9.914565	2.180296	0.536349	0.500000
0.360481	2.431844	1.265205	0.500000
10.335652	3.225795	0.528709	0.500000
0.858088	3.576641	1.226257	0.500000
2.778969	2.787857	1.887627	0.500000
3.476639	3.282128	1.232353	0.500000
3.791968	2.370619	0.862340	0.500000
5.225459	3.495827	1.320434	0.500000
6.698115	3.615018	0.538537	0.500000
7.646674	3.290207	0.545638	0.500000
8.746971	2.626995	0.513021	0.500000
9.512477	2.935750	1.193608	0.500000
0.392524	4.179742	0.533374	0.500000
2.525137	3.702094	1.453983	0.500000
3.167267	3.965216	0.512853	0.500000
4.152919	4.072264	1.116343	0.500000
5.767378	4.048164	1.962156	0.500000
5.660309	3.896667	0.501733	0.500000
7.054863	4.741943	0.503393	0.500000
8.961823	4.412960	1.183131	0.500000
9.153041	3.605880	0.506206	0.500000
9.848303	3.879541	1.190994	0.500000
0.971931	5.615343	1.325199	0.500000
1.295729	4.579128	0.752523	0.500000
2.355131	4.582024	0.513699	0.500000
4.825323	4.595893	0.563549	0.500000
4.973825	5.287352	1.303374	0.500000
5.768709	4.931414	0.552975	0.500000
6.750295	5.698893	0.505678	0.500000
7.745166	4.924348	1.467542	0.500000
8.216217	4.473811	0.506480	0.500000
9.772926	4.755125	0.574544	0.500000
0.844707	6.461477	0.522633	0.500000
1.695254	5.892710	0.531337	0.500000
2.864176	5.456438	0.515790	0.500000
3.855311	4.860858	0.562461	0.500000
4.416979	5.871137	0.550387	0.500000
5.514192	5.966835	0.514407	0.500000
7.368424	6.280076	1.204537	0.500000
7.766063	5.491477	0.528709	0.500000
9.541698	5.594997	1.719112	0.500000
0.345234	5.282491	0.561335	0.500000
0.622208	7.171505	1.329753	0.500000
1.250503	7.551497	0.602463	0.500000
2.352342	6.653230	0.518168	0.500000
3.373711	6.396429	0.530077	0.500000
3.669820	5.695670	1.228345	0.500000
4.586261	7.613941	1.215838	0.500000
6.193916	6.733360	0.540084	0.500000
8.302359	6.272752	1.980214	0.500000
8.439192	7.136911	1.488219	0.500000
10.102912	6.853796	0.548024	0.500000
1.114146	8.357667	1.240365	0.500000
2.104561	7.598239	1.161148	0.500000
3.008060	8.138137	0.505445	0.500000
4.647024	8.373410	0.526805	0.500000
5.418857	7.758225	1.951986	0.500000
5.558399	7.719608	0.584175	0.500000
8.084210	8.698016	1.176873	0.500000
9.255481	6.530022	1.215274	0.500000
8.331899	6.313312	0.681014	0.500000
0.358232	7.999412	0.523519	0.500000
0.851626	0.124867	1.930040	0.500000
1.631338	0.276684	1.302268	0.500000
3.032822	8.078774	1.805935	0.500000
4.079294	0.269867	1.915187	0.500000
4.577738	0.793004	1.168095	0.500000
6.048538	0.349761	1.660136	0.500000
6.931012	0.794864	1.962171	0.500000
7.949696	0.689014	1.973404	0.500000
9.706396	8.446104	1.856169	0.500000
0.193725	8.801263	1.162359	0.500000
1.370323	1.108934	1.984220	0.500000
2.287741	1.170468	1.550625	0.500000
3.920314	1.415765	0.556362	0.500000
5.088666	1.292718	1.956221	0.500000
5.631116	2.161507	1.295679	0.500000
5.110001	0.142018	1.960316	0.500000
7.452690	1.694946	1.979699	0.500000
8.812014	8.930548	1.984773	0.500000
10.305352	0.607042	1.977418	0.500000
0.668350	0.927817	1.275342	0.500000
1.190795	1.791989	1.269097	0.500000
1.982713	2.040240	1.973642	0.500000
3.985652	1.295273	1.935792	0.500000
4.987057	2.608897	0.664244	0.500000
4.968503	1.454985	0.512999	0.500000
5.911711	3.035643	1.931499	0.500000
9.207540	1.841892	1.313114	0.500000
8.671658	0.876770	1.293386	0.500000
9.395304	1.062129	1.984324	0.500000
0.452841	1.742964	1.987248	0.500000
0.993144	2.748194	1.973123	0.500000
3.873934	2.586585	1.917196	0.500000
4.189455	3.234188	0.511607	0.500000
4.937834	2.685806	1.946120	0.500000
6.061722	2.806223	0.531670	0.500000
8.071430	2.329227	1.300155	0.500000
7.507224	3.017938	1.968778	0.500000
8.890582	2.698106	1.956026	0.500000
9.900764	2.286899	1.888423	0.500000
10.280388	3.303983	1.998814	0.500000
0.621851	4.186600	1.996403	0.500000
1.549791	3.795241	1.959607	0.500000
3.367979	4.005212	1.997642	0.500000
4.442535	3.591259	1.951641	0.500000
4.865684	4.507614	1.929349	0.500000
6.724255	3.708537	1.982688	0.500000
7.405764	3.960628	1.272544	0.500000
8.422049	3.351417	1.190119	0.500000
9.247782	3.682490	1.984075	0.500000
9.735711	4.594859	1.914679	0.500000
1.727689	3.565109	0.584257	0.500000
2.363828	4.542540	1.971705	0.500000
3.093855	4.697843	1.302573	0.500000
4.442531	5.957693	1.870615	0.500000
5.714561	5.055244	1.979031	0.500000
6.311942	4.317454	1.154598	0.500000
8.332008	4.184980	1.999939	0.500000
9.735242	5.773313	0.515510	0.500000
8.609118	5.209901	1.892927	0.500000
0.118835	5.352381	1.997076	0.500000
1.398025	4.856752	1.933978	0.500000
2.150636	5.250104	1.234219	0.500000
2.904100	5.438734	1.989856	0.500000
3.909385	4.911913	1.909366	0.500000
5.522218	6.100482	1.961862	0.500000
6.195858	5.681194	1.338609	0.500000
6.814639	4.706171	1.958721	0.500000
7.188457	5.648953	1.991950	0.500000
8.793442	5.284106	0.654441	0.500000
0.071977	6.218123	1.257329	0.500000
1.554967	6.727449	1.241206	0.500000
2.013219	5.918260	1.987486	0.500000
3.485884	6.539461	1.990994	0.500000
4.174781	6.687090	1.225533	0.500000
4.930372	6.794328	0.510703	0.500000
6.554037	6.446510	1.883528	0.500000
7.495108	7.085836	1.973401	0.500000
9.288587	7.524673	1.997742	0.500000
9.939592	6.748833	1.955241	0.500000
0.843159	6.402347	1.991073	0.500000
1.520481	7.559407	1.989372	0.500000
2.359258	6.985093	1.962536	0.500000
2.763039	6.219315	1.365955	0.500000
3.774003	7.372771	0.524310	0.500000
5.605900	6.973437	1.316905	0.500000
7.635794	7.125996	0.687641	0.500000
4.797952	6.930185	1.991993	0.500000
7.402649	7.971803	1.371258	0.500000
8.223537	7.928013	0.505964	0.500000
9.981422	7.592925	1.229478	0.500000
1.873413	8.533451	1.952496	0.500000
3.116379	7.186008	1.265502	0.500000
4.468266	8.321600	1.923873	0.500000
3.861025	7.518597	1.971024	0.500000
5.380250	8.487544	1.210132	0.500000
6.314196	8.361144	1.818911	0.500000
7.356376	8.861761	1.936507	0.500000
9.056956	8.002857	1.091035	0.500000
8.912548	7.192533	0.505799	0.500000
0.367267	8.047081	1.960448	0.500000
