400

9.373582	2.759970	2.343894	0.500000
0.613636	1.259360	0.513258	0.500000
1.447952	1.146099	1.211310	0.500000
3.407485	0.880905	0.598638	0.500000
4.058784	0.447973	1.257704	0.500000
4.787318	8.741476	0.556636	0.500000
5.934747	0.146586	0.512240	0.500000
7.249764	0.059927	0.531578	0.500000
7.057182	8.334190	1.379905	0.500000
8.234946	8.080585	1.451849	0.500000
8.970398	0.746449	0.656455	0.500000
10.316656	1.551632	1.426108	0.500000
2.256600	0.961935	0.509291	0.500000
2.819139	1.793865	0.559684	0.500000
4.410653	1.090864	0.541481	0.500000
5.410931	1.024044	0.542141	0.500000
5.937477	0.458552	2.267586	0.500000
8.286896	8.799192	0.512877	0.500000
6.569540	0.235679	1.373982	0.500000
9.399642	8.620604	0.523963	0.500000
9.189960	2.362044	0.535357	0.500000
8.289664	1.836088	0.663323	0.500000
1.595623	1.907573	0.561802	0.500000
2.174150	2.728912	0.537914	0.500000
3.786922	2.223480	0.545250	0.500000
4.936143	1.966930	0.625430	0.500000
6.045548	1.802690	0.508374	0.500000
7.914076	0.868220	0.637671	0.500000
9.953375	3.209976	0.510322	0.500000
8.474223	2.153500	2.426056	0.500000
0.562605	3.809541	0.561900	0.500000
0.986668	2.824281	0.514741	0.500000
1.508643	2.990895	1.367525	0.500000
3.296796	3.172312	0.522424	0.500000
4.464381	3.046720	0.662819	0.500000
6.013894	1.181270	1.356232	0.500000
5.693690	3.977310	1.555802	0.500000
7.843581	3.033940	0.584171	0.500000
9.409274	3.381710	1.396230	0.500000
8.376696	4.253269	0.505098	0.500000
9.703076	4.238191	0.517236	0.500000
10.289404	5.093366	0.521791	0.500000
1.061797	4.933360	0.515416	0.500000
1.656761	3.666949	0.596978	0.500000
3.838153	4.219853	0.543348	0.500000
4.703607	4.737877	0.512906	0.500000
5.138742	3.778684	0.524110	0.500000
7.285066	1.722607	0.545856	0.500000
6.659028	1.966370	1.370234	0.500000
8.924383	3.345068	0.508121	0.500000
9.844880	5.232715	1.429067	0.500000
1.504801	5.618306	1.294507	0.500000
2.795663	4.106860	0.506983	0.500000
3.362930	5.126645	0.584653	0.500000
4.237893	5.627124	0.585158	0.500000
5.142251	4.851891	1.423264	0.500000
6.503925	3.862578	2.250468	0.500000
5.620835	2.886539	0.510972	0.500000
6.181512	5.510633	1.352921	0.500000
7.983666	5.312024	0.608789	0.500000
0.139154	5.995686	1.664357	0.500000
0.660099	5.904493	0.609443	0.500000
2.095774	5.102655	0.570492	0.500000
2.722569	6.088039	0.581463	0.500000
3.502624	6.035052	1.331789	0.500000
5.490693	5.644144	0.516986	0.500000
7.144087	3.474611	1.224389	0.500000
6.364992	3.743080	0.629377	0.500000
6.886176	2.835796	2.095213	0.500000
9.037461	5.047469	0.563683	0.500000
0.353585	7.028608	0.503671	0.500000
1.555835	6.366080	0.510530	0.500000
2.325106	7.023151	0.573060	0.500000
3.125026	6.956999	1.441358	0.500000
4.771402	6.479029	0.562409	0.500000
5.602197	6.343159	1.391731	0.500000
7.078176	6.054636	0.586288	0.500000
6.729497	5.098989	0.580282	0.500000
8.720827	6.087700	0.536601	0.500000
10.006497	6.141467	0.506746	0.500000
10.050036	7.831931	0.534009	0.500000
0.409552	8.634739	0.587474	0.500000
2.073948	8.173975	0.524661	0.500000
3.270189	7.638095	0.513314	0.500000
3.726254	6.676253	0.503720	0.500000
4.426283	7.540278	0.623193	0.500000
6.076942	6.543903	0.523298	0.500000
6.903181	7.176196	0.535864	0.500000
7.908545	6.273372	1.383487	0.500000
9.397625	6.930996	0.590896	0.500000
9.254522	7.891023	1.258345	0.500000
1.297367	0.161038	0.546945	0.500000
2.728992	8.938599	0.516540	0.500000
3.769563	8.599472	0.724605	0.500000
4.638605	8.275560	1.454560	0.500000
5.406267	7.909388	0.523223	0.500000
6.410200	8.105775	0.595007	0.500000
7.158044	1.075120	1.483960	0.500000
7.962741	6.918733	0.531324	0.500000
8.559066	7.813979	0.533902	0.500000
0.031391	0.926167	2.258826	0.500000
0.024531	2.236356	0.542418	0.500000
2.026543	1.341792	2.299849	0.500000
2.646465	1.026714	1.516979	0.500000
4.553780	0.578767	2.246660	0.500000
5.376370	1.362305	2.138493	0.500000
7.790485	0.140634	1.483095	0.500000
6.674012	0.921865	0.592672	0.500000
6.456323	1.327075	2.254044	0.500000
7.627984	8.363498	2.223138	0.500000
0.254237	2.588525	2.248357	0.500000
2.190788	2.026890	1.467523	0.500000
2.473312	2.714766	2.160742	0.500000
3.524503	1.567277	1.375667	0.500000
4.577197	1.464600	1.475139	0.500000
8.695998	2.530942	1.509498	0.500000
9.570955	0.878868	1.449739	0.500000
8.333762	3.687078	1.332433	0.500000
7.655005	2.328701	1.329136	0.500000
9.761271	2.442865	1.373286	0.500000
0.298153	3.184039	1.352399	0.500000
1.354146	2.335152	2.173037	0.500000
0.720177	2.274140	1.358967	0.500000
3.083177	2.532764	1.312542	0.500000
4.112453	2.569100	1.498113	0.500000
6.032554	2.236802	2.395310	0.500000
6.390206	3.098086	3.100021	0.500000
7.954250	2.985893	2.194749	0.500000
7.521850	3.954834	2.055533	0.500000
10.047215	2.591127	3.084404	0.500000
1.053921	4.032922	1.405692	0.500000
1.937706	3.685758	2.072600	0.500000
2.551569	3.397337	1.255912	0.500000
3.599741	3.442330	1.459328	0.500000
5.130357	3.066475	1.442605	0.500000
6.225058	3.101684	1.384336	0.500000
5.955837	4.813509	2.234672	0.500000
7.351221	4.192744	0.534265	0.500000
9.548556	3.511539	3.054156	0.500000
10.218881	4.137801	1.376055	0.500000
10.264458	5.345878	2.400946	0.500000
1.467595	4.703094	2.217632	0.500000
0.992562	3.364015	2.250287	0.500000
4.132767	5.051784	1.402643	0.500000
4.935744	4.242790	2.239026	0.500000
5.754321	4.642431	0.627400	0.500000
5.411278	5.745936	2.225351	0.500000
6.972966	4.776044	2.365112	0.500000
8.374314	4.666507	2.262838	0.500000
9.818614	4.440758	2.242446	0.500000
0.927584	5.664281	2.188517	0.500000
3.153819	4.505984	1.368576	0.500000
3.526626	5.266471	2.213476	0.500000
4.549111	3.949022	1.335981	0.500000
4.649395	5.978999	1.481438	0.500000
5.115135	6.742840	2.292486	0.500000
6.496637	5.785676	2.277882	0.500000
7.254607	5.510282	1.433877	0.500000
9.117058	4.361165	1.390975	0.500000
9.561409	5.635060	3.247136	0.500000
0.370585	6.844193	2.298166	0.500000
0.910471	6.699652	1.272996	0.500000
2.185116	6.393560	1.396617	0.500000
4.240442	6.895737	1.453159	0.500000
2.678488	5.437599	1.390417	0.500000
6.107915	6.887929	2.230024	0.500000
6.251826	7.378444	1.287990	0.500000
8.589532	5.293752	1.445722	0.500000
7.792044	4.622044	1.331586	0.500000
9.355300	6.105159	1.446684	0.500000
0.196112	7.803091	1.477153	0.500000
1.288692	7.496700	0.600931	0.500000
2.534731	7.257566	2.199674	0.500000
3.661932	7.811795	1.635286	0.500000
4.643024	7.732358	2.315250	0.500000
5.653961	7.841781	2.152990	0.500000
6.934164	7.612116	2.164093	0.500000
6.604643	6.426213	1.385398	0.500000
8.746198	7.023771	1.352882	0.500000
10.067500	6.932683	1.438020	0.500000
9.959272	8.721475	1.364637	0.500000
1.208930	8.345811	1.232304	0.500000
1.858422	8.420317	2.080024	0.500000
2.715349	7.928501	1.299206	0.500000
2.976466	8.312188	2.311959	0.500000
5.241682	7.335385	1.330497	0.500000
5.120851	0.341198	1.411594	0.500000
5.792473	8.457973	1.324320	0.500000
7.498625	7.333428	1.338562	0.500000
8.230076	8.636713	3.032008	0.500000
0.711230	0.478863	1.403911	0.500000
1.421713	0.376613	2.228327	0.500000
1.962814	0.164515	1.369275	0.500000
3.091957	0.054748	1.487935	0.500000
3.550846	0.834924	2.081120	0.500000
6.757779	2.587353	0.527437	0.500000
8.666388	1.381559	1.643976	0.500000
8.153710	7.286668	2.145049	0.500000
8.787452	8.924866	1.418920	0.500000
9.777796	1.434834	0.531398	0.500000
10.301150	8.962739	3.043716	0.500000
1.016675	1.378306	2.092522	0.500000
1.805887	0.508298	3.150677	0.500000
2.448798	0.271124	2.311761	0.500000
3.799702	1.013378	3.104554	0.500000
5.193314	8.742974	2.230738	0.500000
6.516375	0.681874	3.080875	0.500000
7.585315	8.041721	0.529245	0.500000
9.069263	0.367827	3.082912	0.500000
10.183552	0.511091	0.652499	0.500000
0.364078	8.651126	2.058889	0.500000
1.327488	1.594432	3.052574	0.500000
2.618365	1.111452	3.098085	0.500000
2.972003	1.666870	2.222007	0.500000
4.053904	1.792240	2.328808	0.500000
5.250543	0.475717	3.052278	0.500000
8.950895	8.161893	2.219117	0.500000
8.361983	0.523749	2.240865	0.500000
8.587464	1.276557	2.930459	0.500000
9.511981	1.635380	2.252571	0.500000
0.338762	1.838326	2.987477	0.500000
0.677824	0.689449	3.038875	0.500000
2.415889	3.947947	3.117437	0.500000
3.305296	1.920389	3.149651	0.500000
3.469579	2.790186	2.275520	0.500000
4.911630	2.400421	2.245270	0.500000
5.459417	2.646603	3.130563	0.500000
6.953899	1.640365	3.117771	0.500000
7.071413	0.436982	2.277197	0.500000
9.161485	2.069754	3.182210	0.500000
0.876546	2.817572	3.217207	0.500000
2.311319	2.081171	3.106376	0.500000
2.908406	2.920777	3.189572	0.500000
2.963916	3.727491	2.291630	0.500000
4.394364	3.398326	2.190919	0.500000
4.881798	3.574669	3.127388	0.500000
5.556351	2.127386	1.494292	0.500000
6.610196	4.499167	1.403906	0.500000
8.904806	3.758855	2.181124	0.500000
0.393776	3.697188	3.210063	0.500000
10.120427	3.456183	2.219537	0.500000
1.918019	3.002369	3.024833	0.500000
1.865953	5.087171	3.202938	0.500000
2.514477	4.746694	2.227631	0.500000
3.896027	4.254895	2.048263	0.500000
4.373850	4.513183	3.034297	0.500000
5.570438	3.295820	2.310870	0.500000
6.851715	4.217839	3.243364	0.500000
7.845220	3.636683	2.963470	0.500000
1.296794	4.148808	3.152636	0.500000
0.665872	4.956776	1.462464	0.500000
0.805259	5.099431	3.038496	0.500000
2.023114	4.416848	1.297540	0.500000
2.111069	5.677178	2.182675	0.500000
3.954183	5.418470	3.237774	0.500000
5.308145	4.990738	3.093658	0.500000
6.402770	5.215246	3.144953	0.500000
7.800752	4.708855	3.242153	0.500000
0.442132	4.437931	2.381154	0.500000
10.191170	4.664359	3.189527	0.500000
0.151570	6.059243	3.123240	0.500000
1.412910	6.717717	2.206793	0.500000
2.946929	6.241379	2.200370	0.500000
2.762080	5.646552	3.000795	0.500000
4.520923	5.290714	2.330093	0.500000
4.906640	6.037606	3.055040	0.500000
5.986529	6.171063	3.137000	0.500000
7.331140	5.767272	3.086429	0.500000
8.032728	6.582143	2.943298	0.500000
9.134818	5.372394	2.316664	0.500000
0.824619	7.002431	3.225930	0.500000
1.804296	7.393436	1.524216	0.500000
2.201054	6.502168	2.865430	0.500000
3.557725	7.094798	2.381654	0.500000
4.344162	6.909974	3.011551	0.500000
5.451049	7.065349	3.222213	0.500000
6.823039	6.755599	3.006458	0.500000
7.301374	6.574840	2.142706	0.500000
8.017307	5.635948	2.263076	0.500000
9.843995	6.286707	2.361216	0.500000
9.937297	8.115619	2.490323	0.500000
0.964788	7.659421	2.196774	0.500000
1.829407	7.530560	3.056733	0.500000
2.948607	7.662821	3.196474	0.500000
3.830978	7.999429	2.836130	0.500000
4.933414	8.107158	3.209883	0.500000
6.189153	7.768831	3.052631	0.500000
7.484971	1.965481	2.268833	0.500000
8.782810	6.323491	2.267168	0.500000
9.123128	6.605656	3.225181	0.500000
9.451363	0.077040	2.180935	0.500000
1.183788	8.640006	2.941170	0.500000
2.277270	8.586238	3.125174	0.500000
3.228977	0.019207	3.094976	0.500000
4.284227	8.932579	3.170941	0.500000
3.883843	8.741068	2.133978	0.500000
6.446711	8.545946	2.187003	0.500000
7.107731	8.679510	3.110165	0.500000
9.341625	7.212906	2.145217	0.500000
9.213271	8.318441	3.221727	0.500000
9.876457	0.337242	3.954560	0.500000
0.535880	8.777672	3.890567	0.500000
2.191085	1.375224	3.976837	0.500000
3.261718	1.290111	3.987199	0.500000
4.676250	1.036169	3.711637	0.500000
5.729914	0.664387	3.911454	0.500000
5.821665	1.476519	3.135531	0.500000
6.440644	1.366914	3.964741	0.500000
8.933282	0.958337	3.912494	0.500000
9.807909	1.087131	3.136099	0.500000
0.234170	1.049752	3.949354	0.500000
1.276036	0.855415	3.962811	0.500000
4.020500	1.955247	3.944732	0.500000
4.864267	1.797566	3.051508	0.500000
4.699466	2.700057	3.962187	0.500000
6.217333	2.385484	3.837415	0.500000
5.339138	1.925114	3.996799	0.500000
8.684446	2.953218	3.104171	0.500000
7.516710	1.295937	3.925082	0.500000
9.893329	1.902322	3.852685	0.500000
0.775005	1.940564	3.909119	0.500000
1.677475	2.470011	3.912825	0.500000
2.799040	2.269815	3.972828	0.500000
3.648098	2.888664	3.925912	0.500000
4.187514	2.683751	3.069253	0.500000
5.572890	3.333927	3.898694	0.500000
7.361171	2.304006	3.967229	0.500000
7.394035	2.689243	3.003375	0.500000
8.346938	1.969568	3.984859	0.500000
9.247923	2.809420	3.968659	0.500000
1.015315	3.436849	3.997501	0.500000
2.296606	3.284807	3.998613	0.500000
3.174993	3.791447	3.983729	0.500000
3.778153	3.656724	3.026974	0.500000
4.278952	3.690614	3.994695	0.500000
5.837555	4.028943	3.015179	0.500000
7.005445	3.301016	3.963869	0.500000
8.125132	3.007267	3.940016	0.500000
9.054787	3.797373	3.948117	0.500000
0.080105	2.966084	3.941868	0.500000
0.617030	4.400117	3.996307	0.500000
2.009061	4.305638	3.971309	0.500000
2.660289	5.100713	3.934141	0.500000
3.261708	4.558375	2.991413	0.500000
3.795092	4.706271	3.938914	0.500000
5.140241	4.367581	3.981634	0.500000
6.201125	4.397904	3.988899	0.500000
7.802231	3.969568	3.933535	0.500000
9.029189	4.420409	3.138987	0.500000
10.038153	4.038521	3.961594	0.500000
0.174910	5.314668	3.920642	0.500000
1.217037	5.400345	3.947197	0.500000
3.240532	5.919420	3.989981	0.500000
3.982006	6.184230	2.201177	0.500000
4.703233	5.286866	3.892853	0.500000
5.842770	5.458275	3.964355	0.500000
7.065764	4.977180	3.933766	0.500000
7.881300	5.857648	3.974790	0.500000
8.530213	5.486324	3.118616	0.500000
8.442290	4.873813	3.998052	0.500000
0.758640	6.311041	3.956479	0.500000
1.318669	6.073126	3.098937	0.500000
2.108750	5.967591	3.733303	0.500000
3.440018	6.426207	3.146794	0.500000
4.184443	6.249164	3.963536	0.500000
5.373989	6.433411	3.999883	0.500000
6.755892	6.073865	3.900261	0.500000
7.439537	6.846049	3.878933	0.500000
8.943797	5.962293	3.985392	0.500000
9.466210	4.869139	3.934670	0.500000
0.149826	7.279105	3.954457	0.500000
1.596147	6.909156	3.866074	0.500000
2.628882	6.850627	3.816167	0.500000
3.625862	7.167828	3.981999	0.500000
4.700837	7.316154	3.916767	0.500000
6.203677	7.004930	3.971177	0.500000
7.037312	7.821122	3.909418	0.500000
7.654455	7.607155	3.034912	0.500000
9.889199	6.420995	3.964591	0.500000
10.077639	7.175609	3.060274	0.500000
0.389471	7.947951	3.134459	0.500000
1.067567	7.840162	3.969387	0.500000
2.096255	7.846717	3.999481	0.500000
3.028505	8.378129	3.912502	0.500000
4.123305	8.172014	3.819760	0.500000
5.771791	8.016189	3.968936	0.500000
6.599632	0.057322	3.989964	0.500000
8.160333	7.966890	3.828727	0.500000
8.466195	6.863305	3.973434	0.500000
9.320712	7.429167	3.781168	0.500000
10.020355	8.305001	3.831736	0.500000
1.691809	8.836555	3.955470	0.500000
2.654958	0.420630	3.966135	0.500000
3.690619	0.354827	3.927353	0.500000
5.106348	8.801304	3.942105	0.500000
6.025174	8.753774	3.189837	0.500000
7.676323	8.864994	3.977149	0.500000
8.693603	8.923416	3.984892	0.500000
8.707349	7.485070	2.981376	0.500000
7.716596	0.703121	3.112498	0.500000
