100

9.856958	8.485117	0.977822	0.500000
0.778429	8.474519	0.529150	0.500000
1.915975	8.395279	0.508430	0.500000
2.948732	8.387067	0.503585	0.500000
3.849200	8.439090	0.975004	0.500000
4.832020	8.534332	0.555772	0.500000
5.867365	8.417142	0.644643	0.500000
6.932262	8.326435	0.533089	0.500000
7.985227	8.294981	0.994781	0.500000
8.967344	8.375927	0.524861	0.500000
0.431995	0.708851	0.996670	0.500000
1.493020	0.492236	0.986681	0.500000
2.459592	0.631406	0.535825	0.500000
3.479689	0.565117	0.514866	0.500000
4.385438	0.642233	0.989023	0.500000
5.434663	0.589695	0.987053	0.500000
6.465163	0.582727	0.923776	0.500000
7.556740	0.434085	0.518817	0.500000
8.496632	0.478913	0.963808	0.500000
9.549208	0.662737	0.587499	0.500000
9.998184	1.577895	0.501609	0.500000
1.045905	1.353017	0.502994	0.500000
1.989420	1.394737	0.980669	0.500000
2.999720	1.385932	0.927160	0.500000
3.948287	1.455956	0.565246	0.500000
4.948656	1.376808	0.561112	0.500000
5.920226	1.537559	0.991612	0.500000
6.842373	1.415386	0.510181	0.500000
7.847401	1.281867	0.969271	0.500000
8.798885	1.331115	0.525930	0.500000
0.497564	2.286918	0.972192	0.500000
1.514576	2.329773	0.839335	0.500000
2.481922	2.236210	0.542683	0.500000
3.499978	2.329357	0.848962	0.500000
4.532725	2.323496	0.539023	0.500000
5.553620	2.422825	0.649721	0.500000
6.547425	2.314157	0.898768	0.500000
7.502270	2.194388	0.535180	0.500000
8.471775	2.186879	0.939575	0.500000
9.500740	2.302114	0.989504	0.500000
10.005098	3.137580	0.512000	0.500000
0.959575	3.216680	0.611946	0.500000
1.978279	3.185773	0.514286	0.500000
2.947918	3.179849	0.763767	0.500000
3.972799	3.153736	0.504046	0.500000
4.916629	3.133068	0.987997	0.500000
6.075144	3.237898	0.940076	0.500000
7.025500	3.163486	0.583668	0.500000
7.952705	3.160319	0.992935	0.500000
8.959004	3.009156	0.518582	0.500000
0.343190	3.955153	0.982751	0.500000
1.392073	4.041729	0.981983	0.500000
2.453600	4.111775	0.545643	0.500000
3.483864	4.069196	0.566839	0.500000
4.446172	4.043708	0.908054	0.500000
5.457587	3.974472	0.575897	0.500000
6.510452	4.191633	0.538206	0.500000
7.444266	4.065666	0.966353	0.500000
8.401242	3.956422	0.534494	0.500000
9.389181	3.827562	0.979614	0.500000
9.850110	4.901364	0.997125	0.500000
0.804924	4.784837	0.612621	0.500000
1.888953	4.937621	0.733704	0.500000
2.936254	4.890041	0.956233	0.500000
3.983928	4.934328	0.979172	0.500000
4.975219	4.854749	0.528667	0.500000
5.920206	4.917785	0.977398	0.500000
7.041386	5.038740	0.997584	0.500000
7.912925	4.868884	0.500529	0.500000
8.848251	4.738220	0.972909	0.500000
0.423576	5.728432	0.977758	0.500000
1.373216	5.796595	0.504407	0.500000
2.428079	5.760310	0.530481	0.500000
3.374970	5.825859	0.920109	0.500000
4.374879	5.885062	0.501287	0.500000
5.296595	5.715132	0.936204	0.500000
6.387755	5.746931	0.635867	0.500000
7.444040	5.841425	0.501259	0.500000
8.411426	5.641680	0.908599	0.500000
9.368587	5.721576	0.540022	0.500000
9.977964	6.590287	0.547250	0.500000
0.897902	6.627241	0.887163	0.500000
1.901389	6.549505	0.997245	0.500000
2.926707	6.656871	0.517332	0.500000
3.910462	6.678515	0.953116	0.500000
4.944496	6.728772	0.511926	0.500000
5.871089	6.583277	0.939037	0.500000
6.928066	6.553670	0.998999	0.500000
8.025713	6.574765	0.956463	0.500000
9.045769	6.636401	0.972147	0.500000
0.415746	7.662390	0.988878	0.500000
1.318318	7.546257	0.522758	0.500000
2.306761	7.583369	0.981861	0.500000
3.312392	7.574904	0.972016	0.500000
4.356786	7.634338	0.653251	0.500000
5.403656	7.558648	0.938442	0.500000
6.491986	7.422454	0.561593	0.500000
7.500197	7.419559	0.743056	0.500000
8.521974	7.400942	0.539851	0.500000
9.565385	7.572412	0.519996	0.500000
