200

11.179794	1.684867	1.785759	0.500000
1.509981	1.733652	1.874881	0.500000
0.978061	9.543380	1.000783	0.500000
0.247470	4.226394	0.817205	0.500000
8.142967	1.930606	0.618036	0.500000
4.596628	7.770495	1.013178	0.500000
6.746304	5.488454	1.921034	0.500000
1.869204	3.395169	0.787174	0.500000
4.414912	6.667341	0.710621	0.500000
5.379078	11.660152	0.606079	0.500000
7.561293	0.138565	1.909654	0.500000
10.221324	6.376651	1.495035	0.500000
2.732360	11.633032	1.894166	0.500000
3.815933	8.582894	1.993335	0.500000
4.535256	3.147098	0.922343	0.500000
2.723671	11.047511	1.025244	0.500000
2.731379	9.214661	1.847017	0.500000
7.723519	6.500091	1.535141	0.500000
8.795298	11.602710	0.618621	0.500000
1.954317	0.117193	0.857213	0.500000
0.169417	8.845000	1.329374	0.500000
4.961586	8.616758	1.910287	0.500000
4.188792	4.028982	1.623061	0.500000
1.238054	7.368467	1.993023	0.500000
2.707261	10.310480	1.975716	0.500000
1.214427	0.285699	1.838165	0.500000
3.117939	3.570589	1.373801	0.500000
7.954760	6.014447	0.588969	0.500000
1.762024	10.745739	1.988939	0.500000
7.696410	2.847142	0.536579	0.500000
2.751069	7.336759	1.860468	0.500000
9.064397	9.927158	1.737248	0.500000
11.240679	9.303390	1.906286	0.500000
5.233504	4.165675	0.676825	0.500000
5.426242	6.654179	0.584884	0.500000
10.907495	2.993771	1.933629	0.500000
11.409554	7.648224	0.593562	0.500000
4.345040	5.149937	1.559935	0.500000
9.228870	4.452174	1.989178	0.500000
0.115678	6.445162	1.322414	0.500000
10.323805	9.445949	1.161536	0.500000
2.630546	5.890360	1.418402	0.500000
9.942032	7.193550	0.657846	0.500000
8.697547	10.383849	0.813126	0.500000
5.373936	2.387098	0.709162	0.500000
6.135882	1.658396	0.921532	0.500000
3.208128	4.899645	1.983422	0.500000
8.750203	2.333864	1.456018	0.500000
0.612106	1.148754	1.998186	0.500000
6.832269	9.958705	1.974211	0.500000
10.203058	11.686222	1.933347	0.500000
8.387480	3.256577	1.646416	0.500000
7.874488	0.444122	0.601195	0.500000
9.026272	8.742466	1.897660	0.500000
2.709160	9.947135	0.656477	0.500000
4.829084	10.779529	0.567792	0.500000
6.388276	8.649332	0.511119	0.500000
0.147720	1.502200	1.166208	0.500000
6.083673	0.878152	1.858172	0.500000
7.054375	4.381138	1.803203	0.500000
7.920551	11.216233	1.191402	0.500000
10.096190	8.448665	1.250603	0.500000
9.159262	4.004636	1.014692	0.500000
9.624801	1.171700	1.817829	0.500000
8.791621	6.436653	1.823426	0.500000
7.409798	9.179029	1.599502	0.500000
11.311773	3.592736	0.518681	0.500000
8.120927	4.512890	1.965164	0.500000
10.838534	10.235049	0.533308	0.500000
4.906823	10.598381	1.650800	0.500000
7.206056	10.323288	0.921499	0.500000
5.471811	6.966823	1.962818	0.500000
1.494026	7.013857	0.538919	0.500000
1.742727	9.736441	1.693605	0.500000
6.867007	4.148303	0.686262	0.500000
3.115344	1.828827	0.693498	0.500000
5.961440	8.903445	1.932532	0.500000
4.591700	11.562111	1.675547	0.500000
9.734362	2.207359	1.583217	0.500000
5.033453	1.798153	1.978760	0.500000
7.799493	7.400173	0.646276	0.500000
4.264129	9.749605	0.780236	0.500000
5.136443	5.915204	1.694362	0.500000
6.801868	1.589690	1.868850	0.500000
0.031791	7.570707	1.968725	0.500000
5.288043	9.894406	0.679299	0.500000
1.319215	3.922810	1.866876	0.500000
0.511695	7.184716	0.692097	0.500000
9.221295	7.493152	1.988751	0.500000
6.840435	3.257544	1.904862	0.500000
6.108254	4.007787	1.590102	0.500000
0.650596	2.411326	0.717548	0.500000
0.657337	8.233292	0.624938	0.500000
11.640573	5.924044	0.506494	0.500000
5.940839	2.465832	1.973074	0.500000
6.985972	5.140402	0.944492	0.500000
9.840226	11.540591	0.728411	0.500000
3.478638	0.544973	1.999612	0.500000
0.763055	10.819532	0.943449	0.500000
5.854869	7.862961	1.503867	0.500000
0.773843	5.363046	0.619807	0.500000
6.366983	9.424278	1.171708	0.500000
9.826181	10.356877	0.591979	0.500000
10.110088	2.963218	0.994305	0.500000
11.267413	11.629635	0.550154	0.500000
1.824372	9.096088	0.519746	0.500000
1.294737	5.509684	1.704445	0.500000
2.029511	7.911342	0.534884	0.500000
4.280193	1.742833	0.791880	0.500000
3.562751	10.477774	0.587337	0.500000
10.929417	6.648887	0.682999	0.500000
5.750015	11.726240	1.890772	0.500000
1.791807	8.203038	1.824681	0.500000
2.455393	0.780221	1.852017	0.500000
2.263756	4.620409	1.661952	0.500000
1.881160	1.253409	0.998553	0.500000
9.171110	0.177350	1.927645	0.500000
0.864661	0.095611	0.544108	0.500000
11.674785	2.487291	1.443807	0.500000
0.280243	9.834214	1.704751	0.500000
2.123295	2.340212	1.133631	0.500000
6.013306	10.520266	1.542825	0.500000
6.264587	5.943638	0.549564	0.500000
11.059019	6.742932	1.949027	0.500000
6.018774	10.711338	0.547891	0.500000
9.610227	5.002978	0.632778	0.500000
8.880537	1.234459	1.054710	0.500000
4.146401	11.501936	0.713460	0.500000
6.138551	6.271914	1.671188	0.500000
10.645950	5.535349	0.549363	0.500000
10.319916	0.675374	1.176634	0.500000
4.179776	2.665016	1.991274	0.500000
10.051763	10.294832	1.930407	0.500000
7.038306	8.177841	1.946777	0.500000
7.966089	9.736811	0.583739	0.500000
7.922371	7.672207	1.803665	0.500000
3.955357	8.624928	0.948561	0.500000
0.727704	2.850446	1.804397	0.500000
3.444212	7.756529	0.729181	0.500000
3.824059	3.811220	0.680791	0.500000
6.537923	7.202444	1.836029	0.500000
11.153379	0.980844	0.693133	0.500000
0.112073	9.878986	0.563529	0.500000
3.922989	7.482374	1.694909	0.500000
9.055928	2.983003	0.592768	0.500000
2.224756	3.205132	1.813910	0.500000
6.928254	2.336103	1.192557	0.500000
6.675694	11.387862	1.583199	0.500000
5.150018	1.293809	1.072462	0.500000
0.097714	0.324177	1.201993	0.500000
4.661770	9.608650	1.864730	0.500000
10.441596	7.576883	1.793973	0.500000
1.802272	6.488041	1.858156	0.500000
0.979335	1.295239	0.501498	0.500000
9.657430	3.247518	1.952201	0.500000
2.734269	6.707003	0.501610	0.500000
10.444603	4.036247	1.113017	0.500000
6.377723	2.969610	0.565277	0.500000
7.923441	3.860909	0.882513	0.500000
4.511503	0.750904	1.889591	0.500000
8.027054	5.537244	1.810765	0.500000
6.457767	0.370244	0.916141	0.500000
3.906421	6.356650	1.756525	0.500000
11.263800	4.475417	1.931001	0.500000
6.911281	11.227002	0.532168	0.500000
10.472848	10.939657	1.237536	0.500000
10.683487	5.579895	1.945478	0.500000
3.003273	0.339321	0.904485	0.500000
11.073514	8.772472	0.519800	0.500000
7.792701	1.092676	1.694004	0.500000
3.570266	4.952646	0.944936	0.500000
9.237085	8.175802	0.577380	0.500000
1.673683	10.371505	0.709248	0.500000
2.946483	8.610303	0.506461	0.500000
2.057940	5.881383	0.546928	0.500000
1.517210	4.343267	0.609003	0.500000
9.078197	6.011322	0.714458	0.500000
8.397401	5.111717	0.614601	0.500000
8.163015	8.746909	1.100303	0.500000
10.973866	2.138940	0.626315	0.500000
11.638700	11.453639	1.895293	0.500000
7.098723	1.159768	0.764613	0.500000
9.502170	0.645023	0.532871	0.500000
6.342245	7.307385	0.652112	0.500000
3.710315	10.536517	1.798768	0.500000
7.675694	2.474945	1.938264	0.500000
5.096072	3.575256	1.750626	0.500000
2.581919	4.151817	0.522972	0.500000
5.250168	8.454786	0.670995	0.500000
2.924755	2.295493	1.772495	0.500000
3.546414	5.955045	0.869832	0.500000
5.369602	4.752935	1.654963	0.500000
11.096473	10.586676	1.986290	0.500000
7.094316	6.570071	0.659800	0.500000
9.095626	9.207824	0.714555	0.500000
5.282033	5.480809	0.726985	0.500000
11.442523	5.199601	1.251880	0.500000
9.978078	1.713047	0.715394	0.500000
8.783181	7.224456	0.940179	0.500000
8.800372	11.022846	1.955746	0.500000
