200

5.577113	0.091373	0.514330	0.500000
8.420885	3.050341	0.580815	0.500000
10.283857	3.132273	0.662926	0.500000
2.917426	1.752526	1.110266	0.500000
12.774259	10.281588	1.457927	0.500000
7.940360	7.800318	0.523567	0.500000
4.804473	10.940485	1.308412	0.500000
5.913919	9.495231	0.542325	0.500000
1.493661	10.998876	1.418678	0.500000
12.681055	11.023604	0.712005	0.500000
0.028252	6.104592	0.626931	0.500000
11.104149	5.307949	0.870251	0.500000
5.660455	6.255674	0.559448	0.500000
11.363385	1.473083	1.386455	0.500000
7.619579	5.721850	1.478338	0.500000
5.511055	9.564258	1.463924	0.500000
9.581368	11.924687	0.505713	0.500000
11.743361	9.913516	1.344718	0.500000
0.078289	3.522189	0.621855	0.500000
11.389528	6.678931	0.523527	0.500000
1.165067	3.781502	1.408621	0.500000
4.681428	8.865053	1.440628	0.500000
2.475393	9.810474	0.508308	0.500000
3.156933	9.191843	0.925216	0.500000
9.376396	7.666660	0.700623	0.500000
10.400390	7.533195	1.466167	0.500000
4.142344	8.868350	0.511256	0.500000
4.894778	0.866531	1.488116	0.500000
9.077815	1.391792	1.497381	0.500000
0.504311	9.767791	0.636055	0.500000
6.915934	0.428777	0.549544	0.500000
2.100724	9.975518	1.422359	0.500000
4.049490	9.873027	1.350485	0.500000
5.987706	11.627633	1.491832	0.500000
3.419954	2.394083	0.513482	0.500000
12.108847	5.964311	0.522340	0.500000
3.188083	5.943036	0.565109	0.500000
12.247362	1.385552	0.860452	0.500000
9.493759	2.294157	0.587890	0.500000
0.933239	11.259486	0.553114	0.500000
4.658805	3.129013	0.553143	0.500000
8.355830	3.796478	1.391306	0.500000
11.471154	2.187956	0.522119	0.500000
10.329097	6.329823	0.566799	0.500000
1.084868	0.181524	1.395378	0.500000
6.700105	1.743863	1.444984	0.500000
7.088668	6.400527	0.631559	0.500000
12.731964	12.231515	0.642714	0.500000
10.610839	10.269483	1.399715	0.500000
12.135547	2.203981	1.468850	0.500000
4.633150	7.553887	1.452207	0.500000
1.788337	0.313042	0.557142	0.500000
7.939780	4.202332	0.543757	0.500000
5.099416	4.941160	1.306294	0.500000
0.619514	12.650750	0.517422	0.500000
10.026675	1.680153	1.180644	0.500000
12.414435	2.708739	0.532382	0.500000
3.628245	4.633443	0.508183	0.500000
8.592016	1.842747	0.678421	0.500000
1.142753	8.060528	0.636616	0.500000
11.975003	12.828354	1.375680	0.500000
12.295999	3.630493	0.978986	0.500000
6.438928	2.980710	1.498460	0.500000
6.969692	2.657613	0.563197	0.500000
6.144302	12.297326	0.673176	0.500000
12.346994	9.059361	1.492747	0.500000
11.410414	8.481105	1.361926	0.500000
10.751552	1.214727	0.527386	0.500000
3.507381	10.389090	0.653962	0.500000
7.850013	11.248070	1.448988	0.500000
2.878338	11.365484	1.303508	0.500000
6.400602	13.134108	1.296553	0.500000
3.142165	0.916722	0.521676	0.500000
11.338305	3.300932	1.404679	0.500000
5.884476	5.078138	0.639055	0.500000
2.084272	3.603248	0.621071	0.500000
7.209584	12.007383	1.236482	0.500000
3.230386	12.557179	1.490137	0.500000
5.962649	0.834317	1.425711	0.500000
4.451063	4.146046	1.136981	0.500000
5.159051	8.735337	0.513013	0.500000
10.297183	8.182411	0.589024	0.500000
6.388899	7.581751	0.522466	0.500000
9.043356	11.171316	1.391793	0.500000
5.232542	12.294283	1.120441	0.500000
10.302359	9.262914	1.478613	0.500000
3.866633	1.461513	1.450643	0.500000
8.525007	11.757768	0.706249	0.500000
10.406211	0.340976	1.429755	0.500000
3.151344	4.165433	1.444501	0.500000
10.029169	3.661471	1.484063	0.500000
10.536628	12.871446	0.557657	0.500000
11.838166	7.825759	0.527332	0.500000
9.783589	0.617067	0.614821	0.500000
8.954242	2.850635	1.433343	0.500000
2.317301	6.745159	0.634217	0.500000
0.596265	2.894283	1.377530	0.500000
9.744772	4.040368	0.506022	0.500000
0.803275	8.771761	1.293856	0.500000
10.557454	2.486702	1.446865	0.500000
5.283341	7.455592	0.558778	0.500000
10.653711	11.349394	1.204694	0.500000
4.656019	10.141914	0.551844	0.500000
8.177622	5.758941	0.505610	0.500000
6.510436	5.610337	1.395129	0.500000
9.329699	9.628519	0.574741	0.500000
0.616820	7.641542	1.495447	0.500000
0.042201	12.877919	1.407719	0.500000
12.676937	7.990592	1.206241	0.500000
12.569777	6.959468	0.560647	0.500000
11.592187	12.231752	0.510246	0.500000
9.514490	6.851411	1.418274	0.500000
9.365348	5.940856	0.537426	0.500000
7.853273	12.590500	0.626145	0.500000
0.154574	1.891363	1.448966	0.500000
0.952107	1.307730	0.828574	0.500000
12.065673	4.594739	0.618537	0.500000
8.251825	6.768909	1.169851	0.500000
2.148272	11.054922	0.560509	0.500000
0.436325	11.890217	1.462503	0.500000
4.406872	12.421597	0.509393	0.500000
2.214812	7.644739	1.457622	0.500000
1.273599	7.055410	0.569253	0.500000
0.474393	4.739740	0.503847	0.500000
1.115199	6.100964	1.406342	0.500000
4.200662	11.773219	1.344622	0.500000
9.065467	13.081354	0.539243	0.500000
5.825742	2.377261	0.720762	0.500000
5.036317	3.386977	1.448826	0.500000
2.049333	1.309787	0.840448	0.500000
7.780401	2.752136	1.291930	0.500000
10.161768	12.278706	1.461184	0.500000
1.410508	2.177199	0.533592	0.500000
7.170001	0.798738	1.478397	0.500000
7.392271	10.421870	0.806685	0.500000
9.138922	8.644925	0.603282	0.500000
8.074036	1.313660	1.498916	0.500000
8.640047	12.661829	1.480865	0.500000
8.168859	9.078122	0.522774	0.500000
1.868411	2.707593	1.423956	0.500000
8.207159	0.527210	0.567926	0.500000
6.648724	8.198438	1.476171	0.500000
6.183603	10.402586	1.113603	0.500000
11.027507	3.973715	0.639965	0.500000
4.765496	6.196335	1.325072	0.500000
5.501473	11.416247	0.561733	0.500000
0.129359	2.306519	0.530730	0.500000
7.651559	8.626616	1.304303	0.500000
12.221168	11.741295	1.372131	0.500000
7.662593	1.384272	0.530039	0.500000
2.223510	8.049122	0.512942	0.500000
3.789511	7.646213	0.643171	0.500000
6.700115	11.241792	0.716618	0.500000
6.287418	3.392221	0.513288	0.500000
0.197300	7.597378	0.560556	0.500000
3.372834	3.175522	1.486345	0.500000
0.187151	0.419398	0.614176	0.500000
3.238938	6.832805	1.123270	0.500000
1.607989	9.072509	0.594696	0.500000
2.633751	12.206296	0.541452	0.500000
11.803806	7.512450	1.499134	0.500000
1.873147	5.549860	0.538829	0.500000
8.948556	5.954241	1.499383	0.500000
12.154429	6.436345	1.443834	0.500000
10.752481	9.615385	0.623570	0.500000
1.105257	3.167361	0.553213	0.500000
12.415147	8.851172	0.513697	0.500000
2.454453	0.459483	1.345576	0.500000
3.578895	11.529517	0.531466	0.500000
12.556486	0.508481	1.254107	0.500000
6.835256	9.330648	1.483219	0.500000
6.638313	8.795039	0.633135	0.500000
10.321166	4.601209	1.246625	0.500000
4.724984	2.369341	1.260801	0.500000
3.369647	8.296802	1.349879	0.500000
9.973852	5.742454	1.451371	0.500000
11.391912	10.823092	0.506369	0.500000
8.508473	10.157677	1.305051	0.500000
7.138394	4.843103	1.071948	0.500000
8.836071	4.973548	1.124987	0.500000
11.094977	6.315442	1.473955	0.500000
4.484544	13.139450	1.264121	0.500000
2.585402	5.763810	1.459614	0.500000
2.264299	4.718639	1.321969	0.500000
11.549568	0.504561	1.093285	0.500000
5.422362	1.265844	0.567380	0.500000
1.518428	12.316255	1.202136	0.500000
11.984993	5.424663	1.423800	0.500000
11.437111	4.405152	1.485006	0.500000
7.395691	7.525406	1.385290	0.500000
1.169012	4.992358	1.266192	0.500000
3.580355	0.466456	1.424643	0.500000
8.810754	8.094065	1.417856	0.500000
13.183624	6.822839	1.388790	0.500000
7.203968	3.681652	1.065371	0.500000
1.435431	10.350821	0.521919	0.500000
6.087429	7.093530	1.366430	0.500000
4.474247	5.522018	0.608392	0.500000
1.982459	8.745390	1.493137	0.500000
3.132170	3.572658	0.513310	0.500000
