100

8.634793	10.354302	0.660274	0.500000
0.888517	1.073482	0.646143	0.500000
10.864230	1.520664	0.558014	0.500000
9.710780	8.853357	0.507346	0.500000
7.304651	10.674920	0.647268	0.500000
9.874630	9.947929	0.605684	0.500000
3.998341	2.075800	0.618119	0.500000
3.911414	0.901827	0.502089	0.500000
7.103933	3.766830	0.625256	0.500000
11.951997	1.409469	0.664010	0.500000
3.426993	3.032647	0.554299	0.500000
1.369239	9.886327	0.590194	0.500000
10.753175	2.579362	0.658951	0.500000
2.535299	1.616934	0.568803	0.500000
6.125747	7.131031	0.530587	0.500000
2.925699	8.264938	0.621358	0.500000
5.380149	4.354058	0.616746	0.500000
4.532617	3.573802	0.666920	0.500000
3.594855	11.366731	0.698154	0.500000
10.799476	4.132946	0.529974	0.500000
6.073876	8.241328	0.529561	0.500000
6.506214	1.641795	0.519532	0.500000
9.301285	5.875975	0.602298	0.500000
3.060560	0.328041	0.584547	0.500000
2.178032	4.440564	0.676525	0.500000
1.395825	2.380517	0.678326	0.500000
11.155677	6.422702	0.560295	0.500000
1.773770	8.560518	0.517240	0.500000
7.278822	0.774012	0.678093	0.500000
10.489783	5.522592	0.684131	0.500000
7.718256	4.556508	0.538128	0.500000
1.959153	0.527271	0.609470	0.500000
5.189499	7.704111	0.504679	0.500000
8.088975	3.529114	0.515208	0.500000
10.619808	10.853212	0.611837	0.500000
0.412687	0.123010	0.549008	0.500000
0.771635	8.004460	0.679467	0.500000
8.680339	4.971406	0.638137	0.500000
10.919722	9.893123	0.643269	0.500000
8.737938	2.033194	0.529386	0.500000
8.581626	0.649703	0.510410	0.500000
4.734226	9.736936	0.649876	0.500000
11.158750	8.534962	0.567591	0.500000
1.324224	3.495661	0.568995	0.500000
8.370223	11.394798	0.590152	0.500000
1.769799	7.442850	0.512742	0.500000
3.263996	4.112487	0.595101	0.500000
4.558066	10.863023	0.591017	0.500000
11.133804	7.484200	0.547136	0.500000
6.400297	2.759765	0.550322	0.500000
5.001980	2.067244	0.609849	0.500000
4.224825	6.866592	0.526381	0.500000
10.665781	0.414819	0.642167	0.500000
9.694477	7.700675	0.566561	0.500000
0.184436	7.168278	0.516053	0.500000
0.385131	6.176126	0.579869	0.500000
3.186386	7.176654	0.606550	0.500000
8.172812	7.938536	0.694780	0.500000
6.467148	9.193438	0.523220	0.500000
2.457990	10.554151	0.625273	0.500000
10.097903	6.785847	0.520227	0.500000
4.284678	4.642845	0.529041	0.500000
7.703746	2.253190	0.653286	0.500000
7.027360	11.769294	0.559027	0.500000
8.778435	9.297066	0.542832	0.500000
7.207868	6.714008	0.604243	0.500000
6.368932	6.061993	0.530274	0.500000
2.864034	9.431129	0.512404	0.500000
1.069592	11.287790	0.685197	0.500000
5.362881	11.911892	0.538145	0.500000
2.247206	11.601300	0.671366	0.500000
11.961600	10.124888	0.578669	0.500000
5.763640	9.893953	0.677816	0.500000
9.796851	1.164575	0.546324	0.500000
11.636775	4.972032	0.540351	0.500000
2.707472	5.299196	0.597172	0.500000
9.808280	11.758039	0.585847	0.500000
2.440295	2.664325	0.533076	0.500000
7.416787	5.630345	0.569445	0.500000
3.579804	5.917915	0.607863	0.500000
0.305486	9.035092	0.680405	0.500000
1.409039	5.996183	0.597722	0.500000
9.516776	3.141665	0.630062	0.500000
6.283489	11.078843	0.596892	0.500000
0.064770	2.586486	0.520990	0.500000
5.222019	0.878077	0.529931	0.500000
3.908707	9.112394	0.644108	0.500000
11.629218	3.474161	0.569845	0.500000
0.429045	4.038666	0.538863	0.500000
7.008540	7.761282	0.699515	0.500000
3.951147	7.995577	0.501156	0.500000
11.373907	11.510917	0.609517	0.500000
2.359263	6.576285	0.633579	0.500000
5.205654	8.843591	0.576637	0.500000
0.771669	5.201452	0.689266	0.500000
7.816008	8.917203	0.675338	0.500000
8.781474	7.133889	0.635464	0.500000
6.201570	0.519272	0.662363	0.500000
9.360966	4.191385	0.597589	0.500000
5.260769	6.280540	0.628544	0.500000
