200

10.813575	0.354724	0.564618	0.500000
1.161630	0.322933	0.530470	0.500000
2.260686	0.035372	0.552639	0.500000
3.359791	0.019818	0.502191	0.500000
4.431342	0.292105	0.538445	0.500000
5.498297	0.177840	0.511086	0.500000
6.607649	0.233343	0.603049	0.500000
7.634164	0.160081	0.503669	0.500000
8.774496	0.305193	0.504280	0.500000
9.848915	0.076721	0.639185	0.500000
0.488233	1.165285	0.542775	0.500000
1.713809	1.291644	0.513700	0.500000
2.738419	1.090448	0.638054	0.500000
3.738944	1.160529	0.553603	0.500000
4.989224	1.270752	0.533041	0.500000
6.015564	1.103360	0.679138	0.500000
7.037076	1.178393	0.588962	0.500000
8.200132	1.215415	0.513757	0.500000
9.302492	1.184588	0.538371	0.500000
10.353327	1.274408	0.617969	0.500000
10.906043	2.191743	0.531198	0.500000
0.999011	2.052878	0.646388	0.500000
2.169309	2.202686	0.586383	0.500000
3.242244	2.126882	0.505813	0.500000
4.449113	2.196324	0.516736	0.500000
5.523094	2.124873	0.509524	0.500000
6.558032	2.063537	0.547058	0.500000
7.581322	2.078732	0.534601	0.500000
8.794805	2.104257	0.669523	0.500000
9.848129	2.196681	0.590040	0.500000
0.581787	2.987130	0.552042	0.500000
1.605103	3.095082	0.522418	0.500000
2.820463	3.048491	0.541537	0.500000
3.837193	3.075863	0.537612	0.500000
4.966819	3.104434	0.538205	0.500000
6.095567	2.962754	0.548515	0.500000
7.122553	3.094035	0.544950	0.500000
8.135386	2.964837	0.576446	0.500000
9.461039	3.121766	0.522200	0.500000
10.469882	3.101836	0.513452	0.500000
10.929341	4.086092	0.559778	0.500000
1.035339	3.952634	0.558771	0.500000
2.114259	3.981360	0.509252	0.500000
3.178279	3.998416	0.602163	0.500000
4.436273	3.984320	0.640892	0.500000
5.535954	3.982488	0.506378	0.500000
6.714625	4.157871	0.601868	0.500000
7.718910	3.938808	0.589108	0.500000
8.883131	4.061493	0.594128	0.500000
9.886401	4.062841	0.550440	0.500000
0.489919	4.955567	0.527050	0.500000
1.673827	4.884714	0.600223	0.500000
2.749825	4.927311	0.537531	0.500000
3.861499	4.932019	0.566913	0.500000
5.061109	4.862959	0.576959	0.500000
6.078599	4.924951	0.698458	0.500000
7.357906	4.968574	0.533302	0.500000
8.362134	5.083089	0.578240	0.500000
9.370024	5.104983	0.530411	0.500000
10.460296	5.036453	0.518888	0.500000
0.082601	5.890294	0.545310	0.500000
1.087319	5.874062	0.524901	0.500000
2.244923	5.846938	0.500069	0.500000
3.360059	5.813157	0.514795	0.500000
4.437834	5.772406	0.594093	0.500000
5.486783	5.842379	0.564250	0.500000
6.569919	5.944925	0.594489	0.500000
7.808456	6.021131	0.500211	0.500000
8.818526	6.061860	0.619971	0.500000
9.900919	5.975210	0.508362	0.500000
0.498495	6.828984	0.555959	0.500000
1.673794	6.804778	0.514264	0.500000
2.761831	6.830684	0.505130	0.500000
3.772023	6.759854	0.634375	0.500000
4.774214	6.727103	0.646592	0.500000
5.853827	6.795724	0.609699	0.500000
7.106257	6.908238	0.508164	0.500000
8.176377	6.952537	0.586363	0.500000
9.413843	6.923526	0.561151	0.500000
10.424262	6.919171	0.546363	0.500000
0.108457	7.750669	0.570428	0.500000
1.179103	7.806924	0.524334	0.500000
2.217479	7.784353	0.513711	0.500000
3.273135	7.707713	0.524136	0.500000
4.278744	7.636983	0.540270	0.500000
5.503144	7.832697	0.534484	0.500000
6.519352	7.717599	0.558954	0.500000
7.737426	7.882533	0.542721	0.500000
8.772682	7.784349	0.608541	0.500000
10.026784	7.850389	0.639933	0.500000
0.624762	8.832963	0.536611	0.500000
1.696936	8.675876	0.598606	0.500000
2.724301	8.646718	0.580134	0.500000
3.807304	8.638125	0.555082	0.500000
5.038235	8.772920	0.510423	0.500000
6.100176	8.682792	0.531353	0.500000
7.163958	8.744632	0.533701	0.500000
8.355722	8.918094	0.533627	0.500000
9.404286	8.696639	0.505834	0.500000
10.487875	8.816511	0.561234	0.500000
0.564825	0.663636	1.467106	0.500000
1.905730	0.680980	1.487128	0.500000
2.879236	0.399393	1.352640	0.500000
3.917078	0.529843	1.402479	0.500000
5.130942	0.602445	1.459120	0.500000
6.166389	0.458635	1.495221	0.500000
7.152675	0.626693	1.468577	0.500000
8.193631	0.540477	1.297234	0.500000
9.314141	0.541287	1.350161	0.500000
10.393874	0.718623	1.478484	0.500000
1.282368	1.466210	1.451601	0.500000
2.274248	1.647023	1.453057	0.500000
3.364800	1.461013	1.460595	0.500000
4.386935	1.424748	1.402544	0.500000
5.479387	1.557828	1.478893	0.500000
6.570012	1.450796	1.495409	0.500000
7.700667	1.464342	1.387947	0.500000
8.702051	1.487997	1.465739	0.500000
9.772017	1.618270	1.453666	0.500000
10.949461	1.562392	1.377689	0.500000
0.550825	2.407562	1.476584	0.500000
1.707792	2.484500	1.483258	0.500000
2.775909	2.521330	1.484272	0.500000
3.813859	2.390466	1.444634	0.500000
4.976443	2.503174	1.427296	0.500000
6.031372	2.414169	1.482689	0.500000
7.081230	2.395542	1.345781	0.500000
8.134691	2.395610	1.471889	0.500000
9.308623	2.545175	1.449126	0.500000
10.374660	2.522470	1.448613	0.500000
1.074568	3.324986	1.390298	0.500000
2.242197	3.407639	1.411368	0.500000
3.331722	3.352528	1.434462	0.500000
4.369407	3.356180	1.467405	0.500000
5.559214	3.318867	1.352147	0.500000
6.732098	3.357512	1.438581	0.500000
7.796086	3.429808	1.487537	0.500000
8.812079	3.454695	1.418922	0.500000
9.869545	3.396985	1.457805	0.500000
0.026213	3.383612	1.462934	0.500000
0.424512	4.346097	1.461045	0.500000
1.535134	4.314164	1.438537	0.500000
2.627871	4.347562	1.373899	0.500000
3.749938	4.271188	1.422157	0.500000
4.929876	4.319055	1.475014	0.500000
6.121683	4.286694	1.497618	0.500000
7.207518	4.417638	1.450975	0.500000
8.292769	4.342794	1.401820	0.500000
9.322123	4.320418	1.480148	0.500000
10.357162	4.315714	1.466423	0.500000
1.072312	5.268175	1.398760	0.500000
2.169285	5.307747	1.433116	0.500000
3.259922	5.148390	1.406633	0.500000
4.317438	5.163386	1.431429	0.500000
5.495081	5.173252	1.484030	0.500000
6.638789	5.302444	1.499312	0.500000
7.829952	5.317382	1.493938	0.500000
8.899521	5.274556	1.489204	0.500000
9.945292	5.353378	1.496261	0.500000
0.003477	5.255552	1.355954	0.500000
0.580394	6.139366	1.445659	0.500000
1.609114	6.249801	1.369517	0.500000
2.699994	6.169319	1.490267	0.500000
3.793180	6.030782	1.434128	0.500000
4.876188	6.187392	1.483286	0.500000
5.994095	6.165403	1.425324	0.500000
7.206886	6.117385	1.361369	0.500000
8.329191	6.289546	1.492322	0.500000
9.424070	6.290478	1.420439	0.500000
10.492672	6.208270	1.335196	0.500000
1.033659	7.079623	1.417597	0.500000
2.132290	7.123632	1.363681	0.500000
3.277957	7.031847	1.463589	0.500000
4.321660	7.132264	1.471804	0.500000
5.450220	7.087613	1.479004	0.500000
6.454918	7.124625	1.412037	0.500000
7.572725	7.090549	1.404297	0.500000
8.663699	7.255247	1.481071	0.500000
9.909188	7.168366	1.396430	0.500000
0.003775	7.269067	1.443328	0.500000
0.648620	8.201691	1.346647	0.500000
1.669456	8.077170	1.417425	0.500000
2.718986	8.037247	1.456715	0.500000
3.749126	8.021383	1.389718	0.500000
4.922417	8.039822	1.363059	0.500000
5.926029	7.978483	1.458393	0.500000
6.943552	8.115839	1.496866	0.500000
8.307470	8.236655	1.451810	0.500000
9.350889	8.106750	1.375280	0.500000
10.603446	8.233683	1.432605	0.500000
1.182033	9.057287	1.366894	0.500000
2.195287	8.939465	1.425522	0.500000
3.258210	8.918896	1.433072	0.500000
4.345054	9.077014	1.489399	0.500000
5.490828	9.090247	1.459411	0.500000
6.766935	9.109882	1.434112	0.500000
7.789045	9.140729	1.357175	0.500000
9.016217	9.062373	1.378920	0.500000
10.042600	9.090352	1.490801	0.500000
0.119435	9.156432	1.338713	0.500000
