300

8.262709	3.031344	2.917446	0.500000
1.433070	1.306484	1.552851	0.500000
0.205914	2.144999	1.718919	0.500000
0.098909	1.097636	2.137885	0.500000
8.816171	0.391246	0.989808	0.500000
3.405777	3.604831	1.862491	0.500000
3.458041	9.238586	1.945454	0.500000
1.242268	9.599964	1.699329	0.500000
5.631871	6.714858	2.057675	0.500000
1.675905	5.970138	2.319340	0.500000
10.142715	5.466020	1.764579	0.500000
3.988506	0.364288	1.266667	0.500000
2.471645	8.611806	0.911674	0.500000
7.651095	6.906423	2.991200	0.500000
3.042362	1.072593	2.029958	0.500000
6.401846	7.814990	1.576939	0.500000
12.050162	8.602458	1.250335	0.500000
9.823376	1.037996	2.988379	0.500000
0.923287	10.320497	0.808624	0.500000
5.687701	7.151454	0.924561	0.500000
5.892918	1.615149	1.645561	0.500000
9.519236	1.209749	0.612153	0.500000
7.625931	0.583012	2.820053	0.500000
7.062741	9.466174	1.356073	0.500000
5.970855	1.383397	2.725367	0.500000
6.480705	3.957983	1.297049	0.500000
1.787934	0.361356	0.504593	0.500000
7.287536	8.647952	2.947068	0.500000
7.093167	3.066473	1.904492	0.500000
0.603060	9.850182	2.576104	0.500000
1.921744	9.830837	2.885853	0.500000
8.807406	1.040750	2.998338	0.500000
7.302712	10.369630	1.981466	0.500000
11.338800	10.115610	1.653432	0.500000
10.505832	3.569389	2.995111	0.500000
2.591069	3.024027	0.589067	0.500000
0.275625	2.823172	2.925875	0.500000
6.185637	10.086506	1.152750	0.500000
9.554923	5.836900	2.945849	0.500000
0.929503	1.461171	2.567343	0.500000
10.736453	0.314597	2.959008	0.500000
10.487341	2.701947	2.359779	0.500000
3.243324	3.232953	2.997924	0.500000
4.784520	0.912376	1.757388	0.500000
9.346675	5.243099	0.596673	0.500000
4.491416	8.291560	2.704866	0.500000
11.337500	1.823535	1.398658	0.500000
6.462597	1.344282	0.577594	0.500000
6.864386	7.707926	2.855039	0.500000
3.170407	4.670646	1.593904	0.500000
4.371033	6.615207	1.678556	0.500000
2.561361	0.629705	2.796906	0.500000
4.641770	7.303877	2.424729	0.500000
9.061153	1.733746	1.344043	0.500000
7.061698	1.699037	2.904163	0.500000
10.802038	10.335599	0.559199	0.500000
4.443973	7.087106	0.661803	0.500000
7.250767	8.825207	0.539172	0.500000
0.198979	5.797127	0.943050	0.500000
1.184522	0.198265	1.759946	0.500000
0.745767	4.738213	1.698385	0.500000
6.581054	4.710437	2.224982	0.500000
0.132444	10.451072	1.886933	0.500000
7.309434	5.670842	0.774439	0.500000
4.202679	3.498497	2.709325	0.500000
4.644955	4.542345	2.971477	0.500000
2.610870	4.245978	2.602669	0.500000
1.430032	8.469113	1.582110	0.500000
11.028804	4.398208	0.528662	0.500000
8.644184	9.955249	1.208824	0.500000
8.180401	1.913192	2.647061	0.500000
8.286379	8.946413	1.369804	0.500000
0.898060	6.470425	1.606878	0.500000
2.016679	3.047487	2.887430	0.500000
2.965491	3.925776	0.865950	0.500000
9.519291	9.203298	1.936600	0.500000
1.475309	7.439112	1.772487	0.500000
6.482965	6.654093	2.630314	0.500000
7.068602	2.012003	1.755659	0.500000
7.837247	2.545568	0.508201	0.500000
4.357666	8.546042	1.273424	0.500000
6.302443	8.406378	0.775083	0.500000
1.714365	7.494014	2.833061	0.500000
6.284858	2.441913	2.638787	0.500000
10.694651	3.608430	1.671482	0.500000
2.306903	9.579281	0.660674	0.500000
8.542880	6.222138	0.508023	0.500000
3.728423	7.966679	0.517924	0.500000
4.221504	2.310259	2.319435	0.500000
7.233607	2.682342	2.988513	0.500000
9.294688	4.935039	2.047022	0.500000
7.628443	7.094759	0.572965	0.500000
4.394450	10.481781	2.927280	0.500000
3.837259	10.116736	0.622141	0.500000
3.293441	10.334074	2.759250	0.500000
1.030625	1.815136	0.514181	0.500000
2.903007	8.127146	2.893266	0.500000
6.550364	0.235356	2.666672	0.500000
4.222575	4.430081	1.552664	0.500000
1.989598	8.431498	2.567693	0.500000
3.040718	5.226080	2.989980	0.500000
10.911451	9.024454	0.573789	0.500000
9.770257	0.025974	0.883968	0.500000
8.080603	6.649227	1.378655	0.500000
9.951953	4.781498	2.879748	0.500000
3.770786	6.985760	2.990580	0.500000
1.633098	3.854813	0.889106	0.500000
11.482652	1.055809	2.762167	0.500000
9.227362	0.890771	1.892889	0.500000
0.797789	7.957679	2.447503	0.500000
4.803173	5.028817	0.914141	0.500000
11.840858	8.120521	2.438437	0.500000
1.538465	2.719854	0.659177	0.500000
7.337210	3.766455	2.928395	0.500000
5.100315	10.451168	1.189007	0.500000
4.672376	6.093772	0.631348	0.500000
10.491164	6.741306	1.837883	0.500000
7.021394	0.927525	1.945117	0.500000
10.959653	5.360766	2.958701	0.500000
7.385324	1.128573	1.008297	0.500000
0.635162	5.718654	2.403163	0.500000
9.651413	7.819476	2.100474	0.500000
7.758422	8.082352	2.204370	0.500000
9.051649	4.443576	1.142082	0.500000
8.375011	8.013445	0.510539	0.500000
11.110090	9.144846	1.944190	0.500000
4.779241	1.161106	0.690945	0.500000
11.806241	3.826333	1.938010	0.500000
7.639656	7.913691	1.219609	0.500000
3.791791	5.553564	1.770590	0.500000
10.743379	8.598873	2.707592	0.500000
3.673793	7.305476	1.307851	0.500000
6.660825	0.237500	0.603629	0.500000
8.738489	7.899757	2.853223	0.500000
4.429331	9.311345	2.914035	0.500000
3.901791	5.929205	2.939643	0.500000
0.948006	3.586308	2.951158	0.500000
1.762923	7.971071	0.557970	0.500000
9.354663	6.469807	1.966763	0.500000
10.282578	9.713138	2.815836	0.500000
9.724384	3.551531	1.975847	0.500000
11.383908	7.188475	1.692962	0.500000
9.029518	2.381059	0.574607	0.500000
12.030636	6.230568	1.904927	0.500000
8.488868	10.528898	2.179208	0.500000
1.341945	9.077148	0.667845	0.500000
8.024712	4.866962	0.889876	0.500000
0.837902	4.587830	2.768898	0.500000
9.322970	6.988986	2.930903	0.500000
5.653699	4.681247	0.501585	0.500000
4.843535	3.217314	0.583499	0.500000
10.691952	1.724918	2.472788	0.500000
5.329082	5.291475	2.871928	0.500000
4.234267	2.038710	1.095841	0.500000
8.546437	9.480422	2.387452	0.500000
10.158963	0.500063	2.142924	0.500000
5.771715	4.340440	2.950938	0.500000
5.148940	8.016885	0.523379	0.500000
5.903125	3.244077	0.799685	0.500000
11.755029	10.452459	2.912563	0.500000
9.285619	1.889701	2.579786	0.500000
11.688749	6.046907	2.839112	0.500000
2.209812	5.404154	1.620926	0.500000
5.252125	4.856667	1.931284	0.500000
1.815897	1.856157	2.910017	0.500000
6.578842	6.406084	1.356904	0.500000
11.944188	9.653023	0.552472	0.500000
2.529087	7.465942	2.188559	0.500000
5.400354	5.919098	1.413740	0.500000
6.631313	7.416040	0.646172	0.500000
9.447987	10.357780	1.829540	0.500000
2.279168	0.774682	1.314048	0.500000
8.373620	3.972216	0.541615	0.500000
2.257161	9.341371	1.664460	0.500000
2.018704	1.600493	0.535001	0.500000
8.937362	2.799847	1.684080	0.500000
11.765339	4.500161	2.773936	0.500000
5.796534	0.439361	2.006515	0.500000
5.561036	8.686864	2.948271	0.500000
3.013816	2.147636	2.508897	0.500000
6.659772	2.565901	0.908926	0.500000
10.573714	7.520899	2.739546	0.500000
2.977321	1.705899	0.944612	0.500000
9.512739	2.878317	2.872938	0.500000
11.418075	2.809863	1.631631	0.500000
1.432387	6.030384	0.507159	0.500000
7.224700	9.873539	2.954013	0.500000
1.885046	5.020471	2.879787	0.500000
9.928623	4.096947	0.676734	0.500000
10.822165	4.676071	2.189142	0.500000
4.324438	3.061156	1.449732	0.500000
11.451982	5.348146	0.891098	0.500000
10.396744	3.094622	0.773558	0.500000
10.029940	9.600170	0.684451	0.500000
8.715893	3.764677	1.884261	0.500000
9.109537	8.357562	1.453589	0.500000
1.798946	5.056415	0.617501	0.500000
1.324538	0.143987	2.758593	0.500000
4.160890	9.941238	1.715653	0.500000
10.452417	1.827462	0.577458	0.500000
2.914508	6.055480	2.249979	0.500000
2.331487	2.895062	1.740027	0.500000
0.291056	7.450080	1.697705	0.500000
0.174382	8.854402	2.911192	0.500000
12.100721	0.276194	0.719478	0.500000
5.693063	10.002765	2.997771	0.500000
3.569266	9.151528	0.635521	0.500000
5.047977	3.581699	2.067168	0.500000
1.176818	2.577330	2.362409	0.500000
0.316988	4.685081	0.742992	0.500000
5.664522	7.227256	2.943133	0.500000
9.661372	6.383899	0.664219	0.500000
10.100279	2.184396	1.542143	0.500000
9.199134	4.117942	2.914068	0.500000
2.317844	1.798011	1.762588	0.500000
5.043467	9.926020	2.232279	0.500000
7.137770	3.422757	0.529619	0.500000
8.555984	5.005373	2.922343	0.500000
6.220103	5.275869	1.322243	0.500000
5.573914	2.169852	0.501131	0.500000
3.688523	4.457237	2.558189	0.500000
5.934298	6.034280	0.523798	0.500000
3.875451	0.518563	2.292158	0.500000
0.503123	3.601769	0.834638	0.500000
9.070040	8.966935	0.658542	0.500000
9.805750	8.379901	2.998104	0.500000
8.406539	1.458624	0.632833	0.500000
3.787398	1.152878	0.537370	0.500000
4.894026	9.331477	0.643484	0.500000
9.032948	7.172686	0.642279	0.500000
2.147683	6.577822	2.986207	0.500000
2.435881	5.937424	0.557342	0.500000
0.034785	2.710298	0.855450	0.500000
7.145564	5.475364	1.860746	0.500000
11.280012	1.059340	0.667254	0.500000
9.211117	3.342085	0.860212	0.500000
11.420858	2.555937	2.724400	0.500000
8.587782	7.375997	1.843207	0.500000
0.797148	6.793276	0.658260	0.500000
2.877730	6.603845	1.235225	0.500000
0.637516	7.954472	0.833677	0.500000
12.076386	9.418653	1.898550	0.500000
10.456932	5.368910	0.549155	0.500000
3.118082	0.272065	0.554552	0.500000
4.089792	3.933618	0.513372	0.500000
2.741522	9.238283	2.699820	0.500000
5.296924	0.477864	2.951410	0.500000
8.611769	6.203661	2.764540	0.500000
9.716130	8.019836	0.613799	0.500000
9.302981	0.151054	2.903647	0.500000
1.052157	6.749256	2.672872	0.500000
5.299522	2.527504	1.405007	0.500000
8.146812	5.814898	1.930406	0.500000
7.366733	4.767411	2.974194	0.500000
1.161675	9.016161	2.760770	0.500000
11.365896	3.321375	0.619717	0.500000
8.131476	2.140265	1.401610	0.500000
7.452037	5.923790	2.816269	0.500000
2.005436	6.936163	0.638717	0.500000
10.322540	9.817884	1.620093	0.500000
0.096609	6.978682	2.992435	0.500000
4.650089	1.456932	2.918388	0.500000
11.485214	6.413614	0.769959	0.500000
11.476308	0.647524	1.690792	0.500000
3.460399	5.972651	0.654940	0.500000
10.414764	0.939854	1.252622	0.500000
7.861389	9.760305	0.538026	0.500000
6.359689	8.811360	1.705008	0.500000
3.168922	10.261619	1.503040	0.500000
12.140583	1.865167	2.963139	0.500000
7.955883	4.402083	2.147029	0.500000
5.033134	6.249993	2.946017	0.500000
3.453767	1.162829	2.938738	0.500000
2.835207	7.598604	0.815926	0.500000
11.047529	5.913361	1.756989	0.500000
0.102081	1.435368	0.789661	0.500000
5.393365	8.693452	1.284677	0.500000
11.470526	9.394537	2.949684	0.500000
6.750937	4.593779	0.550779	0.500000
10.501234	6.448309	2.993771	0.500000
10.265461	7.154710	0.885889	0.500000
6.174226	3.640096	2.341445	0.500000
7.559030	3.803432	1.370822	0.500000
4.948087	7.678924	1.527931	0.500000
3.666274	4.914373	0.643580	0.500000
5.423005	2.905804	2.902992	0.500000
1.774921	4.346981	2.006740	0.500000
6.164577	5.694961	2.307343	0.500000
0.517918	3.343279	1.973200	0.500000
0.920571	0.790833	0.823901	0.500000
11.203205	7.638429	0.615849	0.500000
7.844305	0.145149	1.077101	0.500000
2.147872	10.339096	1.645281	0.500000
11.947948	5.229267	1.921513	0.500000
3.328314	2.609959	1.604997	0.500000
3.676161	8.209058	2.096423	0.500000
5.605319	0.557688	0.555483	0.500000
7.273501	6.893919	2.033542	0.500000
10.354846	8.401521	1.450083	0.500000
8.212357	1.024571	1.873401	0.500000
