300

10.547332	5.579980	1.168488	0.500000
0.355199	7.706971	1.769167	0.500000
2.328472	6.469994	0.632274	0.500000
1.760441	5.437767	2.560514	0.500000
9.500247	7.241459	2.258665	0.500000
10.809404	5.731717	2.944841	0.500000
1.699366	9.617589	2.991910	0.500000
9.077234	9.391807	1.120597	0.500000
1.619447	2.526031	2.956480	0.500000
10.036150	7.225698	1.021783	0.500000
11.613761	8.185055	1.734992	0.500000
0.222764	9.558236	2.925899	0.500000
5.360640	0.907352	0.526666	0.500000
7.234076	9.538962	1.878124	0.500000
9.520276	6.167454	1.364302	0.500000
8.815351	5.480317	1.093669	0.500000
11.650081	10.391374	2.970422	0.500000
5.612019	0.320914	2.547528	0.500000
6.546633	5.052770	0.909173	0.500000
5.762083	9.937565	0.891717	0.500000
7.753050	4.824225	0.566020	0.500000
0.783362	0.550929	1.792093	0.500000
6.524385	1.114673	0.817580	0.500000
9.318391	1.295159	1.766506	0.500000
8.630084	8.405548	0.650177	0.500000
8.864881	2.274588	2.469297	0.500000
4.673042	3.391079	2.622773	0.500000
8.833608	1.168992	2.996834	0.500000
11.250573	4.802643	2.822212	0.500000
8.200696	10.283642	2.834347	0.500000
3.460940	1.606831	1.588346	0.500000
7.900397	5.275910	2.918977	0.500000
3.711747	4.618531	2.849190	0.500000
9.213686	8.110124	1.563125	0.500000
2.773142	6.250117	1.551566	0.500000
5.347064	7.196978	2.194110	0.500000
0.282319	6.600967	2.047832	0.500000
6.762574	5.189602	1.953870	0.500000
7.822419	4.217704	2.997469	0.500000
8.683852	6.672980	2.965929	0.500000
7.499779	5.890749	0.585392	0.500000
0.015787	2.924455	1.956635	0.500000
6.257876	6.811787	1.220897	0.500000
8.387273	3.665573	2.287816	0.500000
6.388535	0.750826	1.890409	0.500000
10.741318	0.660162	1.528657	0.500000
11.438299	2.682358	2.798907	0.500000
7.780864	9.118972	2.698040	0.500000
4.800700	2.284321	0.779253	0.500000
4.533082	5.926371	0.515409	0.500000
4.139315	9.187067	2.584081	0.500000
8.274402	8.329871	2.250986	0.500000
3.446094	9.026166	0.724927	0.500000
5.194644	9.170712	2.902189	0.500000
5.535800	4.913230	1.966861	0.500000
3.250308	9.396133	1.768709	0.500000
4.521045	7.300979	0.745633	0.500000
8.547800	2.889652	1.582364	0.500000
6.705103	6.872333	2.475267	0.500000
8.131659	2.883487	2.945167	0.500000
5.508391	8.049040	0.713157	0.500000
1.601366	4.400025	2.886243	0.500000
8.586211	0.640358	2.037327	0.500000
9.669292	8.189449	0.526548	0.500000
0.271677	0.096383	0.641576	0.500000
7.518673	3.000105	1.303135	0.500000
11.113604	5.451800	2.006054	0.500000
2.776276	3.886198	2.623105	0.500000
8.467481	1.818342	1.170459	0.500000
7.811384	7.702273	1.389444	0.500000
4.477723	6.790487	2.530538	0.500000
8.814910	9.192820	2.076037	0.500000
2.277378	1.243079	2.815540	0.500000
4.601282	3.782508	0.687256	0.500000
5.032613	8.683852	1.889170	0.500000
3.200326	9.025343	2.997502	0.500000
5.849941	1.658920	1.409246	0.500000
7.598102	2.423149	2.202316	0.500000
4.226867	8.391684	0.888844	0.500000
2.560959	2.076665	0.502822	0.500000
3.707224	9.979309	0.558346	0.500000
0.961294	2.458038	1.646881	0.500000
3.640219	3.127248	2.408009	0.500000
5.494084	7.000534	0.527070	0.500000
9.859613	3.982371	0.833015	0.500000
7.616091	5.659741	1.634346	0.500000
12.156728	1.094593	0.634947	0.500000
2.599216	5.833111	2.965692	0.500000
10.649009	9.345864	2.907745	0.500000
8.535156	7.404510	0.700621	0.500000
3.480573	7.744017	0.735128	0.500000
0.319271	4.304535	2.640082	0.500000
12.080578	5.272937	0.652406	0.500000
0.270134	1.730304	1.420609	0.500000
12.108780	9.107238	1.894001	0.500000
9.345998	3.914115	1.775022	0.500000
9.943724	2.947346	0.683433	0.500000
5.435834	6.495997	2.990270	0.500000
11.837674	3.876520	1.953600	0.500000
3.409033	7.259833	1.615205	0.500000
4.686887	10.187074	2.946100	0.500000
6.749329	7.866176	0.561635	0.500000
0.220416	2.115796	2.571660	0.500000
6.023341	3.040283	1.871561	0.500000
5.131705	9.016074	0.682902	0.500000
5.817259	2.410036	0.593238	0.500000
9.638636	0.113412	2.085942	0.500000
5.017958	1.856966	2.972716	0.500000
11.015568	9.025211	1.520929	0.500000
2.649864	8.442638	1.289816	0.500000
9.832598	5.189908	0.549550	0.500000
2.911780	3.700771	0.527167	0.500000
4.979204	2.445268	2.074323	0.500000
3.976803	6.179812	1.695964	0.500000
0.605043	0.035006	2.952753	0.500000
6.188806	10.263643	1.835632	0.500000
2.051220	0.464156	2.075094	0.500000
4.344204	3.108475	1.641630	0.500000
7.833320	4.424973	1.487906	0.500000
11.609025	3.772572	2.936827	0.500000
0.016156	8.417364	2.804561	0.500000
4.527677	5.344566	2.036777	0.500000
3.202172	5.240276	2.143155	0.500000
5.309739	3.194879	1.096883	0.500000
7.640184	8.487230	0.509270	0.500000
12.019273	5.938563	2.859350	0.500000
6.434367	3.260269	0.938653	0.500000
2.163778	10.267909	1.338588	0.500000
1.837239	4.234949	1.779806	0.500000
1.709415	0.151510	2.970976	0.500000
0.270181	7.216337	2.886604	0.500000
2.303425	5.285432	1.563421	0.500000
10.379842	2.619862	2.805146	0.500000
1.155689	6.727288	2.884228	0.500000
2.798270	9.958735	2.708293	0.500000
3.207727	1.676589	2.716826	0.500000
2.136497	8.627242	2.809155	0.500000
11.017652	1.882199	1.055060	0.500000
1.356267	1.551803	1.925164	0.500000
11.739398	8.689191	0.776257	0.500000
11.644914	2.653509	0.667601	0.500000
8.819904	4.917739	1.943357	0.500000
5.822221	3.869482	2.994504	0.500000
0.922587	9.320277	2.234307	0.500000
1.253157	0.015584	1.035589	0.500000
6.136213	7.780059	1.800145	0.500000
10.120483	9.174168	0.504658	0.500000
4.281272	0.915089	0.663508	0.500000
10.005013	0.680512	0.652515	0.500000
3.897543	10.248437	2.247471	0.500000
7.249568	8.249390	2.066838	0.500000
11.355741	6.074270	0.506000	0.500000
0.759213	3.502298	0.613054	0.500000
11.194884	7.364444	0.798739	0.500000
11.157750	0.264917	0.576676	0.500000
7.620704	6.342081	2.540700	0.500000
3.137853	0.025331	1.469277	0.500000
6.818334	2.044927	1.536033	0.500000
9.928604	7.974927	2.861929	0.500000
10.822308	0.240944	2.482105	0.500000
10.199752	3.378011	1.633834	0.500000
10.281449	6.220748	2.024522	0.500000
7.194934	6.863035	0.607529	0.500000
9.039553	1.072000	0.568390	0.500000
10.962118	4.294495	0.569590	0.500000
8.051458	3.586906	0.557077	0.500000
0.087225	5.301254	2.046360	0.500000
4.678884	10.435700	0.587097	0.500000
6.950714	9.372991	0.869197	0.500000
11.934904	0.831833	2.888826	0.500000
4.757217	4.712879	1.275207	0.500000
8.968565	0.190501	1.175317	0.500000
6.388470	2.107801	2.550367	0.500000
1.511083	10.150806	2.127793	0.500000
2.585323	9.671071	0.524529	0.500000
4.124783	0.624958	1.846208	0.500000
7.118660	2.380689	0.545286	0.500000
5.952917	9.159005	2.038550	0.500000
10.721604	8.369318	0.777874	0.500000
12.104801	10.135164	2.110020	0.500000
4.459834	1.592603	1.872940	0.500000
2.088149	2.193570	1.587263	0.500000
11.720906	0.623748	1.744223	0.500000
10.373257	2.213400	1.849737	0.500000
2.348309	1.164965	1.246289	0.500000
6.233695	9.685448	2.945808	0.500000
2.355131	7.327498	1.485155	0.500000
1.435877	5.739077	0.669194	0.500000
7.671033	1.801680	2.985495	0.500000
9.783828	1.744180	2.655208	0.500000
5.664364	2.854467	2.998115	0.500000
5.069864	9.796914	2.090196	0.500000
7.004950	0.073614	0.563404	0.500000
1.489925	2.215910	0.599014	0.500000
7.867308	0.811731	2.990401	0.500000
6.816894	0.051635	2.954207	0.500000
7.366787	0.294521	2.045265	0.500000
3.259756	0.869795	0.719321	0.500000
0.922379	5.785567	1.716882	0.500000
7.932334	1.443000	1.963629	0.500000
7.965371	7.651544	2.926588	0.500000
0.671836	1.247221	2.996092	0.500000
4.496986	7.759882	1.738748	0.500000
5.978981	4.196542	0.764015	0.500000
6.884694	1.099016	2.693555	0.500000
5.814390	1.293252	2.701384	0.500000
1.436917	1.089949	0.709458	0.500000
3.800964	4.726907	0.660350	0.500000
1.986933	3.410082	1.100992	0.500000
0.498234	2.486289	0.647974	0.500000
8.534310	5.930431	2.009434	0.500000
11.958720	3.820360	0.531035	0.500000
1.253804	7.135942	1.331221	0.500000
8.909289	5.661259	2.983049	0.500000
10.115484	4.885458	1.905023	0.500000
6.926514	4.615251	2.774561	0.500000
6.416918	5.996052	0.525110	0.500000
10.118411	3.963585	2.964249	0.500000
11.377592	4.682795	1.393199	0.500000
10.830606	7.195794	1.880146	0.500000
7.067785	3.502024	2.596795	0.500000
10.765214	1.460307	2.876838	0.500000
0.640656	3.278597	2.962044	0.500000
1.889179	8.132414	1.905105	0.500000
2.733679	2.582947	2.856596	0.500000
2.149241	9.379397	2.004266	0.500000
3.129684	0.507897	2.878168	0.500000
2.890160	4.168165	1.619452	0.500000
4.036001	1.075363	2.937511	0.500000
11.223079	6.677571	2.996034	0.500000
11.798065	9.861875	1.151310	0.500000
5.661885	8.077384	2.779607	0.500000
11.113571	2.908707	1.877977	0.500000
4.943571	6.536332	1.524352	0.500000
9.990034	10.178193	0.656818	0.500000
7.721969	1.181753	0.971306	0.500000
8.821199	4.457579	0.955003	0.500000
3.032397	2.861353	1.354635	0.500000
11.026534	9.767593	0.506787	0.500000
3.575205	6.356240	0.590316	0.500000
9.656995	6.382986	2.910049	0.500000
5.251632	0.678864	1.682196	0.500000
9.042036	8.470498	2.966520	0.500000
2.380447	7.821144	0.537420	0.500000
7.035837	4.167124	0.841635	0.500000
5.388262	5.032115	0.526693	0.500000
9.923366	0.669074	2.882809	0.500000
11.429811	1.662291	2.133029	0.500000
4.662364	8.215670	2.800202	0.500000
1.760597	8.975322	0.732828	0.500000
0.219401	7.488833	0.560713	0.500000
9.873026	5.174695	2.982889	0.500000
5.239826	3.910192	1.866694	0.500000
10.264522	6.360791	0.542764	0.500000
0.668507	3.630047	1.625283	0.500000
3.942117	4.072281	1.404263	0.500000
9.180867	9.947967	2.949088	0.500000
6.623726	8.614067	2.947775	0.500000
8.245671	9.975290	1.772622	0.500000
8.479281	6.327544	0.680813	0.500000
6.279722	4.070473	1.759249	0.500000
5.840122	5.870742	2.044944	0.500000
3.660722	8.437465	1.755232	0.500000
0.803183	5.450362	2.874868	0.500000
11.135288	8.211644	2.647455	0.500000
11.630031	6.739923	1.480768	0.500000
10.806109	4.142903	2.192703	0.500000
1.053998	8.448064	2.899351	0.500000
1.141138	7.932100	0.566584	0.500000
0.423819	9.390149	0.633174	0.500000
2.837700	8.047186	2.340076	0.500000
9.510171	1.909754	0.850482	0.500000
1.018487	4.847082	2.106123	0.500000
4.918647	4.434642	2.886106	0.500000
10.938235	10.141569	1.654862	0.500000
0.200141	6.304793	0.751654	0.500000
8.477494	7.144417	1.959554	0.500000
3.543995	7.481680	2.864316	0.500000
1.650954	6.461537	1.969378	0.500000
9.473843	3.095022	2.438148	0.500000
6.343916	8.603113	1.229854	0.500000
5.531211	5.320581	2.948364	0.500000
2.142560	7.124689	2.893597	0.500000
10.014924	9.730844	1.633776	0.500000
3.708879	1.782020	0.634041	0.500000
9.003449	4.191965	2.997814	0.500000
3.931020	2.932994	0.516900	0.500000
8.061516	9.681641	0.712309	0.500000
6.507633	5.706777	2.839458	0.500000
4.161004	9.568948	1.392816	0.500000
0.973252	8.449284	1.505196	0.500000
3.323004	6.563968	2.466877	0.500000
8.938194	3.012703	0.522316	0.500000
8.072711	8.854844	1.386798	0.500000
2.735562	4.841927	0.728684	0.500000
9.766359	8.875486	2.146775	0.500000
4.266489	5.741112	2.981914	0.500000
1.748659	3.457012	2.529292	0.500000
1.633864	4.267487	0.551677	0.500000
4.098529	2.251367	2.970580	0.500000
