200

0.120290	9.865897	0.520152	0.500000
1.295557	9.634314	0.503858	0.500000
1.915810	0.207671	0.523725	0.500000
3.005977	0.003998	0.565688	0.500000
4.294678	10.029749	0.519586	0.500000
6.218773	0.544114	0.542209	0.500000
7.075130	8.730104	0.510720	0.500000
7.894400	9.428965	0.517607	0.500000
9.393899	10.195623	0.527558	0.500000
10.156594	0.698223	0.504170	0.500000
9.414766	1.844792	0.510275	0.500000
0.930702	0.438983	0.564597	0.500000
2.796013	1.003738	0.557514	0.500000
3.897435	0.844625	0.508860	0.500000
5.650072	1.383398	0.682827	0.500000
6.670544	9.667666	0.528364	0.500000
8.308879	0.146271	0.576069	0.500000
8.429387	0.796461	1.427887	0.500000
8.970832	0.905893	0.584977	0.500000
8.789456	2.495238	1.307589	0.500000
0.553742	1.483475	0.641258	0.500000
1.618772	1.215275	0.595966	0.500000
2.314331	1.939496	0.515698	0.500000
3.485162	1.772329	0.526495	0.500000
4.551791	1.643889	0.537811	0.500000
6.333942	2.188584	0.584133	0.500000
6.957838	1.899961	1.492251	0.500000
6.877446	1.338365	0.563872	0.500000
7.390850	0.861212	1.328159	0.500000
8.002254	2.426072	0.533114	0.500000
0.167755	2.440358	0.537514	0.500000
1.308231	2.217087	0.589112	0.500000
1.850321	3.088379	0.503110	0.500000
3.013045	2.738183	0.525825	0.500000
4.134722	2.619950	0.521993	0.500000
5.233539	2.446488	0.535180	0.500000
5.962200	3.227275	0.513078	0.500000
7.042988	2.947654	0.517377	0.500000
8.013405	1.288890	0.531271	0.500000
8.963801	3.289067	0.598081	0.500000
0.826203	3.197220	0.520105	0.500000
1.672659	4.101617	0.528505	0.500000
2.739616	3.799557	0.588518	0.500000
3.847042	3.682960	0.514943	0.500000
4.581290	4.442573	0.526914	0.500000
4.829889	3.377607	0.552197	0.500000
5.603803	4.167769	0.639618	0.500000
6.704691	3.979974	0.590845	0.500000
7.859033	3.696522	0.568024	0.500000
10.030404	3.387244	0.595009	0.500000
0.598942	4.207216	0.537231	0.500000
1.209443	5.061434	0.568573	0.500000
2.319807	4.885961	0.551690	0.500000
3.370224	4.592712	0.519689	0.500000
4.104776	5.336002	0.544980	0.500000
5.180073	5.271105	0.517226	0.500000
6.225099	5.099434	0.538734	0.500000
7.502068	4.748358	0.509054	0.500000
8.539514	4.439593	0.557325	0.500000
9.688320	4.391161	0.534417	0.500000
0.125449	5.160782	0.571398	0.500000
1.911418	5.877810	0.566156	0.500000
3.024875	5.607902	0.514563	0.500000
3.751153	6.589639	0.592468	0.500000
4.775969	6.184710	0.564112	0.500000
5.876489	6.066810	0.552921	0.500000
6.946478	5.863368	0.541405	0.500000
8.083158	5.609070	0.506863	0.500000
9.161351	5.368458	0.576917	0.500000
9.846899	6.202359	0.537435	0.500000
0.245678	6.980572	0.570501	0.500000
0.727000	6.098366	0.549958	0.500000
2.596239	6.598661	0.684349	0.500000
3.258425	7.463451	0.532259	0.500000
4.542959	7.214868	0.613632	0.500000
5.560547	7.142977	0.523090	0.500000
6.574712	6.811013	0.561427	0.500000
7.639705	6.632240	0.509194	0.500000
8.709116	6.410117	0.586429	0.500000
9.424070	7.283137	0.543856	0.500000
0.929700	7.929536	0.601484	0.500000
1.417650	6.836774	0.531185	0.500000
2.217387	7.592937	0.548988	0.500000
2.821388	8.441386	0.510702	0.500000
4.016543	8.371082	0.507345	0.500000
5.251246	8.161228	0.583877	0.500000
6.309843	8.017214	0.532385	0.500000
7.292303	7.657403	0.532570	0.500000
8.368511	7.376607	0.547646	0.500000
10.152668	8.070087	0.513961	0.500000
0.579235	8.900766	0.500719	0.500000
1.602234	8.676278	0.552549	0.500000
2.296324	9.444735	0.568981	0.500000
3.562008	9.276329	0.686012	0.500000
4.768376	9.056536	0.597465	0.500000
5.348306	9.914352	0.591128	0.500000
5.849372	8.976577	0.559334	0.500000
8.046907	8.433538	0.505703	0.500000
9.126843	8.241200	0.518990	0.500000
9.579864	9.164908	0.502452	0.500000
0.685222	9.579619	1.371241	0.500000
1.407815	0.058526	1.431298	0.500000
1.645533	9.234775	1.422030	0.500000
3.806885	9.938097	1.469036	0.500000
4.790771	9.677268	1.425473	0.500000
6.374606	1.019059	1.489839	0.500000
5.541541	0.328854	1.498374	0.500000
7.031768	9.244873	1.456871	0.500000
8.874953	9.867280	1.482836	0.500000
9.876814	9.666022	1.453073	0.500000
0.986081	1.067493	1.441815	0.500000
2.122127	0.825924	1.488147	0.500000
2.395731	9.953860	1.460162	0.500000
3.271505	0.623253	1.421741	0.500000
4.320900	0.575953	1.392104	0.500000
4.927717	0.597646	0.538427	0.500000
6.582500	10.171050	1.390031	0.500000
7.717320	10.026886	1.462751	0.500000
9.478923	0.436908	1.417968	0.500000
0.281912	0.277848	1.490087	0.500000
0.615996	2.060943	1.478948	0.500000
1.665344	1.864605	1.454687	0.500000
2.829333	1.625318	1.458337	0.500000
3.919996	1.498302	1.414247	0.500000
5.006011	1.310576	1.475933	0.500000
5.749653	2.013876	1.474211	0.500000
7.223189	0.310805	0.508818	0.500000
8.328653	3.404896	1.456937	0.500000
9.116362	1.522101	1.499293	0.500000
10.127642	1.302519	1.453149	0.500000
0.355249	3.093990	1.462583	0.500000
1.365972	2.877008	1.379019	0.500000
2.430848	2.691076	1.360910	0.500000
3.526649	2.465138	1.376625	0.500000
4.713446	2.273521	1.499614	0.500000
5.337170	3.079175	1.429868	0.500000
6.339384	2.826042	1.456324	0.500000
8.109111	1.766792	1.424493	0.500000
9.529261	3.240558	1.477326	0.500000
9.826173	2.263200	1.454720	0.500000
10.172359	4.006873	1.425697	0.500000
1.029791	3.865369	1.460603	0.500000
2.144293	3.659521	1.431205	0.500000
3.179784	3.525291	1.469288	0.500000
4.174927	3.257353	1.467115	0.500000
4.980652	4.088906	1.466642	0.500000
6.142177	3.809956	1.420416	0.500000
7.229881	3.574429	1.351595	0.500000
7.635353	2.651736	1.453745	0.500000
9.067508	4.317679	1.487946	0.500000
0.576543	4.880247	1.459633	0.500000
1.720962	4.714385	1.437238	0.500000
2.803291	4.480596	1.361788	0.500000
3.872781	4.333996	1.425084	0.500000
4.592702	5.057206	1.464035	0.500000
5.815384	4.795532	1.485285	0.500000
6.811017	4.608773	1.418951	0.500000
7.912420	4.351221	1.360391	0.500000
8.486921	5.176363	1.499095	0.500000
9.768114	5.088278	1.494783	0.500000
0.178290	5.862111	1.482324	0.500000
1.218977	5.663695	1.424803	0.500000
2.262775	5.581860	1.478480	0.500000
3.516498	5.324694	1.380300	0.500000
4.328879	6.050610	1.490661	0.500000
5.376969	5.740119	1.426917	0.500000
6.454997	5.574614	1.391142	0.500000
7.502906	5.387625	1.343930	0.500000
8.096662	6.224243	1.480950	0.500000
9.185647	5.904496	1.457203	0.500000
0.882403	6.660816	1.378840	0.500000
1.907146	6.555737	1.492048	0.500000
3.157623	6.265069	1.487477	0.500000
3.988828	7.004213	1.484125	0.500000
4.984127	6.820469	1.487249	0.500000
5.973541	6.547312	1.431160	0.500000
7.134614	6.562437	1.484585	0.500000
7.821709	7.352938	1.420603	0.500000
8.792671	6.969860	1.462531	0.500000
9.970450	6.799979	1.450627	0.500000
0.499456	7.583010	1.484502	0.500000
1.562528	7.509025	1.314396	0.500000
2.644802	7.233920	1.494819	0.500000
3.515275	7.936372	1.463386	0.500000
4.566866	7.847149	1.460399	0.500000
5.566388	7.684189	1.414387	0.500000
6.669001	7.497512	1.340537	0.500000
7.504814	8.343226	1.350956	0.500000
8.614287	7.989278	1.455822	0.500000
9.629987	7.886533	1.450719	0.500000
0.042544	8.723264	1.438828	0.500000
1.077015	8.411712	1.480246	0.500000
2.304650	8.204667	1.405162	0.500000
2.862595	9.045312	1.486459	0.500000
4.117030	8.832106	1.442989	0.500000
5.164007	8.699073	1.480131	0.500000
6.227437	8.454505	1.492861	0.500000
5.865144	9.468865	1.473164	0.500000
8.182510	9.125220	1.499106	0.500000
9.182901	8.854086	1.462750	0.500000
