100

4.043728	1.784532	0.596788	0.500000
3.121575	9.263877	0.662332	0.500000
5.224560	6.760235	0.786426	0.500000
10.413539	2.364665	0.701700	0.500000
10.364649	1.016360	0.673469	0.500000
5.159180	4.639311	0.613969	0.500000
0.945556	3.972764	0.763616	0.500000
3.156248	6.586294	0.519727	0.500000
9.195201	8.278550	0.752251	0.500000
1.303857	9.966541	0.541888	0.500000
10.595920	4.397502	0.507748	0.500000
5.433955	9.253825	0.516730	0.500000
1.957633	4.311787	0.702577	0.500000
10.059870	3.313685	0.771233	0.500000
2.299110	9.973994	0.783433	0.500000
4.188024	6.443232	0.703746	0.500000
4.963333	3.583483	0.684810	0.500000
6.133201	4.956746	0.664698	0.500000
6.354304	1.858476	0.641776	0.500000
0.417568	10.531068	0.631695	0.500000
10.496758	5.381057	0.734390	0.500000
4.474998	2.674866	0.744123	0.500000
5.925766	3.835226	0.546581	0.500000
4.834564	10.617658	0.562893	0.500000
3.946981	0.386889	0.743218	0.500000
9.621921	4.806831	0.689786	0.500000
5.015546	0.885321	0.795564	0.500000
9.211578	2.636139	0.783255	0.500000
10.197094	9.677583	0.600929	0.500000
5.265276	7.791535	0.761780	0.500000
2.302725	2.325006	0.597769	0.500000
1.682620	0.448725	0.703176	0.500000
4.796402	5.623130	0.523597	0.500000
0.699529	4.990445	0.675610	0.500000
0.336693	7.748850	0.604842	0.500000
9.529883	1.662054	0.699963	0.500000
6.190489	7.424850	0.595748	0.500000
9.267937	9.283374	0.798958	0.500000
5.880396	10.313687	0.616492	0.500000
6.169671	0.623632	0.632224	0.500000
7.820855	4.830601	0.636314	0.500000
2.147759	6.382115	0.669927	0.500000
4.360637	9.678777	0.702417	0.500000
2.218011	8.456532	0.757130	0.500000
1.694144	5.298540	0.681143	0.500000
8.353894	1.289313	0.630763	0.500000
7.158390	1.057514	0.506895	0.500000
0.690175	0.827248	0.633054	0.500000
10.150011	7.354608	0.780331	0.500000
2.614784	3.374299	0.567473	0.500000
0.896510	6.048247	0.748151	0.500000
7.852765	6.786515	0.550811	0.500000
0.173738	6.724716	0.552703	0.500000
3.874953	3.629234	0.691584	0.500000
0.686463	2.166849	0.699182	0.500000
6.064035	2.816476	0.643382	0.500000
9.032503	5.824748	0.585667	0.500000
7.111635	10.568039	0.545890	0.500000
8.005097	9.918105	0.797310	0.500000
0.354462	3.152711	0.569537	0.500000
8.347456	7.733257	0.581258	0.500000
3.494123	10.207053	0.529896	0.500000
2.741176	0.177102	0.569816	0.500000
3.020585	4.290841	0.549469	0.500000
8.369128	8.848414	0.611897	0.500000
9.224294	0.654399	0.633353	0.500000
5.229767	1.911735	0.544454	0.500000
6.148298	8.457232	0.592767	0.500000
8.968719	6.862109	0.764041	0.500000
6.990944	5.559518	0.603578	0.500000
0.396493	9.083691	0.727470	0.500000
7.348683	2.094666	0.722890	0.500000
3.327165	8.143849	0.544543	0.500000
1.379290	7.078598	0.730705	0.500000
4.445663	8.565113	0.729015	0.500000
4.150436	7.554961	0.713524	0.500000
5.798906	5.926074	0.743127	0.500000
1.170186	8.429223	0.573003	0.500000
6.738682	6.555809	0.671315	0.500000
4.071986	4.744823	0.734860	0.500000
8.951594	10.274827	0.588202	0.500000
2.963354	1.434634	0.690296	0.500000
10.211547	8.398844	0.703657	0.500000
8.180517	2.842519	0.630105	0.500000
1.449305	3.086320	0.551532	0.500000
1.617324	1.600946	0.717672	0.500000
2.392253	7.456962	0.698834	0.500000
6.540440	9.560052	0.725431	0.500000
7.240414	8.821960	0.645566	0.500000
9.151190	3.809121	0.558994	0.500000
6.996227	4.206696	0.649708	0.500000
9.911681	6.370313	0.684365	0.500000
8.234111	0.274432	0.556379	0.500000
8.041199	3.831166	0.782747	0.500000
2.864442	5.376689	0.615920	0.500000
7.092042	3.157761	0.639938	0.500000
7.286407	7.818239	0.548597	0.500000
7.990395	5.809524	0.754574	0.500000
9.972476	10.725368	0.782075	0.500000
3.268261	2.601302	0.502070	0.500000
