100

2.460871	0.245545	0.621643	0.500000
3.117359	7.500161	0.753021	0.500000
5.130967	5.651609	0.754938	0.500000
0.623847	2.004225	0.779575	0.500000
8.541474	1.828618	0.608230	0.500000
3.427907	4.196073	0.500908	0.500000
0.900527	4.979692	0.615572	0.500000
3.124785	6.493717	0.645874	0.500000
10.008451	6.532628	0.609380	0.500000
0.470059	0.295809	0.680438	0.500000
9.804122	4.113146	0.638143	0.500000
7.512350	7.507034	0.673259	0.500000
0.271548	4.125132	0.550936	0.500000
7.878402	3.838468	0.674147	0.500000
2.560393	9.859448	0.554543	0.500000
4.332058	7.410386	0.746251	0.500000
3.763199	2.447519	0.546965	0.500000
4.088594	3.441662	0.520915	0.500000
4.660258	10.568236	0.679089	0.500000
10.676259	1.200141	0.510789	0.500000
0.144474	5.890069	0.582635	0.500000
4.041786	0.677629	0.713846	0.500000
6.208454	5.658049	0.756003	0.500000
4.490909	9.224244	0.582674	0.500000
2.253793	1.234942	0.648382	0.500000
10.261002	5.012834	0.770082	0.500000
5.684235	1.401904	0.556596	0.500000
6.864715	3.355896	0.677339	0.500000
10.725669	10.118914	0.765236	0.500000
4.311183	6.348530	0.608868	0.500000
3.340458	1.448804	0.737879	0.500000
1.209433	1.091303	0.551811	0.500000
4.694745	4.464777	0.573286	0.500000
1.936162	4.896322	0.718363	0.500000
8.369838	5.268835	0.513949	0.500000
6.940490	2.012094	0.578240	0.500000
5.466465	6.687385	0.769053	0.500000
0.430316	8.907827	0.627006	0.500000
5.679956	0.314184	0.623624	0.500000
7.560769	0.120625	0.758241	0.500000
8.827023	3.300895	0.702261	0.500000
2.116156	6.459374	0.706841	0.500000
5.418515	9.901418	0.789911	0.500000
2.192190	8.878096	0.628318	0.500000
1.954012	3.068853	0.542952	0.500000
10.338254	2.130853	0.669426	0.500000
7.625077	1.220311	0.676591	0.500000
1.541362	10.511630	0.748209	0.500000
1.161978	5.951036	0.667069	0.500000
2.384083	3.981404	0.752200	0.500000
1.133760	8.076456	0.525425	0.500000
8.094020	6.311337	0.548431	0.500000
1.211574	6.956002	0.711216	0.500000
3.090937	3.236688	0.726154	0.500000
2.707620	2.312668	0.505535	0.500000
5.540708	3.418012	0.601478	0.500000
0.197313	7.272581	0.643025	0.500000
6.524942	10.348966	0.557146	0.500000
9.708946	7.513305	0.765905	0.500000
9.371368	2.437107	0.746195	0.500000
6.389666	7.221664	0.509776	0.500000
6.496660	8.203687	0.780333	0.500000
3.728604	9.983995	0.600239	0.500000
4.093299	5.297431	0.607337	0.500000
8.514090	9.131563	0.738625	0.500000
9.598037	1.423271	0.623272	0.500000
4.603040	1.563577	0.538605	0.500000
6.319988	9.390807	0.784445	0.500000
9.403320	5.651822	0.795824	0.500000
7.592620	8.591600	0.736524	0.500000
9.330683	8.596598	0.508763	0.500000
6.700927	0.688054	0.683509	0.500000
3.968303	8.347612	0.733681	0.500000
1.221539	9.517448	0.718706	0.500000
5.292476	7.736908	0.776353	0.500000
5.574967	8.699755	0.781639	0.500000
5.784571	4.649497	0.611151	0.500000
10.107339	9.339154	0.605411	0.500000
7.412407	5.169157	0.791463	0.500000
2.777446	5.427059	0.501615	0.500000
9.352142	10.081928	0.581690	0.500000
3.233033	9.086471	0.584095	0.500000
10.340235	8.299264	0.514189	0.500000
7.768775	2.788569	0.524710	0.500000
10.595799	3.170785	0.756073	0.500000
0.952303	3.015154	0.552630	0.500000
2.105838	7.781060	0.603012	0.500000
8.554909	0.395626	0.756932	0.500000
7.384885	9.643016	0.556942	0.500000
8.799279	4.323914	0.537621	0.500000
6.116763	2.552504	0.781004	0.500000
8.967923	6.830711	0.643088	0.500000
8.361666	10.134703	0.748335	0.500000
6.806695	4.374432	0.700424	0.500000
1.321288	3.983011	0.714726	0.500000
4.846270	2.543314	0.527825	0.500000
8.649080	7.842529	0.753352	0.500000
6.981155	6.333733	0.768252	0.500000
10.021272	0.204448	0.755292	0.500000
1.697198	2.076116	0.679081	0.500000
