100

3.814813	4.962329	0.658321	0.500000
1.441202	10.039079	0.612399	0.500000
5.998799	7.708360	0.520910	0.500000
9.599856	2.315471	0.667257	0.500000
9.283499	0.630847	0.686636	0.500000
4.621780	5.709656	0.650310	0.500000
7.711158	3.471183	0.722962	0.500000
3.024155	6.848433	0.693145	0.500000
9.947642	9.335008	0.566991	0.500000
0.713060	0.102388	0.506149	0.500000
9.953862	3.373637	0.681778	0.500000
2.670562	0.005477	0.624762	0.500000
0.154613	4.079381	0.702175	0.500000
8.894834	3.806915	0.531479	0.500000
1.734417	2.813106	0.634313	0.500000
4.930213	8.098779	0.714274	0.500000
4.712856	4.482349	0.574354	0.500000
3.808140	7.979007	0.526421	0.500000
4.604457	10.376941	0.540163	0.500000
9.516616	10.392886	0.521654	0.500000
10.384581	5.320122	0.784703	0.500000
3.630323	3.611336	0.635358	0.500000
5.702107	4.068092	0.544787	0.500000
3.357611	1.580641	0.616730	0.500000
3.598109	0.396478	0.786693	0.500000
9.644898	4.488260	0.698475	0.500000
3.653401	5.984641	0.506874	0.500000
6.801212	3.926186	0.705847	0.500000
7.783280	0.783093	0.752004	0.500000
5.259673	9.574681	0.618327	0.500000
0.430983	1.314191	0.740907	0.500000
10.516135	0.494345	0.791621	0.500000
7.781067	6.918160	0.532608	0.500000
0.749502	5.136446	0.586580	0.500000
10.224840	8.297846	0.708401	0.500000
8.883181	1.534718	0.511639	0.500000
5.924219	8.734305	0.515923	0.500000
8.406920	7.710685	0.777230	0.500000
2.609160	3.456551	0.564775	0.500000
5.884398	0.195453	0.549045	0.500000
7.941023	5.843795	0.777529	0.500000
2.399446	8.159672	0.589593	0.500000
3.413297	9.872158	0.537022	0.500000
1.727443	0.341239	0.757843	0.500000
1.807458	7.326979	0.597135	0.500000
7.036598	2.653131	0.544078	0.500000
8.622335	2.541283	0.624276	0.500000
1.593338	1.485540	0.668542	0.500000
9.235988	5.674019	0.517918	0.500000
1.735930	3.963113	0.550531	0.500000
1.030760	6.678814	0.667909	0.500000
8.837982	6.707196	0.679428	0.500000
0.164466	6.145934	0.511433	0.500000
4.142038	6.880945	0.644865	0.500000
10.633649	2.497072	0.763261	0.500000
5.471009	1.159460	0.506498	0.500000
8.453354	4.815046	0.645535	0.500000
7.589441	1.771292	0.785309	0.500000
6.443509	9.735759	0.599755	0.500000
0.775043	3.262442	0.541976	0.500000
7.198280	7.780206	0.651322	0.500000
2.498075	1.017812	0.675107	0.500000
3.805133	2.565324	0.590687	0.500000
1.932168	6.217141	0.524772	0.500000
8.514518	10.708843	0.524916	0.500000
8.853188	9.455902	0.511770	0.500000
4.836714	2.355969	0.787555	0.500000
7.641081	9.858344	0.661394	0.500000
0.194392	7.271960	0.696149	0.500000
5.485977	5.207508	0.580830	0.500000
10.481300	10.217333	0.746789	0.500000
6.115627	3.119057	0.583882	0.500000
4.233510	9.180738	0.666252	0.500000
0.552578	8.204263	0.561654	0.500000
4.464911	0.885546	0.583386	0.500000
2.435144	9.473521	0.515815	0.500000
6.507613	6.814696	0.571581	0.500000
1.558288	8.867009	0.770352	0.500000
5.229304	7.095445	0.758887	0.500000
3.190321	8.751499	0.789373	0.500000
7.010783	0.136827	0.785802	0.500000
2.919249	4.438940	0.697960	0.500000
9.523691	7.509071	0.502494	0.500000
7.448315	4.688699	0.506803	0.500000
0.881845	2.215294	0.751030	0.500000
2.746505	2.430066	0.792676	0.500000
0.325644	9.307115	0.694970	0.500000
6.924575	8.768984	0.754140	0.500000
9.174685	8.498954	0.699903	0.500000
6.904000	5.890630	0.695127	0.500000
6.135221	2.092904	0.618120	0.500000
9.881409	6.441615	0.756474	0.500000
6.761770	1.266620	0.507979	0.500000
6.472092	4.874205	0.783001	0.500000
2.816425	5.493014	0.788625	0.500000
4.815613	3.421261	0.547753	0.500000
8.050606	8.877667	0.717717	0.500000
5.746546	6.188358	0.754436	0.500000
10.047529	1.370601	0.547269	0.500000
1.889709	5.037146	0.594491	0.500000
