100

4.618319	6.175864	0.615705	0.500000
2.296085	0.590601	0.621375	0.500000
6.305046	8.290777	0.658573	0.500000
8.994147	3.204099	0.719314	0.500000
1.230901	0.616120	0.744869	0.500000
4.055795	8.563481	0.676614	0.500000
9.597431	4.019976	0.778313	0.500000
4.023962	9.611860	0.640845	0.500000
0.297939	0.226278	0.525712	0.500000
0.841082	10.048506	0.746367	0.500000
1.716747	2.801713	0.767239	0.500000
3.397211	0.762525	0.630583	0.500000
0.982601	3.521348	0.729106	0.500000
1.436175	1.614609	0.721841	0.500000
2.191956	3.940623	0.712094	0.500000
5.998889	10.579825	0.720196	0.500000
5.754976	5.511829	0.616372	0.500000
6.873216	10.104277	0.604392	0.500000
0.087968	9.388588	0.717656	0.500000
10.113578	10.311766	0.727305	0.500000
0.127963	4.094933	0.586601	0.500000
3.963739	4.413204	0.763959	0.500000
6.726516	3.816758	0.678190	0.500000
3.919302	2.897045	0.672625	0.500000
2.993492	4.666356	0.776570	0.500000
10.270052	3.238774	0.503675	0.500000
4.293559	0.227857	0.641963	0.500000
5.802010	4.263625	0.555552	0.500000
9.313648	2.105624	0.798140	0.500000
6.031424	2.059295	0.793717	0.500000
2.448939	1.650910	0.623743	0.500000
8.836245	1.258719	0.510477	0.500000
6.397447	7.080450	0.738745	0.500000
10.509585	5.038232	0.634653	0.500000
10.140494	6.088191	0.799493	0.500000
8.258793	2.285347	0.513454	0.500000
9.074280	10.001517	0.569578	0.500000
8.802792	6.002205	0.786822	0.500000
2.168377	5.175457	0.531491	0.500000
4.729770	2.276638	0.648789	0.500000
8.002540	3.383754	0.546645	0.500000
2.593539	8.336486	0.714218	0.500000
3.375188	10.470234	0.502267	0.500000
4.732274	3.785988	0.599057	0.500000
1.539400	6.737492	0.676974	0.500000
8.681338	4.501034	0.532945	0.500000
9.525890	5.307481	0.544582	0.500000
3.491440	1.900306	0.684005	0.500000
0.636028	2.524407	0.692025	0.500000
0.402312	6.549552	0.723632	0.500000
2.678562	6.131658	0.765318	0.500000
6.657330	5.958130	0.698964	0.500000
1.624746	7.850417	0.588585	0.500000
2.551614	7.205612	0.666831	0.500000
0.454288	1.285943	0.739167	0.500000
6.953653	1.720909	0.573053	0.500000
6.663953	4.958965	0.504163	0.500000
7.580463	4.439933	0.784318	0.500000
6.370823	0.769067	0.559236	0.500000
1.177044	5.794780	0.704792	0.500000
9.382482	7.933156	0.543197	0.500000
2.694834	9.320604	0.533444	0.500000
4.754707	5.040052	0.738486	0.500000
3.596659	7.652460	0.588616	0.500000
8.337623	0.281371	0.584869	0.500000
8.055839	9.679192	0.709557	0.500000
5.523114	3.084525	0.692948	0.500000
7.261811	0.289141	0.783914	0.500000
7.986669	5.368758	0.641027	0.500000
3.604357	6.516339	0.664195	0.500000
1.599106	9.068567	0.783686	0.500000
6.929103	2.822879	0.710273	0.500000
4.989105	10.177432	0.638251	0.500000
0.693635	8.525025	0.765300	0.500000
4.329106	1.280201	0.669916	0.500000
2.159635	10.284725	0.611827	0.500000
6.132562	9.409296	0.572284	0.500000
9.384791	6.825226	0.689586	0.500000
7.358444	7.853515	0.730068	0.500000
10.342636	7.355822	0.784710	0.500000
10.186054	1.063251	0.791010	0.500000
1.131934	4.637126	0.500623	0.500000
10.338922	8.469914	0.761081	0.500000
5.543696	6.559928	0.573802	0.500000
2.742449	2.674355	0.613169	0.500000
3.261619	3.708857	0.592335	0.500000
8.500261	7.374919	0.737567	0.500000
8.269802	8.419471	0.701165	0.500000
9.329268	8.936292	0.635882	0.500000
5.546032	7.581710	0.519548	0.500000
7.856306	1.179494	0.796220	0.500000
7.649594	6.843760	0.532712	0.500000
9.340037	0.386468	0.622230	0.500000
4.526096	7.270998	0.530659	0.500000
3.674780	5.478960	0.778604	0.500000
5.316668	0.738255	0.659229	0.500000
7.162543	8.965385	0.525235	0.500000
5.183171	9.055170	0.657011	0.500000
10.264396	2.231854	0.507177	0.500000
0.615083	7.521832	0.568893	0.500000
