100

6.529940	9.250061	0.515372	0.500000
1.558546	10.015591	0.720310	0.500000
2.582550	0.279697	0.546134	0.500000
2.997066	2.113132	0.549926	0.500000
2.015105	1.847917	0.779622	0.500000
5.282650	0.176402	0.530367	0.500000
9.745729	2.577046	0.603083	0.500000
5.664569	8.512053	0.689557	0.500000
10.304158	10.332649	0.592614	0.500000
2.550179	9.961324	0.557324	0.500000
2.107278	2.959247	0.528509	0.500000
4.515975	10.249422	0.569474	0.500000
0.322428	4.079185	0.630654	0.500000
4.299456	1.577963	0.582116	0.500000
3.239922	3.168906	0.715356	0.500000
6.251477	10.343170	0.751065	0.500000
1.118286	3.359410	0.555118	0.500000
5.316019	1.173999	0.647373	0.500000
8.337296	0.192219	0.590391	0.500000
10.595443	0.619282	0.724809	0.500000
0.055823	2.865663	0.733570	0.500000
8.267289	4.082610	0.729927	0.500000
9.133537	5.205853	0.651725	0.500000
4.034896	4.013898	0.677187	0.500000
3.236591	5.274154	0.522367	0.500000
3.288800	0.976291	0.787945	0.500000
7.255154	0.949042	0.508548	0.500000
6.031621	6.026660	0.766607	0.500000
0.651579	10.714012	0.508337	0.500000
4.229211	0.532250	0.787190	0.500000
0.997045	2.361701	0.550335	0.500000
0.971097	1.262304	0.775648	0.500000
4.230277	5.064638	0.788393	0.500000
1.608259	0.492686	0.731184	0.500000
0.076775	6.704574	0.799961	0.500000
9.942864	3.580657	0.548494	0.500000
8.975712	3.345316	0.773311	0.500000
9.653150	6.903346	0.769405	0.500000
10.492775	1.839853	0.776425	0.500000
8.085319	2.611959	0.500023	0.500000
6.547961	2.754898	0.530072	0.500000
2.104687	3.942647	0.733278	0.500000
3.511069	10.364084	0.600012	0.500000
3.050242	4.274800	0.592425	0.500000
1.499938	6.777674	0.556574	0.500000
7.230303	4.763328	0.538876	0.500000
7.188365	3.541536	0.641222	0.500000
6.174862	0.615430	0.679770	0.500000
1.179500	4.621175	0.516624	0.500000
0.283037	5.260770	0.596713	0.500000
2.433277	5.939948	0.759066	0.500000
5.092897	5.567138	0.626800	0.500000
2.523512	8.816942	0.697843	0.500000
2.147276	4.926599	0.511896	0.500000
4.081851	2.600430	0.624361	0.500000
6.255001	4.938543	0.712773	0.500000
7.826345	6.462920	0.503237	0.500000
8.935466	6.201279	0.702922	0.500000
5.079216	2.339619	0.665014	0.500000
1.789329	7.848198	0.650838	0.500000
8.511300	8.563727	0.537727	0.500000
4.510404	9.189740	0.724646	0.500000
3.848870	7.337588	0.704380	0.500000
6.490447	7.756297	0.608851	0.500000
8.072864	5.329686	0.553005	0.500000
6.908128	6.865480	0.796879	0.500000
4.789120	3.309500	0.776034	0.500000
10.046687	4.757241	0.675293	0.500000
9.984285	5.796470	0.704147	0.500000
10.412522	9.168272	0.627621	0.500000
3.603235	6.249874	0.504228	0.500000
4.846313	7.857453	0.563014	0.500000
5.440684	9.665828	0.672880	0.500000
3.345838	9.377672	0.799467	0.500000
6.195452	1.697214	0.585245	0.500000
7.685313	7.590845	0.507429	0.500000
8.202565	1.231006	0.764786	0.500000
1.267870	5.680899	0.669845	0.500000
0.768926	7.486125	0.641691	0.500000
8.588941	7.164108	0.545176	0.500000
0.593285	9.670838	0.505456	0.500000
4.544423	6.574946	0.754443	0.500000
1.369359	8.966558	0.600548	0.500000
7.486290	9.564624	0.750693	0.500000
6.065548	3.760965	0.602336	0.500000
5.269957	4.404292	0.767784	0.500000
7.376401	8.559441	0.667299	0.500000
9.328953	9.364415	0.622259	0.500000
9.718557	1.129882	0.603822	0.500000
9.276933	7.889018	0.778331	0.500000
10.315555	7.926003	0.596283	0.500000
5.496098	7.051890	0.634089	0.500000
8.852376	1.950406	0.508639	0.500000
7.361707	10.564598	0.616532	0.500000
2.712674	6.991120	0.795263	0.500000
7.272389	2.003339	0.717464	0.500000
9.400657	0.144262	0.780648	0.500000
8.470573	9.851399	0.788892	0.500000
0.468037	8.508424	0.700655	0.500000
3.939087	8.325950	0.513503	0.500000
