100

4.190363	4.371827	0.532451	0.500000
2.506635	0.354039	0.592281	0.500000
6.657612	7.949250	0.750288	0.500000
9.811726	2.402242	0.755784	0.500000
10.438289	0.460425	0.554453	0.500000
4.169421	6.652106	0.607752	0.500000
8.410511	3.536436	0.775622	0.500000
3.271658	8.304693	0.787875	0.500000
10.205355	9.943405	0.525681	0.500000
1.309927	0.324168	0.628525	0.500000
10.612709	3.141052	0.779624	0.500000
3.693796	9.224927	0.667050	0.500000
0.250271	4.999001	0.708481	0.500000
9.415142	3.407474	0.532676	0.500000
2.000791	4.245152	0.581970	0.500000
4.410533	9.981534	0.574730	0.500000
5.074885	3.855404	0.665955	0.500000
5.493537	8.263743	0.799908	0.500000
3.321906	0.967760	0.599050	0.500000
0.398206	10.461496	0.625665	0.500000
10.557516	5.907109	0.573811	0.500000
3.359948	3.807124	0.578480	0.500000
6.155225	3.888443	0.617812	0.500000
2.497377	3.214550	0.504810	0.500000
3.746950	2.779125	0.554706	0.500000
10.195829	4.057415	0.722535	0.500000
4.484707	7.767215	0.549010	0.500000
7.261665	3.711828	0.791508	0.500000
9.355184	0.444937	0.661863	0.500000
5.467482	9.769218	0.555650	0.500000
0.739655	1.255508	0.514249	0.500000
9.965295	1.377173	0.710150	0.500000
7.383095	6.711980	0.790581	0.500000
0.993150	5.846767	0.741336	0.500000
10.422505	7.334818	0.725965	0.500000
8.904162	1.423850	0.709922	0.500000
7.296613	10.720189	0.698474	0.500000
8.360740	6.407966	0.763317	0.500000
2.885406	4.738605	0.781697	0.500000
5.232552	0.101725	0.755586	0.500000
6.614333	4.819900	0.617556	0.500000
2.385916	8.992562	0.689944	0.500000
4.286497	0.675792	0.527642	0.500000
2.883408	1.984835	0.586079	0.500000
2.180380	8.000905	0.552401	0.500000
7.705784	2.768035	0.632933	0.500000
8.695176	2.452641	0.637761	0.500000
1.859665	1.230285	0.509776	0.500000
9.979874	5.080301	0.744660	0.500000
1.230769	4.886844	0.503577	0.500000
1.706840	6.913487	0.667972	0.500000
7.583278	5.693115	0.789212	0.500000
0.679180	6.831807	0.770730	0.500000
5.319420	7.191542	0.712730	0.500000
0.764743	2.654606	0.585906	0.500000
5.215543	1.533958	0.558774	0.500000
9.006374	4.452015	0.545153	0.500000
7.911792	1.773917	0.743048	0.500000
6.483290	10.079145	0.712910	0.500000
0.507428	3.906559	0.505144	0.500000
8.415909	7.960155	0.609498	0.500000
2.435634	9.997735	0.723071	0.500000
4.724870	2.870100	0.788853	0.500000
3.335622	7.304926	0.582066	0.500000
8.310607	10.301423	0.551545	0.500000
9.189824	9.848667	0.756467	0.500000
5.734368	2.404139	0.564237	0.500000
7.429741	9.723672	0.576828	0.500000
9.688920	6.504544	0.732005	0.500000
4.592235	5.293599	0.613581	0.500000
1.436237	9.870355	0.603489	0.500000
6.636662	2.867624	0.515120	0.500000
4.727517	8.911792	0.751477	0.500000
0.832860	7.809570	0.606924	0.500000
4.037724	1.793225	0.793161	0.500000
3.478600	10.566420	0.612421	0.500000
6.323733	6.982863	0.556582	0.500000
10.662774	8.299250	0.516036	0.500000
6.263063	9.036250	0.793405	0.500000
1.361852	8.833729	0.609456	0.500000
8.168375	0.600559	0.663279	0.500000
2.066154	5.472870	0.591499	0.500000
9.419366	7.915610	0.784264	0.500000
7.933061	4.723461	0.716517	0.500000
1.481656	3.359661	0.718001	0.500000
1.846319	2.327883	0.587244	0.500000
0.314866	9.371297	0.781458	0.500000
7.350519	8.667348	0.613839	0.500000
9.695704	8.943155	0.547158	0.500000
6.622694	5.923389	0.625097	0.500000
7.162507	1.007998	0.511415	0.500000
9.087745	5.654367	0.515191	0.500000
6.214306	0.362111	0.799077	0.500000
5.656853	5.129060	0.552977	0.500000
3.476834	5.580915	0.619021	0.500000
6.399977	1.655007	0.659041	0.500000
8.490862	8.978736	0.716219	0.500000
5.449983	6.125582	0.568754	0.500000
0.017105	1.985104	0.503103	0.500000
2.669273	6.282860	0.579929	0.500000
