100

3.677821	3.174187	0.582724	0.500000
3.155527	9.522057	0.701457	0.500000
5.154712	7.489972	0.763606	0.500000
9.962538	2.471313	0.530986	0.500000
10.447604	1.602380	0.729762	0.500000
4.535779	4.918835	0.785555	0.500000
0.530248	3.816854	0.548060	0.500000
3.198478	6.901777	0.740934	0.500000
10.564081	8.245439	0.581455	0.500000
1.293129	10.533173	0.547855	0.500000
0.848794	4.843724	0.589030	0.500000
5.248848	9.332558	0.754344	0.500000
2.326470	4.943021	0.649838	0.500000
10.300644	3.448704	0.673659	0.500000
2.678510	0.918115	0.531370	0.500000
4.292449	6.724494	0.605086	0.500000
5.333816	4.294513	0.731929	0.500000
5.686602	5.264670	0.536913	0.500000
6.154903	1.276392	0.535397	0.500000
0.173046	10.459702	0.612959	0.500000
0.047513	5.537357	0.512807	0.500000
5.006946	3.236117	0.611829	0.500000
6.645331	4.463995	0.630593	0.500000
5.140341	1.746302	0.581328	0.500000
3.972036	1.102209	0.705585	0.500000
10.385614	4.488676	0.784584	0.500000
4.351140	2.377294	0.705372	0.500000
9.268083	3.333122	0.661930	0.500000
8.853224	0.254042	0.664278	0.500000
5.910812	8.339054	0.592801	0.500000
1.894900	1.723955	0.617833	0.500000
2.657814	10.414082	0.726741	0.500000
5.923671	6.385893	0.664871	0.500000
1.495300	5.709663	0.680389	0.500000
0.777252	8.576528	0.793772	0.500000
8.393089	1.184353	0.675153	0.500000
6.288868	7.330683	0.666548	0.500000
9.679091	8.769789	0.631334	0.500000
5.149067	0.683907	0.725126	0.500000
6.128763	0.174211	0.742928	0.500000
9.635982	5.411626	0.731851	0.500000
2.429612	7.617631	0.701367	0.500000
5.069150	10.401538	0.514562	0.500000
2.159341	9.519262	0.553467	0.500000
2.798430	5.876803	0.569153	0.500000
8.159818	3.127507	0.783859	0.500000
9.009555	2.164646	0.513066	0.500000
10.339567	0.581883	0.585156	0.500000
0.270598	7.320860	0.570976	0.500000
1.602195	4.008741	0.737369	0.500000
0.878181	6.516029	0.561051	0.500000
8.558218	7.187036	0.657442	0.500000
1.284946	7.414707	0.738436	0.500000
4.311795	3.939726	0.771092	0.500000
0.763756	1.444192	0.632164	0.500000
6.794389	2.238933	0.569236	0.500000
9.147647	6.380036	0.734308	0.500000
7.825342	0.361156	0.504375	0.500000
7.132966	10.256202	0.596465	0.500000
0.332718	2.541173	0.583536	0.500000
8.772098	8.172360	0.777565	0.500000
3.719964	0.135704	0.611411	0.500000
3.317960	1.945866	0.615348	0.500000
3.260606	4.422376	0.733952	0.500000
8.742398	9.206119	0.789132	0.500000
9.923519	10.292253	0.770437	0.500000
5.793902	2.566425	0.757613	0.500000
6.683045	9.016882	0.694795	0.500000
9.635212	7.685611	0.584566	0.500000
7.544159	5.072611	0.650648	0.500000
0.991457	9.556471	0.512430	0.500000
7.958157	2.120603	0.768728	0.500000
3.583621	7.857482	0.516225	0.500000
2.086779	6.632797	0.774510	0.500000
4.213728	9.849431	0.502976	0.500000
4.311584	8.506523	0.750348	0.500000
6.743891	5.759080	0.609661	0.500000
1.799194	8.460244	0.589683	0.500000
7.086560	6.707584	0.729636	0.500000
5.012399	5.978756	0.781057	0.500000
8.274941	10.120170	0.798894	0.500000
2.361230	2.630181	0.574128	0.500000
0.004311	9.232289	0.719900	0.500000
8.676444	4.310959	0.713575	0.500000
1.322425	2.656398	0.681217	0.500000
1.621715	0.761911	0.681308	0.500000
2.862980	8.525610	0.779119	0.500000
6.090471	9.899680	0.529699	0.500000
7.755137	9.022825	0.731130	0.500000
8.624419	5.467067	0.508904	0.500000
7.146409	3.155766	0.767157	0.500000
10.181928	6.636412	0.717086	0.500000
7.385006	1.292479	0.641199	0.500000
7.665320	4.044374	0.521599	0.500000
3.818466	5.664834	0.716054	0.500000
6.150690	3.570628	0.522540	0.500000
7.306575	7.823588	0.754665	0.500000
8.019014	6.239680	0.710857	0.500000
9.509786	1.282851	0.510467	0.500000
2.557921	3.629964	0.513355	0.500000
