100

4.415292	7.393033	0.727795	0.500000
3.368996	0.132677	0.792613	0.500000
5.196934	9.868533	0.593766	0.500000
1.802171	2.804769	0.715840	0.500000
2.688918	0.940483	0.600818	0.500000
6.288845	10.387666	0.739527	0.500000
0.380444	3.001983	0.784156	0.500000
4.201435	9.422864	0.524240	0.500000
1.261099	9.804898	0.596066	0.500000
0.311692	8.375933	0.749557	0.500000
1.927885	4.336026	0.567240	0.500000
5.331934	0.410141	0.685035	0.500000
10.258637	3.605804	0.714651	0.500000
4.358434	2.805565	0.750549	0.500000
3.047337	4.450856	0.761510	0.500000
5.722334	1.349770	0.690333	0.500000
5.021511	4.253102	0.547230	0.500000
7.475107	2.845625	0.622605	0.500000
1.227843	8.782671	0.524219	0.500000
10.346221	1.329111	0.547126	0.500000
1.217697	1.993007	0.530931	0.500000
6.431949	7.216104	0.670236	0.500000
8.298281	2.155015	0.709872	0.500000
5.815288	3.412467	0.639633	0.500000
4.800773	5.304507	0.751707	0.500000
3.322611	2.458380	0.761965	0.500000
6.163893	9.180277	0.540020	0.500000
5.924269	4.730041	0.792208	0.500000
2.250345	10.662045	0.709615	0.500000
7.348388	10.702768	0.578825	0.500000
2.318985	1.870663	0.755001	0.500000
0.607646	1.225146	0.794290	0.500000
5.842793	5.785404	0.608582	0.500000
1.667968	1.056446	0.609082	0.500000
10.091452	4.804654	0.687470	0.500000
10.203352	2.589549	0.577758	0.500000
9.395586	1.921340	0.757795	0.500000
0.278128	7.371454	0.722343	0.500000
0.318873	4.277479	0.589145	0.500000
7.003455	1.620059	0.746344	0.500000
7.830102	4.314824	0.792349	0.500000
2.280095	7.203323	0.626891	0.500000
4.578599	1.814701	0.795979	0.500000
4.042460	4.656626	0.629465	0.500000
9.889479	8.100780	0.546217	0.500000
7.862674	5.531429	0.606014	0.500000
8.361941	3.361494	0.561840	0.500000
6.486204	2.653290	0.666489	0.500000
1.186865	3.694754	0.779557	0.500000
0.247698	5.279074	0.796091	0.500000
1.627430	6.042945	0.610606	0.500000
7.567547	7.523481	0.533303	0.500000
1.320409	7.712418	0.792328	0.500000
1.239994	5.084924	0.501797	0.500000
2.616192	3.523767	0.610336	0.500000
6.910922	4.716547	0.553664	0.500000
6.896860	5.960162	0.627499	0.500000
7.852671	6.535512	0.797848	0.500000
4.369492	0.805477	0.511229	0.500000
0.652520	6.422103	0.609731	0.500000
7.662009	8.749220	0.607561	0.500000
3.327529	8.855456	0.642240	0.500000
3.479927	7.820321	0.678999	0.500000
4.318559	8.378141	0.567777	0.500000
9.148982	4.138231	0.530738	0.500000
8.114405	9.673821	0.762150	0.500000
6.913565	3.671740	0.777058	0.500000
9.270702	2.955680	0.753947	0.500000
9.090125	5.218207	0.780172	0.500000
2.517364	8.275635	0.530569	0.500000
3.490814	5.819141	0.566026	0.500000
3.344523	6.808679	0.660610	0.500000
4.334465	10.400056	0.708568	0.500000
2.290130	9.471818	0.725868	0.500000
6.503497	0.625667	0.510002	0.500000
9.821884	9.123568	0.567207	0.500000
7.922917	1.212001	0.680129	0.500000
9.977976	5.841301	0.649661	0.500000
8.840326	8.583855	0.534855	0.500000
8.705806	7.479766	0.637644	0.500000
3.285543	9.843505	0.791911	0.500000
4.317425	6.383143	0.503671	0.500000
0.343066	9.384944	0.766017	0.500000
5.280837	6.713788	0.674812	0.500000
3.817143	3.668838	0.735742	0.500000
5.321884	2.514283	0.564408	0.500000
9.638334	7.087206	0.514343	0.500000
10.272928	10.017694	0.524125	0.500000
9.566352	0.432978	0.604439	0.500000
8.921220	6.246097	0.604255	0.500000
10.611524	0.228024	0.768803	0.500000
5.680432	7.917952	0.595101	0.500000
8.507626	0.117975	0.736152	0.500000
5.253517	8.829055	0.798127	0.500000
2.527341	5.283533	0.536698	0.500000
7.105024	9.730485	0.774617	0.500000
9.106183	9.851501	0.611996	0.500000
6.796548	8.218881	0.543620	0.500000
0.968225	0.261386	0.702926	0.500000
3.609298	1.461525	0.507868	0.500000
