100

4.481955	0.839204	0.533756	0.500000
3.828753	9.263762	0.649206	0.500000
4.124997	5.762048	0.789531	0.500000
0.409222	1.817525	0.790789	0.500000
9.787705	1.984862	0.635497	0.500000
3.762417	4.074359	0.768027	0.500000
1.667823	4.409614	0.777259	0.500000
2.834289	7.177108	0.717241	0.500000
10.459522	8.265707	0.753722	0.500000
1.726908	9.600462	0.711512	0.500000
10.043667	4.152593	0.769421	0.500000
6.210373	9.089233	0.607170	0.500000
1.002670	3.594784	0.620782	0.500000
8.938865	5.064625	0.597985	0.500000
2.722141	9.199144	0.509636	0.500000
3.991483	6.731559	0.514736	0.500000
4.053103	2.697951	0.667025	0.500000
4.757926	3.995219	0.643000	0.500000
5.429179	1.167788	0.540808	0.500000
10.321135	1.066452	0.503160	0.500000
0.314812	4.390145	0.578253	0.500000
3.764311	1.524231	0.679111	0.500000
6.691756	4.858921	0.717345	0.500000
5.797858	0.168551	0.689516	0.500000
3.129604	0.645282	0.689301	0.500000
10.095593	5.381247	0.774627	0.500000
5.675250	2.134702	0.686838	0.500000
7.917130	2.638720	0.512731	0.500000
1.337189	10.559450	0.714407	0.500000
4.533653	7.808115	0.580340	0.500000
3.074058	2.273710	0.530702	0.500000
1.188380	1.207167	0.574152	0.500000
4.929778	5.032047	0.536341	0.500000
0.944177	5.358132	0.513508	0.500000
10.689020	7.226562	0.559968	0.500000
8.987128	2.746050	0.728491	0.500000
5.192263	6.445263	0.555756	0.500000
0.469483	0.406773	0.594213	0.500000
6.581459	1.389200	0.618590	0.500000
7.606278	1.471249	0.677984	0.500000
9.056463	3.881210	0.769110	0.500000
2.028133	6.523184	0.766836	0.500000
6.551746	10.063691	0.548577	0.500000
1.593218	8.516636	0.686301	0.500000
1.975746	3.188332	0.556368	0.500000
8.729405	1.586231	0.717077	0.500000
8.207410	0.612145	0.728295	0.500000
2.470109	10.309473	0.516538	0.500000
0.157715	6.075627	0.667948	0.500000
2.647642	4.252902	0.621339	0.500000
1.619185	7.480985	0.506974	0.500000
8.590512	7.178804	0.635234	0.500000
1.031710	6.566626	0.635833	0.500000
2.972065	3.300205	0.628318	0.500000
2.209013	1.631671	0.766682	0.500000
5.842091	4.268994	0.674789	0.500000
9.839278	6.508907	0.502400	0.500000
6.905441	0.335122	0.770990	0.500000
8.339850	9.627058	0.664876	0.500000
9.907026	3.100127	0.540646	0.500000
6.097104	7.033171	0.616400	0.500000
5.466912	9.924707	0.590272	0.500000
4.589321	10.395810	0.756244	0.500000
3.269824	5.065239	0.766174	0.500000
8.229336	8.211490	0.660011	0.500000
9.376916	0.746261	0.702981	0.500000
4.711136	1.857176	0.743889	0.500000
6.660089	8.078675	0.534482	0.500000
9.224556	8.585055	0.560994	0.500000
6.797235	6.145385	0.661692	0.500000
0.418789	10.100383	0.729162	0.500000
6.909003	2.414903	0.727937	0.500000
4.848194	9.000946	0.533329	0.500000
0.769649	9.136303	0.504674	0.500000
5.533385	8.111380	0.775414	0.500000
3.570114	8.171347	0.505836	0.500000
5.833185	5.416535	0.758881	0.500000
0.705860	7.960639	0.584467	0.500000
7.757787	6.418945	0.529117	0.500000
2.938056	6.082112	0.582586	0.500000
9.352448	9.652357	0.677168	0.500000
3.543728	10.370965	0.639174	0.500000
10.486365	9.342870	0.649432	0.500000
7.928288	4.226161	0.599559	0.500000
0.183199	3.023358	0.716287	0.500000
1.290818	2.388355	0.632502	0.500000
2.542337	8.183646	0.776893	0.500000
7.680824	10.400022	0.655973	0.500000
7.375748	8.982275	0.720285	0.500000
8.917288	6.143625	0.711207	0.500000
6.056076	3.049546	0.538400	0.500000
9.573226	7.542139	0.700221	0.500000
8.886319	10.584553	0.733016	0.500000
7.218522	3.459891	0.527305	0.500000
2.090264	5.509178	0.581884	0.500000
5.062427	2.915400	0.552810	0.500000
7.486067	7.382967	0.532199	0.500000
7.684357	5.234123	0.750347	0.500000
10.294047	10.628226	0.674762	0.500000
2.060436	0.639513	0.523378	0.500000
