200

10.041352	6.978096	1.430712	0.500000
5.378741	1.334584	0.520651	0.500000
7.405344	12.493184	0.521016	0.500000
10.806419	1.064434	1.411813	0.500000
2.679805	8.040279	1.200579	0.500000
12.869968	10.320394	1.487580	0.500000
10.350330	10.725593	1.419696	0.500000
1.977700	6.746467	1.346618	0.500000
1.367785	7.960897	0.676370	0.500000
11.609139	4.197760	1.462622	0.500000
3.121106	6.909597	1.231635	0.500000
4.325572	12.818286	1.390592	0.500000
8.183432	10.779218	1.377158	0.500000
9.152685	5.471544	1.481913	0.500000
1.175618	8.824469	1.346825	0.500000
9.242593	10.984524	1.487013	0.500000
4.545903	7.472677	1.383985	0.500000
6.047622	5.070547	1.396508	0.500000
3.389825	9.494363	1.273678	0.500000
3.688142	10.781850	0.536002	0.500000
7.858473	0.988943	0.828966	0.500000
5.974438	4.470920	0.592218	0.500000
11.768852	5.907292	0.606257	0.500000
5.733835	9.132025	1.443352	0.500000
2.558540	12.646384	1.471145	0.500000
10.186399	5.427049	0.615542	0.500000
8.503115	7.898084	1.470667	0.500000
8.487071	5.633900	0.560343	0.500000
6.811589	1.193615	1.177272	0.500000
3.071683	8.808347	0.519667	0.500000
8.921974	6.731840	1.485929	0.500000
5.770759	12.347116	0.508926	0.500000
5.529004	10.992764	0.536392	0.500000
1.353791	6.943263	0.500691	0.500000
11.823552	2.229712	0.569408	0.500000
10.620545	6.353838	0.587017	0.500000
3.036782	2.618238	1.316674	0.500000
8.048719	3.370685	1.424884	0.500000
0.979102	0.450064	1.247994	0.500000
6.001219	11.503986	1.406645	0.500000
10.052983	4.735654	1.447433	0.500000
10.747509	1.941363	0.507955	0.500000
1.111257	9.843436	0.503211	0.500000
11.597958	10.070179	1.454510	0.500000
4.242093	10.550974	1.383347	0.500000
6.466046	11.533513	0.502522	0.500000
6.989017	11.258136	1.479299	0.500000
10.867364	2.624048	1.455333	0.500000
4.650370	0.086636	0.506079	0.500000
0.336751	1.768153	1.440999	0.500000
10.630867	7.549376	0.596093	0.500000
11.253497	6.256505	1.489814	0.500000
4.691403	9.747023	0.816381	0.500000
9.373279	8.604982	1.496952	0.500000
13.204165	8.532914	1.031724	0.500000
6.696380	2.937925	1.454017	0.500000
4.178799	8.775320	0.548304	0.500000
12.328079	0.364818	1.460935	0.500000
8.277703	13.190136	0.542001	0.500000
2.221493	3.726820	1.461449	0.500000
3.920936	2.167497	1.489449	0.500000
2.483181	9.110742	1.479216	0.500000
8.435741	8.850502	1.158071	0.500000
11.878011	11.497392	1.499982	0.500000
0.061321	1.216846	0.546240	0.500000
10.586162	9.643968	1.402302	0.500000
5.550621	2.904178	0.634598	0.500000
12.197248	8.520829	0.554900	0.500000
8.484309	4.667434	1.435500	0.500000
10.274161	12.982142	0.545241	0.500000
5.642040	3.901231	1.462909	0.500000
4.226653	6.639881	0.508439	0.500000
12.720923	4.401394	1.409018	0.500000
1.150004	10.551541	1.485435	0.500000
7.479177	4.744994	0.647558	0.500000
5.140016	6.283107	1.487862	0.500000
4.273771	12.089318	0.535580	0.500000
5.293951	0.073289	1.443826	0.500000
12.513030	1.402714	1.184591	0.500000
0.354903	6.195816	0.539787	0.500000
11.037428	5.269099	1.265395	0.500000
1.869169	10.815147	0.677624	0.500000
10.604352	13.013205	1.496126	0.500000
10.041734	4.105924	0.589404	0.500000
1.662219	5.921807	0.637241	0.500000
11.553017	7.213113	1.010682	0.500000
9.361165	1.642616	0.611582	0.500000
0.990470	6.597155	1.434685	0.500000
10.509374	11.915646	1.479104	0.500000
5.714566	9.817238	0.537571	0.500000
7.659078	9.890483	1.289335	0.500000
12.932566	7.216939	0.545492	0.500000
2.834708	5.949933	0.663650	0.500000
7.291758	2.832545	0.613495	0.500000
3.782705	8.342552	1.454846	0.500000
1.543147	1.768593	1.266553	0.500000
6.769036	3.762959	0.718024	0.500000
3.921571	3.395770	1.460721	0.500000
6.439924	7.535198	0.510607	0.500000
3.352926	1.175290	0.646595	0.500000
5.325500	10.234277	1.452371	0.500000
2.710994	10.074229	0.528154	0.500000
0.859820	11.052075	0.543244	0.500000
7.441574	7.973934	0.788924	0.500000
11.583197	1.760191	1.472173	0.500000
6.896418	5.647232	0.997445	0.500000
0.295629	11.587583	1.212939	0.500000
3.717095	11.670041	1.386619	0.500000
2.629905	11.608308	1.478709	0.500000
7.288597	0.225743	1.253359	0.500000
12.871020	6.491963	1.420942	0.500000
11.946288	3.470554	0.813357	0.500000
0.907394	4.698610	1.111510	0.500000
12.946800	9.723587	0.566918	0.500000
6.307011	1.913805	0.665381	0.500000
9.591557	0.692228	1.453810	0.500000
11.661884	4.791531	0.590421	0.500000
8.477091	2.876143	0.548687	0.500000
11.820454	10.451663	0.531354	0.500000
7.881808	5.684419	1.486610	0.500000
4.740370	8.707941	1.490684	0.500000
8.953624	12.307128	0.531728	0.500000
8.602406	0.251344	1.484368	0.500000
9.197929	4.840152	0.549553	0.500000
9.576391	10.145043	0.835957	0.500000
8.635621	9.724383	0.501618	0.500000
3.648307	0.347505	1.252346	0.500000
10.980696	8.189215	1.485355	0.500000
8.371591	3.963248	0.533792	0.500000
11.400700	12.049665	0.555384	0.500000
12.805759	2.417979	0.561856	0.500000
9.992344	11.664494	0.521997	0.500000
13.142448	3.718158	0.625141	0.500000
4.688012	0.915991	1.197330	0.500000
6.306151	10.516339	1.479329	0.500000
11.192318	9.397694	0.621845	0.500000
10.954725	10.958896	0.504740	0.500000
8.763629	11.023653	0.570290	0.500000
9.318082	8.965281	0.527427	0.500000
6.757809	9.501910	0.506775	0.500000
5.606643	5.630011	0.521219	0.500000
10.072985	3.343868	1.325193	0.500000
2.957122	3.351649	0.544090	0.500000
5.001511	11.820094	1.388357	0.500000
12.966829	5.403244	0.961496	0.500000
2.317476	2.316262	0.665142	0.500000
0.479258	9.550254	1.290347	0.500000
1.882986	9.112668	0.656502	0.500000
2.786423	1.130376	1.479899	0.500000
2.602563	5.136484	1.394929	0.500000
12.810699	11.760066	0.503222	0.500000
12.523479	7.558225	1.461894	0.500000
7.061264	10.532274	0.792033	0.500000
9.917876	2.156067	1.443074	0.500000
1.509791	12.901417	0.515183	0.500000
6.364759	6.929380	1.449529	0.500000
12.870092	13.020117	0.637068	0.500000
7.431680	8.834713	1.309093	0.500000
13.064954	10.720214	0.575868	0.500000
0.774427	2.365930	0.700983	0.500000
10.332203	8.737713	0.580621	0.500000
9.041761	2.703379	1.444643	0.500000
3.449813	4.803407	0.621090	0.500000
4.030313	2.960047	0.528659	0.500000
11.696911	12.793150	1.479777	0.500000
4.976497	2.612443	1.432334	0.500000
3.131450	12.733620	0.562767	0.500000
4.141899	5.746292	1.292299	0.500000
12.648048	2.819180	1.485707	0.500000
1.765940	11.832772	0.736549	0.500000
6.482324	8.346001	1.414263	0.500000
0.610237	3.654100	1.457522	0.500000
6.367413	12.812340	1.416299	0.500000
4.617303	4.539133	1.478012	0.500000
12.698648	12.268464	1.478855	0.500000
1.414897	2.913973	1.320585	0.500000
3.377093	7.566780	0.514372	0.500000
10.151899	5.912268	1.493506	0.500000
8.106837	6.715891	0.837349	0.500000
9.604450	7.935928	0.563771	0.500000
9.175936	0.479623	0.566906	0.500000
11.723861	0.870188	0.519664	0.500000
7.516961	1.867476	1.408871	0.500000
9.606474	6.847206	0.519741	0.500000
4.819167	3.581728	0.827736	0.500000
6.360229	6.421424	0.523617	0.500000
6.221561	0.467592	0.570551	0.500000
9.556593	12.770473	1.247036	0.500000
2.535178	0.552910	0.535136	0.500000
9.528742	2.681520	0.504851	0.500000
2.154846	4.394233	0.560661	0.500000
1.106072	12.626487	1.448554	0.500000
11.879115	8.955705	1.407776	0.500000
7.791612	11.308146	0.577987	0.500000
7.889327	12.216553	1.389141	0.500000
10.917141	3.111889	0.550125	0.500000
5.652483	7.756972	1.374966	0.500000
0.498998	7.574578	1.146957	0.500000
5.382061	6.939226	0.628011	0.500000
4.831687	7.923911	0.523043	0.500000
