200

2.042176	10.528058	1.476781	0.500000
1.932891	3.796581	1.432885	0.500000
0.015828	2.271615	1.344472	0.500000
5.581297	2.872514	0.822004	0.500000
0.078850	10.289402	1.429155	0.500000
12.151244	13.024637	1.404122	0.500000
6.540192	12.486354	0.517874	0.500000
13.005049	8.548105	0.731260	0.500000
9.172132	11.261631	1.296910	0.500000
0.922114	5.334355	0.632653	0.500000
12.267196	1.480854	1.317939	0.500000
2.664187	9.573572	1.429570	0.500000
8.758789	6.634095	0.511662	0.500000
12.392159	2.102529	0.535873	0.500000
5.063755	4.085247	0.730331	0.500000
0.216109	6.097013	1.485649	0.500000
10.596303	7.280957	1.376377	0.500000
3.997331	3.246124	0.503130	0.500000
9.957627	9.133428	1.461720	0.500000
5.023637	0.163657	0.529953	0.500000
3.749098	2.552245	1.499004	0.500000
1.924620	12.723610	0.528719	0.500000
11.903806	7.572668	0.525851	0.500000
0.451279	9.474195	0.717251	0.500000
4.912307	5.309389	0.575831	0.500000
5.308016	7.500780	0.573374	0.500000
0.732656	11.256197	1.281355	0.500000
10.325277	0.932934	0.757200	0.500000
11.480514	2.158777	1.414455	0.500000
8.515192	3.254908	0.592225	0.500000
11.909835	5.550111	1.483851	0.500000
2.981834	5.884712	1.487454	0.500000
5.684321	9.762695	1.098609	0.500000
1.829485	8.306463	1.489959	0.500000
4.366155	4.549035	1.430000	0.500000
7.295466	10.611716	1.333897	0.500000
1.920480	0.072340	1.491085	0.500000
5.417716	1.724258	1.438154	0.500000
10.421593	4.433127	1.378043	0.500000
12.767468	3.036530	0.573723	0.500000
2.839264	11.224991	1.488722	0.500000
5.130581	9.028592	0.572152	0.500000
12.096251	0.563661	0.695344	0.500000
2.348799	0.704963	0.549210	0.500000
6.317785	4.295828	0.603362	0.500000
7.922212	4.334257	0.571029	0.500000
9.988713	2.566662	0.534869	0.500000
7.964654	7.750577	0.535696	0.500000
9.534894	12.306152	1.318697	0.500000
7.156890	11.953080	1.276096	0.500000
7.112624	4.984665	0.890587	0.500000
7.478311	4.033446	1.453373	0.500000
1.340005	1.132148	0.532481	0.500000
1.428830	11.691532	0.622152	0.500000
11.829941	3.361937	1.091644	0.500000
11.222673	11.933138	0.551561	0.500000
4.886971	0.756069	1.436159	0.500000
2.622892	2.962030	1.475693	0.500000
4.039044	0.590823	0.743307	0.500000
8.299059	7.989532	1.494490	0.500000
9.263281	6.997499	1.409014	0.500000
8.099551	6.705057	1.418437	0.500000
10.143441	5.187970	0.547943	0.500000
5.620252	13.081643	1.289403	0.500000
13.023451	5.219322	1.205138	0.500000
8.293966	11.955776	1.370909	0.500000
8.074232	1.082911	0.503588	0.500000
8.249596	12.815627	0.508017	0.500000
3.621546	2.204563	0.522233	0.500000
3.126204	4.099106	0.641801	0.500000
10.915379	4.070598	0.508598	0.500000
8.638611	2.023149	0.637612	0.500000
0.165011	1.194268	0.731061	0.500000
6.524376	8.211032	1.447375	0.500000
6.403097	7.489013	0.596355	0.500000
2.251398	12.292019	1.417862	0.500000
9.077983	7.591864	0.510729	0.500000
13.019600	12.944226	0.643660	0.500000
8.085335	11.340854	0.592433	0.500000
1.010631	12.531771	1.463175	0.500000
7.960443	2.698778	1.359185	0.500000
6.633064	1.757513	1.094930	0.500000
1.740856	4.531672	0.667301	0.500000
10.321014	12.673851	0.645679	0.500000
3.302632	0.013898	1.225087	0.500000
1.940321	9.759694	0.628775	0.500000
8.527411	4.749226	1.478991	0.500000
0.726510	6.350629	0.600498	0.500000
10.895487	0.210154	1.231816	0.500000
11.750660	11.091366	1.481869	0.500000
3.320461	10.987197	0.533484	0.500000
12.436324	6.653719	1.492482	0.500000
3.314131	1.087429	1.263588	0.500000
3.009315	12.461090	0.508196	0.500000
6.458946	3.575155	1.390040	0.500000
12.307167	8.114073	1.315034	0.500000
5.456726	12.298329	0.645321	0.500000
3.670789	7.066758	1.468739	0.500000
10.990401	2.879525	0.620623	0.500000
11.507165	4.785942	0.943638	0.500000
12.672604	6.061950	0.507084	0.500000
9.838567	3.664387	0.615927	0.500000
6.309989	0.318744	0.521488	0.500000
9.781460	7.902675	1.417903	0.500000
6.106949	5.753679	0.576986	0.500000
5.098727	10.532519	1.432737	0.500000
8.276605	0.690488	1.497196	0.500000
3.339342	12.214745	1.441422	0.500000
9.066248	8.684827	1.261914	0.500000
5.559409	5.915266	1.456455	0.500000
6.209276	0.887850	1.435617	0.500000
11.468985	10.012688	1.494484	0.500000
3.248068	9.293290	0.536160	0.500000
9.342045	10.459957	0.640936	0.500000
3.680431	3.670869	1.411849	0.500000
12.754020	9.272201	1.498368	0.500000
5.344774	6.444728	0.611281	0.500000
2.789327	6.462027	0.581481	0.500000
11.294113	5.900578	0.518267	0.500000
7.085105	6.459923	0.630076	0.500000
3.060924	8.584463	1.363739	0.500000
5.428522	8.307947	1.271287	0.500000
0.892896	8.547406	0.729146	0.500000
6.508069	10.429488	0.631823	0.500000
0.815546	3.331356	0.538489	0.500000
8.791873	3.644651	1.485584	0.500000
4.392826	9.029210	1.343719	0.500000
1.190287	2.929522	1.398670	0.500000
12.334075	4.404043	1.435262	0.500000
10.246051	10.565249	1.428321	0.500000
4.199081	1.562682	1.324935	0.500000
4.713035	9.940405	0.634640	0.500000
5.586664	10.976830	0.506127	0.500000
0.281779	0.274604	1.484998	0.500000
7.037682	9.057678	0.647065	0.500000
4.362699	11.902615	0.621793	0.500000
9.482153	5.091790	1.428620	0.500000
5.540020	4.850968	1.419278	0.500000
3.913350	9.999479	1.263084	0.500000
10.098917	6.997543	0.530315	0.500000
12.520745	9.541209	0.508905	0.500000
4.068902	7.054609	0.537577	0.500000
4.205053	11.167429	1.483186	0.500000
8.817346	5.928958	1.325408	0.500000
8.936470	12.017895	0.522993	0.500000
6.915247	5.915724	1.477513	0.500000
0.614439	10.483216	0.561033	0.500000
5.227061	11.520709	1.338080	0.500000
7.563373	9.275931	1.479459	0.500000
10.959808	10.780038	0.674108	0.500000
7.617670	1.660440	1.267261	0.500000
9.245505	1.122785	0.558854	0.500000
2.827920	5.142618	0.528024	0.500000
8.523610	10.478337	1.241753	0.500000
8.385363	9.307732	0.581213	0.500000
1.424973	7.367096	1.433663	0.500000
11.094151	8.396016	1.458674	0.500000
2.308419	8.828285	0.543357	0.500000
9.776619	8.705228	0.506212	0.500000
6.686213	13.149924	1.413262	0.500000
1.930375	5.761677	0.704512	0.500000
7.080328	3.143732	0.723308	0.500000
2.687770	7.689676	0.817686	0.500000
8.544374	5.175829	0.535490	0.500000
1.273444	9.859827	1.372133	0.500000
4.644366	6.794199	1.447463	0.500000
4.288093	5.650193	1.462767	0.500000
2.476029	6.946813	1.496762	0.500000
3.307841	4.749030	1.383349	0.500000
0.753608	0.200385	0.583755	0.500000
0.983988	7.529612	0.530174	0.500000
10.481988	5.822752	1.272094	0.500000
10.953360	8.969493	0.546020	0.500000
2.554341	2.462722	0.529894	0.500000
10.708449	11.895421	1.421176	0.500000
1.458509	6.336118	1.429068	0.500000
2.242825	5.017697	1.477968	0.500000
12.383760	10.772670	0.564768	0.500000
0.406783	7.906056	1.410178	0.500000
0.188910	12.066427	0.966107	0.500000
7.344025	0.107554	0.645399	0.500000
12.154719	11.927942	0.989341	0.500000
0.341956	4.271445	1.337385	0.500000
3.656076	8.339541	0.539124	0.500000
3.941799	4.951373	0.567142	0.500000
9.306716	0.062081	1.103821	0.500000
10.075276	9.688898	0.635045	0.500000
12.948677	7.429000	0.592401	0.500000
11.335997	1.309007	0.892181	0.500000
2.398720	1.622673	1.398569	0.500000
4.425586	12.996593	1.272779	0.500000
7.806541	5.737150	1.031324	0.500000
6.147513	11.053090	1.454706	0.500000
5.911225	6.866479	1.336037	0.500000
9.384788	2.365387	1.497763	0.500000
1.547522	2.241722	0.721957	0.500000
10.422706	3.315187	1.431580	0.500000
12.820045	4.042106	0.537455	0.500000
10.707983	7.897199	0.564208	0.500000
7.657585	10.096280	0.551176	0.500000
