200

9.465140	4.689438	0.645182	0.500000
12.538776	4.703714	0.621367	0.500000
6.668949	4.264859	1.469875	0.500000
9.812610	2.691800	0.721390	0.500000
1.884093	9.859877	0.565442	0.500000
7.541857	10.536971	1.495711	0.500000
8.577574	11.001808	1.280136	0.500000
5.729402	11.744658	1.456359	0.500000
1.471468	5.767165	0.515245	0.500000
11.413995	5.363283	1.440427	0.500000
6.715399	5.985693	0.653914	0.500000
5.978030	2.985758	0.954771	0.500000
5.452457	12.666357	0.509235	0.500000
1.466157	4.014690	1.391962	0.500000
3.931754	5.756578	1.438828	0.500000
1.569117	11.724452	0.565104	0.500000
9.435838	7.243884	0.602573	0.500000
9.088745	4.143885	1.479426	0.500000
12.194020	8.891981	1.456789	0.500000
8.806764	12.068825	1.143669	0.500000
6.433100	12.003974	0.599424	0.500000
12.287016	3.731861	0.743939	0.500000
8.983837	8.578620	1.330156	0.500000
9.537452	9.341818	0.698900	0.500000
12.436340	12.193998	1.464231	0.500000
9.345266	2.025971	1.484754	0.500000
10.297567	5.478628	1.402131	0.500000
10.554742	0.387822	1.497283	0.500000
6.833228	1.321711	0.686173	0.500000
12.254952	2.635096	0.515334	0.500000
11.045047	6.043760	0.551880	0.500000
4.300551	11.573768	1.317894	0.500000
3.580471	2.337751	1.439589	0.500000
10.680575	11.672379	0.526401	0.500000
0.379598	12.672969	1.428085	0.500000
11.231544	3.693030	0.545691	0.500000
6.967618	5.445082	1.495173	0.500000
8.249133	5.928395	1.458969	0.500000
7.880979	7.966845	1.441046	0.500000
5.594836	8.008570	0.546206	0.500000
1.646116	8.434802	0.556841	0.500000
12.421055	0.970195	0.528319	0.500000
10.608888	7.294301	0.556680	0.500000
11.379823	8.089480	0.506017	0.500000
11.514068	9.509556	0.619817	0.500000
10.054671	8.553301	1.036400	0.500000
3.170456	12.116177	1.289845	0.500000
10.680613	2.721720	1.295086	0.500000
1.522494	7.892265	1.465358	0.500000
2.558618	12.351078	0.513526	0.500000
9.791500	10.925940	1.391429	0.500000
13.148385	6.419733	0.567491	0.500000
5.565967	5.895311	1.464084	0.500000
9.592442	0.678323	1.159410	0.500000
0.758936	7.243841	1.084522	0.500000
10.151067	3.784263	1.305546	0.500000
2.309612	8.686153	1.450359	0.500000
13.130356	4.633281	1.474617	0.500000
1.108577	1.801431	1.486277	0.500000
3.579217	9.606847	0.514189	0.500000
4.124977	1.250954	1.431350	0.500000
4.423113	7.622441	0.742854	0.500000
8.641761	9.600233	1.289216	0.500000
11.824103	3.212455	1.491867	0.500000
1.658539	1.472670	0.539440	0.500000
5.171735	8.378931	1.478832	0.500000
2.329140	2.012529	1.129217	0.500000
12.871589	12.973944	0.796548	0.500000
5.297301	7.181999	1.353079	0.500000
11.230439	1.945024	0.668142	0.500000
7.988688	0.689908	1.449894	0.500000
8.288107	7.605419	0.514302	0.500000
12.875968	9.761238	0.587875	0.500000
1.629016	6.511445	1.244646	0.500000
9.288420	6.174861	1.498003	0.500000
0.505118	2.190891	0.607218	0.500000
3.837347	12.213209	0.506764	0.500000
4.215587	6.441072	0.573622	0.500000
8.300047	2.769052	1.195209	0.500000
4.149760	3.621954	1.408088	0.500000
11.201740	4.178283	1.465285	0.500000
6.475765	8.827912	1.347078	0.500000
11.760629	2.209027	1.493911	0.500000
12.953576	1.018407	1.374814	0.500000
5.678756	6.208355	0.519447	0.500000
10.240130	10.206530	0.631306	0.500000
7.550310	2.550452	0.568266	0.500000
5.632524	9.149885	0.729684	0.500000
11.930819	0.918705	1.495304	0.500000
6.928499	8.455622	0.518707	0.500000
6.595559	6.992422	0.736841	0.500000
12.191984	6.756696	1.410967	0.500000
1.690287	3.017409	1.357438	0.500000
2.014778	0.067765	0.572772	0.500000
3.747650	7.825857	1.453438	0.500000
2.292664	0.933298	1.352146	0.500000
8.497162	6.638862	0.763852	0.500000
3.829267	0.166834	1.401024	0.500000
2.505193	6.317341	0.580096	0.500000
4.987482	5.269064	0.527198	0.500000
2.752357	9.839509	1.258691	0.500000
0.546908	10.725933	0.892948	0.500000
11.931583	7.792121	1.402002	0.500000
2.443070	10.794646	0.559512	0.500000
1.862792	11.008789	1.399425	0.500000
5.140786	2.166903	0.686370	0.500000
1.834583	12.128147	1.462678	0.500000
6.450123	0.367399	0.504399	0.500000
11.649920	6.869327	0.548617	0.500000
4.633505	12.577927	1.105077	0.500000
8.196169	8.735534	0.611106	0.500000
0.923278	5.372126	1.471351	0.500000
2.247613	4.953753	1.325007	0.500000
11.589737	10.511669	0.708611	0.500000
7.409734	13.061542	1.411501	0.500000
8.304291	3.540932	0.501245	0.500000
8.765454	7.469109	1.416477	0.500000
7.973395	1.816041	1.453155	0.500000
0.450093	8.314998	1.029539	0.500000
10.469165	4.695771	0.554084	0.500000
0.731990	9.288646	0.547354	0.500000
10.240224	1.492707	1.474663	0.500000
7.295925	12.563355	0.539965	0.500000
6.872101	2.532965	1.478932	0.500000
9.000378	5.170405	1.464760	0.500000
4.305328	4.819751	1.478031	0.500000
4.513240	4.278167	0.620830	0.500000
12.174598	5.855256	0.659823	0.500000
5.798662	1.161437	0.539680	0.500000
9.576849	11.553559	0.633713	0.500000
0.320954	11.813449	0.918415	0.500000
12.779084	7.337147	0.754357	0.500000
7.077083	4.655414	0.576744	0.500000
1.250462	8.912752	1.357163	0.500000
5.607573	10.103463	1.168521	0.500000
8.035748	10.327424	0.525825	0.500000
11.334679	0.140204	0.515229	0.500000
7.772201	11.559172	0.618397	0.500000
12.642836	8.456279	0.558808	0.500000
2.514028	7.559260	1.275697	0.500000
8.855406	13.054085	1.345139	0.500000
8.009865	4.120886	1.491119	0.500000
0.024171	3.151547	0.837982	0.500000
7.098731	11.711205	1.451010	0.500000
3.145318	8.099019	0.691509	0.500000
12.889613	2.451689	1.488664	0.500000
9.773500	6.154506	0.590383	0.500000
11.967338	13.074893	1.332068	0.500000
11.585062	12.353897	0.584410	0.500000
5.289091	3.840949	1.417916	0.500000
10.765484	7.839078	1.383176	0.500000
11.052137	8.973557	1.478880	0.500000
6.891940	9.979283	0.800038	0.500000
4.220952	10.780344	0.537486	0.500000
4.199326	8.814338	1.371323	0.500000
9.891589	12.812599	0.696279	0.500000
0.215601	9.538684	1.466071	0.500000
12.828410	5.681777	1.449074	0.500000
11.392104	11.280353	1.317986	0.500000
2.890320	10.974770	1.450901	0.500000
7.414321	6.505027	1.355584	0.500000
3.368012	2.949527	0.559460	0.500000
5.884442	0.412952	1.476198	0.500000
6.194900	10.860226	0.746689	0.500000
2.448853	12.941579	1.445829	0.500000
3.249373	4.902023	1.366014	0.500000
2.947950	6.353846	1.491574	0.500000
3.758896	5.238586	0.502143	0.500000
2.067597	3.441958	0.526392	0.500000
2.710711	9.044625	0.598334	0.500000
3.016492	4.242979	0.506670	0.500000
3.027636	1.154248	0.636783	0.500000
3.221212	13.116439	0.528638	0.500000
4.003570	1.685244	0.521277	0.500000
6.028829	4.046178	0.598964	0.500000
0.396842	5.454836	0.582415	0.500000
0.840011	4.126061	0.585635	0.500000
10.479915	6.592526	1.384994	0.500000
5.976891	5.178638	0.678106	0.500000
9.160232	10.402974	0.575280	0.500000
12.777634	10.914599	1.107091	0.500000
8.985645	1.737584	0.569966	0.500000
5.201105	11.264584	0.551300	0.500000
7.542133	9.281515	1.466025	0.500000
5.132243	2.788622	1.487982	0.500000
9.314220	3.603472	0.575940	0.500000
6.135834	1.658280	1.494932	0.500000
11.046100	10.017433	1.460351	0.500000
4.741300	0.661689	0.587169	0.500000
1.231309	0.649459	1.398808	0.500000
4.400345	2.854420	0.747925	0.500000
3.787309	10.268134	1.470203	0.500000
10.885496	12.247149	1.338749	0.500000
1.537342	10.017194	1.490591	0.500000
7.994599	1.328868	0.567951	0.500000
2.877643	3.601087	1.265638	0.500000
6.175753	12.657039	1.324751	0.500000
1.849349	7.348626	0.543379	0.500000
6.210775	7.685684	1.367562	0.500000
7.438489	3.404246	1.081699	0.500000
