200

8.967448	5.921477	1.489473	0.500000
10.606094	3.417941	0.707803	0.500000
5.175641	4.914603	1.425567	0.500000
11.570208	3.039724	0.618690	0.500000
2.971051	10.180178	1.482583	0.500000
9.502363	11.541248	1.390255	0.500000
8.409249	11.771892	0.642547	0.500000
3.213848	9.529029	0.682687	0.500000
2.841847	4.992317	1.256555	0.500000
11.139037	3.958978	1.406470	0.500000
7.597361	6.024276	1.258134	0.500000
6.602742	2.446055	0.633201	0.500000
6.702759	11.784623	1.497799	0.500000
0.529436	6.430462	0.716789	0.500000
3.717400	4.342165	1.189809	0.500000
1.395037	12.605551	1.476109	0.500000
6.479789	7.514425	0.530888	0.500000
8.429736	3.959029	0.609002	0.500000
12.354464	7.651056	1.394615	0.500000
7.874475	12.981714	0.835985	0.500000
4.707417	10.691863	0.566027	0.500000
12.583624	4.500169	1.427637	0.500000
10.629823	8.791168	1.458262	0.500000
8.398859	10.463244	1.494427	0.500000
13.143181	1.485700	0.501790	0.500000
9.820107	2.505116	1.360042	0.500000
9.222834	6.282070	0.505139	0.500000
9.912737	11.986401	0.534728	0.500000
5.953348	0.596979	1.193841	0.500000
11.957423	3.992667	0.502987	0.500000
10.924752	7.077520	0.536389	0.500000
4.997098	12.563498	0.660813	0.500000
2.407138	12.113880	1.492102	0.500000
11.227493	10.544469	1.291131	0.500000
11.547164	1.637409	0.704410	0.500000
11.766221	5.090400	0.858803	0.500000
5.504908	5.913957	1.470226	0.500000
8.463204	7.024939	1.431383	0.500000
8.133839	8.661989	0.517541	0.500000
5.519115	7.117861	1.476265	0.500000
1.265519	8.906359	1.039845	0.500000
12.201398	0.557462	0.508437	0.500000
11.813090	7.675370	0.516578	0.500000
9.308636	8.219411	0.507474	0.500000
0.283828	8.965487	0.504210	0.500000
9.916252	7.345262	0.540197	0.500000
5.081555	9.317552	1.367245	0.500000
12.109463	2.211215	1.481275	0.500000
0.091395	7.212277	1.345110	0.500000
1.664209	0.990371	0.663452	0.500000
10.590815	11.134546	0.597295	0.500000
0.151769	4.838619	0.602432	0.500000
5.575075	12.426050	1.494833	0.500000
8.651595	12.474719	1.423597	0.500000
0.962595	7.568119	0.580287	0.500000
9.043682	4.443132	1.443393	0.500000
2.151136	9.322229	1.362227	0.500000
12.371546	5.792541	1.355618	0.500000
1.012093	1.800861	0.591045	0.500000
3.457867	11.243592	1.382291	0.500000
2.962699	0.563284	0.579019	0.500000
3.930752	5.443295	1.425419	0.500000
6.932672	7.865825	1.405389	0.500000
12.705526	12.144378	1.462435	0.500000
1.791082	1.614229	1.459098	0.500000
2.804402	7.500981	1.176587	0.500000
4.645993	4.082845	0.606214	0.500000
0.197763	12.767972	1.060422	0.500000
5.834153	4.996038	0.587038	0.500000
11.032579	2.257747	1.475062	0.500000
9.194859	1.879941	0.529737	0.500000
7.150095	6.763854	0.512539	0.500000
13.154342	9.456199	1.456878	0.500000
1.794587	6.260074	1.473586	0.500000
7.864794	7.714033	0.953864	0.500000
1.996732	2.153553	0.503251	0.500000
3.647349	12.253507	1.189931	0.500000
6.991014	4.150268	0.512193	0.500000
9.450729	2.876076	0.506285	0.500000
1.963175	3.590441	0.513946	0.500000
9.801068	3.670508	1.411399	0.500000
6.138135	8.418003	1.132603	0.500000
12.489674	1.303139	1.252619	0.500000
0.357237	1.955920	1.412383	0.500000
3.945371	8.220459	0.576566	0.500000
11.498031	9.552769	1.358881	0.500000
7.365817	2.546271	1.492330	0.500000
4.509021	8.408678	1.465214	0.500000
10.551928	0.516075	0.545628	0.500000
5.904740	9.765087	0.531922	0.500000
4.301562	6.488383	0.830961	0.500000
12.428821	6.739730	0.500822	0.500000
2.993467	4.147895	0.500955	0.500000
13.012326	0.398721	1.480243	0.500000
1.570121	7.786575	1.438133	0.500000
2.971079	1.322778	1.319056	0.500000
8.313469	5.683452	0.500759	0.500000
4.550453	0.653890	1.366282	0.500000
2.450719	6.273462	0.703701	0.500000
3.769013	3.236881	0.885844	0.500000
2.824069	12.117944	0.578757	0.500000
2.295550	10.032082	0.520710	0.500000
11.364326	6.867265	1.448300	0.500000
5.270449	11.254331	1.231512	0.500000
12.659948	11.606669	0.515822	0.500000
6.242955	3.639490	1.458086	0.500000
1.546215	11.598133	1.491601	0.500000
7.838237	10.609269	0.530908	0.500000
0.208545	5.566309	1.287726	0.500000
6.592638	12.819945	1.084958	0.500000
9.385169	9.744923	0.752719	0.500000
10.836209	4.561096	0.568545	0.500000
0.898639	3.844127	0.572432	0.500000
12.138969	9.779012	0.539278	0.500000
7.323154	1.402561	1.183386	0.500000
7.735712	3.494825	1.436705	0.500000
9.622123	8.931035	1.453604	0.500000
10.123224	1.532283	0.912140	0.500000
12.201449	10.768056	1.419377	0.500000
9.745914	4.228069	0.506326	0.500000
0.944169	10.109157	1.467307	0.500000
10.613021	2.343725	0.570308	0.500000
8.688867	1.476762	1.480407	0.500000
8.338611	1.296070	0.552503	0.500000
9.543825	7.683847	1.465620	0.500000
6.289858	5.933882	0.744462	0.500000
5.707315	3.646592	0.536140	0.500000
1.062376	4.623461	1.422853	0.500000
8.134571	2.502567	0.502020	0.500000
10.640921	9.518100	0.556203	0.500000
0.414477	11.115039	1.369719	0.500000
11.460011	6.150127	0.655036	0.500000
7.677195	5.010175	1.477029	0.500000
1.939100	10.552526	1.428867	0.500000
6.380446	11.181217	0.766856	0.500000
7.738462	9.338621	1.356590	0.500000
10.398339	12.025980	1.484603	0.500000
7.103002	10.639766	1.474467	0.500000
11.796384	8.784607	0.512534	0.500000
2.761618	8.567593	0.742140	0.500000
7.132942	0.435657	0.708850	0.500000
8.735252	2.597587	1.464900	0.500000
0.563514	2.753582	0.508161	0.500000
7.710581	11.646799	1.444361	0.500000
2.106758	7.818210	0.529802	0.500000
12.576418	2.831098	0.765277	0.500000
10.085830	4.897738	1.352246	0.500000
11.731066	11.159826	0.614951	0.500000
11.867891	12.779172	0.662714	0.500000
4.918755	3.193494	1.357843	0.500000
10.207889	6.437484	1.058218	0.500000
10.817656	7.745036	1.397760	0.500000
7.141094	9.686377	0.605751	0.500000
1.043064	10.779474	0.537452	0.500000
3.515994	10.722708	0.509401	0.500000
9.076487	10.888186	0.742162	0.500000
12.904425	10.423470	0.740504	0.500000
11.012280	5.577116	1.466009	0.500000
10.951772	12.076904	0.555294	0.500000
1.885335	12.852176	0.547359	0.500000
5.449683	6.638170	0.594763	0.500000
4.061949	2.094279	1.449253	0.500000
5.946539	12.121624	0.589787	0.500000
4.409989	10.309452	1.497823	0.500000
2.014878	0.496316	1.476983	0.500000
1.852962	5.334541	0.786662	0.500000
3.246803	5.673788	0.566691	0.500000
4.535853	5.553683	0.547787	0.500000
2.742236	2.981053	1.403890	0.500000
3.816953	7.504901	1.424729	0.500000
3.233283	6.551447	1.335830	0.500000
1.004550	0.991081	1.454670	0.500000
5.389645	1.721223	0.714523	0.500000
3.749783	1.186368	0.591352	0.500000
3.219768	2.484471	0.501788	0.500000
12.040832	3.397723	1.481380	0.500000
2.313687	4.077873	1.365204	0.500000
8.381431	9.711621	0.527968	0.500000
6.495456	6.666394	1.482650	0.500000
8.742119	7.354878	0.500663	0.500000
11.495302	12.078532	1.479721	0.500000
9.874746	0.685488	1.413578	0.500000
4.135371	13.176723	0.588956	0.500000
8.749585	8.411504	1.428512	0.500000
4.568342	2.755105	0.512899	0.500000
9.166088	5.150698	0.698171	0.500000
5.978290	2.190088	1.497726	0.500000
9.701845	10.465288	1.483613	0.500000
3.076483	13.156085	1.361606	0.500000
0.766654	11.798898	0.679458	0.500000
6.330353	1.367049	0.600939	0.500000
4.290609	9.369244	0.591318	0.500000
11.458353	0.388283	1.206126	0.500000
2.342039	11.233642	0.622296	0.500000
8.818416	0.043849	0.534284	0.500000
13.100380	3.600902	1.430849	0.500000
5.970564	10.485140	1.493980	0.500000
0.176778	8.243091	1.213605	0.500000
5.000484	7.848785	0.664933	0.500000
7.101166	5.182168	0.602875	0.500000
