200

10.099330	7.210284	1.210094	0.500000
6.955456	4.408325	0.733090	0.500000
5.049613	12.402739	0.558515	0.500000
11.850950	1.669351	0.873530	0.500000
3.217997	8.891555	1.176156	0.500000
12.297410	11.113995	1.381204	0.500000
9.101470	11.799670	1.443413	0.500000
1.848108	5.130002	1.277258	0.500000
0.611650	7.291338	0.540316	0.500000
11.557750	5.155689	1.326532	0.500000
5.172294	6.586271	1.249824	0.500000
2.389879	12.568628	1.484603	0.500000
6.744941	11.977115	1.386076	0.500000
8.264524	3.695251	0.938945	0.500000
12.941827	8.663745	1.412070	0.500000
9.210466	10.690501	0.526885	0.500000
4.206367	5.866898	1.406747	0.500000
5.514609	2.558966	1.402653	0.500000
1.408464	10.129359	1.409115	0.500000
5.099197	11.899872	1.487862	0.500000
9.037629	1.643670	1.442977	0.500000
5.187048	5.189060	1.342351	0.500000
10.790839	6.315017	1.450031	0.500000
6.477058	9.403773	1.443637	0.500000
3.318711	10.953810	0.665827	0.500000
9.661228	4.404974	0.525103	0.500000
6.874468	9.723600	0.506662	0.500000
9.006753	5.254523	0.727971	0.500000
5.470205	13.072728	1.258484	0.500000
3.564293	6.509059	0.541184	0.500000
8.059892	7.352071	1.418588	0.500000
4.783057	0.188370	0.579220	0.500000
4.338306	8.607181	0.647208	0.500000
1.915998	7.254213	0.722096	0.500000
13.066359	2.189641	1.362018	0.500000
9.666782	6.323821	0.506048	0.500000
3.645599	4.618435	1.427553	0.500000
6.608096	3.827845	1.490304	0.500000
2.364851	1.839810	0.607614	0.500000
4.501736	12.721746	1.425781	0.500000
11.449288	5.913366	0.669151	0.500000
11.046649	0.673638	0.528738	0.500000
0.274338	9.529308	0.605524	0.500000
11.020900	10.105499	1.084227	0.500000
3.142804	9.804902	0.513373	0.500000
6.057382	11.773179	0.613257	0.500000
6.433149	13.150447	0.798675	0.500000
11.388673	2.786595	1.408079	0.500000
5.067486	11.387905	0.607254	0.500000
13.071121	3.260904	0.701889	0.500000
10.822751	7.920993	0.565219	0.500000
11.053800	6.845058	0.539160	0.500000
5.083739	9.171439	1.395642	0.500000
9.954715	10.460377	1.443617	0.500000
12.210604	8.497604	0.630177	0.500000
7.778679	1.522333	1.324667	0.500000
4.852272	7.367274	0.657705	0.500000
1.900909	1.227996	1.330823	0.500000
8.613069	1.423636	0.558219	0.500000
2.230398	3.873083	1.445088	0.500000
2.596858	2.775808	1.446509	0.500000
1.527110	9.474539	0.579730	0.500000
6.900527	11.051311	0.984484	0.500000
11.752602	11.322994	0.506306	0.500000
0.495865	0.291418	0.546226	0.500000
10.396776	10.988503	0.567375	0.500000
4.759594	2.531375	0.501301	0.500000
12.195858	6.167445	1.330911	0.500000
7.836539	4.523206	1.346920	0.500000
9.726436	12.184248	0.617490	0.500000
5.746897	1.960224	0.569891	0.500000
5.936011	5.245069	0.519851	0.500000
11.081680	7.404262	1.417663	0.500000
2.327312	11.444114	1.298970	0.500000
6.777848	7.285608	1.346381	0.500000
8.331362	5.636969	1.463898	0.500000
4.003002	0.996810	0.526746	0.500000
8.300091	0.352009	0.535594	0.500000
0.340879	0.801206	1.423768	0.500000
4.481115	4.116989	0.754607	0.500000
12.281337	4.411566	0.513366	0.500000
2.392382	8.216533	0.874718	0.500000
12.265301	12.812089	0.622534	0.500000
10.853984	4.562356	0.574457	0.500000
2.756551	4.892638	0.746799	0.500000
11.964362	7.462422	0.736497	0.500000
9.132286	0.507473	1.092003	0.500000
0.194303	6.342429	1.436987	0.500000
11.252560	11.163413	1.395556	0.500000
5.371766	8.632333	0.532225	0.500000
9.112118	8.445109	1.363568	0.500000
2.289652	9.280998	1.313939	0.500000
3.902741	5.226905	0.610270	0.500000
8.939338	2.741250	1.387239	0.500000
7.154101	6.002127	0.761737	0.500000
1.298712	1.353434	0.520976	0.500000
7.237816	2.225921	0.556874	0.500000
3.823842	3.157919	0.529540	0.500000
6.300218	8.395759	1.467211	0.500000
3.525335	2.182794	0.525328	0.500000
5.111073	7.997687	1.453181	0.500000
1.000923	11.320869	1.470468	0.500000
4.097469	11.730686	0.823413	0.500000
5.946184	6.669914	0.522266	0.500000
12.428449	5.458633	0.500520	0.500000
7.347645	2.866720	1.385656	0.500000
2.662766	12.197593	0.543900	0.500000
2.445324	13.187882	0.573151	0.500000
3.452450	7.890910	0.576656	0.500000
8.343972	2.536687	0.608975	0.500000
1.009747	4.523846	1.337130	0.500000
11.237039	3.464053	0.501275	0.500000
0.068191	4.487585	0.519518	0.500000
0.520519	11.231684	0.539498	0.500000
7.826140	0.273409	1.489591	0.500000
11.181660	0.907146	1.493566	0.500000
1.206476	6.796264	1.264224	0.500000
6.982323	3.398543	0.567172	0.500000
12.012864	10.320234	0.817249	0.500000
10.291067	5.525483	0.936532	0.500000
2.451143	10.271507	1.404662	0.500000
8.605237	12.110909	0.594781	0.500000
7.884202	12.352282	1.406353	0.500000
9.197414	3.491826	0.563340	0.500000
8.485602	9.345926	1.455515	0.500000
9.064860	9.537216	0.533609	0.500000
3.980160	2.360248	1.489992	0.500000
10.823379	8.611439	1.462104	0.500000
10.206926	3.156202	1.385659	0.500000
11.283238	12.870432	1.083264	0.500000
0.726170	2.187584	0.741473	0.500000
12.790460	11.705233	0.512332	0.500000
12.964350	4.179099	1.438836	0.500000
5.172453	1.067712	0.866800	0.500000
5.406396	10.234103	1.491910	0.500000
11.807908	9.459139	1.309714	0.500000
10.064078	11.487324	1.404467	0.500000
8.114573	11.233537	0.683410	0.500000
7.299803	10.168961	1.348029	0.500000
5.806613	10.216684	0.575324	0.500000
4.189148	6.869205	1.315876	0.500000
9.520605	2.022648	0.520001	0.500000
5.453067	4.188804	1.114461	0.500000
1.511570	11.862867	0.749696	0.500000
2.713460	6.585765	1.171701	0.500000
2.770859	3.606880	0.606485	0.500000
0.342066	10.091138	1.443012	0.500000
1.261549	7.908483	1.291815	0.500000
1.553262	2.488631	1.386729	0.500000
4.675507	6.054366	0.526576	0.500000
12.342943	0.307714	1.438422	0.500000
12.914636	6.981064	0.826645	0.500000
8.171656	10.176192	0.720600	0.500000
10.313275	2.027901	1.471907	0.500000
3.640982	13.163152	0.531653	0.500000
7.058948	8.404755	0.606975	0.500000
0.563634	12.435493	0.627083	0.500000
7.403455	7.430982	0.567055	0.500000
1.438393	10.778310	0.575846	0.500000
1.143735	3.533619	0.712944	0.500000
10.131916	9.199943	0.647452	0.500000
9.190903	4.170121	1.404061	0.500000
4.575614	3.392783	1.476378	0.500000
4.416880	0.562944	1.479199	0.500000
0.075896	11.717138	1.432162	0.500000
7.229390	0.507026	0.556353	0.500000
2.938263	1.748649	1.459207	0.500000
3.054863	7.707172	1.483916	0.500000
12.305556	2.595722	0.695119	0.500000
3.809022	9.921494	1.356768	0.500000
8.163852	8.908498	0.571823	0.500000
11.247275	3.836437	1.454878	0.500000
5.786738	11.147951	1.347132	0.500000
3.228687	5.543073	1.456361	0.500000
0.026426	12.808337	1.430977	0.500000
0.627587	3.036085	1.419411	0.500000
1.936033	6.084394	0.737629	0.500000
10.210414	4.417881	1.415958	0.500000
8.864637	7.679596	0.589832	0.500000
9.739284	8.239677	0.569342	0.500000
10.911254	11.981025	0.618351	0.500000
12.597629	0.666474	0.505508	0.500000
6.752590	1.978674	1.470389	0.500000
9.374575	6.470459	1.499427	0.500000
5.998339	3.170936	0.522216	0.500000
6.628985	5.109789	1.413849	0.500000
4.588293	10.079858	0.734112	0.500000
9.875202	12.916676	1.459461	0.500000
2.851193	0.802225	0.969920	0.500000
10.136430	0.787451	1.149494	0.500000
1.899037	4.314131	0.511816	0.500000
1.209307	12.779064	1.452183	0.500000
0.196036	8.534181	0.521358	0.500000
7.429397	12.065151	0.547237	0.500000
6.500376	1.006880	1.383833	0.500000
10.894678	2.336590	0.527404	0.500000
6.053073	6.083719	1.353422	0.500000
0.998985	5.640496	0.760016	0.500000
7.920103	5.323345	0.578083	0.500000
5.938741	7.715541	0.617930	0.500000
