200

10.232962	4.076054	1.343751	0.500000
7.416017	7.447765	0.529008	0.500000
2.572569	11.974308	1.433879	0.500000
10.452914	0.475840	1.323245	0.500000
1.161442	9.560992	1.427354	0.500000
10.534783	11.003424	0.561196	0.500000
7.048360	11.390160	1.448205	0.500000
0.046047	5.317568	0.629031	0.500000
0.637149	6.274024	0.539877	0.500000
0.274138	2.551367	0.919899	0.500000
4.679637	5.111567	1.476445	0.500000
2.594253	1.030119	1.432484	0.500000
3.813111	11.861943	1.361573	0.500000
11.621309	3.113682	0.532895	0.500000
9.305552	8.005429	1.289603	0.500000
7.025617	0.970897	0.600108	0.500000
1.970407	9.655541	0.692760	0.500000
7.439428	5.072736	0.509745	0.500000
3.379409	12.589588	0.734993	0.500000
4.947875	10.463504	1.446812	0.500000
8.732648	3.665946	1.456393	0.500000
6.646271	6.834812	1.429217	0.500000
9.240773	4.128681	0.681376	0.500000
2.599901	9.594326	1.475601	0.500000
6.142188	1.628162	1.469556	0.500000
9.377279	3.100655	0.606500	0.500000
4.876565	9.109837	0.554087	0.500000
11.203986	12.140207	1.061831	0.500000
6.026499	10.881612	1.483859	0.500000
1.566378	6.351314	1.181387	0.500000
9.739637	6.878401	0.586413	0.500000
8.128804	12.505583	0.571895	0.500000
2.573410	6.132404	0.517953	0.500000
10.836710	7.251342	0.561476	0.500000
12.511452	0.616752	0.536934	0.500000
10.258181	5.098579	0.577452	0.500000
6.945243	3.479415	0.852424	0.500000
8.901665	4.858226	1.314744	0.500000
8.481345	0.097175	1.323056	0.500000
5.740941	6.099615	0.623083	0.500000
1.588249	1.229557	0.567273	0.500000
11.273725	0.053218	0.851039	0.500000
0.295156	8.902539	1.230365	0.500000
12.571095	8.599343	1.462457	0.500000
1.039527	10.369345	0.546711	0.500000
9.666791	1.127139	1.050417	0.500000
0.908835	0.184708	0.501382	0.500000
11.566471	5.346991	1.476653	0.500000
8.017195	0.961574	1.012698	0.500000
0.461496	1.117567	0.559617	0.500000
12.437113	10.016502	1.465035	0.500000
12.066010	4.918835	0.540143	0.500000
1.798499	8.497648	1.355079	0.500000
8.674626	8.569062	0.660457	0.500000
1.293312	13.188837	1.490202	0.500000
10.992930	2.903023	1.480658	0.500000
1.260192	8.904798	0.550257	0.500000
12.992248	12.951533	0.724396	0.500000
8.497952	2.014724	1.494320	0.500000
1.538773	4.102836	1.314165	0.500000
7.258587	1.945595	0.542634	0.500000
5.091656	7.956121	1.409595	0.500000
4.798495	0.950480	1.358929	0.500000
6.939536	8.464885	0.503117	0.500000
11.137732	11.032839	1.390852	0.500000
6.687186	10.960172	0.613900	0.500000
4.507477	6.119654	0.912408	0.500000
13.095085	9.968280	0.616079	0.500000
4.652413	3.238296	0.542591	0.500000
9.098150	10.527225	1.379764	0.500000
5.952010	3.022779	1.134991	0.500000
3.659604	5.654725	0.592728	0.500000
12.665039	7.041274	1.363019	0.500000
4.242986	2.629375	1.468401	0.500000
10.208384	8.569811	0.624832	0.500000
9.834638	6.028843	1.489866	0.500000
7.383252	2.507298	1.443257	0.500000
3.736823	10.295618	1.417731	0.500000
1.195466	3.065921	0.609207	0.500000
8.143495	4.086901	0.544544	0.500000
12.524716	4.654056	1.455762	0.500000
11.247364	9.945703	1.467139	0.500000
12.543948	11.823474	0.531203	0.500000
12.335574	2.818806	1.356845	0.500000
5.344354	4.635359	0.741994	0.500000
11.836775	7.237428	0.556921	0.500000
6.686862	12.478013	0.523361	0.500000
4.580796	7.551246	0.582972	0.500000
7.772979	9.189758	0.512763	0.500000
7.728373	10.229901	1.020048	0.500000
8.780557	11.188552	0.508281	0.500000
0.322517	7.271288	0.518177	0.500000
5.626547	5.476271	1.403426	0.500000
8.465424	2.548092	0.503091	0.500000
6.368056	7.462804	0.517593	0.500000
4.860074	11.351093	0.943104	0.500000
6.883437	4.499068	1.133055	0.500000
3.155648	3.091905	0.578579	0.500000
8.995169	0.539085	0.579286	0.500000
5.889985	3.986714	1.403853	0.500000
3.430455	4.906163	1.348783	0.500000
3.168286	11.585876	0.604032	0.500000
5.442681	12.726207	0.538856	0.500000
6.440376	9.464641	0.545797	0.500000
0.423597	3.554682	1.497585	0.500000
7.651333	3.914848	1.489697	0.500000
11.713075	1.260410	0.570713	0.500000
6.157656	2.029184	0.518978	0.500000
12.194227	10.491528	0.511612	0.500000
11.173325	5.723024	0.575863	0.500000
1.892105	7.301376	0.784242	0.500000
8.158120	7.978157	1.381765	0.500000
0.153143	5.872624	1.468111	0.500000
1.197678	12.193224	1.459050	0.500000
7.184499	6.330930	0.577802	0.500000
9.854253	12.581234	1.461632	0.500000
10.842563	6.160653	1.449207	0.500000
4.448742	13.065622	0.673674	0.500000
5.955968	0.952869	0.539062	0.500000
10.611104	8.958257	1.490512	0.500000
2.073639	12.490300	0.515547	0.500000
9.866097	2.224212	0.756761	0.500000
5.364364	9.989533	0.547211	0.500000
10.576657	1.175347	0.506940	0.500000
4.708611	12.435856	1.462360	0.500000
4.248366	10.645593	0.552193	0.500000
7.220206	1.463288	1.476578	0.500000
11.839315	8.402618	0.706795	0.500000
10.537671	3.386601	0.675882	0.500000
9.778953	11.572463	1.380399	0.500000
2.361960	4.535196	0.785332	0.500000
10.695002	9.486402	0.511779	0.500000
0.746383	7.096260	1.460582	0.500000
3.963517	0.961313	0.566748	0.500000
5.658740	9.418212	1.467588	0.500000
8.971949	12.283484	1.068939	0.500000
11.799396	9.498658	0.560481	0.500000
6.800970	10.248239	1.489286	0.500000
8.643736	10.038633	0.562740	0.500000
2.260767	10.960715	1.104716	0.500000
5.834119	8.638221	0.590814	0.500000
11.848848	6.237282	1.106393	0.500000
13.139960	11.028787	0.748085	0.500000
10.278897	10.453836	1.386779	0.500000
4.220787	9.013966	1.316360	0.500000
3.820408	2.283798	0.601509	0.500000
0.863339	11.118512	1.432900	0.500000
1.019277	8.001767	0.956119	0.500000
3.053458	8.708283	1.353322	0.500000
2.845218	6.775621	1.340788	0.500000
12.388815	2.073876	0.508892	0.500000
0.767773	4.157300	0.558384	0.500000
5.366295	6.817781	1.242899	0.500000
12.407963	1.563712	1.446059	0.500000
2.287723	2.072562	1.029765	0.500000
3.168768	10.507823	0.507762	0.500000
9.676864	10.025693	0.693804	0.500000
8.535259	6.095205	0.904934	0.500000
2.992011	0.325227	0.528182	0.500000
3.590372	6.765352	0.572411	0.500000
7.022209	9.255299	1.467831	0.500000
10.547365	1.577069	1.425305	0.500000
4.956605	1.898744	0.776819	0.500000
5.749584	0.216980	1.424854	0.500000
10.377758	12.797090	0.611269	0.500000
6.421300	5.288401	0.603154	0.500000
3.645857	0.346788	1.294398	0.500000
6.217070	8.247147	1.457143	0.500000
1.130575	2.175232	1.434688	0.500000
11.987635	11.593626	1.438145	0.500000
3.165551	9.499183	0.631517	0.500000
12.889665	0.625940	1.466943	0.500000
7.654632	11.357824	0.516266	0.500000
1.082693	5.232951	0.556137	0.500000
12.013685	12.875055	1.473535	0.500000
1.876334	5.368784	1.463710	0.500000
12.788874	3.746967	0.998887	0.500000
7.706451	5.831501	1.437625	0.500000
3.795368	4.359973	0.552155	0.500000
9.405551	9.284893	1.364682	0.500000
0.040088	12.137658	1.409258	0.500000
2.331536	3.106773	1.426677	0.500000
5.976443	11.780922	0.780813	0.500000
10.997614	7.947577	1.363128	0.500000
9.913299	3.139418	1.499679	0.500000
8.415437	7.132014	0.556045	0.500000
6.282298	12.561740	1.483361	0.500000
8.108327	11.705170	1.434621	0.500000
2.011504	0.346843	0.802860	0.500000
11.055292	2.089115	0.515803	0.500000
3.969417	7.361979	1.393344	0.500000
3.620330	3.580289	1.352704	0.500000
0.329929	4.612222	1.343148	0.500000
12.968965	8.176988	0.572312	0.500000
7.362731	12.447736	1.467213	0.500000
3.346007	1.789510	1.342900	0.500000
8.853955	6.888597	1.456120	0.500000
11.268147	4.276801	0.634226	0.500000
11.746733	3.875825	1.482545	0.500000
2.572342	8.065813	0.703930	0.500000
