100

9.980764	8.647784	0.690784	0.500000
0.982787	8.641400	0.687226	0.500000
1.987210	8.634113	0.633549	0.500000
3.009566	8.645497	0.521970	0.500000
3.996466	8.645387	0.687182	0.500000
4.990675	8.645843	0.527438	0.500000
5.981759	8.639667	0.686504	0.500000
6.967951	8.622710	0.520292	0.500000
7.956001	8.616438	0.682692	0.500000
8.975468	8.628439	0.680192	0.500000
0.497118	0.836962	0.507445	0.500000
1.490882	0.844635	0.667417	0.500000
2.481083	0.838916	0.511522	0.500000
3.486711	0.856922	0.658404	0.500000
4.482777	0.861055	0.563284	0.500000
5.481234	0.853213	0.682915	0.500000
6.469826	0.837465	0.519177	0.500000
7.471280	0.827691	0.517858	0.500000
8.478902	0.823957	0.515886	0.500000
9.491705	0.842509	0.501550	0.500000
0.000774	1.691315	0.697900	0.500000
1.009228	1.707723	0.511525	0.500000
2.004660	1.707201	0.685206	0.500000
2.992590	1.715635	0.516259	0.500000
3.981999	1.731731	0.682291	0.500000
4.982621	1.720838	0.692630	0.500000
5.982727	1.719506	0.699359	0.500000
6.984073	1.707055	0.693006	0.500000
7.990516	1.704131	0.504544	0.500000
8.989690	1.693229	0.673658	0.500000
0.495073	2.570353	0.507782	0.500000
1.494933	2.581154	0.697173	0.500000
2.482502	2.578852	0.526685	0.500000
3.483315	2.611381	0.501653	0.500000
4.475698	2.606620	0.696254	0.500000
5.484280	2.572067	0.522574	0.500000
6.487786	2.570969	0.524561	0.500000
7.497260	2.578206	0.536874	0.500000
8.498364	2.563565	0.574464	0.500000
9.504637	2.561182	0.696742	0.500000
9.989246	3.434888	0.502365	0.500000
0.985508	3.443583	0.677253	0.500000
1.971194	3.440359	0.504987	0.500000
2.961239	3.450830	0.692712	0.500000
3.994098	3.472083	0.530749	0.500000
4.995443	3.449368	0.528407	0.500000
5.987610	3.426054	0.692572	0.500000
6.987762	3.435967	0.697352	0.500000
7.993858	3.435238	0.678362	0.500000
9.000046	3.426278	0.651401	0.500000
0.493810	4.299837	0.516605	0.500000
1.500471	4.305900	0.685536	0.500000
2.488669	4.315987	0.518305	0.500000
3.480496	4.315224	0.696272	0.500000
4.500950	4.337778	0.504876	0.500000
5.505305	4.307610	0.694037	0.500000
6.497708	4.289990	0.504081	0.500000
7.502791	4.292254	0.518536	0.500000
8.504476	4.297045	0.521723	0.500000
9.500474	4.294183	0.667941	0.500000
9.985590	5.163561	0.513612	0.500000
0.972161	5.175902	0.683213	0.500000
1.978651	5.176934	0.524374	0.500000
2.982823	5.187634	0.640212	0.500000
3.981607	5.180881	0.694750	0.500000
5.014352	5.180647	0.692427	0.500000
6.003971	5.159882	0.529361	0.500000
7.008064	5.155159	0.667739	0.500000
7.994821	5.164727	0.502640	0.500000
8.982293	5.161008	0.684008	0.500000
0.481894	6.038941	0.519985	0.500000
1.486860	6.041919	0.677089	0.500000
2.493521	6.057926	0.697745	0.500000
3.479517	6.047785	0.504504	0.500000
4.494430	6.041114	0.677368	0.500000
5.527969	6.040619	0.681694	0.500000
6.517693	6.032744	0.521205	0.500000
7.511424	6.024641	0.670512	0.500000
8.500684	6.028582	0.517634	0.500000
9.490562	6.033027	0.694206	0.500000
9.976166	6.907626	0.675178	0.500000
0.997127	6.918707	0.682602	0.500000
1.987893	6.901304	0.500155	0.500000
3.017052	6.917489	0.688929	0.500000
4.025441	6.912100	0.500579	0.500000
5.018166	6.906459	0.697374	0.500000
6.010377	6.900809	0.502348	0.500000
6.992454	6.898175	0.695484	0.500000
7.982218	6.892097	0.504919	0.500000
8.975500	6.897121	0.682080	0.500000
0.475351	7.778394	0.694985	0.500000
1.485588	7.777343	0.509540	0.500000
2.511967	7.782266	0.641129	0.500000
3.507226	7.776687	0.517779	0.500000
4.499336	7.778034	0.675001	0.500000
5.490290	7.767073	0.503615	0.500000
6.476619	7.768277	0.690464	0.500000
7.470180	7.756501	0.505774	0.500000
8.470350	7.764597	0.552968	0.500000
9.470360	7.768011	0.553694	0.500000
