400

6.569188	4.402528	0.981297	0.500000
6.496871	8.663565	3.435002	0.500000
5.814047	5.206022	2.443244	0.500000
2.511238	7.156834	3.480477	0.500000
4.775761	3.472268	0.500056	0.500000
0.831199	10.232153	1.431833	0.500000
7.519200	6.652199	0.776663	0.500000
6.461988	7.316868	3.200541	0.500000
8.565422	8.510888	0.523216	0.500000
3.464682	9.650718	0.709224	0.500000
1.175241	5.690506	3.262476	0.500000
2.061714	9.743554	1.523925	0.500000
5.505123	5.991605	1.845361	0.500000
10.252438	8.041841	3.362535	0.500000
3.328481	6.614424	3.153121	0.500000
5.021728	8.138705	0.573728	0.500000
2.227659	6.177416	0.774735	0.500000
5.232781	10.627232	3.468103	0.500000
9.076255	2.493972	3.464673	0.500000
4.190453	8.101288	1.426162	0.500000
0.083196	11.053038	1.481158	0.500000
10.191914	0.549752	1.225441	0.500000
7.161073	4.263504	2.349920	0.500000
8.869703	3.117576	0.545397	0.500000
9.268432	8.508198	1.413381	0.500000
3.036986	9.609939	3.472670	0.500000
3.815052	3.558500	1.999036	0.500000
8.957426	7.603564	1.976742	0.500000
2.752919	10.451252	1.373851	0.500000
0.932566	8.975052	1.915911	0.500000
5.561509	7.068339	2.814343	0.500000
0.002812	2.145350	1.447989	0.500000
4.319023	5.990639	0.651655	0.500000
10.676861	3.430840	0.522168	0.500000
9.215925	7.208170	1.044594	0.500000
9.846566	10.697836	2.515885	0.500000
3.947690	6.667216	1.422587	0.500000
9.274013	0.533371	0.606722	0.500000
1.555014	5.149084	0.547509	0.500000
4.693076	3.027167	2.372829	0.500000
8.346307	7.288282	0.500562	0.500000
6.351606	5.211143	3.485406	0.500000
9.200304	11.213058	1.889646	0.500000
8.961637	9.513171	0.633851	0.500000
1.841772	3.848206	2.403638	0.500000
10.262913	9.784419	2.484243	0.500000
5.662277	9.868870	1.339265	0.500000
10.907995	0.134471	0.648434	0.500000
4.624920	6.511171	2.414334	0.500000
6.771695	0.284929	1.689285	0.500000
8.188205	10.851634	2.313266	0.500000
3.514113	7.255198	0.618071	0.500000
4.486894	7.000666	0.523479	0.500000
1.309340	10.090566	2.354535	0.500000
8.556615	0.765932	2.559278	0.500000
9.958175	5.834560	1.224792	0.500000
2.565105	10.065022	2.345461	0.500000
10.594579	3.956263	1.491423	0.500000
3.311187	2.980525	3.483947	0.500000
9.938811	6.951396	1.741722	0.500000
10.252638	7.335395	0.843027	0.500000
1.066610	1.647982	3.420815	0.500000
5.862145	8.126450	2.680536	0.500000
6.460813	6.902479	1.094146	0.500000
4.256647	8.956055	0.561522	0.500000
11.172542	5.987512	3.319919	0.500000
10.573607	2.810586	1.586790	0.500000
0.542841	10.699602	0.556523	0.500000
8.304743	5.637713	3.497759	0.500000
11.202469	3.973251	3.379265	0.500000
7.844106	9.757408	0.768453	0.500000
2.755498	8.938859	1.240469	0.500000
2.615940	3.407220	0.696881	0.500000
8.500008	6.362881	0.919342	0.500000
7.119005	3.696280	1.439310	0.500000
4.817830	9.686879	3.311672	0.500000
10.542800	6.858426	3.074530	0.500000
2.322638	3.978711	1.493159	0.500000
8.879797	5.652616	2.503880	0.500000
7.436034	9.275712	3.100748	0.500000
4.589989	2.504382	0.860216	0.500000
9.951333	2.741327	2.600099	0.500000
6.355103	11.016523	3.456322	0.500000
7.122493	0.334592	3.489887	0.500000
2.598499	4.830008	0.533042	0.500000
6.959022	6.126420	3.447174	0.500000
8.115945	6.422294	2.505419	0.500000
0.671718	3.985916	2.590431	0.500000
2.851941	8.882904	2.243245	0.500000
0.033561	9.330322	0.623997	0.500000
7.952925	8.002024	1.419492	0.500000
1.935789	2.983334	1.901167	0.500000
0.518839	8.129724	2.445759	0.500000
4.680739	6.442720	3.424427	0.500000
7.615065	10.710158	1.428579	0.500000
10.336929	5.156870	0.517000	0.500000
1.855135	4.861963	3.255575	0.500000
7.387251	1.804415	2.217132	0.500000
6.934623	7.819738	2.396577	0.500000
7.535468	4.603243	0.563497	0.500000
10.157162	5.923195	3.422331	0.500000
11.007156	9.888998	1.618090	0.500000
4.577460	2.023677	1.864221	0.500000
10.899371	8.811480	3.349744	0.500000
4.907045	4.020088	2.497375	0.500000
3.762249	3.054972	0.692548	0.500000
4.683482	9.812586	2.177745	0.500000
9.017859	10.932669	3.231105	0.500000
8.960789	4.818448	3.348632	0.500000
10.855121	6.516063	1.643549	0.500000
4.013578	10.602300	3.224985	0.500000
7.239013	7.954122	3.454999	0.500000
9.934069	11.220532	0.532920	0.500000
5.290690	5.238118	3.419192	0.500000
1.278365	1.871664	1.387523	0.500000
3.946551	8.743015	3.399275	0.500000
2.477191	1.309682	1.221941	0.500000
4.388706	0.371088	0.589423	0.500000
9.157493	10.490071	0.509892	0.500000
11.056037	10.372594	3.223130	0.500000
1.298781	6.357878	2.269499	0.500000
0.159723	8.538327	1.312437	0.500000
10.852734	5.485766	2.030813	0.500000
10.844817	1.145921	0.551946	0.500000
3.772118	1.140788	3.256461	0.500000
5.433693	6.123097	0.569170	0.500000
8.581675	1.309554	0.582513	0.500000
3.776882	1.572977	2.280610	0.500000
10.722647	2.030092	2.208217	0.500000
5.663288	10.140524	2.345677	0.500000
0.360382	3.188497	0.554761	0.500000
7.367945	1.793161	0.827181	0.500000
9.492445	9.241112	3.471028	0.500000
9.966511	1.987334	3.258900	0.500000
4.556488	0.763467	2.329656	0.500000
5.583551	7.173536	0.650193	0.500000
9.498562	1.003172	3.454593	0.500000
11.177972	0.763538	1.454168	0.500000
9.892688	6.118583	2.452414	0.500000
10.483546	0.880860	3.308400	0.500000
1.095900	7.992636	1.545330	0.500000
4.865265	7.164456	1.481780	0.500000
5.857361	6.112383	3.343845	0.500000
5.399599	8.990433	2.356081	0.500000
10.399002	1.917254	1.145070	0.500000
9.829642	0.292900	2.557714	0.500000
2.830917	6.186673	1.610988	0.500000
5.888929	5.214450	1.061540	0.500000
1.066056	6.154418	0.667125	0.500000
0.211842	4.728118	1.714940	0.500000
8.970444	10.133307	2.557025	0.500000
5.771060	8.915621	0.510236	0.500000
2.542690	2.205983	2.103026	0.500000
3.619141	9.535593	2.590697	0.500000
5.630824	2.161237	1.548607	0.500000
5.614461	1.177767	3.443417	0.500000
3.099251	4.210080	3.481711	0.500000
8.729021	8.699755	2.526013	0.500000
8.277541	0.382938	3.475491	0.500000
3.800633	0.954805	1.429124	0.500000
7.564451	6.931818	3.495947	0.500000
9.777693	3.870105	2.411191	0.500000
9.060507	6.542181	2.005882	0.500000
7.958211	4.283518	1.637257	0.500000
6.516583	6.500249	2.568453	0.500000
4.947425	2.247900	3.421587	0.500000
10.747084	11.332925	2.389935	0.500000
9.969451	10.168700	3.388389	0.500000
4.964482	9.714501	0.508763	0.500000
6.736394	1.043269	0.576027	0.500000
8.178375	2.351986	0.621359	0.500000
0.855098	4.736247	3.301145	0.500000
5.365100	4.339952	0.553853	0.500000
2.791135	8.385965	3.312202	0.500000
5.336811	1.632640	2.400568	0.500000
8.565994	4.538375	0.751690	0.500000
7.577709	1.021534	2.875353	0.500000
7.940315	7.690623	2.503540	0.500000
9.569317	1.550080	0.508846	0.500000
7.708921	6.978922	1.765748	0.500000
5.891059	9.760427	3.387327	0.500000
0.380450	3.145181	3.438030	0.500000
6.107181	2.078900	3.400969	0.500000
4.310731	1.469887	0.545107	0.500000
4.762438	11.100493	2.629596	0.500000
8.976552	3.080694	2.557528	0.500000
8.727852	10.315297	1.504531	0.500000
7.154501	5.071536	1.593010	0.500000
10.096320	7.993592	1.708089	0.500000
1.149806	3.070872	2.782445	0.500000
9.669590	7.369744	2.729106	0.500000
3.964649	7.423157	3.375190	0.500000
1.240016	11.372995	0.881888	0.500000
6.315402	2.135527	0.664221	0.500000
9.130731	5.466082	0.586917	0.500000
6.148597	10.328234	0.504379	0.500000
1.361309	2.056904	2.516993	0.500000
0.141804	6.704370	0.573452	0.500000
8.144174	11.109806	0.523837	0.500000
5.187696	11.439169	1.425613	0.500000
9.712245	8.505469	2.540545	0.500000
10.722946	4.263864	2.542702	0.500000
6.400753	1.735410	2.447584	0.500000
11.312021	7.254030	2.425878	0.500000
7.940952	9.805411	2.229791	0.500000
0.017459	1.232792	3.469622	0.500000
0.478106	0.607355	0.602899	0.500000
7.992673	3.585648	0.657319	0.500000
7.546729	8.502817	0.602154	0.500000
6.291295	4.263779	3.045487	0.500000
9.537842	3.266866	1.335114	0.500000
4.892850	8.942386	1.384835	0.500000
9.746574	5.083853	2.722977	0.500000
2.487279	5.225976	1.461485	0.500000
3.191932	8.088785	1.581215	0.500000
8.441889	3.382347	1.655687	0.500000
6.615247	1.522764	1.492968	0.500000
9.177646	2.204168	1.331248	0.500000
0.205104	10.463073	2.416229	0.500000
2.712381	4.729817	2.329779	0.500000
9.045634	8.069803	3.315886	0.500000
0.839309	5.385693	2.283480	0.500000
5.475992	1.495320	0.529296	0.500000
0.610332	1.741068	0.607819	0.500000
6.676017	1.234759	3.460858	0.500000
1.996332	2.179628	3.465219	0.500000
3.853909	10.030939	1.579245	0.500000
4.263136	5.485244	1.564646	0.500000
3.342897	0.318563	2.267320	0.500000
11.239442	0.146418	3.404867	0.500000
0.209105	1.654515	2.337145	0.500000
10.530283	3.131429	3.366028	0.500000
5.506255	3.162658	3.442639	0.500000
7.164477	9.448868	1.682170	0.500000
9.916472	1.442541	2.043680	0.500000
3.729875	2.080201	1.279232	0.500000
3.608210	5.466975	3.355925	0.500000
1.215614	0.619338	2.870745	0.500000
1.234894	9.900172	0.543096	0.500000
8.935834	5.193197	1.546549	0.500000
7.171431	10.469738	0.557632	0.500000
6.501506	2.760714	1.778745	0.500000
7.226706	5.807323	2.400984	0.500000
3.222824	6.057221	0.573620	0.500000
10.038135	4.852235	1.521654	0.500000
1.981581	8.415259	0.828088	0.500000
7.130510	2.301622	3.363031	0.500000
5.235892	10.941184	0.512026	0.500000
3.941214	2.167077	3.405364	0.500000
8.112989	8.482434	3.373297	0.500000
11.144191	4.441859	0.707116	0.500000
1.072107	4.113785	0.765056	0.500000
8.892315	4.374165	2.418849	0.500000
4.983464	1.061670	1.379634	0.500000
2.117298	2.458357	0.556092	0.500000
9.205075	4.222164	1.467197	0.500000
5.723982	0.695127	1.995956	0.500000
4.835708	10.500413	1.435927	0.500000
2.391586	5.931038	3.486934	0.500000
3.558544	5.092857	0.661874	0.500000
1.193791	7.396306	2.565480	0.500000
1.854743	8.018981	3.467396	0.500000
6.485448	7.856112	0.683623	0.500000
3.705494	2.617008	2.438707	0.500000
7.596385	8.681581	2.275446	0.500000
4.265441	10.672753	0.587110	0.500000
5.734978	2.767351	2.452674	0.500000
8.286158	0.353686	1.590893	0.500000
10.958135	5.936509	0.751847	0.500000
10.829426	8.283283	2.462877	0.500000
5.292035	4.207295	3.470509	0.500000
3.490968	8.296199	0.580295	0.500000
4.435039	0.182258	3.492286	0.500000
11.128076	2.384815	0.508823	0.500000
3.339282	0.146531	3.280132	0.500000
3.080983	3.072909	1.520780	0.500000
3.048423	1.967736	0.506249	0.500000
8.233283	4.046859	3.227425	0.500000
6.600381	9.132846	2.505134	0.500000
0.101837	3.277352	1.645852	0.500000
9.914758	9.113248	0.769330	0.500000
11.248618	9.527786	2.660977	0.500000
0.781069	7.936051	3.457639	0.500000
2.800093	1.224036	2.334524	0.500000
4.896535	7.700879	2.341169	0.500000
6.691823	9.334005	0.770412	0.500000
3.473126	4.359288	1.451829	0.500000
6.862571	5.752970	0.507784	0.500000
3.255990	10.798000	0.505736	0.500000
4.386321	8.661097	2.376506	0.500000
1.056985	7.352575	0.553848	0.500000
0.706227	6.887210	1.576484	0.500000
8.251524	3.055705	3.398485	0.500000
6.130798	11.132641	1.175522	0.500000
1.739332	9.285625	2.846718	0.500000
8.377243	9.181402	1.494906	0.500000
6.503451	5.959267	1.547428	0.500000
2.734247	0.101571	1.480445	0.500000
5.643599	0.484651	0.610994	0.500000
10.175817	10.906635	1.519120	0.500000
1.981396	10.779597	0.515713	0.500000
6.419412	0.421634	2.675378	0.500000
11.017421	0.855532	2.462611	0.500000
2.309887	0.400469	2.982029	0.500000
0.254998	5.902656	1.469680	0.500000
7.831583	10.909453	3.271429	0.500000
6.063877	3.169865	0.556584	0.500000
3.487305	5.783729	2.371093	0.500000
9.796974	2.650298	0.537365	0.500000
9.613289	3.682643	3.471274	0.500000
7.490558	0.986404	1.546679	0.500000
7.384350	0.062081	2.459594	0.500000
7.743196	0.711686	0.577547	0.500000
6.291946	3.701245	2.094389	0.500000
2.283838	9.541261	0.516171	0.500000
1.983879	8.314631	2.435459	0.500000
1.609997	6.634701	3.230319	0.500000
1.750211	1.151919	2.102033	0.500000
3.422007	10.640595	2.266255	0.500000
2.494770	6.609396	2.536742	0.500000
3.120895	0.813291	0.618533	0.500000
5.986184	11.111083	2.168062	0.500000
0.994881	11.130074	3.374874	0.500000
8.244248	2.374592	2.546451	0.500000
11.191053	7.651398	3.495958	0.500000
7.432552	4.999343	3.459340	0.500000
8.474533	1.668513	3.395827	0.500000
11.038836	2.999754	2.485093	0.500000
0.602207	10.091710	3.439292	0.500000
7.606455	3.303715	2.252359	0.500000
3.794102	4.084568	0.542944	0.500000
2.028717	0.572976	0.515197	0.500000
3.866706	7.320652	2.353271	0.500000
8.354399	1.594572	1.710096	0.500000
7.867746	5.559699	0.542019	0.500000
1.539670	4.688195	1.852325	0.500000
6.658104	10.298441	1.486530	0.500000
10.581323	8.984847	1.680142	0.500000
9.233786	2.045201	2.503049	0.500000
4.585423	5.002487	0.522114	0.500000
5.254909	3.373650	1.405990	0.500000
3.016315	3.450797	2.595593	0.500000
2.882334	7.623065	2.664064	0.500000
0.487596	0.020047	2.453029	0.500000
3.751805	4.785160	2.463575	0.500000
7.001820	10.108319	3.495261	0.500000
8.088897	4.962109	2.637171	0.500000
8.293020	9.939039	3.283087	0.500000
0.918546	2.718546	1.858482	0.500000
3.005671	10.630024	3.421321	0.500000
4.138135	3.645477	3.360287	0.500000
4.492094	4.259887	1.535927	0.500000
2.192694	3.655217	3.437175	0.500000
5.697065	8.169821	1.549560	0.500000
1.607662	1.519097	0.503535	0.500000
9.591006	4.483941	0.526788	0.500000
4.907642	7.795350	3.359431	0.500000
5.583552	4.423280	1.622947	0.500000
3.029860	2.087886	2.997029	0.500000
2.337337	7.439385	1.580185	0.500000
4.304687	4.634248	3.296361	0.500000
1.873111	11.250779	1.997965	0.500000
0.095216	7.785844	0.568303	0.500000
10.608386	4.986781	3.448680	0.500000
2.096455	5.695433	2.346298	0.500000
0.597496	6.651258	3.472425	0.500000
1.900264	10.266896	3.435999	0.500000
10.190706	10.193578	0.687466	0.500000
0.906690	8.380735	0.513642	0.500000
9.199554	0.843830	1.563978	0.500000
4.192766	11.417097	1.622672	0.500000
1.402309	3.177029	0.980008	0.500000
10.972731	2.137352	3.173908	0.500000
6.128115	7.242114	2.000752	0.500000
6.729143	3.126359	2.850887	0.500000
0.528837	5.264379	0.664771	0.500000
9.541054	8.012206	0.544344	0.500000
7.879519	2.464253	1.573496	0.500000
3.681789	8.984215	1.680798	0.500000
6.987383	0.052881	0.596412	0.500000
7.855942	5.974353	1.602497	0.500000
9.696452	6.519867	0.500474	0.500000
9.564035	9.567588	1.616398	0.500000
10.716966	8.483914	0.713315	0.500000
0.182397	6.297485	2.396221	0.500000
11.412285	4.993667	2.764734	0.500000
10.204383	11.345062	3.487059	0.500000
7.222762	2.876785	0.722941	0.500000
4.764823	5.063541	2.463790	0.500000
11.163754	7.522228	1.463150	0.500000
0.774632	0.803955	1.611844	0.500000
1.493786	5.619644	1.464716	0.500000
0.465954	8.962991	3.199116	0.500000
9.316124	6.496041	3.386955	0.500000
7.003002	10.360576	2.501442	0.500000
7.000092	8.401221	1.459907	0.500000
2.713495	1.193122	3.498416	0.500000
2.068657	7.137236	0.524362	0.500000
5.420647	8.689819	3.449113	0.500000
8.551209	7.161955	3.165546	0.500000
