400

10.183921	8.424726	0.590884	0.500000
2.771239	3.373857	0.680917	0.500000
7.980124	7.526076	3.374854	0.500000
10.747798	2.566219	0.520338	0.500000
4.858795	4.694306	1.776781	0.500000
0.995627	4.654728	2.972627	0.500000
7.254861	2.542427	3.123570	0.500000
0.120779	9.825255	0.669623	0.500000
0.206321	7.936926	1.797426	0.500000
0.328934	6.373461	2.506716	0.500000
1.204487	1.951935	1.411670	0.500000
4.963184	5.688192	0.586229	0.500000
1.799361	6.278098	1.226277	0.500000
1.124790	3.009396	1.425709	0.500000
10.682423	1.279603	3.425697	0.500000
2.700221	4.060668	3.432096	0.500000
5.884520	8.322539	0.942126	0.500000
5.587789	2.440134	3.490107	0.500000
10.738900	3.995777	1.667475	0.500000
1.671302	3.073112	0.523015	0.500000
9.684865	9.915282	2.418492	0.500000
0.054953	3.096929	2.425016	0.500000
9.262662	3.093240	3.398670	0.500000
8.054542	2.681908	1.901469	0.500000
0.596683	7.919404	3.494173	0.500000
5.436146	4.269324	2.611616	0.500000
9.125282	0.484374	2.593146	0.500000
10.271882	5.516434	3.391911	0.500000
5.329842	11.031198	2.747797	0.500000
10.932719	5.330936	2.542677	0.500000
4.157648	1.808061	3.483099	0.500000
10.538852	3.384605	3.368857	0.500000
8.958817	6.522099	0.813278	0.500000
10.698133	2.862182	1.669355	0.500000
8.042313	8.841402	3.327499	0.500000
7.859468	5.920602	2.507055	0.500000
5.755493	0.606475	2.500289	0.500000
11.385437	11.024007	2.527926	0.500000
0.725018	6.758142	1.576744	0.500000
4.973662	5.934072	2.847530	0.500000
9.091823	9.587328	3.352416	0.500000
4.844478	1.685696	1.164734	0.500000
6.757999	9.247721	3.425965	0.500000
8.957939	4.953191	3.486586	0.500000
2.995100	10.242281	2.559212	0.500000
8.209099	6.034271	3.487202	0.500000
7.276572	4.156220	1.385926	0.500000
2.718367	1.363820	0.575449	0.500000
3.239670	0.909600	3.443938	0.500000
8.964665	4.949456	1.417779	0.500000
2.019019	0.028169	0.505432	0.500000
0.298594	6.256790	0.643395	0.500000
6.154947	6.355170	1.672151	0.500000
7.183311	9.066938	2.531434	0.500000
8.233642	6.527811	1.773127	0.500000
4.399136	3.648218	1.380399	0.500000
9.674858	9.399830	0.604411	0.500000
6.184643	2.453139	1.526224	0.500000
5.647897	4.270430	0.669823	0.500000
8.768666	7.649693	2.328656	0.500000
6.422870	0.335362	1.786537	0.500000
6.888140	6.242377	2.468057	0.500000
8.293712	3.111577	0.564202	0.500000
2.604280	1.180992	2.287226	0.500000
1.600559	11.047182	1.337121	0.500000
2.209464	6.490248	2.122515	0.500000
2.302060	5.535729	2.483779	0.500000
0.004761	3.309254	1.114170	0.500000
6.314704	8.117962	2.653915	0.500000
10.394033	9.650508	3.437305	0.500000
0.898147	8.376471	2.480700	0.500000
1.924401	4.339128	2.424283	0.500000
1.968537	1.515477	3.489711	0.500000
1.712159	10.243453	0.576713	0.500000
6.515360	3.208115	3.356379	0.500000
5.854391	9.024692	1.720151	0.500000
10.297099	6.317214	2.730839	0.500000
6.291850	1.291176	3.462337	0.500000
6.743315	3.449521	0.548578	0.500000
7.786335	7.801496	1.533853	0.500000
10.048497	3.397565	2.215815	0.500000
3.707146	5.511171	0.507873	0.500000
5.546994	3.513944	3.460152	0.500000
0.247391	5.394811	3.280120	0.500000
1.631384	5.388819	0.614473	0.500000
7.461273	7.421209	2.450762	0.500000
1.045496	9.050120	3.372035	0.500000
10.540053	4.295365	2.602738	0.500000
7.002989	10.376083	3.397085	0.500000
2.793937	9.268028	2.257336	0.500000
7.942331	0.071349	0.529779	0.500000
4.281162	7.121344	1.451034	0.500000
10.263199	0.103707	0.832047	0.500000
2.486682	2.357130	0.796136	0.500000
7.548769	9.540920	0.824712	0.500000
0.371766	7.318523	0.566357	0.500000
7.355487	11.104647	1.620601	0.500000
7.768362	8.359889	0.647185	0.500000
6.776816	8.169695	1.740527	0.500000
4.069626	7.732116	3.315837	0.500000
3.271768	6.875317	2.348516	0.500000
3.868361	10.885799	2.338096	0.500000
8.089615	3.603894	2.431508	0.500000
4.835481	2.200359	2.454320	0.500000
3.034094	6.643063	3.473791	0.500000
4.659702	9.358110	1.723934	0.500000
3.756009	3.790903	2.386805	0.500000
3.093196	4.913803	2.567295	0.500000
10.550957	8.087618	1.629618	0.500000
9.440218	7.596979	1.533366	0.500000
5.931320	10.153781	2.065553	0.500000
8.281574	7.326527	0.686552	0.500000
7.196262	0.246962	3.312544	0.500000
5.043738	7.160083	0.782214	0.500000
7.946160	6.225869	0.574100	0.500000
3.388034	9.510644	1.390409	0.500000
2.029625	2.486549	1.747104	0.500000
8.150874	1.267870	2.525048	0.500000
3.985401	9.253049	0.507154	0.500000
2.778810	10.385934	1.468263	0.500000
9.769631	10.942370	2.385233	0.500000
10.484953	4.934574	0.536180	0.500000
10.942950	7.860282	3.480855	0.500000
10.470424	3.621372	0.594855	0.500000
6.227966	4.432391	1.789055	0.500000
0.173383	3.514770	3.425843	0.500000
8.039782	1.090496	0.541162	0.500000
2.750254	2.399246	2.548395	0.500000
1.300796	0.605106	3.352587	0.500000
5.591699	5.250541	1.251674	0.500000
11.261313	4.871763	1.181823	0.500000
3.938877	9.624572	3.490704	0.500000
8.539907	5.166132	2.530063	0.500000
11.339101	11.271787	0.640902	0.500000
4.957860	10.429758	2.008574	0.500000
3.682871	4.629797	1.691896	0.500000
4.144381	6.730485	3.424507	0.500000
0.561391	0.141691	1.492478	0.500000
1.419649	7.475268	1.396059	0.500000
5.112020	8.527907	2.272717	0.500000
9.109334	1.670229	1.822338	0.500000
3.406758	3.407472	1.503413	0.500000
9.534337	6.941166	2.429171	0.500000
3.367681	7.591185	1.552851	0.500000
3.448853	2.557370	0.514591	0.500000
8.733908	10.689209	3.469905	0.500000
6.609696	1.366988	1.752559	0.500000
2.542928	4.799994	1.734514	0.500000
10.775536	5.927026	0.680706	0.500000
5.699194	0.213549	3.465238	0.500000
8.193730	0.568726	3.242074	0.500000
4.650984	10.411446	3.481431	0.500000
9.527824	5.041591	2.351793	0.500000
1.118076	10.595883	2.473507	0.500000
3.992230	8.450444	1.543567	0.500000
0.745012	10.702150	0.668824	0.500000
0.898546	3.745898	0.667203	0.500000
11.139550	6.784617	1.697239	0.500000
10.394074	11.212625	3.300127	0.500000
4.544024	0.111319	3.379415	0.500000
9.165503	6.080483	1.919822	0.500000
6.670505	4.564400	0.619605	0.500000
1.625604	1.425600	0.635932	0.500000
2.527299	5.850524	0.590381	0.500000
6.718926	5.144457	3.122053	0.500000
1.865193	2.943362	2.624824	0.500000
7.580837	10.104436	2.068154	0.500000
8.843936	8.232755	3.335243	0.500000
4.393673	7.790811	2.283187	0.500000
1.261586	5.838269	2.448163	0.500000
9.104088	2.780231	1.487686	0.500000
7.209370	6.346125	3.437446	0.500000
6.770304	5.296328	1.583237	0.500000
9.731380	2.267645	2.424863	0.500000
2.876744	7.633872	3.432742	0.500000
6.489227	5.716315	0.506280	0.500000
1.361131	7.130089	2.701038	0.500000
1.681196	5.923052	3.360831	0.500000
0.544593	1.378688	0.917613	0.500000
0.139070	7.335642	2.774534	0.500000
2.687267	4.482585	0.763822	0.500000
5.341130	7.361321	2.333925	0.500000
8.063291	3.091395	3.387758	0.500000
1.221160	6.722872	0.527332	0.500000
11.194798	10.532720	3.494299	0.500000
3.464289	0.187360	1.513186	0.500000
10.987053	1.664002	2.268449	0.500000
4.988723	6.419475	1.566348	0.500000
10.072989	9.094313	1.486246	0.500000
0.872329	0.161304	2.469716	0.500000
10.994331	6.635071	3.401845	0.500000
7.769151	8.880833	1.564306	0.500000
6.741990	2.328187	0.605181	0.500000
9.595875	5.570603	0.902115	0.500000
6.390626	7.116724	2.698417	0.500000
8.421623	5.136971	0.534657	0.500000
4.128814	0.995465	1.415986	0.500000
10.064856	6.489145	1.535889	0.500000
9.939279	1.302370	0.510568	0.500000
3.361933	0.564114	0.590067	0.500000
9.685202	4.222923	3.462982	0.500000
0.381163	4.198167	1.672720	0.500000
5.896154	3.053647	2.489258	0.500000
2.742595	3.608681	2.297505	0.500000
0.054715	0.263305	3.441161	0.500000
3.317358	8.917844	3.113079	0.500000
1.235945	2.837956	3.462720	0.500000
10.988056	1.576870	0.661421	0.500000
5.670697	2.585892	0.546429	0.500000
0.192155	2.392028	3.355339	0.500000
4.184113	8.824820	2.586694	0.500000
4.238469	7.763043	0.523183	0.500000
6.383249	4.201318	3.088442	0.500000
4.626189	2.494741	0.520970	0.500000
2.614975	6.951594	1.316943	0.500000
0.535868	10.380766	1.616190	0.500000
6.642541	11.170060	2.610314	0.500000
2.668547	11.318592	2.042546	0.500000
10.707386	11.327884	1.702037	0.500000
3.843699	1.639681	0.605675	0.500000
5.028985	9.686976	2.875198	0.500000
9.726002	0.933978	3.469613	0.500000
6.852721	7.923818	0.635924	0.500000
1.375075	0.806427	1.452442	0.500000
5.611563	4.906697	3.465965	0.500000
6.890634	6.636024	0.554245	0.500000
5.890621	9.806233	0.964208	0.500000
7.457304	0.805973	1.411180	0.500000
7.098162	8.145108	3.362659	0.500000
3.815624	10.519257	1.387793	0.500000
0.088769	2.310417	1.492037	0.500000
7.730156	4.844924	3.384978	0.500000
5.552431	0.223905	0.591541	0.500000
6.909061	1.336032	0.622054	0.500000
8.480113	3.785489	1.326845	0.500000
9.778240	4.121724	1.392829	0.500000
9.323178	4.427278	0.513764	0.500000
2.292221	8.889629	3.467501	0.500000
2.151048	7.886983	0.634134	0.500000
1.001009	3.627706	2.219350	0.500000
4.640346	1.227895	2.279043	0.500000
4.162744	6.592081	0.587967	0.500000
5.919631	6.225158	3.366640	0.500000
9.171151	8.268128	0.662506	0.500000
11.023453	4.574197	3.480331	0.500000
11.143546	8.937290	3.459590	0.500000
4.344538	2.875310	3.400993	0.500000
2.455368	0.624284	1.258233	0.500000
0.641632	1.152668	2.236079	0.500000
8.147582	1.648745	1.492758	0.500000
1.700164	4.340238	0.510973	0.500000
2.371452	8.741753	1.317605	0.500000
5.177374	6.898887	3.472592	0.500000
3.973184	2.275436	1.408957	0.500000
10.806661	7.462982	0.679513	0.500000
8.115319	5.545266	1.599398	0.500000
6.316655	2.112494	2.822056	0.500000
4.904924	3.479182	0.521717	0.500000
4.258639	4.596862	0.690134	0.500000
10.510906	10.149976	0.600215	0.500000
2.889716	9.800088	3.456476	0.500000
0.730606	2.320394	2.362599	0.500000
11.184867	0.636074	2.302922	0.500000
3.700678	10.816636	3.472504	0.500000
10.860300	10.331854	1.528603	0.500000
0.917355	5.729504	1.284295	0.500000
9.557461	0.169568	1.604409	0.500000
10.683830	9.367629	2.425671	0.500000
9.387577	3.410805	0.631424	0.500000
4.600808	0.054929	1.901230	0.500000
10.583556	10.402373	2.642638	0.500000
2.644817	5.647575	3.472933	0.500000
7.784701	2.146244	0.537277	0.500000
4.250180	5.596486	3.460489	0.500000
2.944819	11.100726	0.788366	0.500000
9.705708	2.390022	0.729778	0.500000
3.529740	3.487010	3.456276	0.500000
1.248254	10.087384	3.447368	0.500000
1.661986	1.791799	2.531846	0.500000
8.568523	10.410745	2.296109	0.500000
0.745037	10.961956	3.420805	0.500000
9.775333	8.821922	3.429847	0.500000
10.646922	2.420487	2.828559	0.500000
9.096901	7.134840	3.473464	0.500000
1.719561	3.756526	3.251177	0.500000
6.884460	0.105514	0.709199	0.500000
1.377155	4.906760	1.806665	0.500000
1.890747	0.380609	2.509115	0.500000
3.846371	9.767968	2.261659	0.500000
5.780114	10.962576	1.363003	0.500000
7.065128	3.135637	1.448137	0.500000
9.248993	6.144786	3.012206	0.500000
9.584481	2.039547	3.430482	0.500000
5.731088	9.173246	3.401583	0.500000
2.936213	1.911165	1.683689	0.500000
3.259558	7.028562	0.549238	0.500000
7.210529	2.041507	2.244515	0.500000
5.786393	6.515331	0.571397	0.500000
7.870863	4.051073	0.558322	0.500000
4.679600	3.408506	2.420476	0.500000
10.428821	5.441864	1.564553	0.500000
7.417421	5.255906	0.626824	0.500000
8.074450	11.342613	2.310605	0.500000
3.156859	1.929958	3.445746	0.500000
8.671659	9.074064	2.512778	0.500000
1.027354	0.346455	0.577024	0.500000
1.999714	3.573827	1.437872	0.500000
8.858531	1.870331	0.507169	0.500000
5.159145	1.168579	3.445784	0.500000
7.555081	1.547127	3.378946	0.500000
6.711165	8.971318	0.744147	0.500000
0.933359	9.346703	1.227200	0.500000
3.660478	1.636911	2.485296	0.500000
5.077517	2.759522	1.447219	0.500000
11.389966	9.102989	1.715927	0.500000
4.391235	0.001258	0.783335	0.500000
6.060854	10.354253	3.060362	0.500000
3.320972	8.350105	0.739302	0.500000
2.410454	7.381407	2.543395	0.500000
7.282478	6.174848	1.405289	0.500000
8.596931	0.649005	1.670249	0.500000
8.589897	9.145314	0.643735	0.500000
11.410547	4.138019	0.509628	0.500000
4.939544	10.444442	0.568216	0.500000
1.962277	6.951031	3.493086	0.500000
5.822865	5.498227	2.525862	0.500000
10.413466	0.924237	1.451720	0.500000
5.770238	3.527073	1.525268	0.500000
0.882610	1.520346	3.225944	0.500000
9.785920	7.905946	2.958464	0.500000
5.868637	1.304992	1.018774	0.500000
9.609171	8.582267	2.212620	0.500000
4.222561	5.504484	1.873212	0.500000
8.806124	8.553066	1.578256	0.500000
6.895305	7.137663	1.441474	0.500000
8.609988	11.068767	1.250047	0.500000
10.358635	1.936574	1.449460	0.500000
10.526697	7.302017	2.296634	0.500000
10.193867	0.528344	2.432007	0.500000
3.227068	6.110583	1.508261	0.500000
11.109347	8.916044	0.772480	0.500000
4.340609	6.608469	2.328709	0.500000
3.210369	8.033390	2.534450	0.500000
3.766209	2.752043	2.270355	0.500000
4.925606	8.109106	1.383271	0.500000
5.139643	9.120283	0.620836	0.500000
5.648645	1.647232	2.235277	0.500000
7.893715	8.346620	2.426552	0.500000
0.563278	8.299895	0.582535	0.500000
3.810566	0.567791	2.441918	0.500000
1.990449	10.958315	3.093055	0.500000
8.590904	2.395155	2.780003	0.500000
6.412779	10.613893	0.648696	0.500000
1.526799	8.704383	0.512189	0.500000
0.174535	10.003053	2.536274	0.500000
1.032903	9.425211	2.276303	0.500000
2.274080	8.351912	2.339902	0.500000
4.423600	3.977100	3.360038	0.500000
3.371545	10.199549	0.515871	0.500000
1.989611	9.890478	2.682291	0.500000
3.650846	4.662299	3.489371	0.500000
0.445663	2.438286	0.503875	0.500000
5.834633	7.717116	3.437094	0.500000
5.404128	0.597499	1.561336	0.500000
7.017274	3.606642	2.404262	0.500000
9.184345	3.986745	2.498999	0.500000
9.134752	9.543230	1.482414	0.500000
1.914488	9.846098	1.488789	0.500000
1.946968	4.837365	3.471708	0.500000
0.752567	6.520673	3.459877	0.500000
4.820982	8.582735	3.319930	0.500000
3.765314	3.560031	0.569091	0.500000
9.907352	6.799734	0.529923	0.500000
7.189839	0.971624	2.520788	0.500000
1.615269	7.905933	3.298178	0.500000
8.801850	1.353443	3.392184	0.500000
7.617088	4.852699	2.269316	0.500000
7.446966	10.621682	0.543018	0.500000
5.958956	7.487471	1.493051	0.500000
6.804703	9.933257	1.456411	0.500000
8.704150	3.951996	3.411644	0.500000
7.386078	3.862074	3.331201	0.500000
9.257472	0.570977	0.617221	0.500000
8.423049	6.750437	2.808609	0.500000
0.120981	4.253569	2.675413	0.500000
9.740045	10.424412	3.441240	0.500000
3.404137	5.911342	2.742818	0.500000
2.860641	11.369772	3.437383	0.500000
9.456998	10.936275	0.730473	0.500000
1.365246	8.475877	1.490245	0.500000
8.413649	10.143641	0.895336	0.500000
0.584397	4.955129	0.522977	0.500000
9.813340	10.306221	1.474695	0.500000
8.045756	9.903153	3.332091	0.500000
4.178571	4.676621	2.626395	0.500000
2.573070	2.854963	3.458755	0.500000
0.398378	5.252657	2.076220	0.500000
2.711749	9.410202	0.549177	0.500000
10.932289	8.399529	2.637252	0.500000
9.411477	11.424090	3.422154	0.500000
