400

6.578398	5.953373	0.693493	0.500000
3.755092	0.760641	2.519899	0.500000
7.881729	3.710670	1.577210	0.500000
1.702902	2.631520	1.570985	0.500000
3.483374	3.583872	0.729800	0.500000
1.182251	5.249192	2.596368	0.500000
2.324393	11.024838	1.613189	0.500000
3.712442	10.579420	0.528666	0.500000
8.601494	0.985267	2.234497	0.500000
3.231054	8.477184	3.458124	0.500000
6.195423	1.283314	1.528358	0.500000
1.860460	0.524377	3.481289	0.500000
1.368100	1.364373	3.067061	0.500000
3.899158	6.497586	3.457243	0.500000
9.432891	2.943761	3.432482	0.500000
5.213660	1.250012	2.850297	0.500000
2.417796	4.207936	1.258244	0.500000
5.303771	3.132966	2.714590	0.500000
5.023760	4.961494	2.480815	0.500000
2.358943	5.418954	0.573835	0.500000
2.333658	8.018200	2.042071	0.500000
7.357532	11.072294	1.639776	0.500000
7.204119	10.616014	2.880928	0.500000
6.277261	2.029631	0.623619	0.500000
9.927351	9.455474	3.370850	0.500000
1.860321	6.274787	1.316546	0.500000
10.061089	2.091157	0.730568	0.500000
9.840067	6.778023	2.747491	0.500000
10.710800	8.768758	1.758628	0.500000
0.231006	7.549724	1.506309	0.500000
4.785737	4.257997	3.157225	0.500000
10.026049	5.669325	1.596623	0.500000
10.093817	7.197909	0.697360	0.500000
0.136349	1.360297	3.329285	0.500000
8.001632	8.861513	2.505008	0.500000
8.220812	7.712229	3.314330	0.500000
6.933464	1.160257	3.414185	0.500000
11.061634	10.164984	3.370231	0.500000
10.875743	4.084366	0.516740	0.500000
7.194447	1.521952	1.499447	0.500000
7.122069	8.030147	3.430443	0.500000
5.576984	0.648149	2.055005	0.500000
3.748669	9.073352	1.598423	0.500000
8.642940	4.264853	3.379862	0.500000
9.258095	4.973485	1.670693	0.500000
6.675425	0.192469	3.267650	0.500000
5.231591	2.408192	0.600751	0.500000
1.083178	1.326206	0.565172	0.500000
8.681839	6.318263	3.455156	0.500000
3.431627	1.150630	3.469181	0.500000
2.737000	3.087767	1.597798	0.500000
3.177850	8.681112	0.576761	0.500000
4.923325	5.946425	1.279149	0.500000
3.162432	1.960514	1.235865	0.500000
8.272075	11.096296	0.583370	0.500000
7.503423	2.970466	2.448603	0.500000
1.934190	8.757795	0.612453	0.500000
8.545265	3.733513	0.679701	0.500000
5.511634	0.407849	3.368748	0.500000
8.225072	7.962657	1.363961	0.500000
9.707124	10.101259	0.522341	0.500000
6.056723	6.210023	1.632948	0.500000
0.978808	4.370456	3.157221	0.500000
2.680350	10.713282	0.648654	0.500000
2.584405	1.424416	0.529284	0.500000
10.808218	7.105276	2.456955	0.500000
1.208579	7.825653	2.318819	0.500000
0.188358	6.504251	3.483853	0.500000
6.325024	7.327658	3.455797	0.500000
6.937803	5.940862	2.915610	0.500000
2.760809	8.877694	1.471195	0.500000
10.702003	0.798534	1.543125	0.500000
4.441008	1.471708	3.456694	0.500000
0.583209	6.461983	0.745170	0.500000
0.545261	10.672467	3.474771	0.500000
5.566535	5.562935	0.546576	0.500000
4.498257	7.358724	2.542421	0.500000
0.164378	2.047931	2.548064	0.500000
6.574427	4.742358	0.799007	0.500000
3.062881	8.784867	2.432414	0.500000
9.386775	2.679839	1.185116	0.500000
5.999243	4.030753	3.117030	0.500000
4.775128	1.923513	1.454252	0.500000
0.237730	8.111446	2.458533	0.500000
1.833021	1.380668	1.242762	0.500000
7.063321	4.114333	3.404227	0.500000
0.901361	8.879080	0.518491	0.500000
10.179261	5.941513	0.586672	0.500000
9.635919	8.984652	2.421636	0.500000
1.633684	7.878614	1.252077	0.500000
3.649483	10.846412	3.197491	0.500000
1.916974	11.256643	2.502677	0.500000
9.928149	9.983954	2.385204	0.500000
2.292360	5.175224	3.168415	0.500000
6.425310	8.655469	0.518461	0.500000
9.525657	4.169559	2.815264	0.500000
10.382064	1.062772	3.397841	0.500000
7.713226	6.652710	3.465106	0.500000
5.550860	6.848965	0.629797	0.500000
5.576492	8.001363	3.378529	0.500000
10.524114	5.898169	2.601623	0.500000
0.859606	11.174190	2.270299	0.500000
5.520678	5.174928	1.571548	0.500000
1.943286	2.530065	3.128621	0.500000
3.242934	3.759272	2.650535	0.500000
2.359466	9.637930	2.302876	0.500000
3.835232	4.720667	2.569460	0.500000
6.598812	4.638486	1.802647	0.500000
5.631532	10.312205	0.538369	0.500000
11.308027	10.587245	1.355369	0.500000
7.576235	7.569345	0.583173	0.500000
4.945813	8.447211	1.488623	0.500000
8.878808	0.500790	0.675054	0.500000
4.428479	2.123204	2.623343	0.500000
9.266628	6.448391	0.816478	0.500000
2.309068	9.757184	1.282211	0.500000
1.657500	10.678484	0.500681	0.500000
6.446912	0.949983	2.490195	0.500000
4.047879	10.853265	2.221505	0.500000
2.259121	0.794091	2.522599	0.500000
1.106737	8.561139	3.410249	0.500000
0.597109	7.503086	0.572378	0.500000
1.087665	6.030251	3.332376	0.500000
10.466905	4.578803	2.415391	0.500000
3.623078	7.330973	0.552607	0.500000
8.899430	3.537681	1.595356	0.500000
9.360154	2.637942	2.324367	0.500000
0.032080	4.725731	2.569425	0.500000
11.343727	3.003178	2.776881	0.500000
7.118914	10.698762	0.521870	0.500000
10.835363	5.372866	3.448117	0.500000
7.505949	9.668141	0.553589	0.500000
8.133217	9.147517	1.404577	0.500000
9.771415	0.468776	1.364589	0.500000
1.537322	9.674479	0.523170	0.500000
4.021569	5.715686	0.533770	0.500000
0.579694	9.658545	3.354488	0.500000
1.676561	10.698620	3.481194	0.500000
1.531537	5.151714	1.440104	0.500000
7.793138	8.669000	0.553998	0.500000
0.189244	9.932664	0.537325	0.500000
0.848709	4.404508	1.807720	0.500000
7.292496	7.307848	1.619473	0.500000
10.689285	9.277601	0.521612	0.500000
7.405775	4.126292	0.529956	0.500000
8.031954	10.120107	3.429420	0.500000
3.520883	2.813481	2.463411	0.500000
3.327718	4.830071	3.446464	0.500000
0.931636	5.950199	1.666493	0.500000
6.300022	2.945986	2.326843	0.500000
7.967189	0.952110	3.401329	0.500000
5.642802	1.879159	2.172263	0.500000
8.587631	2.301111	3.349544	0.500000
9.808565	8.652733	1.099554	0.500000
4.490264	6.207680	2.699919	0.500000
6.345360	11.323838	0.717645	0.500000
0.255112	3.736950	3.461225	0.500000
1.864151	9.661165	3.298927	0.500000
8.112894	3.203673	3.385894	0.500000
2.500223	1.588136	3.297707	0.500000
10.949558	6.691763	0.522998	0.500000
7.670243	2.037523	0.526078	0.500000
8.915262	5.232179	3.135913	0.500000
11.309817	5.742343	0.569770	0.500000
5.745713	4.274112	2.178935	0.500000
4.552984	10.855950	1.033565	0.500000
5.918802	2.555185	1.481716	0.500000
7.655729	7.692046	2.477192	0.500000
4.247865	8.971167	0.664976	0.500000
4.210138	5.559821	1.970259	0.500000
9.580695	2.003176	3.109300	0.500000
7.683669	5.477914	3.481571	0.500000
7.710019	5.602443	0.647278	0.500000
3.391085	4.163242	1.677419	0.500000
1.050393	9.815593	1.460650	0.500000
10.202634	6.730187	1.599519	0.500000
6.590787	6.881183	2.484728	0.500000
5.142430	7.097084	3.451950	0.500000
8.253882	10.225606	1.418574	0.500000
10.552922	8.440826	3.015263	0.500000
4.408555	6.699011	0.541583	0.500000
0.781895	0.365265	3.411642	0.500000
9.590796	10.932987	2.587715	0.500000
3.234670	9.673542	0.813469	0.500000
11.150753	0.274876	3.443625	0.500000
4.670730	9.888112	0.540692	0.500000
1.695283	0.376965	0.650562	0.500000
2.289539	7.163421	1.511577	0.500000
0.041154	8.794098	3.394178	0.500000
2.282494	1.935073	2.358801	0.500000
3.470850	5.172345	1.418533	0.500000
10.979235	7.710779	0.605090	0.500000
3.621159	2.577695	0.525157	0.500000
3.177140	4.674572	0.531264	0.500000
2.861264	4.867235	2.170255	0.500000
6.153093	11.312529	2.447207	0.500000
10.117334	10.895122	1.576550	0.500000
9.283219	5.433487	0.575733	0.500000
10.397109	0.153475	2.768810	0.500000
3.960797	7.068048	1.508154	0.500000
2.250968	6.434756	3.416950	0.500000
4.247787	4.274950	0.529465	0.500000
0.526885	5.140572	1.107005	0.500000
0.224377	5.906052	2.666420	0.500000
8.148289	10.823721	2.328648	0.500000
5.061086	10.864929	2.358291	0.500000
1.440924	3.433307	3.388274	0.500000
9.960403	8.046955	2.288932	0.500000
6.945485	8.584515	2.616427	0.500000
10.805701	2.189638	3.474392	0.500000
9.311392	11.040326	0.540501	0.500000
3.284329	7.596490	2.220827	0.500000
7.027265	2.548250	1.534283	0.500000
1.636221	3.663359	0.563324	0.500000
1.635822	4.707773	0.542996	0.500000
9.606375	0.279258	3.450792	0.500000
10.775243	1.462546	2.480351	0.500000
11.380989	1.277601	0.619685	0.500000
9.618095	1.537906	1.881434	0.500000
2.680443	2.985219	0.519579	0.500000
4.055574	8.507046	2.866217	0.500000
0.195782	2.765935	1.777094	0.500000
8.247825	5.625469	2.427120	0.500000
0.478280	10.133099	2.393674	0.500000
5.612026	5.223552	3.368867	0.500000
8.813821	3.430302	2.631519	0.500000
5.177022	10.176894	1.620603	0.500000
10.192105	0.982153	0.510603	0.500000
4.885997	9.128798	3.462333	0.500000
6.373981	9.393399	1.192426	0.500000
0.635853	2.415435	0.666922	0.500000
9.268373	5.899354	2.288538	0.500000
5.306879	9.201871	2.119035	0.500000
7.425027	0.308068	2.429509	0.500000
6.624870	0.325518	1.680832	0.500000
6.768455	3.852924	2.449434	0.500000
9.370108	4.427461	0.793507	0.500000
2.787080	10.454305	2.712423	0.500000
1.288090	5.693403	0.553292	0.500000
11.295146	7.804542	3.395405	0.500000
4.557521	9.894274	2.464723	0.500000
5.642423	3.477549	0.980381	0.500000
4.927721	2.939286	1.782428	0.500000
9.852517	4.134971	1.721297	0.500000
1.939415	4.281025	2.136169	0.500000
0.785709	8.472868	1.565516	0.500000
6.252542	1.881674	2.967885	0.500000
2.958475	0.029457	2.317518	0.500000
2.147606	3.275857	2.423968	0.500000
5.228782	0.041211	0.513057	0.500000
1.110718	3.477966	1.416598	0.500000
3.283767	5.791870	2.937908	0.500000
4.226175	3.556589	2.489535	0.500000
4.713357	0.384325	1.450202	0.500000
10.328529	4.965165	0.828505	0.500000
9.969797	3.601977	0.757999	0.500000
7.629586	3.088350	0.708463	0.500000
1.891356	2.292403	0.621238	0.500000
3.268655	6.300666	1.052559	0.500000
1.156312	6.956632	1.737246	0.500000
1.310011	11.212749	1.358574	0.500000
1.189634	2.262148	2.364121	0.500000
2.491272	6.712056	0.559497	0.500000
3.788386	2.462639	3.459384	0.500000
9.060864	10.220711	3.343060	0.500000
2.808484	0.399127	0.679396	0.500000
6.707141	9.793935	3.485143	0.500000
8.177638	1.146667	1.306177	0.500000
11.229522	6.264081	1.817975	0.500000
2.166927	6.844740	2.470609	0.500000
11.423256	8.650916	0.902899	0.500000
2.403205	4.130928	3.357758	0.500000
5.478529	9.957068	2.980838	0.500000
8.564899	2.616757	0.610820	0.500000
3.041653	0.181119	3.392767	0.500000
9.034053	1.655779	0.794577	0.500000
3.893391	3.760343	3.431591	0.500000
6.437958	9.882751	2.437610	0.500000
0.903101	7.492942	3.409254	0.500000
4.410474	3.827532	1.436275	0.500000
10.913529	9.440081	2.690982	0.500000
9.450400	8.294783	3.203770	0.500000
9.573570	0.739298	2.496046	0.500000
10.186052	9.753220	1.376362	0.500000
5.913239	7.501952	1.664604	0.500000
5.621671	11.031565	1.347292	0.500000
9.172856	7.234040	3.462365	0.500000
1.713567	9.059352	1.729529	0.500000
0.278014	0.767014	2.482819	0.500000
3.733611	8.094423	1.349765	0.500000
4.509166	0.266187	3.191797	0.500000
9.913036	4.886901	3.489595	0.500000
9.753469	5.921759	3.269420	0.500000
3.233600	10.421142	1.597066	0.500000
1.205492	0.968077	1.930795	0.500000
5.544538	9.310139	0.597955	0.500000
10.521088	2.931335	1.612571	0.500000
4.609943	3.195059	0.500232	0.500000
6.973185	1.297553	0.530430	0.500000
8.972177	1.276517	3.490584	0.500000
2.618574	5.693706	1.657427	0.500000
6.107470	6.113177	3.451207	0.500000
10.948936	10.465529	2.363422	0.500000
4.037607	1.253036	1.600355	0.500000
6.042615	8.532822	1.828367	0.500000
7.542275	0.301301	0.819426	0.500000
11.121811	4.223903	1.511339	0.500000
6.149033	3.045612	3.397162	0.500000
6.762626	3.724148	1.415639	0.500000
8.427320	4.883487	0.643986	0.500000
4.271529	9.975729	3.442665	0.500000
10.691836	10.291825	0.521200	0.500000
5.333696	2.256977	3.251283	0.500000
8.031226	2.684695	1.552229	0.500000
10.804326	0.062542	0.646595	0.500000
3.101496	9.598054	3.175606	0.500000
6.671275	5.035842	3.461660	0.500000
4.192742	0.496562	0.515043	0.500000
2.053473	7.533761	3.245347	0.500000
4.966149	6.911739	1.542701	0.500000
9.134782	9.513484	1.433733	0.500000
6.236849	7.877810	2.596476	0.500000
3.445465	1.753861	2.355904	0.500000
11.207295	11.420249	2.127931	0.500000
5.477202	6.042674	2.448595	0.500000
6.509073	10.525340	1.666374	0.500000
5.799409	1.060526	0.634806	0.500000
11.409217	3.220613	0.873242	0.500000
1.480326	10.379440	2.256763	0.500000
6.234041	5.377030	2.448937	0.500000
7.452762	6.217468	1.592475	0.500000
8.821276	8.619963	0.787408	0.500000
3.943564	2.842944	1.460460	0.500000
10.100404	10.664737	3.479885	0.500000
7.446576	9.010139	3.373487	0.500000
0.769473	2.379398	3.366013	0.500000
6.197246	8.814599	3.345184	0.500000
7.228480	8.430276	1.512124	0.500000
8.462972	1.985658	2.153936	0.500000
4.576823	4.960363	1.232405	0.500000
10.997409	1.976653	1.489370	0.500000
6.721767	6.972067	0.634649	0.500000
1.497921	7.013585	0.542389	0.500000
0.574683	1.735693	1.400631	0.500000
4.572369	7.793039	0.752924	0.500000
6.168129	10.771074	3.470174	0.500000
8.675943	6.851188	1.636821	0.500000
4.358618	7.754823	3.489551	0.500000
0.465765	11.019623	0.512352	0.500000
4.969224	8.256843	2.473829	0.500000
1.002381	3.274921	2.417104	0.500000
8.001505	6.558564	0.822507	0.500000
3.325981	6.593392	2.166395	0.500000
5.539487	4.568993	0.660615	0.500000
2.124529	8.639416	3.310755	0.500000
9.318034	7.634810	1.435467	0.500000
2.022163	5.850933	2.469899	0.500000
7.577500	5.135069	1.554929	0.500000
0.540954	0.413329	1.369807	0.500000
3.573935	11.334239	1.283513	0.500000
4.369368	5.533063	3.477497	0.500000
11.028824	2.275005	0.511956	0.500000
0.444112	5.243524	3.403050	0.500000
8.550649	9.034040	3.499336	0.500000
0.429715	4.244471	0.619904	0.500000
8.735978	11.403749	3.047769	0.500000
0.874246	9.199082	2.359436	0.500000
11.299317	9.539881	1.487459	0.500000
3.095106	7.357104	3.401161	0.500000
10.200568	7.513734	3.348289	0.500000
2.699131	0.891325	1.617260	0.500000
2.877733	3.099922	3.357113	0.500000
8.589154	9.804002	0.538870	0.500000
8.813134	8.076204	2.205368	0.500000
10.602244	6.538585	3.419136	0.500000
7.411494	2.370785	3.493172	0.500000
8.261539	6.747395	2.568854	0.500000
4.182525	10.060010	1.517591	0.500000
5.890780	7.803769	0.602065	0.500000
4.870304	1.425395	0.516495	0.500000
7.340247	5.030754	2.572786	0.500000
8.449674	4.533330	2.123766	0.500000
9.196955	10.499754	1.698177	0.500000
8.567723	7.329464	0.508824	0.500000
11.032289	5.305437	1.537013	0.500000
8.710252	9.600444	2.353434	0.500000
4.877403	10.803915	3.482898	0.500000
7.815684	3.933798	2.628406	0.500000
7.597632	1.719116	2.670661	0.500000
0.380935	6.961571	2.399966	0.500000
8.669427	0.108650	1.701526	0.500000
10.540812	2.441609	2.534981	0.500000
10.590335	7.653036	1.597500	0.500000
8.577423	5.805038	1.302845	0.500000
6.555459	3.014390	0.600059	0.500000
10.375487	3.765136	3.493353	0.500000
10.221264	3.489683	2.534415	0.500000
2.620082	7.806447	0.676775	0.500000
7.755012	11.408797	3.440336	0.500000
7.577880	9.763465	2.167966	0.500000
