400

0.258152	11.240855	0.864835	0.500000
6.268589	6.552773	1.735349	0.500000
8.782251	8.538210	2.773815	0.500000
11.379298	9.967865	1.998933	0.500000
5.196729	2.999588	1.608344	0.500000
4.032631	1.200234	2.411889	0.500000
8.627807	5.320623	0.505922	0.500000
7.342618	9.812940	2.769657	0.500000
9.422737	5.773705	2.369954	0.500000
6.325751	7.492004	0.698229	0.500000
2.975064	3.923786	1.419007	0.500000
2.096803	0.720268	0.763048	0.500000
8.662109	6.392998	1.887652	0.500000
9.030652	2.342618	3.352386	0.500000
2.215309	6.805319	2.542280	0.500000
3.126587	9.183318	0.672986	0.500000
5.133688	7.686668	0.646023	0.500000
6.699319	4.419274	2.303653	0.500000
7.925505	2.531232	3.119921	0.500000
4.990223	6.064324	3.440877	0.500000
0.099138	4.909725	0.505599	0.500000
9.132607	10.251914	3.299743	0.500000
6.048965	9.645156	2.436457	0.500000
5.147355	1.125456	0.678852	0.500000
9.161118	10.337243	1.622316	0.500000
0.510060	10.522745	3.441876	0.500000
3.477657	1.022535	3.469314	0.500000
0.146865	5.616838	2.961759	0.500000
4.003731	9.690305	0.656470	0.500000
1.558494	11.226995	0.521163	0.500000
3.233877	6.666392	2.600199	0.500000
2.331780	1.466231	1.505447	0.500000
0.088516	6.010058	1.835848	0.500000
2.677394	4.257054	3.496375	0.500000
7.498572	10.923062	0.508250	0.500000
3.332201	2.163933	2.491568	0.500000
2.637924	3.304914	0.512986	0.500000
1.737012	3.324204	1.869173	0.500000
2.195174	4.216169	0.797687	0.500000
2.014404	2.489732	0.589594	0.500000
9.208683	8.227794	1.474041	0.500000
9.939704	2.379361	2.717119	0.500000
0.109965	1.512423	0.503440	0.500000
9.286683	7.847939	3.471376	0.500000
3.185780	4.565128	2.472544	0.500000
9.810920	8.778625	2.529377	0.500000
7.955447	6.898556	2.618822	0.500000
0.956935	1.128912	3.137641	0.500000
6.314680	6.331152	3.468345	0.500000
4.444047	0.272308	2.601193	0.500000
9.583825	9.203458	1.608863	0.500000
11.141472	7.935701	3.443886	0.500000
1.417452	8.231364	1.594060	0.500000
0.926373	10.158694	2.515946	0.500000
8.734501	10.867806	2.430012	0.500000
9.932105	3.767338	1.045582	0.500000
3.375322	8.121445	3.485345	0.500000
7.706638	4.496631	1.745217	0.500000
2.246618	2.067703	2.448728	0.500000
10.350973	8.702927	3.430862	0.500000
9.319452	6.277914	0.512851	0.500000
1.685575	10.761211	3.442807	0.500000
8.116840	10.226114	3.438461	0.500000
7.813414	5.561798	1.387653	0.500000
5.532194	9.880931	1.430315	0.500000
9.654143	8.646870	0.532428	0.500000
4.191311	10.750183	0.585135	0.500000
3.537652	10.080761	1.544055	0.500000
8.609496	7.859295	0.554027	0.500000
1.548367	5.314223	2.368846	0.500000
8.141772	9.221487	3.204468	0.500000
3.872806	9.364332	2.385795	0.500000
4.513224	9.844805	1.505191	0.500000
7.825363	4.881523	3.353414	0.500000
5.195590	6.576151	2.469415	0.500000
5.865702	0.594103	3.495544	0.500000
9.358203	5.978522	3.359621	0.500000
3.595968	0.237278	0.668660	0.500000
3.847840	1.479748	0.530346	0.500000
7.522765	8.043705	2.546154	0.500000
5.530749	2.458474	2.417161	0.500000
10.044092	5.068785	2.839441	0.500000
4.977266	3.000330	3.425581	0.500000
6.177039	8.507457	3.340780	0.500000
2.072065	7.085036	0.502057	0.500000
5.435315	4.309864	0.766058	0.500000
8.289449	5.950572	3.462411	0.500000
2.033417	5.117869	3.359704	0.500000
0.049346	9.950860	0.616515	0.500000
2.117536	9.120497	0.546007	0.500000
7.968360	9.218404	2.214914	0.500000
0.551644	1.996413	1.463569	0.500000
1.766204	7.278555	1.540823	0.500000
3.778189	8.332808	2.456740	0.500000
3.669452	7.974072	0.506798	0.500000
7.021941	3.204263	1.429746	0.500000
4.302527	2.473165	0.550277	0.500000
9.484103	0.651583	2.696042	0.500000
6.821442	7.580083	3.444034	0.500000
9.911731	2.153559	1.568610	0.500000
1.175656	7.344924	2.474316	0.500000
11.048733	10.406470	2.908312	0.500000
4.275469	2.618027	2.509806	0.500000
10.288966	7.282246	3.463203	0.500000
3.434413	5.294898	1.515774	0.500000
4.366208	6.150661	1.537397	0.500000
4.958361	8.660002	1.489669	0.500000
8.361600	0.699484	2.438516	0.500000
10.579921	5.677084	3.497091	0.500000
7.393011	6.416239	3.343308	0.500000
4.952096	3.595292	2.604294	0.500000
7.236812	8.725415	3.495478	0.500000
10.570942	3.422160	1.975542	0.500000
2.341546	3.978779	2.413771	0.500000
0.901420	0.558824	0.544367	0.500000
6.522225	9.610421	3.386826	0.500000
4.082896	4.039988	2.184521	0.500000
7.407875	1.257548	2.456364	0.500000
10.484580	9.628549	0.595144	0.500000
0.891006	10.597255	1.357183	0.500000
2.125932	10.297022	0.605621	0.500000
1.351464	8.428187	0.592724	0.500000
7.284066	5.342127	2.236483	0.500000
10.844928	3.663603	0.633820	0.500000
8.938736	11.249801	3.347861	0.500000
3.960444	8.950371	1.422320	0.500000
10.091618	10.673800	2.396228	0.500000
1.472945	2.197697	3.456352	0.500000
1.240498	2.052260	2.461579	0.500000
2.573469	2.129826	3.424070	0.500000
8.887556	3.820012	1.358886	0.500000
8.741893	2.320512	1.917874	0.500000
7.020876	6.548932	0.620571	0.500000
8.557011	7.013783	3.415116	0.500000
4.783818	1.818331	1.968794	0.500000
5.016594	5.350312	0.597314	0.500000
9.253046	2.173914	0.688443	0.500000
1.524667	2.293328	1.526687	0.500000
11.343982	7.176895	0.556656	0.500000
0.418236	2.342744	3.397544	0.500000
2.702107	9.052546	2.642072	0.500000
5.053027	4.136320	1.713684	0.500000
4.491122	5.076243	1.520316	0.500000
4.951682	10.378076	2.325442	0.500000
10.754633	2.174600	3.315978	0.500000
11.225244	3.337269	2.983214	0.500000
3.704288	6.053205	0.730855	0.500000
11.259367	4.694246	1.567155	0.500000
1.298494	6.335164	1.553051	0.500000
0.403441	6.903338	1.433333	0.500000
9.420744	7.690272	2.416798	0.500000
5.870646	6.472771	0.635183	0.500000
5.343644	2.307874	0.573980	0.500000
0.803439	8.092232	3.412086	0.500000
2.641154	5.771222	2.328377	0.500000
3.629886	5.293788	3.159410	0.500000
10.104746	6.506422	1.640483	0.500000
8.929991	0.061180	1.584177	0.500000
10.004289	0.172737	3.403641	0.500000
6.515762	1.134843	0.569773	0.500000
8.495377	7.731462	1.995973	0.500000
10.592547	7.401579	2.496046	0.500000
10.866272	7.232681	1.460976	0.500000
11.360198	2.650028	1.029871	0.500000
4.096138	7.018178	0.900310	0.500000
2.598121	5.335664	0.534581	0.500000
10.101496	0.857578	1.611473	0.500000
10.997295	11.395523	3.463876	0.500000
7.855554	9.056704	0.520461	0.500000
7.368670	3.627721	2.454236	0.500000
8.317037	10.237112	0.540751	0.500000
2.012753	7.912695	2.418106	0.500000
2.746821	6.058516	1.355088	0.500000
4.633808	7.007924	3.356544	0.500000
3.746908	11.127250	1.535513	0.500000
8.677076	4.742064	1.701951	0.500000
7.282585	1.776620	3.339433	0.500000
9.164730	9.565760	2.502914	0.500000
7.913184	0.138052	1.693889	0.500000
8.314186	5.603928	2.496160	0.500000
7.131818	9.170487	1.371396	0.500000
1.279698	6.215059	2.710657	0.500000
0.067345	3.807961	2.080586	0.500000
3.742204	2.088773	1.530043	0.500000
5.604261	11.028217	3.415934	0.500000
9.418449	5.555705	1.367371	0.500000
0.787747	3.154685	1.436529	0.500000
7.500464	3.483197	0.513953	0.500000
6.016219	10.777940	2.488112	0.500000
0.718625	3.512580	3.470821	0.500000
11.202901	8.233603	0.528098	0.500000
1.508879	5.622752	0.648707	0.500000
3.799488	10.722993	2.518536	0.500000
7.783415	6.812330	1.602959	0.500000
10.542937	1.732599	0.664677	0.500000
6.925912	4.398254	0.850272	0.500000
2.491822	0.285596	1.752592	0.500000
0.618571	6.245474	0.519250	0.500000
10.965613	1.085229	3.444583	0.500000
4.848442	10.826738	1.435393	0.500000
10.905386	9.551456	3.452474	0.500000
10.686218	4.339937	2.379839	0.500000
4.162994	4.177554	1.147437	0.500000
1.202284	4.596601	0.523788	0.500000
8.183787	1.083390	3.487225	0.500000
0.965107	0.067974	3.477504	0.500000
4.616740	0.273313	0.505147	0.500000
4.809693	6.388848	0.525279	0.500000
9.206327	9.781149	0.667039	0.500000
5.695346	4.528856	2.513102	0.500000
0.117441	7.795908	2.374069	0.500000
10.232208	10.414073	3.499684	0.500000
10.395857	6.732167	0.586065	0.500000
1.618602	9.911902	1.570504	0.500000
1.696363	9.207312	2.524639	0.500000
5.740204	2.112597	1.475252	0.500000
9.316134	1.109085	0.679465	0.500000
10.929431	0.599756	0.501468	0.500000
11.120539	8.830341	2.575963	0.500000
3.927096	1.938445	3.407728	0.500000
9.085573	4.652253	3.454978	0.500000
3.901504	3.094481	3.389342	0.500000
5.025837	3.342936	0.667142	0.500000
1.170533	9.732303	0.593788	0.500000
8.238809	1.417456	0.570456	0.500000
2.056451	5.223269	1.438507	0.500000
2.704077	1.539936	0.561574	0.500000
3.351575	4.198558	0.533681	0.500000
1.533033	0.013715	1.535989	0.500000
9.119643	10.839077	0.663980	0.500000
3.280090	0.197295	2.442537	0.500000
6.941375	5.511748	3.381282	0.500000
6.166343	1.541542	3.316540	0.500000
7.033011	7.662708	1.690960	0.500000
10.238269	2.706478	0.534964	0.500000
1.194113	3.827783	2.542654	0.500000
2.693783	3.213982	3.329722	0.500000
4.758835	4.443678	3.330625	0.500000
6.914038	0.266307	1.466076	0.500000
7.964376	4.546066	0.506508	0.500000
7.001275	6.351920	2.397835	0.500000
6.559015	2.300047	2.669755	0.500000
3.996347	7.868398	1.592499	0.500000
0.972214	7.190999	0.548643	0.500000
0.454195	2.741941	2.430900	0.500000
3.330933	9.307769	3.431495	0.500000
8.552208	9.037714	1.365559	0.500000
6.849563	2.093225	1.539834	0.500000
0.871022	4.577104	3.206793	0.500000
0.350143	6.671890	2.542854	0.500000
9.680909	4.501234	1.734449	0.500000
2.755702	2.752035	1.727978	0.500000
11.009126	2.375023	2.132985	0.500000
6.245232	11.414038	0.552887	0.500000
4.484730	1.027674	3.414085	0.500000
10.568260	5.471154	1.477740	0.500000
3.301736	1.114423	1.444149	0.500000
4.583203	10.759250	3.443393	0.500000
0.833443	7.068629	3.413614	0.500000
2.360000	8.687008	1.535897	0.500000
0.440128	9.071475	3.407080	0.500000
10.912727	11.187788	1.655937	0.500000
6.781840	5.693862	1.432615	0.500000
6.298932	3.232150	2.263386	0.500000
7.500323	10.748305	2.243670	0.500000
3.110366	6.892500	0.535221	0.500000
6.034208	2.910342	3.497232	0.500000
8.766990	3.084989	0.679492	0.500000
10.625150	10.917280	0.555591	0.500000
9.484679	9.229992	3.463451	0.500000
1.708801	3.891748	3.410613	0.500000
2.611845	9.706265	1.419834	0.500000
1.865538	2.993985	2.805823	0.500000
1.333758	4.193402	1.576932	0.500000
3.814089	3.198078	1.361841	0.500000
3.334128	3.243957	2.543760	0.500000
5.372039	0.052215	2.196310	0.500000
8.559439	3.165192	2.547907	0.500000
6.487383	8.732349	2.117365	0.500000
1.560231	3.411997	0.638539	0.500000
0.962402	8.517463	2.472564	0.500000
10.465075	8.247597	1.651513	0.500000
3.813940	6.345215	3.396446	0.500000
4.896651	0.644532	1.525674	0.500000
7.597297	7.404581	0.533294	0.500000
6.910669	8.466914	0.574479	0.500000
7.127938	3.080336	3.433877	0.500000
11.014131	5.913118	0.594026	0.500000
2.598876	11.189893	0.555623	0.500000
3.976199	7.345118	2.590184	0.500000
11.287295	6.626672	3.414039	0.500000
6.071609	9.118740	0.807131	0.500000
7.575198	10.158746	1.307820	0.500000
5.947426	10.246660	0.548624	0.500000
4.277902	8.606764	3.390614	0.500000
7.510671	0.713829	0.684403	0.500000
6.853664	9.711070	0.541524	0.500000
11.023358	1.313840	1.525426	0.500000
5.879486	10.821024	1.481631	0.500000
5.336215	1.124939	2.714874	0.500000
5.382090	9.671585	3.247389	0.500000
5.088362	8.035366	3.239901	0.500000
10.203168	1.391330	2.564824	0.500000
1.957641	8.858067	3.445550	0.500000
2.908293	10.049866	2.447833	0.500000
3.704454	11.396224	3.398511	0.500000
6.123182	3.722992	1.400637	0.500000
2.908110	7.173835	3.439247	0.500000
0.363347	1.502037	2.407245	0.500000
1.015707	5.166619	1.401558	0.500000
7.576943	2.464219	0.769552	0.500000
7.822833	0.022628	3.040238	0.500000
7.916450	1.753436	1.672073	0.500000
5.885896	8.241560	1.423273	0.500000
0.323279	0.444314	2.734160	0.500000
2.661625	0.113997	3.250269	0.500000
5.053053	7.603269	2.282719	0.500000
1.620053	0.318445	2.706567	0.500000
1.476849	1.035597	2.014048	0.500000
3.007994	7.997484	1.866830	0.500000
3.159277	10.357824	0.578013	0.500000
6.336607	1.409054	2.098369	0.500000
2.030817	0.981702	3.387007	0.500000
8.067209	3.136824	1.587714	0.500000
2.810538	6.001437	3.324170	0.500000
5.973652	4.850763	1.531574	0.500000
8.570827	1.704913	2.724316	0.500000
9.194343	3.392840	3.496136	0.500000
0.277375	10.897773	2.257869	0.500000
9.238070	4.366829	0.514097	0.500000
0.522102	3.700097	0.557602	0.500000
4.997869	9.314248	2.253972	0.500000
5.758854	7.244907	3.256923	0.500000
6.515665	2.260462	0.544541	0.500000
6.257073	5.440392	2.498630	0.500000
10.254065	6.435928	2.697881	0.500000
6.388632	0.406951	2.617782	0.500000
10.395572	0.219193	2.423904	0.500000
9.522670	3.882233	2.606085	0.500000
7.330924	5.572566	0.504493	0.500000
4.824789	5.224822	2.471600	0.500000
5.287065	2.030732	3.310679	0.500000
5.563161	8.500050	2.464719	0.500000
1.287544	1.546907	0.844601	0.500000
3.736818	5.826650	2.313030	0.500000
7.409912	2.628863	2.223871	0.500000
6.852003	4.083397	3.266018	0.500000
9.191545	6.748749	2.679257	0.500000
2.821346	1.212285	2.381794	0.500000
1.312709	9.642102	3.361082	0.500000
5.697507	5.048996	3.446164	0.500000
2.667153	10.734772	1.498065	0.500000
11.266494	4.374483	3.245779	0.500000
2.441257	8.024334	0.536205	0.500000
3.228191	2.396044	0.551444	0.500000
0.656068	4.642878	2.202526	0.500000
9.254024	7.137136	1.328443	0.500000
5.542590	5.750595	1.408551	0.500000
3.299516	6.979656	1.630363	0.500000
1.773063	6.641009	3.477500	0.500000
10.052887	5.525459	0.592218	0.500000
8.425801	6.772146	0.527199	0.500000
9.896948	0.231882	0.559551	0.500000
8.302104	4.335930	2.626963	0.500000
3.770451	4.245003	3.248642	0.500000
4.495097	8.766190	0.561119	0.500000
1.925868	7.666151	3.406152	0.500000
11.063132	9.088222	1.379469	0.500000
9.885699	11.143714	1.490807	0.500000
9.510205	3.156982	1.776283	0.500000
4.296099	9.612881	3.443635	0.500000
4.995616	9.846206	0.552541	0.500000
0.786178	9.289108	1.622634	0.500000
7.996417	3.604331	3.283083	0.500000
5.690572	3.879875	3.348087	0.500000
7.805851	8.204860	1.212836	0.500000
8.124832	8.023206	3.404392	0.500000
6.585359	9.984601	1.573092	0.500000
4.946953	6.982553	1.490332	0.500000
3.024366	10.547794	3.418702	0.500000
9.771332	7.590399	0.528455	0.500000
10.484842	4.664003	0.869934	0.500000
9.027892	1.173542	1.814205	0.500000
10.471850	10.204298	1.415030	0.500000
4.035999	5.099863	0.547938	0.500000
10.256858	4.211670	3.492580	0.500000
9.531622	1.351456	3.451719	0.500000
5.958999	0.770993	1.408511	0.500000
6.039491	5.293673	0.632771	0.500000
0.404798	8.136418	1.456745	0.500000
2.335680	10.854257	2.608200	0.500000
2.354292	9.784539	3.463151	0.500000
10.428900	9.530122	2.175753	0.500000
6.401872	3.305229	0.525196	0.500000
7.155942	0.641822	3.495292	0.500000
6.324589	7.764904	2.583787	0.500000
0.560411	0.470146	1.739568	0.500000
0.464462	9.003381	0.534687	0.500000
8.464932	0.399096	0.613920	0.500000
6.763939	10.697267	3.205122	0.500000
