400

4.588050	1.804232	3.109377	0.500000
2.483011	3.322071	3.166153	0.500000
0.067359	1.945627	1.645845	0.500000
9.097787	10.389085	0.608857	0.500000
10.379324	7.360841	0.526456	0.500000
4.973812	10.841897	0.758292	0.500000
11.925008	11.879900	1.925907	0.500000
6.799334	5.930369	3.378872	0.500000
2.553884	2.191208	0.512595	0.500000
8.984892	10.055260	1.602986	0.500000
4.787855	4.169166	3.205979	0.500000
10.038915	1.105910	3.219221	0.500000
5.839916	3.299853	2.127006	0.500000
9.412771	7.205456	1.207081	0.500000
7.206974	10.824325	1.927932	0.500000
2.603617	2.651288	1.705207	0.500000
3.982712	1.214337	2.221189	0.500000
5.621771	1.065289	2.418043	0.500000
8.716025	1.850507	1.815733	0.500000
7.496587	9.052517	3.471062	0.500000
7.954537	8.647464	0.635517	0.500000
11.897957	9.655319	3.403378	0.500000
7.138128	1.405952	2.635227	0.500000
2.109205	6.374016	0.527499	0.500000
1.806859	7.520530	3.456010	0.500000
0.012378	10.126633	1.060880	0.500000
9.660164	9.556797	3.324183	0.500000
12.617546	2.151442	0.590253	0.500000
9.840239	8.619720	0.526707	0.500000
0.009223	7.000719	3.453459	0.500000
7.532041	9.898331	1.646692	0.500000
8.504707	4.390573	1.694299	0.500000
7.013412	9.683926	0.803211	0.500000
11.989316	12.086489	0.569623	0.500000
12.858372	0.805355	2.388745	0.500000
3.826711	3.654506	1.335787	0.500000
12.326079	7.855450	0.807591	0.500000
1.376305	9.004867	2.465726	0.500000
7.178943	2.254180	0.524432	0.500000
6.712780	3.153399	1.306089	0.500000
5.596233	4.716233	2.466260	0.500000
10.218435	12.546067	3.484758	0.500000
4.206177	0.948847	0.578165	0.500000
3.175906	0.528457	2.381179	0.500000
4.377614	5.434454	3.361712	0.500000
5.348479	2.155259	2.293493	0.500000
10.974540	0.658864	3.483396	0.500000
3.365463	9.699026	0.514759	0.500000
11.513144	8.675983	1.859297	0.500000
11.378267	7.359203	0.602475	0.500000
0.193972	11.915062	3.469027	0.500000
1.680745	1.626031	2.444844	0.500000
12.413432	9.736526	0.545617	0.500000
1.556159	4.343926	3.479210	0.500000
7.862564	7.063095	2.957198	0.500000
4.570121	4.391257	0.543624	0.500000
6.229337	2.294672	2.855250	0.500000
3.883969	9.119548	1.632607	0.500000
5.391741	12.565027	2.816772	0.500000
7.524373	12.892750	2.630949	0.500000
1.656656	7.816653	2.272232	0.500000
9.396663	4.572442	2.701259	0.500000
0.172468	0.274042	3.405833	0.500000
3.706557	7.077219	0.509292	0.500000
8.982970	6.204805	0.699663	0.500000
11.706791	6.173577	0.501979	0.500000
2.373566	4.154500	1.577125	0.500000
8.094436	7.739879	1.177352	0.500000
5.844137	4.893693	0.590134	0.500000
6.748828	6.953300	2.602260	0.500000
2.205693	9.849992	0.507458	0.500000
6.701185	5.977536	1.167556	0.500000
12.017746	9.613493	1.861282	0.500000
11.693449	2.552810	1.389383	0.500000
4.780483	3.412141	0.881390	0.500000
10.969428	13.110102	2.702196	0.500000
11.863854	11.005460	3.408701	0.500000
8.611210	12.024581	1.616458	0.500000
4.033536	12.791353	1.053423	0.500000
4.720130	0.560211	2.480243	0.500000
0.517031	10.477476	1.950706	0.500000
11.117797	4.873696	2.679673	0.500000
5.653230	5.976342	1.308307	0.500000
1.031391	7.179047	1.626357	0.500000
11.429373	0.573533	0.524818	0.500000
7.779398	10.800246	3.006506	0.500000
0.658117	0.992215	2.756199	0.500000
1.358515	10.412519	2.583160	0.500000
0.596549	11.201426	2.762069	0.500000
0.322260	8.354093	0.691407	0.500000
9.245653	6.622360	3.318239	0.500000
4.644852	7.093449	2.761325	0.500000
8.893021	2.886350	3.449867	0.500000
8.596603	7.601396	3.493483	0.500000
9.509529	0.525229	0.595812	0.500000
8.750614	11.161489	3.424453	0.500000
3.576304	11.181102	2.451227	0.500000
10.152476	11.395140	3.432265	0.500000
10.677213	11.951509	1.641455	0.500000
6.803705	11.316000	2.796547	0.500000
3.022428	9.674145	3.196863	0.500000
3.050873	6.106318	1.182224	0.500000
5.892333	0.798307	1.347723	0.500000
2.540785	5.552255	2.589497	0.500000
4.375019	1.574031	1.373300	0.500000
8.254912	2.392413	2.850279	0.500000
12.341637	8.743176	1.291456	0.500000
10.702228	6.807315	3.332305	0.500000
10.062528	1.887221	2.327528	0.500000
6.098734	1.883508	1.006848	0.500000
0.794146	2.643229	1.092025	0.500000
5.845959	9.675068	0.558625	0.500000
0.133667	3.765238	1.962968	0.500000
0.480927	11.427573	1.244915	0.500000
1.929118	9.054690	1.230967	0.500000
7.561185	0.406171	1.455638	0.500000
5.786349	7.257106	0.532123	0.500000
8.407206	10.978531	1.616596	0.500000
7.964538	7.853772	2.221708	0.500000
1.010830	10.363545	0.695020	0.500000
5.220781	11.805485	1.542848	0.500000
2.359999	11.403787	2.118990	0.500000
7.267008	2.460686	3.030922	0.500000
9.743315	8.331454	1.572675	0.500000
4.458976	11.764433	3.430665	0.500000
7.258705	10.774054	0.636166	0.500000
1.020700	2.125039	3.011277	0.500000
1.597362	11.504503	0.610844	0.500000
12.365985	0.090116	3.431233	0.500000
5.722057	8.994582	1.371735	0.500000
11.243453	8.573646	3.440803	0.500000
3.917229	6.045788	2.308245	0.500000
7.018444	8.177019	2.354524	0.500000
0.141289	4.986235	1.917019	0.500000
10.653341	5.525290	2.042726	0.500000
2.526881	11.880935	1.245890	0.500000
13.201171	7.878003	2.659732	0.500000
11.922747	1.400012	3.316807	0.500000
0.923884	5.118273	3.261439	0.500000
5.754559	8.019031	2.209486	0.500000
3.122903	5.591574	3.453647	0.500000
10.660274	8.418588	1.098125	0.500000
5.717273	10.046276	3.488256	0.500000
7.462519	5.092277	0.853325	0.500000
4.951817	8.576077	0.756763	0.500000
3.276576	11.298695	3.454087	0.500000
0.213519	2.525386	2.459694	0.500000
6.803723	2.365089	1.967287	0.500000
12.735734	10.858599	2.284884	0.500000
3.917556	10.687948	0.712886	0.500000
6.335241	12.434229	2.493230	0.500000
11.339749	10.232060	0.535685	0.500000
5.047403	6.072643	2.699357	0.500000
7.884199	12.981550	0.666764	0.500000
1.486257	10.789328	1.606924	0.500000
6.753371	9.124365	2.096199	0.500000
3.430369	11.586187	0.582296	0.500000
3.472734	1.730778	0.951246	0.500000
9.959632	3.056856	1.089949	0.500000
3.586667	4.795499	0.540652	0.500000
1.870127	0.839509	1.514445	0.500000
10.820155	10.010174	2.058283	0.500000
12.674845	1.887134	2.708147	0.500000
5.624670	10.253982	1.355325	0.500000
10.264929	7.513666	2.189414	0.500000
1.327916	1.531547	0.571673	0.500000
0.994915	9.216677	0.607522	0.500000
11.158019	12.725299	0.791802	0.500000
7.428651	5.400819	1.828103	0.500000
1.789955	10.966152	3.481011	0.500000
3.257369	10.968531	1.432320	0.500000
1.529936	1.321628	3.468967	0.500000
8.879232	8.812111	1.035049	0.500000
9.201925	2.926008	2.382261	0.500000
10.155851	4.277114	3.368831	0.500000
3.528989	12.603312	3.477688	0.500000
11.115542	2.511043	3.458623	0.500000
11.456776	0.690533	2.329243	0.500000
8.999184	12.750775	0.921182	0.500000
11.686289	5.512741	1.626017	0.500000
12.956762	5.667483	0.922710	0.500000
5.781563	7.048705	2.921343	0.500000
4.578822	10.525737	3.000525	0.500000
12.574126	6.078272	3.238248	0.500000
4.524841	6.062459	1.125255	0.500000
10.149757	5.179810	0.512045	0.500000
1.646969	0.183910	3.447027	0.500000
0.626462	8.451196	2.044430	0.500000
1.884275	5.843087	3.474931	0.500000
1.167007	3.644716	1.347230	0.500000
11.090766	11.842027	3.443483	0.500000
10.187614	12.709937	0.507135	0.500000
3.788329	9.798138	2.509904	0.500000
10.527821	1.190666	0.533923	0.500000
9.297578	11.342568	1.215302	0.500000
5.723250	6.042844	3.443024	0.500000
9.457615	11.154667	2.603586	0.500000
11.966924	6.848521	2.196301	0.500000
7.612512	11.728871	1.552080	0.500000
12.580364	8.891968	3.387560	0.500000
4.473055	11.841611	0.757124	0.500000
9.789790	5.639415	2.579524	0.500000
0.415337	3.850556	3.296618	0.500000
10.731431	10.293806	3.361262	0.500000
0.099902	1.031972	0.792319	0.500000
3.054839	4.713248	2.823124	0.500000
12.713725	13.093623	0.720960	0.500000
1.940221	8.689553	3.380576	0.500000
0.119129	7.673533	1.431276	0.500000
4.622512	11.582851	2.455081	0.500000
3.454997	8.647524	0.808818	0.500000
7.594821	7.009182	1.685852	0.500000
9.178330	1.577878	0.510281	0.500000
6.780994	3.517134	2.419775	0.500000
1.824780	12.590699	2.367783	0.500000
12.261578	4.730910	1.125314	0.500000
10.153384	2.420307	3.187093	0.500000
1.036816	7.345279	0.625972	0.500000
12.132730	2.612556	3.449564	0.500000
2.158371	2.272208	3.419328	0.500000
5.846008	11.160371	2.202824	0.500000
2.648341	8.049411	2.772774	0.500000
6.513298	12.864539	0.572525	0.500000
8.445212	11.523736	0.502326	0.500000
6.011311	4.751062	3.484061	0.500000
3.548051	3.226027	3.128822	0.500000
11.332958	3.828515	2.075887	0.500000
6.558032	6.950905	1.586081	0.500000
9.291371	8.557204	2.755335	0.500000
1.050797	6.515718	3.434795	0.500000
7.640225	1.829126	1.782715	0.500000
6.037407	4.969042	1.586320	0.500000
4.732229	0.139619	3.443412	0.500000
3.786252	4.429875	3.487476	0.500000
12.610768	11.078787	0.674543	0.500000
10.232039	8.561854	3.461626	0.500000
6.876351	12.483688	1.610429	0.500000
10.399084	4.298719	2.033766	0.500000
8.673875	4.444710	0.572904	0.500000
11.191884	5.036398	0.754775	0.500000
7.661442	3.995859	2.330070	0.500000
12.260929	3.755317	3.397333	0.500000
10.256874	3.230325	2.578254	0.500000
9.734675	7.515909	3.166995	0.500000
3.555681	6.523878	3.121015	0.500000
12.493230	8.621959	2.313786	0.500000
4.419217	9.681147	0.647074	0.500000
3.983143	0.794806	3.258819	0.500000
8.046446	1.215788	0.917962	0.500000
13.026338	12.040194	2.185181	0.500000
6.898284	10.273141	3.118870	0.500000
2.523748	0.722491	0.529551	0.500000
1.802749	12.909993	1.315434	0.500000
5.640860	11.605873	0.529960	0.500000
12.338517	3.470904	0.878705	0.500000
10.130766	10.970479	1.660264	0.500000
3.768109	8.378789	3.498379	0.500000
8.213139	9.725128	0.912742	0.500000
9.092616	5.420543	3.420045	0.500000
2.399935	4.287107	0.513968	0.500000
3.013054	1.098958	3.261285	0.500000
0.985556	4.247701	2.362223	0.500000
8.870122	12.993170	2.303457	0.500000
5.884703	3.454233	0.577726	0.500000
11.962920	10.543718	1.309864	0.500000
0.111796	9.293985	1.655241	0.500000
4.936949	8.103315	3.375711	0.500000
0.156897	3.472347	0.882415	0.500000
2.062800	3.286260	0.962914	0.500000
6.454570	3.048883	3.484766	0.500000
6.992161	4.036280	3.276153	0.500000
7.123938	7.019166	0.735608	0.500000
3.327290	2.959565	0.727928	0.500000
0.880532	9.970163	3.459749	0.500000
11.339667	4.010579	0.500698	0.500000
0.916733	8.593965	3.319660	0.500000
11.960428	4.638439	2.116557	0.500000
2.903894	10.440792	2.462320	0.500000
2.390769	7.425906	0.625346	0.500000
11.018604	3.049690	0.545050	0.500000
4.159930	2.780999	2.290261	0.500000
5.503053	9.207768	2.987168	0.500000
8.429712	4.659868	3.272363	0.500000
3.679193	11.836409	1.697760	0.500000
8.048904	0.415318	3.176758	0.500000
1.091897	4.883890	1.360638	0.500000
11.426388	7.811955	2.455039	0.500000
5.605726	13.139046	1.936996	0.500000
8.560379	5.756066	1.544769	0.500000
12.084053	3.120891	2.576801	0.500000
10.321087	5.553906	3.423773	0.500000
0.530014	6.341440	0.968865	0.500000
4.694096	7.419434	0.849331	0.500000
4.321311	2.512619	0.817003	0.500000
1.463585	2.694813	1.861690	0.500000
1.690605	6.597079	2.451248	0.500000
9.255074	3.822943	3.394753	0.500000
8.865583	7.839314	0.534871	0.500000
8.769553	0.472751	1.287047	0.500000
0.040202	6.111600	2.266729	0.500000
4.825741	7.785267	1.799818	0.500000
11.940806	4.865010	3.326749	0.500000
2.329771	6.787140	1.416786	0.500000
11.701038	5.819022	2.758467	0.500000
5.490191	1.069995	3.432660	0.500000
7.226869	12.048888	3.422275	0.500000
2.593306	6.865092	3.425050	0.500000
10.488035	2.088886	1.229982	0.500000
5.583522	6.841556	1.875201	0.500000
8.979714	0.814308	2.631742	0.500000
8.551650	2.379370	0.619828	0.500000
5.435400	4.055962	1.298505	0.500000
0.874246	1.300319	1.595946	0.500000
5.426677	2.512257	3.445855	0.500000
12.093146	1.493703	1.707215	0.500000
12.949419	9.873806	3.096192	0.500000
0.701862	12.898242	0.738883	0.500000
9.227127	4.986079	1.275503	0.500000
6.793591	0.325836	3.479013	0.500000
1.995585	4.118856	2.549764	0.500000
13.062792	4.896617	3.043730	0.500000
9.412654	0.190634	3.388896	0.500000
6.474000	8.582805	3.440305	0.500000
6.676234	5.797228	2.373098	0.500000
3.134166	12.572672	2.526165	0.500000
0.081215	13.031660	2.419682	0.500000
4.491349	10.616086	1.747877	0.500000
3.938435	4.906116	2.112803	0.500000
8.278226	5.269812	2.381625	0.500000
9.584251	12.428901	1.752891	0.500000
8.547961	8.602071	3.423532	0.500000
8.307530	1.429110	3.176971	0.500000
8.319504	6.051106	3.321142	0.500000
13.186604	2.835945	3.426954	0.500000
3.208624	6.989458	2.106264	0.500000
1.842971	11.964967	3.364110	0.500000
8.179266	9.163120	1.980437	0.500000
5.210437	1.378752	0.535805	0.500000
3.474852	2.004252	3.497125	0.500000
5.153075	2.201763	1.288305	0.500000
8.570787	10.022045	3.110021	0.500000
5.802025	11.404156	3.319540	0.500000
2.207675	10.004897	1.618464	0.500000
12.780433	6.843071	0.813643	0.500000
3.033454	2.489869	2.668952	0.500000
6.119556	10.049049	2.380764	0.500000
7.762657	3.058294	1.857289	0.500000
7.519858	5.090906	3.334386	0.500000
8.448072	12.132357	2.723950	0.500000
2.511519	11.069127	0.593642	0.500000
9.934743	0.163723	2.291598	0.500000
10.104363	10.274149	0.537691	0.500000
12.998697	12.020943	0.619462	0.500000
2.911498	1.299976	1.758297	0.500000
0.934680	12.619997	3.357640	0.500000
3.002339	7.707230	1.382582	0.500000
4.521770	9.411399	3.100048	0.500000
2.949773	3.597363	2.202223	0.500000
11.119019	11.295944	2.503429	0.500000
10.384920	4.010538	0.802647	0.500000
6.947733	4.749532	2.436092	0.500000
9.557129	3.731583	1.758067	0.500000
11.460177	8.991468	0.555633	0.500000
7.869113	6.265625	0.746043	0.500000
6.857005	8.102291	1.174556	0.500000
1.202739	9.700361	1.489738	0.500000
2.675225	5.114533	1.392849	0.500000
7.675083	3.804593	0.622836	0.500000
1.168226	5.843441	1.632787	0.500000
6.470297	11.302416	1.170304	0.500000
4.916415	5.344338	1.950358	0.500000
10.088232	9.336396	1.291365	0.500000
1.170225	0.172805	2.079742	0.500000
10.110730	9.191425	2.443958	0.500000
11.072650	1.642415	1.961715	0.500000
5.291505	12.862274	0.979768	0.500000
9.926314	10.272736	2.487844	0.500000
7.005838	1.252363	0.583576	0.500000
7.086574	11.996446	0.689032	0.500000
4.873273	3.840459	2.246125	0.500000
9.794988	6.619563	1.927278	0.500000
12.328291	7.506108	3.310098	0.500000
4.235343	12.677061	2.085301	0.500000
13.192059	4.467299	0.699927	0.500000
8.012510	3.609615	3.264473	0.500000
9.234282	7.583350	2.166641	0.500000
12.133153	12.242870	3.431825	0.500000
1.227326	3.409187	2.864395	0.500000
2.708877	13.203434	3.390729	0.500000
10.843059	0.519526	1.371183	0.500000
12.242641	12.841336	2.475453	0.500000
2.974360	12.986992	0.655650	0.500000
10.071288	6.370278	0.673064	0.500000
2.874732	9.242710	2.078242	0.500000
9.113925	3.374719	0.591154	0.500000
1.360195	0.456332	0.509804	0.500000
11.280829	7.290984	1.613639	0.500000
1.256153	5.730295	0.507872	0.500000
3.641504	7.689615	2.784882	0.500000
12.187303	0.216877	1.540625	0.500000
