400

6.497500	4.386447	3.373596	0.500000
2.440000	3.710321	3.460673	0.500000
1.847679	2.231641	0.543349	0.500000
8.584228	10.389086	0.854299	0.500000
8.505921	9.435508	2.870975	0.500000
7.407639	12.079071	2.437726	0.500000
13.151710	8.395368	2.579402	0.500000
6.527783	5.830898	1.257041	0.500000
3.306267	13.044480	1.643111	0.500000
5.027137	9.486985	3.396488	0.500000
2.604465	5.135620	3.484465	0.500000
11.547604	0.808750	2.819389	0.500000
5.692902	3.477369	1.932006	0.500000
9.932306	7.366875	0.749136	0.500000
8.161520	8.768213	1.249018	0.500000
2.766793	2.254827	1.017922	0.500000
3.238537	4.050312	2.298225	0.500000
7.254169	12.395401	3.461145	0.500000
9.889177	3.516879	2.262758	0.500000
6.161067	9.113605	2.376838	0.500000
6.932826	10.812934	0.501650	0.500000
11.556023	6.958326	0.702045	0.500000
6.705537	3.411235	0.509950	0.500000
5.011181	9.056383	2.356762	0.500000
1.142351	8.571369	2.602555	0.500000
12.335653	8.751966	1.612956	0.500000
12.696623	7.618164	1.882333	0.500000
2.077715	2.282604	2.306237	0.500000
10.301869	6.313658	0.739812	0.500000
2.017994	8.490453	3.410479	0.500000
9.984339	6.725430	3.211319	0.500000
8.914392	1.583986	1.482000	0.500000
5.472698	9.823541	0.545119	0.500000
11.039172	1.307267	1.514682	0.500000
11.608531	12.291224	3.367529	0.500000
3.314831	4.944078	1.832551	0.500000
1.123793	8.602036	0.550938	0.500000
2.945384	8.290566	2.486654	0.500000
8.139505	1.855654	0.769293	0.500000
7.778331	0.997418	3.111412	0.500000
1.878177	7.473508	1.439539	0.500000
9.547415	11.874423	3.461286	0.500000
2.113554	11.554849	0.606591	0.500000
2.491931	13.122841	2.407051	0.500000
3.881270	5.818143	1.635218	0.500000
6.854968	2.162399	3.391399	0.500000
11.850871	1.568280	3.412624	0.500000
2.260471	8.159507	0.670596	0.500000
9.482572	9.686332	0.841911	0.500000
8.851516	7.253573	1.809369	0.500000
10.150165	11.262637	2.895303	0.500000
2.723614	13.000608	0.762283	0.500000
10.768839	10.242374	0.767943	0.500000
4.753277	4.488144	3.364838	0.500000
9.884843	5.713052	3.412372	0.500000
4.532631	2.752808	3.342524	0.500000
7.582877	3.749975	3.473265	0.500000
5.714574	7.939390	2.881096	0.500000
4.404599	0.605220	2.717359	0.500000
8.534726	11.528322	3.478609	0.500000
0.923667	7.064773	1.482573	0.500000
9.002442	4.784487	3.348796	0.500000
1.836282	1.180273	2.495118	0.500000
4.021264	6.854973	0.592447	0.500000
8.736447	6.806396	0.914110	0.500000
0.375085	7.691302	0.666748	0.500000
1.502857	3.457001	2.929617	0.500000
9.260698	8.285237	2.983043	0.500000
7.194023	3.045161	2.728350	0.500000
5.153863	4.611062	0.713496	0.500000
4.097385	9.872660	1.774133	0.500000
8.333864	5.116749	0.551281	0.500000
0.288981	9.984009	0.504731	0.500000
12.911693	0.492064	3.089089	0.500000
5.707030	2.972624	0.614073	0.500000
12.195609	1.218167	2.017560	0.500000
10.791643	10.650288	2.393957	0.500000
7.757361	13.022052	0.745410	0.500000
3.245528	1.147521	0.837310	0.500000
5.537166	0.197619	1.097272	0.500000
0.676069	9.313135	3.493921	0.500000
9.726456	3.863602	3.243854	0.500000
5.702766	6.183645	0.779185	0.500000
0.511104	3.611688	2.788091	0.500000
11.336918	1.308407	0.556172	0.500000
6.844484	11.361117	3.349538	0.500000
13.143506	1.534380	1.677229	0.500000
1.301313	10.296000	3.095461	0.500000
13.134410	12.619953	2.583638	0.500000
0.754937	9.198159	1.462057	0.500000
11.281329	5.566582	0.552548	0.500000
5.893671	7.357949	1.632710	0.500000
9.245372	1.970095	2.587280	0.500000
0.300287	6.873622	2.336293	0.500000
8.184895	2.814678	1.670143	0.500000
9.919327	12.222499	2.524905	0.500000
5.323526	0.314413	3.470066	0.500000
8.040127	11.314615	1.546413	0.500000
8.845237	0.357346	1.194232	0.500000
5.768807	10.562725	2.295215	0.500000
0.964318	6.181095	3.378221	0.500000
3.888904	4.767601	0.598463	0.500000
3.331530	0.417562	2.831883	0.500000
3.089783	6.696937	1.510540	0.500000
6.694530	1.919455	0.656330	0.500000
8.115347	3.842285	2.005685	0.500000
1.078175	8.176189	1.462887	0.500000
12.121958	6.535915	1.642082	0.500000
12.670644	12.910051	1.717014	0.500000
6.834586	1.747833	2.233042	0.500000
2.024405	1.645123	1.373486	0.500000
5.487615	12.051689	0.696982	0.500000
0.331949	3.698311	0.673368	0.500000
2.057579	9.265372	0.719597	0.500000
4.268599	7.991222	3.345717	0.500000
6.662974	11.745885	1.072867	0.500000
4.767248	8.159936	0.806581	0.500000
9.732062	11.258875	1.659497	0.500000
8.205835	6.563359	3.486535	0.500000
0.610758	11.082696	1.764069	0.500000
3.921784	8.552322	2.070415	0.500000
0.816878	11.719541	3.469043	0.500000
10.455033	0.904518	3.301709	0.500000
8.763012	11.679527	2.285614	0.500000
3.302227	11.965580	3.336577	0.500000
8.638246	12.250345	1.086527	0.500000
12.632756	1.066591	0.852116	0.500000
12.658256	11.730842	1.529744	0.500000
11.034199	13.128241	3.145923	0.500000
5.087036	6.823625	1.267232	0.500000
11.152088	9.291028	1.638969	0.500000
5.796589	7.647149	0.661155	0.500000
6.837984	5.935229	3.390047	0.500000
12.889072	3.928725	3.297156	0.500000
6.760341	8.762891	1.564305	0.500000
12.883572	10.892785	2.119254	0.500000
2.017134	8.538497	1.680799	0.500000
0.034226	1.979739	2.566918	0.500000
11.783605	6.932708	3.028581	0.500000
6.559674	7.627590	3.380420	0.500000
3.220839	5.622172	2.780807	0.500000
10.516535	9.570826	2.388190	0.500000
4.938623	9.048752	1.257177	0.500000
9.134935	5.746436	1.092703	0.500000
7.261935	8.200129	0.860292	0.500000
13.142929	10.289501	3.389587	0.500000
2.909143	2.445362	2.925686	0.500000
4.660863	0.628623	1.420535	0.500000
1.079327	12.164183	2.168613	0.500000
3.802616	7.518860	2.522683	0.500000
5.837756	10.949462	3.273306	0.500000
11.574879	9.122684	0.733387	0.500000
5.064464	5.929759	3.322931	0.500000
7.326073	1.037513	0.515743	0.500000
11.896400	11.600383	2.502676	0.500000
3.589457	8.514877	0.746437	0.500000
5.161996	12.569404	1.608986	0.500000
4.329045	11.728330	1.960375	0.500000
9.836857	1.126688	0.965247	0.500000
2.729246	3.554468	0.821976	0.500000
2.170985	12.284000	1.508694	0.500000
12.576785	9.921567	1.752854	0.500000
9.146158	2.845103	3.375508	0.500000
5.703722	10.799619	0.613286	0.500000
11.577700	8.521760	2.373781	0.500000
2.615271	0.663058	1.583074	0.500000
0.907877	11.537331	0.779855	0.500000
9.321822	12.797271	0.538362	0.500000
4.526126	6.642235	2.261312	0.500000
1.507275	13.128949	1.734606	0.500000
1.644983	11.346896	1.691676	0.500000
2.394785	1.475696	3.438917	0.500000
10.514401	11.255140	0.693782	0.500000
7.677287	2.962444	0.717052	0.500000
8.380729	5.603477	2.976845	0.500000
3.279344	10.139923	2.301107	0.500000
9.966360	2.290947	1.340291	0.500000
0.217316	1.330501	3.402211	0.500000
5.880502	12.463067	3.416709	0.500000
11.896086	3.886780	3.484723	0.500000
11.897079	3.502917	2.394098	0.500000
2.635090	7.527581	3.444569	0.500000
2.471101	10.386913	1.502809	0.500000
0.732978	7.987334	3.488103	0.500000
4.472102	5.522460	2.626312	0.500000
10.102933	4.545747	2.368706	0.500000
1.337175	2.153338	3.158791	0.500000
3.041551	8.900326	3.288591	0.500000
0.826507	5.707273	2.416727	0.500000
1.299629	3.614370	1.159054	0.500000
8.080380	1.012340	1.322402	0.500000
8.672417	0.831269	2.462773	0.500000
3.002747	7.947602	1.537173	0.500000
10.522384	0.157342	0.536826	0.500000
9.448264	9.542360	2.094833	0.500000
4.457975	3.486297	2.436120	0.500000
7.856677	10.995038	2.514786	0.500000
11.721903	10.319213	2.774756	0.500000
6.738631	0.042522	0.542754	0.500000
12.535905	11.626287	3.337900	0.500000
6.734694	10.977162	1.709355	0.500000
10.301544	4.122280	0.703805	0.500000
12.409894	6.117179	2.602715	0.500000
8.839081	12.781474	1.963615	0.500000
0.811572	0.393847	0.948992	0.500000
2.019104	4.454958	2.836157	0.500000
0.871831	1.581423	1.206017	0.500000
2.336854	11.433440	3.457380	0.500000
1.969427	9.579121	2.276811	0.500000
5.005694	12.895537	2.550582	0.500000
7.940807	6.878689	2.050044	0.500000
7.499556	10.150488	1.105670	0.500000
12.978941	13.014101	0.578337	0.500000
9.566665	13.181199	3.178272	0.500000
11.972010	0.392659	1.478908	0.500000
12.678778	4.020909	1.812509	0.500000
11.925653	2.156586	0.524947	0.500000
2.373208	5.534381	1.636300	0.500000
10.128730	1.351082	2.007648	0.500000
3.545063	3.359874	3.166568	0.500000
6.096591	9.819622	1.385980	0.500000
13.209099	6.657745	3.496732	0.500000
6.718944	0.341982	1.535603	0.500000
12.060171	11.217896	0.802241	0.500000
5.269995	6.976060	3.281849	0.500000
12.603925	4.940130	3.252050	0.500000
0.723507	1.167579	2.183242	0.500000
9.442653	6.454252	1.989370	0.500000
10.085344	9.168218	3.259919	0.500000
11.686574	5.406666	3.189348	0.500000
5.553597	11.317553	1.667773	0.500000
4.513807	5.842178	0.519262	0.500000
5.434176	11.662920	2.645258	0.500000
5.398189	5.758330	1.838508	0.500000
12.129173	10.046317	0.649753	0.500000
10.407061	10.162696	3.322979	0.500000
6.393103	12.576724	1.644057	0.500000
10.253573	2.454469	2.531810	0.500000
11.741311	3.454830	0.518180	0.500000
11.909293	4.612750	0.669729	0.500000
9.450277	4.800022	0.607179	0.500000
10.916863	4.070497	2.913303	0.500000
10.970429	3.498906	1.942962	0.500000
12.871016	9.097006	3.298231	0.500000
2.566784	6.665277	2.443299	0.500000
10.744236	8.326849	3.059826	0.500000
5.716159	8.465711	1.731349	0.500000
5.034526	1.359578	3.338339	0.500000
9.116547	3.168463	0.946199	0.500000
9.543366	11.846549	0.771146	0.500000
6.151593	9.817259	3.297443	0.500000
4.562056	12.667893	0.655453	0.500000
10.792209	12.280667	0.649190	0.500000
3.920851	2.011134	0.514837	0.500000
0.940643	6.238594	0.524838	0.500000
7.690192	9.291873	2.202034	0.500000
2.573402	10.323367	3.413391	0.500000
8.325091	8.549325	3.357553	0.500000
10.802393	7.317860	3.376396	0.500000
1.176107	5.148032	0.566874	0.500000
4.336115	12.847538	3.441676	0.500000
1.820475	4.591571	1.527210	0.500000
9.308732	2.039524	0.537059	0.500000
6.194176	4.596564	0.584851	0.500000
12.074770	7.924847	0.531385	0.500000
0.301184	9.596316	2.378340	0.500000
3.564804	7.031776	3.437639	0.500000
12.134500	5.339580	1.394912	0.500000
1.100141	2.540348	1.892670	0.500000
5.412782	5.120024	2.849532	0.500000
7.083538	5.072662	0.749190	0.500000
10.276421	8.689189	1.377895	0.500000
4.190064	4.588541	2.201170	0.500000
3.071379	12.045511	0.565456	0.500000
10.423968	5.251485	1.242881	0.500000
0.134331	8.814295	0.745753	0.500000
0.253482	2.278290	0.562925	0.500000
2.070118	10.799410	2.538154	0.500000
1.743753	7.119122	0.508462	0.500000
11.435660	2.637925	1.729658	0.500000
2.120562	3.486059	2.011245	0.500000
8.122502	8.000787	2.421676	0.500000
8.724670	3.763841	3.400112	0.500000
3.885501	11.146030	0.962701	0.500000
7.159129	3.666341	1.619322	0.500000
2.911864	2.795012	1.907079	0.500000
10.181550	7.560017	2.117991	0.500000
5.675389	2.020452	2.791658	0.500000
9.050135	7.370709	3.353326	0.500000
12.531184	2.849226	1.031698	0.500000
11.301130	5.753906	2.181999	0.500000
11.937337	4.683728	2.134362	0.500000
9.370527	5.415827	2.335166	0.500000
3.828493	3.968542	1.346763	0.500000
0.483034	2.847561	3.439686	0.500000
1.212977	5.002321	3.390107	0.500000
7.750637	4.775745	3.275786	0.500000
9.200531	8.251699	1.590538	0.500000
7.206799	0.568803	2.410668	0.500000
11.678422	9.472553	3.439748	0.500000
6.058327	8.935307	0.669431	0.500000
12.967610	4.841443	2.320361	0.500000
2.942827	6.948552	0.529224	0.500000
12.393634	6.075135	0.702683	0.500000
3.404265	1.254764	2.146432	0.500000
8.625789	1.532795	3.332840	0.500000
5.063695	7.667260	2.121701	0.500000
12.921705	4.607149	0.919349	0.500000
6.135912	6.377581	2.131373	0.500000
7.434353	12.737972	1.666179	0.500000
8.105231	1.615953	2.193710	0.500000
5.815580	2.391330	1.672751	0.500000
2.057731	0.664783	0.576933	0.500000
5.994443	3.067738	3.441856	0.500000
0.968721	4.407335	2.227373	0.500000
11.115393	11.142160	3.346645	0.500000
1.343093	10.545936	0.619813	0.500000
6.177422	4.756333	1.685345	0.500000
5.978869	0.222640	2.689009	0.500000
0.137527	2.540791	1.574982	0.500000
12.221828	2.280516	2.484455	0.500000
10.917034	12.037481	2.513880	0.500000
7.650388	7.335834	3.161407	0.500000
6.562099	5.383323	2.470255	0.500000
1.449852	12.368459	0.580301	0.500000
0.279774	11.634591	2.608459	0.500000
4.535124	10.801094	2.583519	0.500000
4.795073	2.630184	0.845274	0.500000
7.829993	6.282959	0.571022	0.500000
10.386904	1.915519	3.498876	0.500000
8.865103	10.513759	3.412382	0.500000
12.597818	2.760796	3.422981	0.500000
6.581056	6.874737	0.866307	0.500000
2.192205	0.430091	3.342104	0.500000
2.220238	6.200240	3.404454	0.500000
2.186788	12.411363	3.109445	0.500000
7.069832	10.079234	2.789721	0.500000
4.967117	1.680573	0.576241	0.500000
6.135028	1.142545	3.060630	0.500000
7.117321	2.620452	1.704099	0.500000
6.950456	7.808128	2.101300	0.500000
4.109675	10.174943	3.361754	0.500000
4.005989	7.597105	1.486966	0.500000
0.000119	5.454020	1.417877	0.500000
4.090740	1.810093	1.541785	0.500000
4.821505	11.680493	3.481307	0.500000
5.344989	1.054323	2.016681	0.500000
7.556687	5.994735	2.421376	0.500000
8.382344	13.102018	3.020783	0.500000
3.191636	9.522367	0.964151	0.500000
11.071840	1.684047	2.656186	0.500000
10.849312	0.059041	1.883199	0.500000
12.043774	13.155579	3.024633	0.500000
2.971763	11.658556	2.090538	0.500000
11.753801	12.352225	1.653129	0.500000
4.354447	9.381507	0.505267	0.500000
1.818280	9.505888	3.498169	0.500000
4.905155	1.945056	2.144800	0.500000
11.204482	11.298916	1.651062	0.500000
11.106868	4.481075	1.363699	0.500000
9.051408	2.904851	2.284165	0.500000
9.594269	0.501976	2.110888	0.500000
11.671356	7.655825	1.439557	0.500000
8.166828	5.851625	1.589057	0.500000
8.200703	4.844417	2.084996	0.500000
13.097421	6.821052	0.964716	0.500000
1.506389	7.217981	2.403896	0.500000
7.841672	3.958339	0.893101	0.500000
2.344440	5.280799	0.611319	0.500000
4.483230	10.394593	0.559259	0.500000
4.774495	3.601814	0.561092	0.500000
11.016640	8.276387	0.786530	0.500000
2.939399	10.694397	0.501777	0.500000
10.448019	9.216178	0.531587	0.500000
12.883382	3.050256	2.457074	0.500000
6.102547	1.125769	1.237489	0.500000
8.324726	10.260068	1.936403	0.500000
7.845736	2.194342	2.977592	0.500000
7.680872	11.936931	0.548986	0.500000
6.510356	3.931150	2.369427	0.500000
9.139554	4.226755	1.857152	0.500000
10.979585	6.313484	3.275573	0.500000
3.825507	12.453839	2.634308	0.500000
1.944834	6.467572	1.329441	0.500000
7.324322	5.270639	1.747624	0.500000
8.214020	7.802557	0.825562	0.500000
9.268372	10.573690	2.351325	0.500000
1.876503	4.287412	0.508016	0.500000
3.627084	1.915412	3.400885	0.500000
11.982585	12.917725	0.654287	0.500000
11.539831	2.756538	3.272837	0.500000
13.075858	10.796606	1.139843	0.500000
10.776956	4.928373	3.469124	0.500000
1.263375	10.236585	2.013243	0.500000
10.939951	2.467325	0.509866	0.500000
0.719789	12.594967	1.234170	0.500000
10.795446	6.750614	1.983292	0.500000
3.658598	3.180065	0.647376	0.500000
4.022519	9.093333	3.026069	0.500000
10.560147	12.268407	3.428202	0.500000
