400

1.702041	11.287827	3.245016	0.500000
12.650285	5.889629	2.300709	0.500000
4.622273	9.289584	3.031630	0.500000
2.999340	9.449934	3.462944	0.500000
0.345322	10.382717	3.171563	0.500000
10.927984	11.208766	1.728036	0.500000
9.332619	0.328159	0.518106	0.500000
7.671394	11.162819	3.438927	0.500000
5.953814	4.106044	2.175928	0.500000
1.523915	0.541665	2.700477	0.500000
8.313865	2.178314	2.872783	0.500000
7.231035	1.994708	2.607118	0.500000
8.518374	12.428056	0.702788	0.500000
8.482124	13.083149	3.247353	0.500000
3.957339	3.742333	2.357159	0.500000
2.985737	10.124538	0.916596	0.500000
7.209589	2.882164	1.749038	0.500000
9.970544	8.665341	2.276696	0.500000
11.402440	2.362299	0.720448	0.500000
11.961902	10.930207	0.753389	0.500000
9.508688	6.188937	1.942201	0.500000
5.799310	7.493086	1.137911	0.500000
4.548554	7.748536	3.164454	0.500000
12.561040	6.360604	0.542912	0.500000
8.518733	7.574275	1.072193	0.500000
2.750018	9.196748	0.560468	0.500000
7.246338	5.844480	1.700435	0.500000
9.344629	5.286767	2.918285	0.500000
7.205759	5.717418	3.276826	0.500000
1.764251	3.497225	3.464017	0.500000
0.709440	0.264347	1.623057	0.500000
2.551858	12.924691	2.477081	0.500000
9.198364	10.454799	2.597449	0.500000
5.986080	9.382576	3.413192	0.500000
10.403463	4.029283	0.746435	0.500000
10.795748	8.016761	1.532323	0.500000
3.599450	13.074997	2.206250	0.500000
4.903837	5.767076	3.425003	0.500000
11.807495	0.747781	3.235494	0.500000
2.397070	8.205271	3.314482	0.500000
1.286903	12.578115	2.661873	0.500000
8.420600	9.767431	2.200401	0.500000
1.723136	2.025851	0.572669	0.500000
1.570890	1.672945	2.717243	0.500000
12.071325	5.285563	3.091955	0.500000
12.144492	4.437969	0.718568	0.500000
12.311429	7.451888	0.504056	0.500000
11.971249	9.239937	0.536004	0.500000
13.185473	0.056762	3.434294	0.500000
11.745341	3.549729	3.246221	0.500000
10.509184	5.181661	3.419600	0.500000
12.607367	3.490782	2.719489	0.500000
3.480209	2.803150	2.318120	0.500000
9.444757	7.918894	0.665160	0.500000
8.148741	3.929337	3.336520	0.500000
8.094754	4.429495	0.889838	0.500000
5.620727	5.419658	1.925381	0.500000
8.466803	9.450851	1.124674	0.500000
11.750342	2.142423	3.301546	0.500000
1.809644	7.839035	2.247991	0.500000
5.294591	9.130805	0.606727	0.500000
2.812754	12.676318	3.477483	0.500000
0.424364	2.526472	0.575976	0.500000
4.075847	10.564136	3.369124	0.500000
9.465436	8.953292	0.575794	0.500000
8.088818	7.822527	2.290439	0.500000
6.699348	4.776139	1.586594	0.500000
12.188775	1.736109	0.894089	0.500000
9.287076	4.014904	0.619389	0.500000
6.977735	3.340417	3.355096	0.500000
7.197399	3.989935	2.264822	0.500000
11.835553	6.363679	2.998804	0.500000
7.881832	3.105536	2.637206	0.500000
13.021141	10.654465	1.045936	0.500000
0.719728	1.452689	2.177522	0.500000
7.233019	11.122897	0.555618	0.500000
2.836128	11.483761	3.183411	0.500000
11.757807	8.073548	2.874110	0.500000
6.669320	12.621670	1.051834	0.500000
8.289485	12.105184	1.972884	0.500000
9.551030	5.017758	0.619400	0.500000
3.993344	11.455087	2.234968	0.500000
2.878219	0.867407	2.462383	0.500000
6.677015	4.519982	3.384492	0.500000
3.427111	9.354792	1.429139	0.500000
12.707783	10.972620	3.134012	0.500000
1.895372	0.995445	1.852481	0.500000
5.405885	2.596593	3.402902	0.500000
2.503235	11.088536	1.060637	0.500000
10.299352	11.913812	1.345738	0.500000
0.462094	0.317590	2.592209	0.500000
2.396594	0.585179	3.492270	0.500000
5.023926	4.989424	0.524122	0.500000
5.536280	12.201399	1.588452	0.500000
6.940136	13.069881	3.456544	0.500000
8.802567	9.438450	3.314460	0.500000
8.584512	0.055621	2.266342	0.500000
12.279379	0.375076	0.748367	0.500000
9.839964	9.463354	1.389030	0.500000
7.151033	11.642316	1.795632	0.500000
13.206416	8.595962	0.624299	0.500000
7.844850	1.952096	1.795105	0.500000
10.425539	1.260970	0.507945	0.500000
7.059295	8.963537	1.138313	0.500000
6.969513	12.873995	2.295349	0.500000
12.715142	2.658063	3.471035	0.500000
9.273858	12.970424	1.414690	0.500000
12.664558	4.318136	3.458225	0.500000
10.144983	6.658668	2.701586	0.500000
3.112977	4.766579	2.250937	0.500000
7.022850	9.802338	3.384460	0.500000
0.482146	1.305681	3.257315	0.500000
6.073245	5.205100	0.917331	0.500000
0.867646	11.304457	1.656463	0.500000
0.787090	10.210018	0.692572	0.500000
12.520193	0.599077	2.482911	0.500000
3.085647	5.763645	2.634248	0.500000
9.965375	0.387680	3.495135	0.500000
7.079148	7.628208	2.096410	0.500000
2.297907	3.066382	0.585611	0.500000
1.760663	9.881391	0.584827	0.500000
9.881826	1.259130	1.364724	0.500000
6.058026	0.428942	3.483366	0.500000
1.523433	10.915716	0.624740	0.500000
5.351999	1.560169	0.694424	0.500000
12.970122	3.723040	1.672992	0.500000
2.744625	6.513705	1.753328	0.500000
2.270936	7.486062	0.816178	0.500000
12.148901	7.149431	1.710674	0.500000
1.915705	4.602432	0.686150	0.500000
2.180238	12.626765	0.503778	0.500000
2.570455	3.449849	2.070215	0.500000
2.165258	1.079753	0.629946	0.500000
9.146676	10.924037	0.794893	0.500000
3.981032	7.104717	2.394512	0.500000
7.537278	9.895200	1.591424	0.500000
10.170637	10.447098	3.360188	0.500000
8.507398	1.061050	3.085233	0.500000
0.464297	11.445521	0.559893	0.500000
5.016352	11.727417	3.498462	0.500000
9.172922	4.656986	1.715056	0.500000
10.636127	2.674519	1.926168	0.500000
6.819177	10.166584	2.251623	0.500000
5.904159	10.769642	0.662289	0.500000
7.993882	11.017143	1.469875	0.500000
5.652282	6.649473	2.935738	0.500000
3.911898	7.356122	0.810473	0.500000
9.733996	2.630328	2.717777	0.500000
1.650053	8.974205	3.468915	0.500000
12.773716	5.442703	1.211625	0.500000
4.275837	1.897596	3.470601	0.500000
11.488251	6.817202	0.509087	0.500000
11.303962	6.867702	2.282263	0.500000
7.185094	0.304053	0.580210	0.500000
9.663837	12.259074	0.511609	0.500000
4.641525	3.887481	0.678078	0.500000
4.770989	12.704517	0.528966	0.500000
3.774089	8.309746	2.647851	0.500000
2.634759	3.841157	1.121598	0.500000
3.858878	6.301758	1.138280	0.500000
4.276575	8.656055	0.997889	0.500000
7.616199	9.645813	0.525276	0.500000
1.324336	12.028563	0.547110	0.500000
3.051221	10.465355	3.465219	0.500000
1.546224	7.490777	3.304634	0.500000
8.308778	3.888925	2.125337	0.500000
5.580189	0.405228	2.533713	0.500000
10.562634	10.829762	0.810491	0.500000
9.792135	3.502448	3.213918	0.500000
11.390646	5.299022	1.615818	0.500000
6.817606	6.204370	0.527676	0.500000
4.374177	12.464941	3.166987	0.500000
4.031080	10.014325	0.629980	0.500000
5.493449	8.654252	2.844801	0.500000
13.195937	5.154536	3.118056	0.500000
0.286253	11.635635	2.604553	0.500000
11.381279	10.866441	2.648629	0.500000
2.455714	8.603791	1.392102	0.500000
12.165350	4.516631	2.365984	0.500000
0.961472	4.540953	3.444465	0.500000
12.142383	9.633700	1.567934	0.500000
2.211855	2.383480	2.410337	0.500000
8.630189	5.449213	1.026104	0.500000
4.316323	11.484427	0.614349	0.500000
1.849392	5.586178	2.714908	0.500000
6.338698	11.914749	3.479928	0.500000
1.653641	12.810399	1.737406	0.500000
1.366053	6.208644	3.426413	0.500000
7.144776	5.025363	2.466274	0.500000
3.869102	10.254839	2.069944	0.500000
4.893014	0.990851	2.053439	0.500000
6.471714	8.388384	1.766302	0.500000
11.385407	12.849106	2.867531	0.500000
12.695678	6.010510	3.430955	0.500000
4.679972	0.630292	3.239195	0.500000
8.948547	3.165239	1.214392	0.500000
6.968538	1.619331	0.722506	0.500000
3.158962	11.650789	0.549441	0.500000
6.640135	6.802269	1.655552	0.500000
7.792239	7.031030	1.521501	0.500000
3.724421	0.003370	3.341797	0.500000
1.065584	3.769240	1.738185	0.500000
4.792631	0.758804	0.950300	0.500000
4.867896	7.802284	0.909225	0.500000
1.232241	13.111191	0.545839	0.500000
9.217356	4.393936	3.439778	0.500000
1.020387	2.121364	1.294335	0.500000
11.642493	0.100532	1.873442	0.500000
0.628918	8.314860	2.879081	0.500000
2.855671	9.543846	2.359477	0.500000
6.508810	9.728850	0.612951	0.500000
0.979731	12.116691	3.499725	0.500000
8.020345	6.726940	3.456747	0.500000
3.791488	5.784982	3.426884	0.500000
8.226112	6.012886	2.358384	0.500000
5.113671	2.670930	0.512277	0.500000
4.703584	4.068972	1.693523	0.500000
8.682754	5.867796	3.395559	0.500000
3.721402	12.783930	0.611240	0.500000
6.141480	10.580673	3.362317	0.500000
2.888699	1.089007	1.477527	0.500000
3.295606	2.877735	0.749708	0.500000
4.965060	6.555695	1.613790	0.500000
5.803568	11.946002	0.576574	0.500000
6.951576	4.393136	0.522942	0.500000
0.018840	9.690089	2.255899	0.500000
4.441817	1.787865	1.174789	0.500000
7.006685	7.721623	1.063080	0.500000
1.995608	11.750680	2.095999	0.500000
12.895832	11.715000	1.218202	0.500000
4.210199	5.195796	1.460983	0.500000
10.461067	1.596924	2.164904	0.500000
9.685281	0.368315	2.340101	0.500000
7.736406	5.543965	0.543834	0.500000
10.912018	1.401635	3.491569	0.500000
12.386653	7.269363	2.692398	0.500000
11.334516	5.419713	0.511734	0.500000
6.280500	0.469186	1.687982	0.500000
7.454903	0.854824	2.293797	0.500000
2.007885	5.656909	0.518993	0.500000
12.777032	8.213587	2.967889	0.500000
9.368318	11.037896	3.468065	0.500000
8.573780	11.907313	3.479518	0.500000
6.421678	2.046924	3.428276	0.500000
0.933634	4.697532	0.946425	0.500000
5.499625	1.441237	3.203071	0.500000
0.611908	5.979886	0.639232	0.500000
10.692333	5.627296	2.409817	0.500000
8.005310	10.739997	2.498387	0.500000
3.250322	2.305115	3.482784	0.500000
11.288556	10.317802	1.353582	0.500000
10.343488	4.903826	1.312499	0.500000
12.756349	1.614374	2.745793	0.500000
6.100067	1.768329	1.858225	0.500000
12.746035	1.004163	1.408901	0.500000
9.747913	12.292750	3.462106	0.500000
3.191148	0.831880	0.531098	0.500000
8.942064	6.648672	1.203235	0.500000
9.823332	5.997885	0.930727	0.500000
6.920673	1.003360	3.324673	0.500000
0.652502	12.377811	1.634577	0.500000
1.182936	9.360800	2.029372	0.500000
11.966629	12.597163	0.980391	0.500000
0.263909	3.735675	0.552461	0.500000
3.879169	1.883505	2.144152	0.500000
10.857013	9.172512	0.908210	0.500000
4.791540	6.028541	0.710369	0.500000
9.706038	9.612661	2.886279	0.500000
10.181078	0.221149	1.296622	0.500000
8.450933	7.898832	3.270978	0.500000
7.614467	3.138385	0.505422	0.500000
4.478295	9.342126	1.799775	0.500000
9.597202	8.373843	3.185282	0.500000
4.930016	12.005928	2.404625	0.500000
9.086063	8.196539	1.679333	0.500000
11.052705	12.606586	0.520926	0.500000
1.294139	3.683065	0.637345	0.500000
11.948927	10.181797	3.366775	0.500000
12.009962	2.857228	1.444270	0.500000
11.276714	8.736612	2.236273	0.500000
11.876757	11.719871	3.475165	0.500000
0.931668	7.168931	1.529310	0.500000
3.209743	5.580993	1.485083	0.500000
12.958304	12.114610	3.366988	0.500000
8.126735	8.772400	1.947023	0.500000
10.331675	3.776069	1.755713	0.500000
12.441754	12.488651	2.587651	0.500000
8.585220	2.205563	0.714327	0.500000
12.806559	9.637402	3.477988	0.500000
13.120273	9.466623	1.116935	0.500000
3.091465	8.042900	0.605015	0.500000
3.917255	6.857249	3.403771	0.500000
4.426762	13.071724	1.542180	0.500000
8.356465	1.141827	1.411834	0.500000
6.231715	0.803515	0.520102	0.500000
8.305091	4.937587	2.162010	0.500000
6.230048	8.415875	0.763600	0.500000
6.135330	3.102785	2.453785	0.500000
4.740213	3.435106	3.436251	0.500000
2.951914	1.813502	0.727285	0.500000
3.045297	7.640912	1.529893	0.500000
7.125831	8.839263	2.421470	0.500000
2.361975	6.648933	2.976669	0.500000
1.651835	6.581951	1.949926	0.500000
5.712497	13.022320	0.693892	0.500000
11.590380	6.320543	1.492976	0.500000
9.076023	7.165763	2.416564	0.500000
10.928203	2.964861	3.079643	0.500000
3.177754	11.893570	1.658996	0.500000
2.223500	4.133156	2.760017	0.500000
6.350312	10.921179	1.579679	0.500000
7.684817	13.045786	1.354861	0.500000
9.281108	6.977588	3.405473	0.500000
6.196726	7.978472	3.236362	0.500000
2.976002	6.510347	0.610351	0.500000
11.972405	11.656268	1.678719	0.500000
4.085291	7.935364	1.745974	0.500000
0.369888	3.323059	3.170617	0.500000
0.240205	7.420200	0.842668	0.500000
4.698791	4.727433	3.448216	0.500000
11.755043	3.832412	1.475880	0.500000
3.144004	3.926871	3.493002	0.500000
0.364972	1.189039	0.857777	0.500000
7.538138	12.183996	2.934051	0.500000
12.956733	12.981402	1.848573	0.500000
4.938678	2.191274	2.582840	0.500000
9.671732	10.765134	1.723265	0.500000
10.814106	9.282925	3.214016	0.500000
10.924891	6.332472	3.491081	0.500000
4.343586	5.938313	2.137682	0.500000
10.603927	9.870489	1.990700	0.500000
0.042434	0.224690	0.567140	0.500000
3.303243	4.600001	0.526414	0.500000
5.098686	10.695361	3.207160	0.500000
9.582646	1.268343	2.904645	0.500000
6.922945	6.812203	2.898398	0.500000
2.799362	5.264809	3.488424	0.500000
5.857394	6.236791	1.162067	0.500000
5.450837	8.748003	1.562507	0.500000
3.472867	12.151408	2.759980	0.500000
2.756487	7.550285	2.648351	0.500000
2.810152	10.608739	2.229899	0.500000
3.659536	3.733029	1.150460	0.500000
13.136351	1.981868	1.363402	0.500000
9.096746	1.916196	2.214992	0.500000
0.166860	4.290982	2.569597	0.500000
7.453911	7.692444	3.253836	0.500000
7.600463	7.121487	0.511539	0.500000
8.210088	0.227524	0.595453	0.500000
0.122844	6.585682	1.938105	0.500000
9.284933	1.402088	0.560924	0.500000
8.303920	10.405446	0.503396	0.500000
5.077554	11.189434	1.402509	0.500000
5.925410	11.415641	2.552919	0.500000
2.660393	3.111178	3.068483	0.500000
5.398145	7.781306	2.072206	0.500000
2.403983	1.606884	3.394123	0.500000
10.882269	11.891750	3.321848	0.500000
0.504767	2.749297	2.219793	0.500000
1.208182	5.644166	1.515341	0.500000
6.327410	3.710547	1.003480	0.500000
4.769328	4.896615	2.404645	0.500000
9.779530	4.220060	2.499216	0.500000
1.670387	4.726477	1.698791	0.500000
7.941545	8.804307	3.466408	0.500000
11.716290	8.411110	1.172992	0.500000
12.537001	10.445880	2.099648	0.500000
10.307924	12.414477	2.491654	0.500000
13.146799	7.671319	2.142622	0.500000
0.973703	8.247753	1.078868	0.500000
5.859959	3.490604	3.465236	0.500000
0.528256	7.004694	2.951649	0.500000
11.370595	1.155188	2.146042	0.500000
1.076050	9.105871	0.523340	0.500000
9.233755	11.876785	1.429146	0.500000
11.382180	7.358091	3.485131	0.500000
0.490628	5.498470	2.217145	0.500000
12.156635	2.471452	2.355821	0.500000
2.563510	0.042208	1.476535	0.500000
4.892971	3.169311	2.191381	0.500000
3.919857	0.811767	1.760510	0.500000
6.893720	11.223479	2.722196	0.500000
6.337372	2.446623	1.059737	0.500000
1.262345	2.550336	3.396877	0.500000
5.508951	12.616949	3.418163	0.500000
9.753191	2.313921	1.106087	0.500000
10.976065	4.187053	3.382994	0.500000
7.552340	12.130625	0.541442	0.500000
11.579892	9.855227	2.377489	0.500000
10.717298	7.731626	2.504325	0.500000
1.410798	6.643157	0.823248	0.500000
10.060057	11.400765	2.677415	0.500000
5.354542	9.513958	2.338589	0.500000
9.830707	7.418175	1.647695	0.500000
4.856590	10.361883	1.928746	0.500000
6.240074	5.358700	2.777151	0.500000
13.027429	8.722445	1.925296	0.500000
9.153863	12.246946	2.575401	0.500000
1.522951	10.301967	3.254057	0.500000
3.713701	10.969591	1.384024	0.500000
