400

3.375678	12.289123	2.925555	0.500000
7.172535	4.879857	0.582169	0.500000
10.743513	12.265597	3.402567	0.500000
10.483987	5.437651	2.198382	0.500000
1.608604	6.316086	2.571642	0.500000
2.172452	9.262226	1.106837	0.500000
6.579986	3.968824	3.349895	0.500000
1.914400	1.719846	2.194415	0.500000
0.114018	1.283807	2.935902	0.500000
2.342947	7.672522	2.742445	0.500000
5.889799	10.769075	1.018893	0.500000
7.871110	1.564160	1.058290	0.500000
1.512936	3.657704	3.462541	0.500000
8.697858	9.012031	3.281816	0.500000
12.110454	10.601085	0.715692	0.500000
10.524327	3.101055	3.102347	0.500000
6.521135	4.149593	1.547230	0.500000
6.736265	5.165036	1.857607	0.500000
9.990837	2.394478	1.660235	0.500000
12.084228	12.749276	0.767210	0.500000
2.077135	5.862751	0.608681	0.500000
5.409813	9.542404	1.348768	0.500000
5.910177	1.276105	3.351106	0.500000
1.003568	2.796993	2.883453	0.500000
3.500308	1.432396	2.578356	0.500000
6.462112	11.599203	2.940920	0.500000
11.425037	6.895019	2.531452	0.500000
5.275332	5.549295	1.352467	0.500000
3.006609	11.678707	0.517783	0.500000
11.327981	2.276079	2.794106	0.500000
5.387806	3.992570	3.438350	0.500000
10.785504	9.685292	1.955297	0.500000
9.634881	7.145091	2.948611	0.500000
2.438329	0.487120	2.514135	0.500000
12.650742	1.713001	1.661691	0.500000
10.476966	6.720174	2.252855	0.500000
1.265288	0.345298	2.386344	0.500000
12.913959	13.160346	1.234264	0.500000
13.023465	12.231434	0.678073	0.500000
6.412678	5.120455	3.120910	0.500000
2.252713	8.109812	1.137127	0.500000
8.722378	4.881888	3.362744	0.500000
1.622336	7.444252	1.774115	0.500000
8.002800	3.282530	2.757250	0.500000
2.242395	2.145494	3.322517	0.500000
2.305388	12.413299	1.456912	0.500000
6.007373	3.302918	1.867450	0.500000
2.627292	10.070778	1.568048	0.500000
1.296896	4.169151	0.737836	0.500000
13.147685	2.974972	1.117719	0.500000
11.520001	10.274203	3.116871	0.500000
12.607874	3.971202	0.542328	0.500000
11.484916	8.855315	2.345688	0.500000
5.500367	1.587522	1.024555	0.500000
5.774397	4.922720	2.247004	0.500000
5.947739	9.819563	0.501834	0.500000
9.427067	5.986492	0.611432	0.500000
7.519087	11.944609	2.442358	0.500000
7.521526	9.370495	3.108671	0.500000
4.186964	1.317621	3.317948	0.500000
7.908519	4.366385	2.866123	0.500000
8.753957	11.959937	2.337152	0.500000
2.234526	6.533874	3.337439	0.500000
11.425963	9.349928	1.083740	0.500000
0.732162	6.510667	0.548638	0.500000
6.162559	8.901101	2.064724	0.500000
8.445585	6.220868	0.825376	0.500000
10.417762	1.500052	0.786361	0.500000
7.302027	11.166635	3.332401	0.500000
12.348998	9.956807	1.915443	0.500000
9.608693	2.680567	0.770668	0.500000
0.746353	6.948763	2.487490	0.500000
4.324211	8.142691	2.430886	0.500000
4.783476	11.946331	2.387075	0.500000
3.621654	2.793826	1.589653	0.500000
7.957601	6.605652	2.270668	0.500000
9.592887	7.874683	2.019179	0.500000
13.041249	10.716536	1.246513	0.500000
8.952905	1.610313	0.895957	0.500000
8.893910	9.746398	0.539676	0.500000
10.510555	4.531195	1.386838	0.500000
8.167232	8.436538	2.610680	0.500000
12.475119	7.756284	3.397385	0.500000
2.664802	13.163416	3.348393	0.500000
7.351505	10.348663	2.649894	0.500000
2.458301	3.763951	0.680864	0.500000
5.551166	12.828451	2.326974	0.500000
9.824270	10.103802	1.798523	0.500000
3.184653	8.390622	2.782073	0.500000
2.078803	9.729766	2.719091	0.500000
6.792198	2.309176	0.731751	0.500000
7.930041	6.606260	3.441770	0.500000
6.684388	2.457257	2.253902	0.500000
7.331550	8.220414	3.425436	0.500000
7.738972	0.674562	0.509920	0.500000
3.867041	5.304165	2.064070	0.500000
5.622086	2.280870	1.823555	0.500000
3.933446	4.462460	3.472620	0.500000
12.468822	5.039801	0.934305	0.500000
1.915882	7.052505	0.876845	0.500000
4.547630	8.719225	3.274411	0.500000
9.776658	4.942037	0.606349	0.500000
8.433992	9.987014	3.309223	0.500000
9.289263	9.154416	2.485986	0.500000
9.804898	9.690768	3.296271	0.500000
3.233139	2.936492	0.633500	0.500000
1.211474	6.352132	1.584267	0.500000
5.435362	4.240992	1.541955	0.500000
10.531046	1.482007	2.022958	0.500000
1.569328	10.001868	1.897021	0.500000
3.454261	7.229417	2.537827	0.500000
3.714980	11.564576	2.081268	0.500000
1.127177	1.364929	0.625000	0.500000
3.846622	6.053269	3.211878	0.500000
4.142029	3.590164	0.975889	0.500000
8.825671	10.101978	2.365730	0.500000
4.360596	3.111974	3.255443	0.500000
9.898180	1.518689	2.888652	0.500000
11.697774	0.883278	0.507368	0.500000
8.758751	8.447758	1.558037	0.500000
0.640808	0.418710	3.497057	0.500000
3.490155	2.302230	3.470150	0.500000
5.081417	2.134446	2.660971	0.500000
12.899726	12.059169	2.171616	0.500000
5.946196	2.602149	3.447680	0.500000
6.597430	0.317745	3.495707	0.500000
6.533193	13.007346	0.548745	0.500000
10.533208	9.800126	0.659857	0.500000
9.667905	2.859304	2.491333	0.500000
2.969785	5.758622	2.783953	0.500000
13.176389	0.056614	2.609732	0.500000
0.955984	2.878788	0.757899	0.500000
1.414963	4.534507	2.823715	0.500000
1.249384	8.621971	3.433349	0.500000
6.049273	6.997233	2.338445	0.500000
7.876947	11.796632	0.628539	0.500000
10.900556	12.305308	0.572380	0.500000
6.902052	8.066605	1.807727	0.500000
1.697567	2.234659	1.327498	0.500000
10.352223	0.529575	3.225896	0.500000
8.675564	4.488850	0.595293	0.500000
7.757955	7.985946	0.871910	0.500000
8.225622	0.218206	1.312543	0.500000
9.956938	11.945704	1.715080	0.500000
5.101782	7.555423	3.173720	0.500000
4.380004	2.547869	0.520349	0.500000
9.982673	8.253913	3.460704	0.500000
10.991286	2.896683	1.621663	0.500000
0.839380	5.357021	0.507337	0.500000
12.114412	0.012399	1.952259	0.500000
8.768837	6.152502	2.905217	0.500000
1.179419	4.901052	1.511907	0.500000
8.648426	7.537997	3.351513	0.500000
10.927087	2.774412	0.607578	0.500000
0.160737	10.118110	3.252467	0.500000
11.440661	1.845981	1.394527	0.500000
3.703092	6.351116	1.791308	0.500000
8.977944	3.357105	1.176117	0.500000
12.626626	9.145350	2.636277	0.500000
9.186393	10.754183	0.569981	0.500000
11.119590	7.449825	1.666918	0.500000
1.713301	12.877072	3.213001	0.500000
1.730731	0.028474	1.549397	0.500000
11.556836	3.197375	3.340723	0.500000
3.955025	8.094501	1.269837	0.500000
1.727247	5.386044	3.371743	0.500000
4.426076	5.859657	0.603815	0.500000
12.139666	8.905208	3.493012	0.500000
9.431067	0.762380	0.503619	0.500000
12.295235	6.603265	3.365409	0.500000
0.596947	11.635210	2.415771	0.500000
7.091121	1.354580	2.230986	0.500000
3.124405	7.069728	1.291142	0.500000
0.926458	1.798653	3.393400	0.500000
6.818325	1.800606	3.470569	0.500000
5.335328	11.007690	2.508231	0.500000
10.329780	10.985733	1.975410	0.500000
12.983029	10.733316	2.292688	0.500000
9.794313	11.963618	3.147985	0.500000
2.728876	2.397197	2.434576	0.500000
13.182550	2.361787	3.289125	0.500000
1.174024	10.798553	1.113562	0.500000
0.803279	12.427290	0.551253	0.500000
5.593496	12.772237	0.957511	0.500000
11.318003	0.649405	1.706873	0.500000
10.262240	6.025681	1.284202	0.500000
7.933960	2.435969	0.510179	0.500000
5.904721	4.362374	0.614671	0.500000
11.775621	7.583624	0.901985	0.500000
13.201481	7.416069	1.673099	0.500000
5.807909	7.941349	2.575979	0.500000
11.391855	10.877001	1.415605	0.500000
12.743331	11.731582	3.424691	0.500000
0.717793	3.655616	1.822758	0.500000
4.956371	7.533123	1.776759	0.500000
6.827789	12.239341	1.170060	0.500000
0.221252	3.588824	2.956751	0.500000
12.222136	0.894820	2.551402	0.500000
9.039461	4.403806	1.880369	0.500000
12.466251	11.664318	1.294217	0.500000
7.054230	10.014941	0.535344	0.500000
1.415952	11.909090	1.170370	0.500000
6.974541	9.896898	1.699318	0.500000
9.729478	6.946826	1.469482	0.500000
10.984115	11.927250	2.002156	0.500000
12.061265	5.971220	0.788848	0.500000
4.258031	12.107837	1.397509	0.500000
3.901400	6.827101	0.615078	0.500000
12.129760	4.609816	1.838592	0.500000
11.610338	5.763759	2.731176	0.500000
4.404882	10.833727	0.501613	0.500000
11.974772	6.544320	1.664857	0.500000
3.124824	5.716433	1.200927	0.500000
3.110227	9.675292	2.580349	0.500000
3.804275	0.810255	1.839112	0.500000
3.355595	9.175861	3.445433	0.500000
9.813155	3.763328	1.704957	0.500000
4.213168	9.354938	2.414568	0.500000
0.480650	8.154163	2.360514	0.500000
3.379229	9.421442	0.584468	0.500000
0.333471	12.388479	3.203836	0.500000
1.277472	8.367635	1.472297	0.500000
10.826636	13.162299	2.498597	0.500000
7.287792	5.878874	0.658096	0.500000
9.327485	0.815329	3.465938	0.500000
1.901332	12.880668	0.611642	0.500000
6.723470	12.633434	2.142606	0.500000
8.717154	2.356766	2.063872	0.500000
1.437382	10.585690	3.401225	0.500000
2.136533	2.718625	0.533738	0.500000
0.247251	7.939457	3.480240	0.500000
9.639130	9.133144	1.457933	0.500000
0.906664	1.901183	1.937956	0.500000
9.001070	12.689631	1.438081	0.500000
9.813053	13.085665	0.968419	0.500000
6.353971	8.674393	3.147828	0.500000
2.987763	7.369749	3.464705	0.500000
13.152546	8.570962	1.515902	0.500000
9.242367	6.064922	1.685005	0.500000
5.276711	3.821797	2.451509	0.500000
12.518256	9.452236	1.058449	0.500000
2.935241	10.681130	2.314336	0.500000
8.261625	10.807041	1.430771	0.500000
5.056927	1.297594	2.051102	0.500000
8.980490	12.880733	3.349384	0.500000
12.507160	3.208704	2.768392	0.500000
9.280600	5.277360	2.307976	0.500000
11.415469	1.284264	3.170873	0.500000
6.784246	6.230313	1.491028	0.500000
7.813151	2.029165	2.926065	0.500000
12.366737	4.138649	3.225806	0.500000
4.620895	0.003172	2.028811	0.500000
8.353002	0.505856	3.076827	0.500000
5.430116	8.705281	0.789781	0.500000
9.284912	2.348916	3.343823	0.500000
2.820836	2.052931	0.877229	0.500000
6.526930	7.515558	3.167790	0.500000
13.168319	7.029212	3.108893	0.500000
4.764495	6.159275	2.760590	0.500000
8.751995	3.819385	3.392219	0.500000
0.419296	5.349353	2.136196	0.500000
6.419434	10.699107	2.402452	0.500000
0.056448	2.580160	2.039606	0.500000
8.268788	11.551862	3.450662	0.500000
10.148376	3.555035	0.642960	0.500000
6.025480	12.517553	3.384336	0.500000
3.565194	1.407737	0.605271	0.500000
11.007827	8.239589	0.714729	0.500000
10.665947	12.806488	1.532917	0.500000
7.513012	3.577476	0.504677	0.500000
4.294526	4.522947	1.450263	0.500000
6.894421	3.656216	2.420929	0.500000
7.481813	0.440695	2.560729	0.500000
7.246632	11.353596	1.597651	0.500000
5.214633	6.538043	1.769231	0.500000
8.875490	13.112033	0.528031	0.500000
8.565505	1.615382	3.456815	0.500000
2.277597	8.461344	3.437198	0.500000
0.250583	0.939941	1.975499	0.500000
10.789654	6.680777	3.283866	0.500000
10.035093	8.931791	0.506762	0.500000
4.798309	12.569531	3.292754	0.500000
13.147739	4.608714	2.608763	0.500000
2.742283	0.687014	0.524785	0.500000
6.160470	5.627263	0.637902	0.500000
9.328058	10.992372	2.022972	0.500000
0.967634	7.527085	0.716945	0.500000
11.952235	11.154530	2.580009	0.500000
11.773094	12.018628	3.284469	0.500000
0.714601	0.072727	1.499926	0.500000
2.123944	12.124499	2.477733	0.500000
5.215851	5.308608	3.363204	0.500000
10.641509	8.065419	2.730764	0.500000
2.347852	11.278353	3.255549	0.500000
4.059245	7.484396	3.306365	0.500000
8.088575	12.809059	2.590258	0.500000
8.554041	1.283024	2.021860	0.500000
11.223524	5.158392	0.880862	0.500000
5.661535	6.446870	3.419624	0.500000
4.968955	7.175486	0.838837	0.500000
6.619470	3.311620	0.984963	0.500000
11.452141	4.103206	0.997073	0.500000
6.369315	0.922731	0.509788	0.500000
7.889215	9.049454	1.692978	0.500000
3.751165	3.759344	2.350101	0.500000
12.060172	2.915313	1.821537	0.500000
12.909136	3.765071	1.756565	0.500000
0.019247	6.374762	1.836168	0.500000
10.941177	9.174688	3.273868	0.500000
12.459457	5.621562	1.989498	0.500000
6.314655	7.955294	0.832558	0.500000
4.865828	4.207240	0.547117	0.500000
1.543433	11.118787	2.523746	0.500000
10.077561	5.972991	3.464144	0.500000
8.496750	7.147203	1.594059	0.500000
3.941464	10.410331	2.573120	0.500000
2.100522	5.613084	1.980628	0.500000
10.508713	2.106439	3.494351	0.500000
4.276002	1.740930	1.480413	0.500000
13.066654	6.100694	0.875028	0.500000
4.176660	9.756214	3.405124	0.500000
4.751701	4.929739	2.368453	0.500000
12.066261	2.703402	0.545495	0.500000
2.430116	10.859936	0.777250	0.500000
12.549483	8.162413	2.381189	0.500000
1.444336	7.582699	3.314660	0.500000
7.722842	9.127031	0.564398	0.500000
12.550629	5.128572	3.329978	0.500000
6.443303	9.091105	1.008673	0.500000
0.771324	5.766884	3.112347	0.500000
1.349596	9.063845	2.258050	0.500000
4.649921	2.842958	1.556966	0.500000
9.738581	12.963849	2.687934	0.500000
12.930047	1.990604	0.555861	0.500000
5.919478	6.814160	0.855415	0.500000
1.070218	0.253017	0.580691	0.500000
2.202621	11.308289	1.752563	0.500000
3.873716	0.390760	0.629247	0.500000
7.691885	6.892236	0.924049	0.500000
3.578931	13.014703	1.917455	0.500000
4.365907	11.347725	3.348047	0.500000
13.202705	8.106062	0.525518	0.500000
11.037091	4.401236	2.357927	0.500000
9.632302	4.099671	2.748298	0.500000
3.473542	9.043606	1.566812	0.500000
1.196950	11.772134	3.444490	0.500000
2.478016	1.210946	1.388120	0.500000
7.940610	4.131319	1.491856	0.500000
9.747076	0.940930	1.704750	0.500000
6.867087	6.423359	2.483571	0.500000
10.561944	10.401171	2.834053	0.500000
7.511062	5.471805	2.916147	0.500000
0.242098	9.621998	1.743043	0.500000
0.390962	11.351940	0.689638	0.500000
10.745402	0.239739	0.522340	0.500000
2.425737	6.541586	1.786047	0.500000
7.366868	2.846579	3.420603	0.500000
10.199574	11.008223	0.684155	0.500000
0.210764	9.695829	0.517926	0.500000
11.192788	4.584140	3.346590	0.500000
7.406961	12.539908	3.451853	0.500000
3.402073	11.099761	3.114911	0.500000
5.864095	6.011467	2.432066	0.500000
4.188989	0.187317	3.088268	0.500000
0.335226	4.485325	0.731170	0.500000
3.299570	4.437526	0.785401	0.500000
6.078410	0.707998	2.467408	0.500000
11.886025	8.288623	1.619820	0.500000
3.107612	4.371224	1.798680	0.500000
4.983779	11.112298	1.291410	0.500000
2.270244	4.732412	0.965839	0.500000
6.106348	0.333364	1.431113	0.500000
2.999798	12.942547	0.930728	0.500000
6.616648	9.656204	2.646372	0.500000
5.249731	0.388823	3.035872	0.500000
1.747279	3.026615	2.099158	0.500000
8.257052	5.364753	2.205945	0.500000
4.094234	10.187567	1.538215	0.500000
7.244939	0.748480	1.445957	0.500000
12.295231	1.708464	3.442435	0.500000
11.836861	11.753715	0.515554	0.500000
4.862918	0.632979	1.242910	0.500000
2.594005	10.215428	3.469185	0.500000
7.655441	7.585836	2.474253	0.500000
10.926724	6.816326	0.601400	0.500000
5.710542	11.712413	0.602150	0.500000
11.609158	0.062078	3.469177	0.500000
6.378941	10.415482	3.371442	0.500000
8.861577	8.000008	0.588409	0.500000
9.386287	10.812651	3.127703	0.500000
5.569656	9.984445	2.759189	0.500000
7.770985	12.491125	1.636423	0.500000
2.584396	3.587461	2.241736	0.500000
1.756124	4.023236	1.693474	0.500000
9.455993	12.251375	0.500402	0.500000
7.955635	3.117797	1.615199	0.500000
9.784311	7.823595	0.973536	0.500000
3.218311	8.365126	0.521657	0.500000
5.141055	10.595643	3.464415	0.500000
2.623048	2.882671	1.532928	0.500000
