400

5.635355	11.510383	0.806920	0.500000
1.066943	0.293550	0.533374	0.500000
8.992731	1.579429	1.546811	0.500000
6.164582	8.848288	3.315146	0.500000
11.539541	5.248911	0.732540	0.500000
0.586597	5.394232	3.484817	0.500000
6.742307	1.953732	2.283309	0.500000
9.294779	4.039892	3.361897	0.500000
7.251568	5.741812	1.806504	0.500000
0.720038	5.501146	0.624083	0.500000
12.397064	0.865544	2.420106	0.500000
11.716200	2.684820	0.734840	0.500000
3.863288	10.533107	0.529561	0.500000
7.416049	11.792496	1.676607	0.500000
8.625998	6.316175	1.237989	0.500000
0.404182	1.321561	0.603805	0.500000
3.886327	8.999252	1.476537	0.500000
4.107921	10.164814	2.398463	0.500000
4.738084	9.528770	1.751108	0.500000
7.091561	8.506970	1.585756	0.500000
4.465581	8.167730	2.727582	0.500000
5.997271	9.469438	0.830192	0.500000
12.245897	3.025016	2.854316	0.500000
2.090967	3.922401	2.002740	0.500000
1.425021	10.707479	0.658934	0.500000
9.716874	2.091198	3.432088	0.500000
12.173051	3.608173	0.672200	0.500000
4.127081	11.111464	3.486168	0.500000
10.014010	6.851112	3.449177	0.500000
4.516695	7.994078	0.519453	0.500000
12.509354	6.266910	3.468097	0.500000
3.781261	6.651257	1.822326	0.500000
10.287299	0.348200	1.750688	0.500000
11.440080	10.483304	2.778323	0.500000
4.197264	1.769553	0.809353	0.500000
7.910601	1.990087	0.859381	0.500000
11.324035	7.550471	2.739612	0.500000
10.789191	9.814100	3.309618	0.500000
11.615383	0.673604	1.709566	0.500000
5.016574	3.946554	3.291709	0.500000
2.866210	4.994145	1.165461	0.500000
13.140396	1.398136	2.943375	0.500000
12.255352	12.101934	2.243730	0.500000
4.921958	1.256119	3.479182	0.500000
3.327655	2.519426	0.744792	0.500000
6.323353	5.857113	0.529579	0.500000
12.529576	7.818739	2.649047	0.500000
7.985317	6.398568	2.103919	0.500000
2.670897	1.798926	2.512892	0.500000
10.432563	4.194004	3.418535	0.500000
10.424435	11.263060	3.492446	0.500000
2.783332	11.361572	1.444389	0.500000
6.262995	11.915769	2.172548	0.500000
10.051884	6.362929	0.824650	0.500000
7.849663	1.242865	1.578499	0.500000
11.770201	11.235679	0.564288	0.500000
5.273684	7.355616	0.902463	0.500000
4.123879	9.808268	3.466505	0.500000
2.028596	9.522903	0.531661	0.500000
6.960668	9.009967	0.704450	0.500000
11.796523	12.513674	0.568109	0.500000
11.995143	7.286145	3.465610	0.500000
4.696256	1.213537	1.492310	0.500000
6.299914	5.383717	1.683838	0.500000
5.091911	0.258904	0.575930	0.500000
7.111244	7.857694	2.367005	0.500000
13.158483	5.266612	1.505841	0.500000
9.877530	7.892674	0.717020	0.500000
9.082991	4.421176	2.423683	0.500000
12.228262	0.318092	0.755888	0.500000
9.567086	2.505010	1.911108	0.500000
6.430425	6.253506	2.234762	0.500000
11.314916	3.384117	3.439320	0.500000
12.561175	9.602510	1.614375	0.500000
3.702500	0.906504	2.507517	0.500000
2.242642	2.317056	0.744899	0.500000
7.825970	11.606701	3.057114	0.500000
1.984312	0.150564	0.927618	0.500000
0.282926	0.490849	2.136804	0.500000
4.987451	9.545298	0.535332	0.500000
1.966148	5.272118	3.220802	0.500000
5.541088	7.441483	3.475988	0.500000
6.498939	4.848867	2.804226	0.500000
2.940448	6.051963	2.817642	0.500000
1.753879	5.137193	0.834408	0.500000
4.138721	3.779799	2.519743	0.500000
11.534098	2.687927	1.901053	0.500000
11.745828	11.960143	3.479231	0.500000
0.389613	3.477089	2.759988	0.500000
10.195164	6.274030	2.156583	0.500000
9.109094	6.058416	2.603097	0.500000
12.341375	6.508318	2.116602	0.500000
7.021113	5.598867	3.435780	0.500000
9.138347	8.050880	2.603276	0.500000
4.184457	2.315993	3.039660	0.500000
4.524674	11.807829	0.505625	0.500000
3.829444	12.620797	0.584683	0.500000
3.117976	8.647573	2.031132	0.500000
2.424613	0.811815	1.595273	0.500000
2.459137	7.976658	3.056822	0.500000
5.725749	12.036430	3.056065	0.500000
0.182509	8.865408	2.876488	0.500000
8.417744	5.197493	2.089176	0.500000
10.718552	12.351032	0.507121	0.500000
5.395601	8.961685	2.543111	0.500000
2.950644	3.540789	2.637326	0.500000
1.898365	12.983488	1.880077	0.500000
0.054888	2.510600	3.096167	0.500000
6.643243	2.823486	2.796746	0.500000
12.394073	5.444453	2.772884	0.500000
2.250907	7.935053	0.870408	0.500000
1.583683	1.379980	0.593197	0.500000
8.044811	6.111884	3.084353	0.500000
6.221469	0.315601	0.573821	0.500000
3.595633	5.675852	1.422495	0.500000
11.476205	1.716816	1.590657	0.500000
0.954214	2.058101	1.653907	0.500000
10.497935	12.494102	3.287703	0.500000
5.916539	13.108157	1.919108	0.500000
1.715185	3.912558	3.491962	0.500000
9.289078	5.500424	1.648246	0.500000
10.868952	5.533549	2.435958	0.500000
6.699057	1.381882	0.577261	0.500000
5.339156	5.266761	2.397626	0.500000
4.315343	7.755887	1.706781	0.500000
3.063476	2.630554	3.188538	0.500000
12.615444	10.659249	3.130502	0.500000
4.846837	6.756382	1.732751	0.500000
1.074301	12.909563	3.238210	0.500000
8.232061	2.969322	0.539001	0.500000
0.617962	11.119532	2.894911	0.500000
2.222737	6.912045	0.537280	0.500000
6.008733	10.549939	0.909735	0.500000
0.167213	3.318621	1.006355	0.500000
0.529693	8.022005	3.460167	0.500000
1.612438	10.374071	3.163848	0.500000
9.942992	12.342432	1.781169	0.500000
2.740360	1.061594	3.412686	0.500000
9.588037	9.015144	0.621610	0.500000
1.972132	4.122216	0.647652	0.500000
11.417044	10.624415	1.450247	0.500000
1.543879	5.968642	1.419670	0.500000
7.528458	3.445815	2.532045	0.500000
9.364681	3.433514	1.560033	0.500000
7.649372	8.102831	0.789800	0.500000
1.765109	9.043315	1.463216	0.500000
8.695625	4.050222	0.670721	0.500000
3.496662	2.959397	1.845798	0.500000
10.049550	1.085973	2.412166	0.500000
6.521042	7.399322	3.254960	0.500000
0.305084	4.546244	2.196354	0.500000
12.920769	2.906585	1.800316	0.500000
5.894907	3.439625	1.719844	0.500000
9.177436	3.198769	2.605180	0.500000
7.263276	13.007583	0.647230	0.500000
6.071193	12.330103	1.263205	0.500000
11.934599	7.299984	1.251181	0.500000
1.210749	4.744435	2.709131	0.500000
10.115979	3.177480	3.496217	0.500000
8.528048	10.903848	2.661782	0.500000
3.674173	11.975659	3.228746	0.500000
7.735838	4.648234	2.724397	0.500000
10.850166	9.581770	0.676816	0.500000
2.621077	12.885881	3.322760	0.500000
2.248578	8.110787	2.057877	0.500000
2.965193	10.022611	0.587992	0.500000
8.030424	10.903331	1.593131	0.500000
9.219834	8.931801	3.403112	0.500000
3.052781	7.004172	3.289635	0.500000
12.657162	9.377001	3.499535	0.500000
9.612406	9.857133	3.364725	0.500000
0.532728	12.727092	2.329887	0.500000
11.408848	3.990265	2.506429	0.500000
10.930999	11.708465	2.522463	0.500000
12.840534	8.917652	0.737656	0.500000
5.085847	10.958878	3.120569	0.500000
2.118715	7.179967	2.486534	0.500000
13.049437	10.887181	1.299917	0.500000
1.454888	6.105975	3.443036	0.500000
7.513589	13.136374	1.736017	0.500000
1.750165	6.204813	2.483574	0.500000
1.285170	12.465562	0.590198	0.500000
10.634035	2.546870	0.908296	0.500000
4.323051	6.827314	2.793779	0.500000
10.835261	0.473711	2.640985	0.500000
0.594495	0.598331	3.340866	0.500000
5.652297	0.805440	2.297211	0.500000
1.376369	2.943397	0.917230	0.500000
1.497270	3.293611	2.678087	0.500000
12.786438	4.458387	0.790136	0.500000
4.505056	4.756980	1.606397	0.500000
8.710135	9.688495	2.930595	0.500000
3.359321	8.486553	0.616627	0.500000
6.003855	10.396353	3.112037	0.500000
4.976335	1.799466	2.615273	0.500000
0.907559	7.449780	2.475625	0.500000
4.923954	8.635434	1.186435	0.500000
5.356319	11.198714	1.803246	0.500000
7.318179	0.738312	3.334036	0.500000
1.324025	0.713945	1.594621	0.500000
12.675128	0.590088	3.407915	0.500000
10.927970	8.853634	2.369486	0.500000
1.381271	4.429872	1.444580	0.500000
9.719950	10.370634	1.533911	0.500000
3.324305	1.645316	1.725289	0.500000
4.274309	2.954264	0.958229	0.500000
9.999495	5.849161	3.473083	0.500000
1.843849	12.252855	2.762497	0.500000
1.760232	1.516500	2.119614	0.500000
7.031953	12.588589	2.822800	0.500000
12.178029	9.755044	2.671009	0.500000
7.266996	3.928339	0.730705	0.500000
8.475255	2.539557	1.521704	0.500000
1.224809	6.458180	0.501143	0.500000
10.333483	8.786467	3.178541	0.500000
10.751951	3.598612	0.615035	0.500000
2.755080	1.391825	0.594904	0.500000
1.147655	7.823223	0.514166	0.500000
3.231530	12.936439	1.999933	0.500000
13.170123	4.229377	3.358505	0.500000
10.844091	0.705164	0.931865	0.500000
1.592060	0.729380	3.011724	0.500000
7.293244	1.933236	3.463095	0.500000
2.950896	12.002174	0.690274	0.500000
2.560972	6.485276	1.674943	0.500000
3.636790	4.888077	3.103167	0.500000
6.393931	2.390579	1.242055	0.500000
5.118903	3.616139	0.565709	0.500000
12.045190	6.213431	0.794282	0.500000
0.764015	3.706173	1.837716	0.500000
11.805293	8.382395	2.081865	0.500000
8.699492	9.686564	1.654213	0.500000
5.688031	1.698031	0.510085	0.500000
4.800915	3.601243	1.632559	0.500000
10.352635	7.857653	2.374035	0.500000
7.686804	10.276323	3.380374	0.500000
6.734010	11.040347	1.444251	0.500000
11.056681	6.468598	1.539107	0.500000
7.951577	8.312425	3.008581	0.500000
4.838979	11.942202	2.425531	0.500000
1.265879	1.678989	3.452956	0.500000
8.727698	1.973246	3.211572	0.500000
10.680204	4.738759	0.815637	0.500000
9.144504	7.016782	2.909781	0.500000
1.247570	8.446101	2.575600	0.500000
10.104213	1.406146	1.121183	0.500000
5.481908	0.220608	3.356922	0.500000
10.501387	11.178740	1.722945	0.500000
0.105706	12.869506	0.588734	0.500000
1.941993	11.657022	0.725843	0.500000
6.742435	9.065380	2.431256	0.500000
7.035303	4.448583	1.909882	0.500000
9.021754	7.966581	1.270755	0.500000
1.295643	11.949782	1.879068	0.500000
3.762502	0.713206	0.558894	0.500000
9.328200	5.633962	0.518564	0.500000
8.535627	7.248460	0.659426	0.500000
6.205826	7.118004	0.530042	0.500000
3.273202	3.926274	1.155022	0.500000
4.720022	5.444911	0.755190	0.500000
9.855751	9.192277	1.687653	0.500000
8.605847	7.240581	1.996038	0.500000
12.288196	11.677209	1.319548	0.500000
7.355425	5.977827	0.694354	0.500000
11.732854	4.852606	3.483803	0.500000
0.933598	9.472359	3.496329	0.500000
9.477024	11.380453	1.773396	0.500000
1.005532	2.269290	2.674984	0.500000
12.209695	1.693104	0.790759	0.500000
4.204862	5.823456	2.239736	0.500000
0.569093	4.355788	0.505915	0.500000
7.045646	0.767618	2.040887	0.500000
3.076560	0.083780	0.930135	0.500000
0.144182	12.020459	1.209555	0.500000
11.309832	6.455523	2.675866	0.500000
3.482625	7.523912	2.221506	0.500000
8.266663	0.788289	2.398667	0.500000
12.050168	1.559504	3.311626	0.500000
12.396173	10.034155	0.616399	0.500000
4.536632	12.541425	3.280488	0.500000
9.198749	2.276727	0.591001	0.500000
0.127382	6.565072	2.243517	0.500000
7.658245	9.277500	3.193745	0.500000
8.826376	11.709814	3.422877	0.500000
3.820695	9.427837	0.510024	0.500000
10.892849	8.481310	0.580532	0.500000
8.692266	0.898733	3.415368	0.500000
5.335712	6.247283	0.555821	0.500000
3.298844	10.822257	2.428023	0.500000
12.841030	12.846147	1.810865	0.500000
10.624231	9.901663	1.842710	0.500000
8.527269	8.765764	2.247261	0.500000
2.004971	9.071663	2.792710	0.500000
2.777495	4.507409	3.463406	0.500000
12.792124	8.478078	1.813588	0.500000
2.309607	9.922329	1.417895	0.500000
6.483411	0.098608	3.317313	0.500000
9.601711	7.111345	1.688355	0.500000
0.062052	1.577081	1.572580	0.500000
5.645568	2.491848	2.199518	0.500000
3.122782	4.772531	2.251531	0.500000
6.556520	10.168979	2.190495	0.500000
10.318264	2.924612	2.472113	0.500000
4.194289	6.638766	0.672792	0.500000
3.915039	3.886441	3.497090	0.500000
11.646503	8.783693	3.072226	0.500000
5.606307	2.720966	0.549139	0.500000
7.239811	11.595978	0.634218	0.500000
4.566607	5.393924	3.165083	0.500000
7.595157	9.654608	2.224368	0.500000
8.980693	12.530984	0.596222	0.500000
7.991958	4.007429	3.478799	0.500000
0.904588	5.531086	2.120982	0.500000
8.909608	12.699465	1.725521	0.500000
3.227134	6.237567	0.505651	0.500000
0.226225	7.636650	1.636556	0.500000
2.060434	2.525386	3.092235	0.500000
3.950728	11.117394	1.453624	0.500000
9.677062	11.642114	0.724174	0.500000
3.809767	6.088385	3.336442	0.500000
0.990093	8.909121	0.613865	0.500000
13.199793	11.830304	3.235277	0.500000
3.621115	12.132101	1.472742	0.500000
3.739034	0.239353	3.346283	0.500000
12.391691	12.917993	2.905848	0.500000
10.091144	10.823537	2.587187	0.500000
6.155487	8.255445	0.923077	0.500000
10.303716	4.006459	2.439702	0.500000
6.292982	4.533304	0.592554	0.500000
12.534553	2.139424	2.371535	0.500000
2.049670	2.903764	1.851254	0.500000
7.157754	2.796443	0.546373	0.500000
5.868705	4.112327	2.557826	0.500000
12.509885	3.999765	2.507570	0.500000
12.002898	4.459711	1.505961	0.500000
2.701656	11.624744	3.166093	0.500000
9.392312	10.857388	3.302954	0.500000
5.343707	7.620760	2.417379	0.500000
3.487937	7.433431	1.155355	0.500000
5.193504	2.788754	3.098656	0.500000
9.425099	4.534815	1.280543	0.500000
7.600447	7.382963	3.257178	0.500000
11.228708	3.612754	1.495921	0.500000
13.206503	7.090144	3.499616	0.500000
8.380230	11.903754	1.115752	0.500000
8.863402	1.256574	0.580013	0.500000
8.668851	11.960879	2.379385	0.500000
8.261319	4.196702	1.646919	0.500000
10.688575	11.107633	0.694789	0.500000
4.717035	0.543045	2.715156	0.500000
4.194689	2.190523	2.027053	0.500000
3.822367	1.263068	3.461330	0.500000
1.214894	11.815053	3.422212	0.500000
9.446420	12.348525	2.950131	0.500000
4.799930	12.919879	1.974605	0.500000
11.215024	12.750064	2.594492	0.500000
6.980619	10.404254	0.614999	0.500000
7.484270	4.925088	0.989950	0.500000
13.142817	7.693659	0.532212	0.500000
6.567223	11.492506	3.357533	0.500000
8.425463	10.320093	0.683222	0.500000
8.471517	5.203765	0.854623	0.500000
0.190926	9.880092	1.053477	0.500000
10.488601	2.100205	1.857914	0.500000
6.937831	3.248209	1.645935	0.500000
7.990933	12.889395	3.218860	0.500000
3.074775	9.804318	2.221001	0.500000
7.644332	9.689477	1.088196	0.500000
11.097638	1.715593	0.580840	0.500000
3.625113	8.403783	3.255304	0.500000
1.430258	10.736888	2.028644	0.500000
6.353996	7.295502	1.637974	0.500000
9.384791	0.290374	0.567503	0.500000
5.446471	10.091670	2.267035	0.500000
10.434316	1.300942	3.336265	0.500000
5.462364	6.462204	2.601349	0.500000
11.832154	8.347378	1.064356	0.500000
7.311032	10.958001	2.427235	0.500000
1.097178	9.786686	2.121934	0.500000
2.161832	4.941428	1.876981	0.500000
11.444866	12.613714	1.589089	0.500000
11.085716	6.446045	0.521934	0.500000
3.026405	9.201423	3.101142	0.500000
7.412248	7.023309	1.170337	0.500000
0.103529	11.764643	2.213211	0.500000
9.770015	7.904919	3.390397	0.500000
10.078408	0.215466	3.395624	0.500000
6.995614	4.059220	3.206696	0.500000
4.830777	10.496290	1.256007	0.500000
12.243169	11.100456	2.150830	0.500000
13.042787	10.213369	2.242864	0.500000
4.150997	0.233451	1.374811	0.500000
0.114755	6.460310	0.850045	0.500000
3.122865	10.669415	3.410528	0.500000
6.023102	3.446902	3.446315	0.500000
1.496993	7.231926	3.474231	0.500000
7.648201	2.892030	3.405557	0.500000
6.135369	2.139804	3.328210	0.500000
1.445639	7.481884	1.533428	0.500000
5.618148	5.374351	3.424889	0.500000
