200

10.349065	0.265339	0.505349	0.500000
0.108646	2.139759	0.599558	0.500000
0.530180	1.207163	0.514938	0.500000
1.475870	0.801612	0.512211	0.500000
3.328280	0.707436	0.508951	0.500000
4.354046	0.392763	0.505210	0.500000
5.414279	1.291375	0.668644	0.500000
6.845194	10.584858	0.517511	0.500000
8.782736	0.097551	0.555117	0.500000
9.984480	1.310088	0.624551	0.500000
9.843770	2.319023	0.536771	0.500000
9.706757	4.043860	0.529056	0.500000
1.259375	1.917803	0.538727	0.500000
2.397283	1.346989	0.599500	0.500000
4.114573	2.608340	0.508428	0.500000
4.517643	1.202883	1.385348	0.500000
6.188866	0.551976	0.649080	0.500000
7.890779	0.705335	0.515860	0.500000
8.868180	1.188470	0.552655	0.500000
7.041629	2.670487	0.541036	0.500000
9.036146	2.974267	0.625177	0.500000
0.989031	2.937928	0.512545	0.500000
2.161223	2.522829	0.637172	0.500000
3.115534	2.110434	0.548896	0.500000
3.939673	3.808521	0.521328	0.500000
4.016693	1.596833	0.511516	0.500000
6.048518	2.909750	0.578081	0.500000
7.253780	1.515182	0.551048	0.500000
8.460015	0.628444	1.455976	0.500000
6.284266	1.864959	0.512607	0.500000
8.758296	4.376348	0.518816	0.500000
9.748379	5.053748	0.553492	0.500000
10.574290	3.253793	0.533453	0.500000
2.957138	3.307819	0.557859	0.500000
2.714734	5.467468	0.562040	0.500000
4.997120	3.394947	0.519293	0.500000
5.277178	2.979546	1.438826	0.500000
6.762865	3.843891	0.537353	0.500000
5.195081	2.298496	0.591797	0.500000
8.249432	2.111908	0.507151	0.500000
10.663657	4.450665	0.521637	0.500000
0.917841	4.027905	0.532108	0.500000
0.845492	5.108703	0.527477	0.500000
2.963364	4.336158	0.542987	0.500000
3.761809	4.969151	0.519120	0.500000
6.479595	6.174660	0.518122	0.500000
6.819482	6.801114	1.347223	0.500000
5.655474	4.297573	0.688017	0.500000
7.646688	4.752976	0.614527	0.500000
8.041501	3.388399	0.514671	0.500000
10.520230	5.810017	0.516829	0.500000
0.654167	6.248009	0.571882	0.500000
1.922647	4.793867	0.568298	0.500000
1.917968	3.513081	0.634174	0.500000
1.734965	5.880432	0.551384	0.500000
4.731499	4.707065	0.532030	0.500000
4.579161	5.806804	0.501022	0.500000
5.254847	7.746917	0.607072	0.500000
6.463739	4.953526	0.528827	0.500000
7.969055	5.176785	1.479899	0.500000
10.318480	7.049739	0.547516	0.500000
0.516832	7.323003	0.578410	0.500000
1.479646	6.999979	0.515207	0.500000
2.606182	6.593024	0.547119	0.500000
3.283849	7.468386	0.604890	0.500000
3.581028	6.093918	0.523189	0.500000
6.368892	7.404749	0.552349	0.500000
5.487492	6.572261	0.683985	0.500000
9.463326	6.035047	0.564615	0.500000
8.508338	5.403821	0.510905	0.500000
9.306481	7.296807	0.566426	0.500000
0.207288	8.611878	0.549227	0.500000
1.133677	8.229659	0.534623	0.500000
2.290045	7.672340	0.572205	0.500000
4.005516	8.172090	0.531071	0.500000
4.333423	6.854741	0.533874	0.500000
4.990737	8.925199	0.540417	0.500000
5.941180	8.489961	0.613066	0.500000
7.271087	7.991818	0.502631	0.500000
8.339611	7.560729	0.617139	0.500000
9.984454	8.103833	0.504077	0.500000
10.047486	9.141463	0.593956	0.500000
0.845053	9.384660	0.551554	0.500000
1.863964	8.915976	0.642402	0.500000
2.847579	8.685118	0.510683	0.500000
3.638769	9.506477	0.537460	0.500000
5.902048	9.788186	0.505179	0.500000
6.878879	8.924498	0.580529	0.500000
7.902933	8.925252	0.548163	0.500000
8.963654	8.408665	0.511227	0.500000
10.766878	9.889880	0.565603	0.500000
0.570473	0.092628	0.559269	0.500000
1.594873	10.059054	0.528555	0.500000
2.664684	9.739884	0.504482	0.500000
2.215023	0.079123	0.535515	0.500000
4.565317	9.923409	0.552624	0.500000
5.279739	10.647335	0.508171	0.500000
7.798480	10.167177	0.536692	0.500000
8.766410	9.699961	0.547224	0.500000
9.783619	10.217303	0.642035	0.500000
10.379816	2.350325	1.439127	0.500000
10.529061	1.159627	1.485032	0.500000
0.751093	1.724434	1.467943	0.500000
1.779947	1.413298	1.457144	0.500000
3.582779	0.370469	1.483819	0.500000
3.821103	10.067463	1.413127	0.500000
4.555903	0.028030	1.418972	0.500000
7.083926	9.808755	1.241054	0.500000
7.740522	10.531822	1.489553	0.500000
9.450598	1.269383	1.496874	0.500000
8.306322	1.691576	1.481746	0.500000
9.719267	3.159816	1.499966	0.500000
1.529722	2.400092	1.410671	0.500000
3.552822	2.702100	1.359972	0.500000
3.490259	1.374616	1.360087	0.500000
4.545956	2.288037	1.480652	0.500000
5.420612	0.525711	1.325577	0.500000
6.256339	10.698426	1.416151	0.500000
7.304743	3.247854	1.466483	0.500000
7.250165	0.604236	1.309025	0.500000
10.092888	4.223252	1.479868	0.500000
0.210671	3.174615	1.468028	0.500000
1.176703	3.479574	1.437379	0.500000
2.406268	3.089484	1.482881	0.500000
2.681535	1.978094	1.465710	0.500000
4.306797	3.446119	1.453953	0.500000
5.734437	1.938703	1.432603	0.500000
6.563578	1.356823	1.330482	0.500000
6.062388	4.914456	1.491045	0.500000
9.149075	2.208026	1.289994	0.500000
8.267660	2.707568	1.343456	0.500000
0.390164	4.222916	1.490815	0.500000
1.189574	4.917196	1.465555	0.500000
2.156393	4.287749	1.474668	0.500000
3.223092	3.746546	1.470512	0.500000
5.534875	5.485310	0.588358	0.500000
5.063782	4.137312	1.485957	0.500000
7.420151	2.156009	1.417794	0.500000
6.196292	3.581642	1.366364	0.500000
7.134380	4.256847	1.483671	0.500000
9.348816	4.978523	1.476230	0.500000
9.085232	3.957665	1.484190	0.500000
0.030568	5.156062	1.445549	0.500000
2.107278	5.484785	1.461043	0.500000
4.037150	4.439982	1.378179	0.500000
4.955176	5.162809	1.495103	0.500000
5.942202	6.124873	1.498032	0.500000
6.474031	2.619021	1.441697	0.500000
8.114867	4.141063	1.299031	0.500000
9.824425	6.871636	1.444631	0.500000
1.125878	5.979065	1.488170	0.500000
0.938172	7.079022	1.474847	0.500000
1.933869	6.569730	1.395223	0.500000
3.085847	6.164434	1.446813	0.500000
3.142646	4.902667	1.464983	0.500000
3.934764	5.535856	1.345800	0.500000
4.845837	6.261042	1.467962	0.500000
6.850460	5.682714	1.438251	0.500000
8.413820	6.562747	0.510748	0.500000
10.058324	5.813392	1.416943	0.500000
0.146375	6.363998	1.466566	0.500000
10.655244	7.460946	1.492294	0.500000
0.586067	8.171137	1.428472	0.500000
1.622425	7.810305	1.456463	0.500000
2.728381	7.417863	1.473177	0.500000
3.692552	6.988956	1.484318	0.500000
4.738830	7.380407	1.383134	0.500000
7.787544	6.443180	1.487864	0.500000
7.435758	5.764611	0.502531	0.500000
8.714928	5.902218	1.397877	0.500000
10.414827	8.481212	1.473785	0.500000
0.271744	9.257451	1.436086	0.500000
1.243388	8.969414	1.494131	0.500000
2.531775	8.498710	1.475301	0.500000
3.186813	9.259934	1.406513	0.500000
3.636337	8.037685	1.474447	0.500000
5.790558	7.281703	1.467387	0.500000
6.485819	8.057340	1.353567	0.500000
7.660428	7.528323	1.484336	0.500000
8.779640	7.121158	1.423685	0.500000
10.113852	9.650409	1.463156	0.500000
10.724051	10.489734	1.383817	0.500000
1.039955	10.295124	1.333615	0.500000
2.107480	9.581750	1.399119	0.500000
4.180393	9.093135	1.404562	0.500000
3.483495	10.501525	0.544745	0.500000
6.293852	9.163550	1.361664	0.500000
7.372941	8.630148	1.465047	0.500000
8.432964	8.201554	1.403990	0.500000
9.492619	8.014227	1.401012	0.500000
9.752423	0.308927	1.323218	0.500000
0.665983	0.626465	1.466259	0.500000
1.732734	0.251511	1.459796	0.500000
2.628947	0.767760	1.451232	0.500000
2.694798	10.402533	1.390147	0.500000
5.238798	8.622791	1.482721	0.500000
5.250384	9.856875	1.339070	0.500000
8.073580	9.551753	1.395747	0.500000
9.178013	10.291768	1.489129	0.500000
9.035935	9.135621	1.376976	0.500000
