200

9.268359	10.435704	0.551346	0.500000
9.816770	0.679343	0.589465	0.500000
2.387074	8.861189	0.555609	0.500000
3.921213	10.583118	0.544793	0.500000
3.610104	8.571825	0.533618	0.500000
4.012577	0.281087	1.493908	0.500000
5.648554	0.397014	0.630199	0.500000
7.158397	10.542076	1.416942	0.500000
7.759833	10.672610	0.501437	0.500000
0.741940	10.280047	0.593694	0.500000
0.010438	1.443912	0.521673	0.500000
0.766558	2.219264	0.522984	0.500000
1.364829	1.264133	0.557188	0.500000
4.648773	3.213801	0.500518	0.500000
2.974937	0.597061	1.464914	0.500000
3.478374	0.795081	0.501922	0.500000
5.270372	1.401433	0.512518	0.500000
7.550054	0.937635	0.584109	0.500000
8.753747	0.534162	0.734673	0.500000
10.162202	9.298742	1.498822	0.500000
10.391555	2.420719	0.526104	0.500000
2.476089	0.989649	0.505168	0.500000
1.989673	9.838598	0.563062	0.500000
3.091949	1.900268	0.613939	0.500000
3.445327	3.608997	0.562255	0.500000
6.319280	1.137578	0.549622	0.500000
7.467927	2.037193	0.509891	0.500000
8.405670	1.617706	0.619421	0.500000
7.873675	1.609944	1.473655	0.500000
9.609239	1.684201	0.530929	0.500000
0.504695	3.235993	0.503922	0.500000
2.040671	2.081798	0.570598	0.500000
2.341566	3.981482	0.531780	0.500000
2.591570	3.009818	0.522684	0.500000
4.270910	1.620310	0.512472	0.500000
6.030715	2.097195	0.561600	0.500000
5.813548	3.101128	0.574935	0.500000
6.888771	3.135590	0.628951	0.500000
8.182294	2.878164	0.520999	0.500000
9.346101	2.723768	0.536105	0.500000
10.783671	4.234015	0.503426	0.500000
0.691437	5.195697	0.550385	0.500000
1.015380	4.224338	0.526034	0.500000
2.391420	4.516687	1.412524	0.500000
3.831685	5.519230	0.574250	0.500000
4.175970	4.420032	0.549355	0.500000
7.117423	4.858389	0.538417	0.500000
8.301302	4.939001	0.565417	0.500000
8.861632	3.836930	0.567333	0.500000
10.065433	3.448618	0.597173	0.500000
10.175306	5.586766	0.569161	0.500000
1.469921	6.052101	0.593551	0.500000
1.878813	4.940230	0.516164	0.500000
3.043431	4.764175	0.550927	0.500000
4.918782	5.159670	0.555927	0.500000
6.419534	4.104940	0.542075	0.500000
5.316465	4.035963	0.512966	0.500000
8.213721	7.730042	0.555691	0.500000
7.605139	5.924269	0.595585	0.500000
9.541595	4.638243	0.542545	0.500000
1.977513	6.921126	0.555878	0.500000
2.738489	7.842464	0.562958	0.500000
2.628801	5.803799	0.511218	0.500000
4.388560	6.353002	0.521623	0.500000
4.972056	7.215698	0.506179	0.500000
5.433452	6.099846	0.551654	0.500000
6.077678	5.103062	0.643257	0.500000
7.786554	6.526892	1.372961	0.500000
9.663062	6.611911	0.598329	0.500000
9.175528	5.599742	0.545765	0.500000
0.596220	8.285537	0.582808	0.500000
0.958303	7.196952	0.512080	0.500000
3.424349	6.755986	0.505416	0.500000
3.294997	7.357229	1.394457	0.500000
4.040922	7.538663	0.731243	0.500000
4.664149	8.447710	0.582622	0.500000
6.318255	7.141831	0.513728	0.500000
6.529040	6.116031	0.598932	0.500000
7.725588	8.636724	0.686778	0.500000
9.888296	8.287405	1.443399	0.500000
9.890069	7.193360	1.472418	0.500000
1.263980	9.028470	0.511202	0.500000
1.745014	7.997878	0.594246	0.500000
4.205102	9.537869	0.527605	0.500000
3.906722	8.173852	1.492589	0.500000
5.277999	9.242793	0.551652	0.500000
5.615783	8.143015	0.500069	0.500000
6.841224	8.051890	0.522705	0.500000
7.175398	9.566110	0.553743	0.500000
8.626718	6.643411	0.505812	0.500000
10.293216	8.616586	0.542416	0.500000
0.325484	0.408521	0.531567	0.500000
3.146501	9.582996	0.633826	0.500000
4.902019	10.268933	0.579229	0.500000
4.640882	0.616748	0.550083	0.500000
5.950074	10.032133	0.527221	0.500000
6.650086	0.119844	0.522647	0.500000
8.551117	9.708753	0.537196	0.500000
8.830200	8.648490	0.603227	0.500000
0.273945	9.390516	0.551927	0.500000
1.268197	9.939497	1.466370	0.500000
1.500235	0.608210	1.498223	0.500000
3.686010	1.398415	1.433487	0.500000
4.281436	2.231425	1.424262	0.500000
3.257802	10.246336	1.412622	0.500000
5.017565	0.234373	1.473430	0.500000
6.624996	9.649965	1.439846	0.500000
6.036466	10.648076	1.454532	0.500000
8.884830	9.987591	1.486038	0.500000
9.195366	9.021236	1.463576	0.500000
10.492718	0.098949	1.477986	0.500000
2.158354	10.416231	1.453199	0.500000
2.445116	1.548947	1.474697	0.500000
3.820411	2.643230	0.583541	0.500000
5.847274	1.033178	1.495333	0.500000
4.587367	8.987132	1.430788	0.500000
6.515150	1.819392	1.399370	0.500000
7.931733	0.551562	1.464588	0.500000
9.445990	0.330567	1.485531	0.500000
10.070486	1.238210	1.414876	0.500000
0.255392	1.923239	1.464321	0.500000
0.497191	0.931710	1.487451	0.500000
2.969456	2.429910	1.474383	0.500000
5.101764	2.994258	1.483474	0.500000
6.275548	2.869869	1.462258	0.500000
4.728949	1.221808	1.470947	0.500000
5.366693	2.015121	1.462656	0.500000
8.813150	2.384757	1.396982	0.500000
8.820555	1.266069	1.492335	0.500000
10.000289	2.263359	1.499850	0.500000
0.890430	2.795287	1.388457	0.500000
1.265364	1.817750	1.395797	0.500000
2.083997	2.930476	1.477861	0.500000
3.915618	3.262897	1.445106	0.500000
5.703475	3.813837	1.498524	0.500000
7.119132	3.737459	1.492016	0.500000
6.968757	0.901981	1.493259	0.500000
9.413002	3.320012	1.360545	0.500000
8.232021	3.227188	1.458443	0.500000
10.644529	3.158992	1.457044	0.500000
2.953854	3.590605	1.465466	0.500000
1.499636	3.021341	0.502471	0.500000
1.462263	3.713022	1.404243	0.500000
2.001696	5.610423	1.471527	0.500000
6.628088	4.642787	1.425985	0.500000
7.382230	7.047406	0.609236	0.500000
7.323156	2.512158	1.452290	0.500000
7.221873	5.506319	1.450189	0.500000
7.788887	3.818748	0.750042	0.500000
0.421421	4.050130	1.431954	0.500000
10.200397	4.179366	1.493966	0.500000
1.385143	4.758798	1.400057	0.500000
3.166271	5.350206	1.408025	0.500000
4.708229	3.972308	1.433215	0.500000
6.163165	5.733339	1.485237	0.500000
6.803308	6.751518	1.451223	0.500000
8.879913	7.399146	1.376677	0.500000
7.805266	4.526835	1.473659	0.500000
9.175584	4.376757	1.471668	0.500000
9.760480	5.281443	1.471982	0.500000
10.739601	5.066640	1.437973	0.500000
1.402788	6.586413	1.470945	0.500000
0.604721	5.940223	1.305338	0.500000
3.630496	4.440029	1.496187	0.500000
4.461488	5.032057	1.451938	0.500000
5.545369	4.874328	1.467643	0.500000
7.549159	7.730221	1.447646	0.500000
8.987405	6.327603	1.465746	0.500000
8.402089	5.335971	1.492894	0.500000
10.308718	6.247313	1.442583	0.500000
0.174013	6.552817	0.583169	0.500000
2.301864	7.690803	1.461958	0.500000
2.458647	6.648181	1.420659	0.500000
4.834971	5.981524	1.458358	0.500000
5.611945	6.770297	1.288332	0.500000
3.726809	6.235254	1.469024	0.500000
8.346158	8.426523	1.494607	0.500000
10.636334	7.568157	0.557894	0.500000
0.774806	8.974778	1.392046	0.500000
0.193398	9.893829	1.474095	0.500000
0.302313	6.993358	1.491046	0.500000
1.186195	7.640291	1.492606	0.500000
1.837902	8.578889	1.463700	0.500000
2.928977	8.476337	1.492595	0.500000
4.481848	6.974399	1.453017	0.500000
5.483274	9.679236	1.427971	0.500000
5.784348	8.650306	1.460672	0.500000
6.338047	7.660723	1.452247	0.500000
0.124062	8.141186	1.498755	0.500000
10.247314	10.199402	0.561455	0.500000
9.522976	9.446946	0.592413	0.500000
1.676216	0.259340	0.569543	0.500000
2.865698	0.000735	0.617822	0.500000
2.539648	9.466457	1.434360	0.500000
4.356446	9.964896	1.455524	0.500000
5.149420	7.805945	1.385848	0.500000
6.290770	9.019725	0.530953	0.500000
7.941982	9.636699	1.375589	0.500000
6.852368	8.613842	1.443335	0.500000
9.582248	7.713464	0.563544	0.500000
