200

9.507832	0.379850	0.561594	0.500000
0.297895	0.331074	0.516299	0.500000
1.343627	0.228752	0.538591	0.500000
2.487597	0.251719	0.655442	0.500000
3.539893	0.110957	0.750225	0.500000
4.532052	10.099414	0.576398	0.500000
5.558452	9.821080	0.625731	0.500000
6.256512	0.460536	0.532533	0.500000
7.351796	0.349254	0.647846	0.500000
8.404069	0.326851	0.621937	0.500000
10.032637	1.267538	0.611797	0.500000
0.858130	1.284057	0.595780	0.500000
1.976452	1.338451	0.532815	0.500000
3.008895	1.142147	0.502681	0.500000
4.145702	1.013651	0.658633	0.500000
5.094294	0.693357	0.608995	0.500000
5.775036	1.503379	0.559760	0.500000
6.858051	1.331845	0.554153	0.500000
7.901464	1.215093	0.540066	0.500000
8.983509	1.360761	0.548149	0.500000
9.568729	2.178944	0.518204	0.500000
0.346155	2.158171	0.534133	0.500000
1.428647	2.176940	0.514135	0.500000
2.777123	2.139162	0.533611	0.500000
3.821728	2.179208	0.500878	0.500000
4.880469	2.128830	0.624398	0.500000
5.640166	3.154555	0.569805	0.500000
6.341059	2.335634	0.503226	0.500000
7.407082	2.266739	0.611700	0.500000
8.450808	2.223128	0.577206	0.500000
10.122329	3.073327	0.548746	0.500000
0.959102	3.155206	0.546414	0.500000
2.025224	3.106573	0.509525	0.500000
3.460155	3.114651	0.560837	0.500000
4.610246	3.180933	0.540107	0.500000
5.213607	4.096436	0.574642	0.500000
6.244817	4.145729	0.516059	0.500000
6.836418	3.283453	0.595103	0.500000
7.958743	3.221498	0.513964	0.500000
9.100048	3.118843	0.511551	0.500000
9.582785	4.059703	0.547529	0.500000
0.352412	4.029414	0.572876	0.500000
1.663813	4.052746	0.538542	0.500000
2.750275	3.966462	0.637563	0.500000
4.125223	4.071124	0.506433	0.500000
4.655457	5.042410	0.506400	0.500000
5.790973	5.107376	0.534711	0.500000
6.845076	5.091881	0.566461	0.500000
7.449241	4.096575	0.538929	0.500000
8.516883	4.183010	0.536067	0.500000
10.165502	4.964801	0.524959	0.500000
0.955570	4.973782	0.518005	0.500000
2.604554	4.949939	0.503074	0.500000
3.652593	5.020783	0.568256	0.500000
4.127572	5.979105	0.634371	0.500000
5.216423	5.967190	0.533513	0.500000
6.304676	6.013517	0.618222	0.500000
7.919268	5.073946	0.528270	0.500000
8.534936	5.938237	0.503655	0.500000
9.112018	5.004934	0.545358	0.500000
9.760173	5.942778	0.508238	0.500000
0.531963	5.907552	0.532665	0.500000
1.681386	5.731632	0.544719	0.500000
3.180382	6.293655	0.523318	0.500000
3.697985	7.229489	0.601218	0.500000
4.738139	6.857314	0.707754	0.500000
5.733128	6.928018	0.545068	0.500000
7.449362	5.972902	0.507895	0.500000
7.957618	6.957243	0.544142	0.500000
9.169807	6.785004	0.558398	0.500000
0.067299	6.797829	0.605547	0.500000
1.084549	6.784782	0.539419	0.500000
2.111530	6.739048	0.517343	0.500000
2.659385	7.599359	0.506602	0.500000
4.294394	8.071995	0.611062	0.500000
5.288277	7.871481	0.506179	0.500000
6.912684	6.831196	0.508649	0.500000
7.485317	7.840664	0.528942	0.500000
8.685205	7.725092	0.573186	0.500000
9.721612	7.620111	0.662328	0.500000
0.181368	8.674482	0.542708	0.500000
0.605891	7.721191	0.518399	0.500000
1.645461	7.664533	0.537187	0.500000
2.241111	8.530325	0.520201	0.500000
3.333452	8.351861	0.598042	0.500000
5.070576	8.913482	0.531462	0.500000
6.382166	7.898313	0.520721	0.500000
7.094874	8.782815	0.560968	0.500000
8.247365	8.732953	0.570218	0.500000
9.345083	8.688242	0.584735	0.500000
0.660545	9.557864	0.522127	0.500000
1.245021	8.655418	0.563208	0.500000
1.818212	9.492481	0.571564	0.500000
2.858707	9.494777	0.555267	0.500000
4.008285	9.228120	0.583204	0.500000
6.087002	8.904848	0.519158	0.500000
6.775227	9.758485	0.623046	0.500000
7.850519	9.652155	0.602139	0.500000
8.855834	9.582366	0.587441	0.500000
9.883480	9.598958	0.560609	0.500000
10.025160	0.684951	1.450343	0.500000
0.879925	0.606151	1.459257	0.500000
1.897755	0.569832	1.405162	0.500000
3.019432	0.583458	1.478001	0.500000
4.246078	0.339232	1.425702	0.500000
5.164204	10.141433	1.497630	0.500000
5.725887	0.894058	1.459524	0.500000
6.774810	0.733554	1.476686	0.500000
7.848562	0.721605	1.435638	0.500000
8.976802	0.692204	1.396380	0.500000
0.428326	1.562462	1.477456	0.500000
1.538157	1.542454	1.470916	0.500000
2.578192	1.478387	1.365496	0.500000
3.639661	1.420212	1.432059	0.500000
4.743670	1.317426	1.437671	0.500000
5.514331	2.414576	1.379023	0.500000
6.345998	1.704356	1.493561	0.500000
7.358255	1.605403	1.487537	0.500000
8.359191	1.604351	1.457730	0.500000
9.543689	1.618970	1.438999	0.500000
10.092558	2.469855	1.497412	0.500000
0.997757	2.421028	1.440605	0.500000
2.248956	2.550328	1.454773	0.500000
3.235845	2.362100	1.492704	0.500000
4.225668	2.591912	1.364846	0.500000
5.158881	3.538709	1.423052	0.500000
6.175724	3.494016	1.482674	0.500000
6.866854	2.660905	1.472613	0.500000
7.979817	2.626435	1.422355	0.500000
9.068134	2.555739	1.396342	0.500000
0.521958	3.344925	1.454685	0.500000
1.628426	3.358731	1.482702	0.500000
2.885453	3.396642	1.478736	0.500000
3.874063	3.656441	1.383901	0.500000
4.585391	4.394964	1.472488	0.500000
5.654620	4.437158	1.439352	0.500000
6.771053	4.444986	1.375511	0.500000
7.361065	3.550345	1.456997	0.500000
8.485767	3.529058	1.469036	0.500000
9.758640	3.474342	1.465597	0.500000
0.000588	4.368374	1.496137	0.500000
1.054908	4.254274	1.422680	0.500000
2.358046	4.531376	1.419800	0.500000
3.381607	4.632519	1.485170	0.500000
4.117984	5.314589	1.443102	0.500000
5.262095	5.385383	1.349184	0.500000
6.299375	5.359395	1.424009	0.500000
7.404418	5.401484	1.389148	0.500000
7.966233	4.438434	1.495811	0.500000
9.127935	4.377552	1.492744	0.500000
0.532337	5.222706	1.416842	0.500000
1.543005	5.225434	1.444154	0.500000
3.010302	5.565490	1.305044	0.500000
3.696106	6.605626	1.474761	0.500000
4.647115	6.186009	1.472853	0.500000
5.712540	6.397684	1.497345	0.500000
6.819190	6.384077	1.431216	0.500000
8.120326	6.192398	1.426523	0.500000
8.544899	5.280258	1.419659	0.500000
9.737058	5.260615	1.383720	0.500000
0.023713	6.118911	1.427876	0.500000
1.025093	6.153546	1.398513	0.500000
2.111610	6.066937	1.396003	0.500000
2.649057	6.912815	1.357743	0.500000
4.304321	7.483093	1.472756	0.500000
5.333135	7.356686	1.482628	0.500000
6.342387	7.275872	1.447606	0.500000
7.587483	7.252491	1.442646	0.500000
8.648424	7.125349	1.393237	0.500000
9.129404	6.112865	1.302434	0.500000
0.500810	7.079423	1.464421	0.500000
1.543103	7.042348	1.498810	0.500000
2.165714	7.850013	1.497944	0.500000
3.282156	7.721565	1.482988	0.500000
4.947556	8.289502	1.422436	0.500000
5.738650	9.215272	1.450348	0.500000
5.971736	8.206450	1.380673	0.500000
8.185831	8.085134	1.393855	0.500000
9.195568	8.095274	1.431833	0.500000
9.709171	6.978973	1.467622	0.500000
0.060173	8.091174	1.463439	0.500000
1.137152	8.009603	1.366067	0.500000
1.842242	8.954109	1.414001	0.500000
2.809507	8.691508	1.478588	0.500000
3.868549	8.562820	1.422556	0.500000
6.744619	9.141177	1.496566	0.500000
7.023411	8.134720	1.475546	0.500000
7.767028	9.027769	1.403454	0.500000
8.907992	9.085952	1.484749	0.500000
9.915238	9.118048	1.459517	0.500000
0.767268	8.990588	1.396289	0.500000
1.378143	9.904633	1.408861	0.500000
2.434716	9.796619	1.460518	0.500000
3.435839	9.594151	1.460083	0.500000
4.615157	9.305186	1.443639	0.500000
6.193879	10.106499	1.402145	0.500000
7.298208	10.017519	1.485270	0.500000
8.383071	9.978499	1.438201	0.500000
9.389469	9.968824	1.431831	0.500000
0.302769	9.969423	1.383188	0.500000
