200

9.332799	0.374149	0.552386	0.500000
0.107420	0.300194	0.590393	0.500000
1.119655	0.215083	0.540286	0.500000
2.294573	0.134982	0.533407	0.500000
3.297614	0.031863	0.571594	0.500000
4.403962	10.047785	0.565600	0.500000
5.500792	9.799384	0.670879	0.500000
5.995906	0.448554	0.508938	0.500000
7.044547	0.390987	0.514356	0.500000
8.098592	0.308941	0.580704	0.500000
9.937446	1.232016	0.587959	0.500000
0.738226	1.150999	0.561778	0.500000
1.752594	1.146050	0.531504	0.500000
2.916100	1.052742	0.518811	0.500000
4.013874	0.970195	0.528654	0.500000
4.990203	0.668550	0.681330	0.500000
5.572726	1.471825	0.502902	0.500000
6.617191	1.365197	0.538620	0.500000
7.662184	1.257163	0.550233	0.500000
8.679280	1.218630	0.567901	0.500000
9.265765	2.074211	0.514857	0.500000
0.139463	2.161780	0.694876	0.500000
1.274105	2.051185	0.623226	0.500000
2.348325	1.988539	0.560837	0.500000
3.531551	2.074537	0.526026	0.500000
4.795547	2.163729	0.624806	0.500000
5.299575	3.246774	0.597504	0.500000
5.930734	2.450712	0.552465	0.500000
7.233849	2.195404	0.531233	0.500000
8.271685	2.220782	0.510650	0.500000
9.909969	3.034071	0.515461	0.500000
0.873411	2.982033	0.538564	0.500000
1.957271	2.948255	0.635150	0.500000
2.971476	2.908993	0.512255	0.500000
4.185076	3.051207	0.526140	0.500000
4.647128	4.017556	0.526700	0.500000
6.014661	4.138208	0.507518	0.500000
6.595745	3.307391	0.537352	0.500000
7.714636	3.117540	0.545503	0.500000
8.848021	3.088616	0.504829	0.500000
9.316122	4.060221	0.557113	0.500000
0.390361	3.899477	0.577559	0.500000
1.510946	3.845574	0.531451	0.500000
2.540937	3.911907	0.552501	0.500000
3.551330	4.017801	0.519995	0.500000
4.414826	5.137384	0.624330	0.500000
5.518233	5.012789	0.559346	0.500000
6.614468	5.150935	0.552957	0.500000
7.009600	4.227169	0.582096	0.500000
8.181232	4.088759	0.507631	0.500000
10.054123	4.792362	0.593250	0.500000
0.962701	4.777176	0.510536	0.500000
2.234180	5.057056	0.577182	0.500000
3.350172	5.127419	0.512546	0.500000
3.909162	6.060420	0.532407	0.500000
5.000757	5.982331	0.582018	0.500000
6.093957	6.013263	0.550021	0.500000
7.710041	5.046684	0.642708	0.500000
8.388569	5.881223	0.500544	0.500000
8.796809	4.959571	0.529495	0.500000
9.423633	5.843621	0.574738	0.500000
0.401158	5.647384	0.526961	0.500000
1.394026	5.820085	0.529760	0.500000
2.786612	6.083582	0.640865	0.500000
3.503509	7.214230	0.596068	0.500000
4.565869	6.929894	0.582418	0.500000
5.761984	7.027095	0.540691	0.500000
7.271999	5.984057	0.540597	0.500000
7.891361	6.794607	0.508125	0.500000
8.964758	6.773398	0.580306	0.500000
10.022215	6.691983	0.526745	0.500000
0.889059	6.743836	0.515456	0.500000
1.952105	6.706960	0.501152	0.500000
2.533397	7.523774	0.504312	0.500000
4.176177	8.018203	0.553663	0.500000
5.213680	7.867750	0.548792	0.500000
6.752603	6.884549	0.555642	0.500000
7.354702	7.793093	0.565346	0.500000
8.555541	7.811233	0.647006	0.500000
9.674092	7.704410	0.543876	0.500000
10.206037	8.578568	0.544893	0.500000
0.459436	7.694241	0.547244	0.500000
1.486836	7.656163	0.519848	0.500000
2.081717	8.478082	0.544392	0.500000
3.096972	8.429305	0.602251	0.500000
4.762160	8.974848	0.538556	0.500000
6.318961	7.895911	0.551017	0.500000
6.888834	8.788906	0.569230	0.500000
7.904709	8.681861	0.607197	0.500000
8.976491	8.716505	0.508783	0.500000
0.500042	9.556563	0.538977	0.500000
1.064311	8.645678	0.503251	0.500000
1.705337	9.536310	0.551240	0.500000
2.757745	9.413866	0.532143	0.500000
3.769653	9.256667	0.546633	0.500000
5.784869	8.842824	0.529178	0.500000
6.511649	9.749092	0.507132	0.500000
7.530281	9.657211	0.517194	0.500000
8.558588	9.635049	0.543609	0.500000
9.707938	9.501104	0.608363	0.500000
9.794480	0.519982	1.469728	0.500000
0.577427	0.513454	1.463902	0.500000
1.749490	0.522698	1.483547	0.500000
3.031866	0.575259	1.390412	0.500000
4.062818	0.427178	1.394359	0.500000
4.987302	0.047718	1.469873	0.500000
5.575205	0.929725	1.456640	0.500000
6.642084	0.660840	1.417218	0.500000
7.675672	0.676725	1.450674	0.500000
8.744732	0.518110	1.450020	0.500000
0.145674	1.542364	1.487797	0.500000
1.188163	1.441463	1.437469	0.500000
2.515607	1.450745	1.418860	0.500000
3.627981	1.404667	1.470170	0.500000
4.766835	1.527983	1.484336	0.500000
5.280462	2.573425	1.473656	0.500000
6.146465	1.794956	1.386594	0.500000
7.177157	1.569519	1.422199	0.500000
8.276634	1.529124	1.439012	0.500000
9.301788	1.594652	1.447098	0.500000
9.753176	2.514592	1.414225	0.500000
0.802064	2.400723	1.453313	0.500000
1.875599	2.241043	1.463613	0.500000
3.127489	2.381362	1.405925	0.500000
4.187411	2.458825	1.487942	0.500000
4.709705	3.440714	1.384450	0.500000
5.909676	3.354098	1.415389	0.500000
6.710414	2.640259	1.418869	0.500000
7.701258	2.465467	1.499599	0.500000
8.719708	2.435242	1.461091	0.500000
0.189607	3.317435	1.451400	0.500000
1.454182	3.360207	1.452108	0.500000
2.455925	3.308372	1.477969	0.500000
3.645866	3.312569	1.419328	0.500000
4.151044	4.288929	1.415151	0.500000
5.366778	4.232048	1.387128	0.500000
6.408489	4.306427	1.486043	0.500000
7.135982	3.573270	1.364746	0.500000
8.190419	3.461896	1.467307	0.500000
9.190742	3.343449	1.491922	0.500000
9.804316	4.162112	1.477860	0.500000
0.903163	4.221853	1.435386	0.500000
1.948067	4.244002	1.356762	0.500000
3.093750	4.148789	1.470662	0.500000
3.795580	5.252348	1.420430	0.500000
5.025119	5.319950	1.445884	0.500000
6.041245	5.399705	1.358604	0.500000
7.105240	5.239605	1.465430	0.500000
7.698803	4.398163	1.472834	0.500000
8.796396	4.368147	1.488013	0.500000
0.346815	5.083408	1.489948	0.500000
1.416844	5.103876	1.365445	0.500000
2.648686	5.260745	1.496861	0.500000
3.393849	6.231998	1.497111	0.500000
4.444021	6.139533	1.400802	0.500000
5.577894	6.403318	1.368622	0.500000
6.649912	6.266818	1.481582	0.500000
7.774626	6.277259	1.498108	0.500000
8.242306	5.372295	1.490097	0.500000
9.467314	5.209793	1.413119	0.500000
9.877603	6.163297	1.477127	0.500000
0.795119	6.082002	1.408194	0.500000
1.941342	5.978976	1.469001	0.500000
2.505558	6.851901	1.385600	0.500000
4.000059	7.279273	1.468825	0.500000
5.028105	7.360400	1.451741	0.500000
6.214490	7.199033	1.456654	0.500000
7.273271	7.167267	1.440731	0.500000
8.461525	7.164929	1.491163	0.500000
8.797353	6.212139	1.498950	0.500000
0.335665	7.079811	1.395513	0.500000
1.443528	6.880768	1.399657	0.500000
2.098736	7.848247	1.374732	0.500000
3.144831	7.843891	1.415651	0.500000
4.649824	8.316026	1.493450	0.500000
5.339733	9.107032	1.488034	0.500000
5.755616	8.161687	1.339567	0.500000
7.899872	8.068083	1.405577	0.500000
9.018786	8.119841	1.484405	0.500000
9.504784	7.168159	1.428158	0.500000
10.135854	8.052081	1.431506	0.500000
0.993825	7.976173	1.381079	0.500000
1.606794	8.876028	1.363464	0.500000
2.629828	8.734862	1.467807	0.500000
3.679449	8.701275	1.407002	0.500000
6.343675	9.101794	1.376905	0.500000
6.760880	8.126852	1.498923	0.500000
7.406291	8.936322	1.494113	0.500000
8.483117	9.012198	1.491501	0.500000
9.706090	8.973341	1.499727	0.500000
0.610920	8.976099	1.346913	0.500000
1.196757	9.881206	1.419259	0.500000
2.268429	9.895915	1.481565	0.500000
3.293534	9.654732	1.398847	0.500000
4.281569	9.501678	1.443436	0.500000
6.006918	10.087636	1.495692	0.500000
7.039967	9.914197	1.442953	0.500000
8.056694	9.948580	1.412300	0.500000
9.134378	9.801161	1.431129	0.500000
0.013835	9.823073	1.397761	0.500000
