200

9.366781	0.162956	0.530464	0.500000
0.231373	0.123481	0.519498	0.500000
1.395496	0.074285	0.518796	0.500000
2.447590	0.048717	0.609709	0.500000
3.508747	10.210386	0.537046	0.500000
4.528238	9.932977	0.646382	0.500000
5.624013	9.827705	0.593955	0.500000
6.203525	0.426534	0.549488	0.500000
7.242006	0.263238	0.588284	0.500000
8.361893	0.216643	0.621774	0.500000
10.009301	1.069774	0.549710	0.500000
0.842698	1.017483	0.533828	0.500000
2.065110	0.986343	0.527139	0.500000
3.108692	0.899318	0.555951	0.500000
4.141988	0.810811	0.590582	0.500000
5.181718	0.539682	0.604231	0.500000
5.777388	1.376521	0.514982	0.500000
6.814054	1.278498	0.600610	0.500000
7.810725	1.115353	0.549217	0.500000
8.917773	1.067978	0.503627	0.500000
9.579248	2.027235	0.523021	0.500000
0.365996	1.911464	0.622176	0.500000
1.545648	1.932450	0.558470	0.500000
2.663413	1.876477	0.553204	0.500000
3.724985	1.743554	0.536677	0.500000
4.737511	1.798680	0.597937	0.500000
5.558960	2.989782	0.590542	0.500000
6.367261	2.202857	0.532735	0.500000
7.497370	2.094411	0.559271	0.500000
8.501896	1.998513	0.556319	0.500000
10.030113	2.930962	0.538574	0.500000
0.947009	2.947309	0.511889	0.500000
2.109884	2.815920	0.658463	0.500000
3.392663	2.992871	0.549458	0.500000
4.529479	3.027623	0.535931	0.500000
4.939449	4.001694	0.509726	0.500000
5.998530	4.016457	0.588276	0.500000
6.609583	3.217375	0.550954	0.500000
7.652226	3.175481	0.500650	0.500000
8.721174	3.026670	0.545398	0.500000
9.451072	3.916206	0.598206	0.500000
0.394011	3.833713	0.531197	0.500000
1.608605	3.729501	0.503381	0.500000
2.674547	3.740770	0.506760	0.500000
3.902370	3.919118	0.604125	0.500000
4.345977	5.077247	0.518474	0.500000
5.453046	4.868310	0.544782	0.500000
6.502696	4.953319	0.571514	0.500000
7.108042	4.140075	0.527941	0.500000
8.433126	4.002243	0.626555	0.500000
10.102052	4.752095	0.550655	0.500000
1.081722	4.618117	0.635913	0.500000
2.195860	4.823823	0.517423	0.500000
3.254951	4.768465	0.568906	0.500000
4.001701	6.074521	0.521327	0.500000
5.183691	5.862598	0.551665	0.500000
6.413107	5.992784	0.507166	0.500000
7.856963	4.892213	0.554003	0.500000
8.454095	5.711932	0.506266	0.500000
9.067604	4.859644	0.584958	0.500000
9.661388	5.705744	0.554056	0.500000
0.432584	5.665809	0.524905	0.500000
1.505077	5.600520	0.514513	0.500000
2.988680	6.001498	0.660223	0.500000
3.818191	7.065661	0.532673	0.500000
4.866218	7.111649	0.505172	0.500000
5.909699	6.952228	0.510084	0.500000
7.431298	5.907181	0.572443	0.500000
8.206455	6.681649	0.515864	0.500000
9.212692	6.620371	0.640455	0.500000
10.226057	6.647531	0.540087	0.500000
1.038568	6.527894	0.518888	0.500000
2.068819	6.426632	0.509614	0.500000
2.795000	7.288045	0.538623	0.500000
4.350561	8.024741	0.532642	0.500000
5.455881	7.971247	0.537164	0.500000
6.981321	6.896551	0.545340	0.500000
7.722894	7.739607	0.543162	0.500000
8.749210	7.675209	0.573833	0.500000
9.760118	7.690116	0.532951	0.500000
0.254567	8.523760	0.538713	0.500000
0.621473	7.483175	0.524325	0.500000
1.671450	7.383904	0.577755	0.500000
2.306879	8.224585	0.625892	0.500000
3.310377	8.234731	0.603702	0.500000
5.009258	8.873966	0.509796	0.500000
6.592585	7.847098	0.506014	0.500000
7.221058	8.661219	0.564297	0.500000
8.271987	8.656794	0.521954	0.500000
9.321329	8.601502	0.680001	0.500000
0.821180	9.456172	0.502763	0.500000
1.294269	8.356829	0.549359	0.500000
1.861148	9.334605	0.624221	0.500000
2.931796	9.263783	0.582237	0.500000
3.995969	9.082052	0.510974	0.500000
6.092065	8.781757	0.556788	0.500000
6.642700	9.645822	0.576315	0.500000
7.744504	9.540050	0.522971	0.500000
8.824999	9.505777	0.547776	0.500000
9.941976	9.455136	0.606378	0.500000
10.048870	0.410718	1.445603	0.500000
0.827262	0.394283	1.367625	0.500000
2.011988	0.350858	1.458808	0.500000
3.189284	0.329814	1.484849	0.500000
4.217533	0.223097	1.469846	0.500000
5.192999	10.159588	1.496543	0.500000
5.823822	0.740385	1.444955	0.500000
6.854464	0.699321	1.464839	0.500000
7.863613	0.594963	1.422528	0.500000
8.892864	0.602081	1.428046	0.500000
0.377353	1.288964	1.455101	0.500000
1.500003	1.260619	1.349985	0.500000
2.608192	1.176709	1.429956	0.500000
3.657803	1.298031	1.489406	0.500000
4.806781	1.287939	1.486678	0.500000
5.172152	2.330363	1.493347	0.500000
6.076434	1.709307	1.470389	0.500000
7.277527	1.636517	1.426715	0.500000
8.295448	1.584612	1.475003	0.500000
9.519952	1.384447	1.455498	0.500000
10.068224	2.335361	1.465681	0.500000
0.877009	2.209303	1.439763	0.500000
2.061812	2.142977	1.411384	0.500000
3.134043	2.226493	1.463787	0.500000
4.167523	2.264368	1.467851	0.500000
5.045919	3.320237	1.385763	0.500000
6.111738	3.259205	1.443782	0.500000
6.747230	2.482408	1.491322	0.500000
7.823296	2.474694	1.457182	0.500000
8.945193	2.363687	1.447129	0.500000
0.423143	3.157140	1.477616	0.500000
1.542429	3.150959	1.492729	0.500000
2.796811	3.173184	1.368641	0.500000
4.040992	3.270066	1.375654	0.500000
4.560397	4.363081	1.485463	0.500000
5.565941	4.435988	1.490019	0.500000
6.661680	4.348907	1.421516	0.500000
7.203230	3.455222	1.469997	0.500000
8.302906	3.354053	1.481702	0.500000
9.510572	3.284322	1.440916	0.500000
10.196437	4.113795	1.420713	0.500000
0.977197	4.114933	1.494019	0.500000
2.158821	4.063337	1.412123	0.500000
3.505399	4.183053	1.485081	0.500000
3.709592	5.164470	1.407119	0.500000
4.969086	5.370730	1.400939	0.500000
6.234714	5.351624	1.478013	0.500000
7.342662	5.335600	1.412254	0.500000
7.781619	4.310287	1.439577	0.500000
9.015412	4.225705	1.452817	0.500000
0.519605	5.004616	1.454928	0.500000
1.639976	4.925040	1.447984	0.500000
2.691176	4.919310	1.488510	0.500000
3.636626	6.171602	1.462697	0.500000
4.682993	6.332491	1.381870	0.500000
5.866120	6.375838	1.350890	0.500000
6.873525	6.242099	1.454470	0.500000
8.116966	6.095264	1.426954	0.500000
8.579829	5.208584	1.457022	0.500000
9.693294	5.079146	1.464579	0.500000
0.089096	5.956322	1.438214	0.500000
1.140171	5.853360	1.498003	0.500000
2.160095	5.821302	1.329258	0.500000
2.680907	6.695150	1.468255	0.500000
4.433047	7.385170	1.438327	0.500000
5.443924	7.304231	1.415330	0.500000
6.475960	7.193565	1.464326	0.500000
7.575337	6.966866	1.389128	0.500000
8.753735	7.025076	1.465316	0.500000
9.245462	6.014525	1.449760	0.500000
0.609841	6.810630	1.390116	0.500000
1.617522	6.752280	1.491744	0.500000
2.168954	7.685711	1.493267	0.500000
3.354630	7.437520	1.386534	0.500000
4.921896	8.257975	1.461008	0.500000
5.551839	9.214048	1.488951	0.500000
6.017572	8.231494	1.494925	0.500000
8.213618	7.950509	1.475382	0.500000
9.312089	7.901303	1.474925	0.500000
9.782576	6.862372	1.499402	0.500000
0.075221	7.886298	1.374993	0.500000
1.089949	7.779201	1.412466	0.500000
1.687283	8.697714	1.479356	0.500000
2.831983	8.444309	1.459139	0.500000
3.904470	8.501623	1.395098	0.500000
6.631036	9.032727	1.456643	0.500000
7.209577	7.907776	1.404893	0.500000
7.751887	8.953771	1.472979	0.500000
8.769262	8.975722	1.456537	0.500000
9.865274	8.854021	1.495271	0.500000
0.662697	8.747978	1.438481	0.500000
1.299436	9.650909	1.456335	0.500000
2.410293	9.400431	1.462914	0.500000
3.472622	9.531206	1.394776	0.500000
4.532077	9.387777	1.485062	0.500000
6.190993	9.993801	1.410584	0.500000
7.210853	9.989408	1.467220	0.500000
8.222595	9.857858	1.496474	0.500000
9.264009	9.881970	1.420386	0.500000
0.290156	9.715768	1.483310	0.500000
