400

0.796182	9.549423	0.577309	0.500000
9.925350	8.301324	2.074941	0.500000
13.133772	11.369024	0.625757	0.500000
0.641650	7.406034	3.267423	0.500000
3.347235	1.905105	1.599030	0.500000
5.105850	4.894211	0.633443	0.500000
11.838765	10.491363	2.637644	0.500000
5.489583	9.285709	2.809522	0.500000
10.472266	5.310390	0.501490	0.500000
7.233294	1.148872	2.534627	0.500000
4.738511	11.046438	0.547653	0.500000
12.508032	3.419836	2.355826	0.500000
2.352702	4.758920	1.601303	0.500000
4.138639	2.688662	1.825255	0.500000
2.120530	0.169151	2.064311	0.500000
9.715627	5.710928	3.488841	0.500000
0.956062	6.739662	1.993026	0.500000
10.666240	4.185636	0.635527	0.500000
13.022680	12.830199	1.496991	0.500000
2.992284	4.646884	0.656277	0.500000
5.551298	6.599371	3.424629	0.500000
0.570370	10.644932	2.646775	0.500000
10.366215	8.921262	3.023398	0.500000
11.538823	8.885930	0.814452	0.500000
7.391092	5.526993	0.958185	0.500000
8.967164	5.400733	2.011632	0.500000
4.664243	0.835283	0.713603	0.500000
11.321171	1.314225	2.532623	0.500000
1.371178	10.321002	3.316248	0.500000
9.720207	0.039774	2.062093	0.500000
8.153313	1.648972	3.493718	0.500000
11.702622	10.500909	0.597665	0.500000
8.593984	8.464891	3.393603	0.500000
8.340088	10.691062	2.327618	0.500000
5.888898	10.903153	2.414202	0.500000
8.548735	7.431846	1.565729	0.500000
7.125705	1.816235	1.551445	0.500000
5.100536	12.920778	2.163174	0.500000
13.202610	11.180350	1.769163	0.500000
8.157806	0.386311	2.555501	0.500000
0.549402	8.783806	1.311761	0.500000
7.282324	4.008511	0.527030	0.500000
10.092500	11.423272	1.595787	0.500000
7.866136	7.078047	3.440504	0.500000
7.607308	4.911802	1.823353	0.500000
0.629548	12.092656	1.687601	0.500000
4.006674	10.822040	3.425767	0.500000
2.197712	2.970593	2.514087	0.500000
3.383092	10.542233	0.614952	0.500000
4.412560	1.617237	3.136997	0.500000
0.586856	0.517916	2.894952	0.500000
12.569946	1.951589	2.943271	0.500000
2.966250	10.977174	3.440227	0.500000
10.509175	1.768212	1.167278	0.500000
4.130415	4.587359	0.594103	0.500000
11.652966	1.985296	1.573678	0.500000
4.451131	4.379625	1.668100	0.500000
0.998533	13.074202	2.256635	0.500000
8.371042	5.568465	2.982366	0.500000
2.813161	9.504594	3.417543	0.500000
2.207778	9.525865	2.039623	0.500000
8.171887	9.778524	3.134928	0.500000
8.783738	4.233774	1.562305	0.500000
11.965734	0.287738	2.262035	0.500000
6.565217	11.459264	3.345286	0.500000
1.849628	11.389439	1.272151	0.500000
3.063159	1.022971	3.488109	0.500000
2.446924	10.109663	0.858249	0.500000
12.737760	7.645421	3.399804	0.500000
9.462069	11.608670	2.393100	0.500000
5.557844	11.941996	0.617254	0.500000
7.319783	13.139191	0.754477	0.500000
12.249657	10.881495	1.438721	0.500000
8.047821	4.109217	3.411431	0.500000
10.950389	5.970077	2.482366	0.500000
3.266005	12.560356	2.052601	0.500000
0.770974	4.955954	0.649858	0.500000
3.020745	12.300749	3.456006	0.500000
6.559480	7.776830	2.419449	0.500000
6.343644	12.617672	0.976993	0.500000
9.589665	4.867925	0.710544	0.500000
4.059922	1.168002	1.749130	0.500000
5.693339	8.168906	3.161535	0.500000
1.298793	0.928905	0.678618	0.500000
12.684874	2.578690	0.737809	0.500000
5.560129	7.518815	2.151308	0.500000
3.683321	8.979541	2.396272	0.500000
0.195479	3.450662	0.544356	0.500000
12.687149	4.704560	2.178568	0.500000
1.995273	2.367337	3.496962	0.500000
9.743454	3.172253	3.461454	0.500000
6.814308	12.020971	1.962862	0.500000
1.726280	8.449363	0.731088	0.500000
2.193128	12.854671	3.054692	0.500000
2.038093	6.057223	3.337034	0.500000
10.942724	0.168878	0.749676	0.500000
7.713099	6.789482	0.562965	0.500000
11.360630	3.633155	2.520944	0.500000
7.440855	9.069152	3.446059	0.500000
1.980189	7.891051	2.923091	0.500000
10.147490	2.396400	2.920709	0.500000
13.128901	3.612835	1.513040	0.500000
3.960887	8.163879	0.695826	0.500000
4.336998	11.885690	3.125531	0.500000
11.311803	6.631053	1.599327	0.500000
3.737313	9.635182	1.639715	0.500000
11.702025	8.805120	2.811604	0.500000
3.175093	6.159870	3.426647	0.500000
12.814167	6.351575	0.590141	0.500000
5.604643	3.953547	1.351417	0.500000
2.495629	3.752559	0.773520	0.500000
2.906239	8.247692	0.809889	0.500000
11.478051	2.252172	0.598197	0.500000
2.008821	11.553965	3.451846	0.500000
4.640584	9.938189	2.304820	0.500000
0.582597	4.591196	2.353062	0.500000
11.729648	5.251088	3.391621	0.500000
6.363279	2.248860	0.568598	0.500000
12.606505	6.158104	1.554986	0.500000
3.369395	8.005664	2.445403	0.500000
12.975080	4.399459	0.757302	0.500000
2.975642	6.004682	2.399378	0.500000
7.929213	6.374410	1.488576	0.500000
0.093224	1.338609	2.116637	0.500000
7.546518	10.969599	1.648963	0.500000
11.336477	11.828259	2.778729	0.500000
5.783705	7.191239	0.798236	0.500000
6.729904	6.411714	0.873626	0.500000
0.267680	10.401428	0.668029	0.500000
11.456220	9.729795	1.351637	0.500000
0.434235	2.378368	1.066126	0.500000
8.160117	3.572099	2.255731	0.500000
9.129816	0.995424	3.449280	0.500000
0.231168	6.451543	3.408846	0.500000
11.084512	2.365695	3.427550	0.500000
1.180719	6.003604	0.624227	0.500000
10.709923	11.125598	3.221043	0.500000
3.252884	6.588605	1.568702	0.500000
12.785768	8.023450	2.331880	0.500000
10.693198	10.120969	3.426779	0.500000
12.100291	3.329242	3.353138	0.500000
9.497610	10.614586	2.110985	0.500000
9.110555	9.519988	2.379634	0.500000
4.907405	5.012028	3.406946	0.500000
3.715772	2.097886	2.590320	0.500000
8.116102	12.026700	3.444968	0.500000
8.331081	9.095804	0.607600	0.500000
6.839163	10.546814	0.738322	0.500000
1.357056	12.310632	0.617413	0.500000
1.605832	12.148346	1.966678	0.500000
2.497084	9.138306	0.548192	0.500000
3.340882	4.786497	2.364452	0.500000
8.250782	0.162106	1.395248	0.500000
10.310734	2.707062	0.846009	0.500000
9.667223	10.685934	0.535108	0.500000
4.140646	5.496869	1.171874	0.500000
10.993294	2.772282	1.964512	0.500000
8.877073	7.644685	0.596426	0.500000
12.345726	8.543273	1.597384	0.500000
9.916136	5.062694	2.344554	0.500000
1.486432	8.345830	1.743051	0.500000
4.285583	0.624519	2.685816	0.500000
6.723894	3.024560	1.180746	0.500000
0.462351	12.770603	3.470528	0.500000
11.146965	9.705750	2.439803	0.500000
11.867757	6.585533	2.597534	0.500000
11.149606	12.905632	3.324310	0.500000
12.669667	9.348582	0.947250	0.500000
7.668662	7.513728	2.251364	0.500000
7.212744	10.928634	2.611746	0.500000
1.248418	3.505351	0.647749	0.500000
3.008671	11.806482	0.958384	0.500000
3.462341	10.193560	2.836972	0.500000
4.495618	7.560260	2.306821	0.500000
1.444277	2.286229	2.589837	0.500000
5.785130	0.993383	0.619779	0.500000
3.835194	8.550303	3.414303	0.500000
5.564289	1.338177	2.344736	0.500000
9.955542	12.298533	0.630232	0.500000
9.185412	2.070638	1.067478	0.500000
11.046272	6.679414	0.596767	0.500000
5.565416	5.950210	0.571672	0.500000
8.595607	0.824071	0.505974	0.500000
6.294693	0.574306	1.731625	0.500000
4.002912	5.542987	2.480159	0.500000
9.862147	13.180662	3.294806	0.500000
9.741081	10.625023	3.349748	0.500000
11.198441	1.131059	0.625191	0.500000
6.132741	10.059000	3.188752	0.500000
0.411316	6.321101	1.197852	0.500000
10.796155	0.216317	2.388642	0.500000
6.147778	8.350921	0.785647	0.500000
6.697635	7.498672	1.399158	0.500000
1.937289	3.483719	3.383174	0.500000
1.522557	10.862607	2.297195	0.500000
9.948786	6.886657	0.604283	0.500000
1.025547	11.263444	0.714879	0.500000
10.236517	9.294832	1.968052	0.500000
5.187885	8.810007	1.896595	0.500000
3.521096	6.780086	0.514096	0.500000
9.907363	4.212832	3.324005	0.500000
4.518543	2.927193	3.123075	0.500000
7.208400	12.262424	3.025559	0.500000
0.662080	9.352948	2.370685	0.500000
13.051864	5.358008	3.453489	0.500000
7.136362	10.221340	3.348789	0.500000
5.462863	12.194037	3.334919	0.500000
3.694642	3.740249	1.451963	0.500000
12.913416	5.649486	2.416533	0.500000
0.781902	4.150620	1.387765	0.500000
0.235124	12.146092	2.696749	0.500000
4.630081	6.044692	3.264618	0.500000
11.371457	8.070220	1.742792	0.500000
8.971898	6.889773	2.381310	0.500000
9.783483	2.697716	1.828424	0.500000
9.124624	11.631297	1.131839	0.500000
11.238457	3.267694	0.910185	0.500000
12.650222	10.460340	3.452620	0.500000
5.679330	0.587633	3.402290	0.500000
8.995191	6.610132	3.351833	0.500000
6.582038	7.682109	3.490516	0.500000
9.112459	3.006553	0.580648	0.500000
1.952476	4.768494	3.354880	0.500000
12.099763	12.441784	3.420978	0.500000
8.354175	5.109685	0.816238	0.500000
10.958182	4.095993	3.317966	0.500000
12.649828	2.282026	1.708101	0.500000
5.351146	10.343620	1.252402	0.500000
5.522838	11.913307	2.065594	0.500000
0.272386	2.340495	2.351383	0.500000
1.367843	9.447299	1.490244	0.500000
4.571615	8.623601	2.731457	0.500000
2.837995	3.733636	2.115643	0.500000
1.177866	1.208861	2.024107	0.500000
8.233078	3.565665	0.797997	0.500000
10.413936	12.200271	2.637352	0.500000
11.971508	5.800171	0.610282	0.500000
1.941041	6.504310	1.672522	0.500000
1.203156	12.278272	2.941767	0.500000
6.324796	4.826799	0.894525	0.500000
10.544308	5.270847	3.141941	0.500000
9.943551	6.441434	2.681219	0.500000
3.631918	0.970730	0.567544	0.500000
6.345649	12.874260	3.468581	0.500000
12.505881	0.501324	0.535965	0.500000
2.501577	10.449167	2.289193	0.500000
0.060621	3.445272	3.112499	0.500000
12.531133	1.550045	0.503151	0.500000
2.011339	5.438064	2.334442	0.500000
5.577148	5.276007	2.217085	0.500000
6.800612	9.412476	0.681582	0.500000
7.641878	1.440860	0.537807	0.500000
10.834343	6.680217	3.190544	0.500000
8.731613	13.039840	3.436782	0.500000
12.683073	12.604892	0.530476	0.500000
12.342256	6.183868	3.401644	0.500000
11.516469	4.645216	1.163705	0.500000
3.106203	1.030814	2.158800	0.500000
7.155406	0.264898	3.313180	0.500000
13.191448	7.313591	0.571640	0.500000
2.658168	1.956258	2.331447	0.500000
11.145012	7.962234	0.642167	0.500000
8.872367	2.458674	2.277204	0.500000
9.915732	7.562690	3.341597	0.500000
2.496039	7.469329	1.507103	0.500000
4.534151	9.819330	0.823361	0.500000
0.295077	2.477938	3.494384	0.500000
1.552487	6.967747	3.473786	0.500000
3.558665	9.099640	0.667274	0.500000
11.571153	11.942562	0.726656	0.500000
5.116193	2.453731	0.768270	0.500000
8.101694	8.696810	2.406198	0.500000
3.909662	2.370101	0.563872	0.500000
3.263361	0.150470	2.983929	0.500000
9.711818	11.853174	3.377373	0.500000
10.180625	7.009351	1.726223	0.500000
0.818009	5.716453	1.988697	0.500000
11.202903	5.632951	1.505976	0.500000
10.956023	7.506506	2.576549	0.500000
4.710229	6.564066	2.339001	0.500000
3.413389	7.530042	3.482811	0.500000
5.095637	0.577758	1.596425	0.500000
7.076187	9.409434	2.405052	0.500000
3.965347	11.769644	2.161223	0.500000
6.267159	5.097560	3.212798	0.500000
1.491903	2.418517	0.574985	0.500000
12.140971	11.662881	2.086489	0.500000
4.514084	7.666739	3.366925	0.500000
0.915646	7.894482	0.542728	0.500000
8.925714	10.380191	1.322175	0.500000
4.773568	9.965920	3.301355	0.500000
7.696094	8.039403	3.217053	0.500000
10.107875	0.599686	1.278341	0.500000
9.206622	3.490899	2.140484	0.500000
2.437206	12.484075	1.425624	0.500000
4.573156	4.044196	3.277381	0.500000
7.250570	2.134842	3.421855	0.500000
8.769974	4.498581	2.771772	0.500000
6.754264	5.953281	3.430971	0.500000
8.037879	12.412223	0.864585	0.500000
7.069854	11.934492	0.789000	0.500000
6.230422	3.502245	2.020006	0.500000
13.074058	8.422179	0.503798	0.500000
2.910492	3.937432	3.255238	0.500000
6.798989	4.121924	3.367311	0.500000
5.537930	13.073756	0.557684	0.500000
6.089027	12.676865	2.519196	0.500000
5.337988	2.241202	3.295629	0.500000
11.879352	12.837846	1.476408	0.500000
0.230628	0.970554	0.896744	0.500000
3.735898	3.313418	2.572980	0.500000
6.286453	1.616937	3.349254	0.500000
10.810026	10.987522	0.591148	0.500000
8.866714	12.606611	2.199054	0.500000
5.741458	2.977756	2.735381	0.500000
12.209065	1.054098	1.526030	0.500000
6.485051	10.238731	1.805020	0.500000
0.436240	9.505559	3.460060	0.500000
7.004712	3.273353	2.737404	0.500000
7.743976	12.465867	2.125871	0.500000
9.177435	12.969816	0.994190	0.500000
9.282349	9.516657	0.605361	0.500000
9.204750	2.320563	3.362761	0.500000
11.046132	4.880737	2.228715	0.500000
0.406760	4.385920	3.382216	0.500000
5.289721	2.556945	1.878542	0.500000
7.509743	3.800368	1.481159	0.500000
6.536672	2.277507	2.491419	0.500000
3.022150	6.994004	2.701457	0.500000
7.823338	2.605298	1.419980	0.500000
0.999940	3.415663	2.366352	0.500000
11.951460	7.093559	0.715880	0.500000
1.164677	2.657797	1.695120	0.500000
2.021892	0.227926	0.941565	0.500000
6.185853	9.210603	1.941612	0.500000
6.282516	11.251893	1.264966	0.500000
7.015334	6.837109	2.827265	0.500000
1.966114	2.024079	1.436790	0.500000
12.647379	7.362849	1.527903	0.500000
0.092660	1.402084	3.364242	0.500000
9.722171	3.867536	1.124921	0.500000
12.583156	0.631753	3.362584	0.500000
7.491437	5.011147	3.378911	0.500000
11.567759	7.633631	3.441687	0.500000
5.955458	3.361653	0.549491	0.500000
7.516616	5.808880	2.420083	0.500000
2.832887	5.990759	0.687212	0.500000
13.118503	5.428877	1.004737	0.500000
1.496427	6.960044	0.583987	0.500000
0.534381	10.015206	1.601096	0.500000
5.201732	7.978869	1.283691	0.500000
4.508778	7.186018	0.730830	0.500000
8.098546	1.682537	2.311734	0.500000
9.364585	9.634152	3.495278	0.500000
10.419037	1.646798	2.253794	0.500000
4.187276	12.332695	0.791992	0.500000
9.333236	1.378295	1.882982	0.500000
5.709207	4.205444	3.269375	0.500000
1.562363	4.392225	2.112833	0.500000
7.012718	0.058122	2.343257	0.500000
4.305410	3.372532	0.727398	0.500000
10.442589	10.318415	1.293376	0.500000
5.906821	6.413228	2.221250	0.500000
3.954525	6.778960	3.005213	0.500000
4.707046	10.932852	1.853062	0.500000
7.892079	9.212474	1.557237	0.500000
2.950556	5.090547	3.316840	0.500000
12.757475	9.114514	3.006867	0.500000
4.584949	6.205550	0.547104	0.500000
10.203433	1.090591	3.116414	0.500000
1.381053	0.178794	3.411666	0.500000
0.816558	13.183563	1.070908	0.500000
12.570694	12.554521	2.359254	0.500000
2.673639	8.663234	2.832268	0.500000
1.844411	1.175969	3.225748	0.500000
11.290915	0.979751	3.494497	0.500000
10.172605	8.193272	0.965409	0.500000
10.660633	10.688158	2.212320	0.500000
10.269820	3.835741	2.300013	0.500000
8.335167	10.970534	0.690286	0.500000
4.260539	8.427296	1.736383	0.500000
3.114812	2.902072	1.081024	0.500000
0.046595	6.972016	2.341266	0.500000
12.238380	3.668396	0.969374	0.500000
0.615042	7.756559	2.059295	0.500000
9.046937	8.447089	1.399575	0.500000
9.363461	6.098315	1.010605	0.500000
7.399526	8.574392	0.569681	0.500000
7.776010	10.103201	0.943891	0.500000
5.051200	11.035391	3.320724	0.500000
2.971424	11.310914	1.940350	0.500000
7.953470	2.810011	2.878768	0.500000
11.739592	11.128540	3.466892	0.500000
6.363105	4.620267	2.157136	0.500000
4.714849	12.857188	3.367761	0.500000
1.797782	5.574807	1.322837	0.500000
7.977197	10.865913	3.302651	0.500000
2.673122	1.919971	0.721388	0.500000
1.975997	4.793225	0.595942	0.500000
3.978485	0.129208	1.610790	0.500000
