200

4.823191	0.657180	1.324964	0.500000
7.848756	2.911027	0.548452	0.500000
6.616579	9.080260	0.518759	0.500000
6.216573	6.550086	0.508470	0.500000
7.230141	6.583796	0.645910	0.500000
4.961556	9.185493	0.555253	0.500000
1.737818	8.029871	0.784815	0.500000
7.974011	10.013184	1.379779	0.500000
3.931241	5.845510	0.635351	0.500000
10.808540	8.308848	1.313829	0.500000
5.410603	10.216210	1.365700	0.500000
1.300191	1.053154	1.440623	0.500000
8.819774	0.570046	0.517004	0.500000
0.633274	10.234813	1.422925	0.500000
6.548251	1.085501	0.568261	0.500000
10.510662	1.932464	1.248351	0.500000
0.170115	11.091723	0.501518	0.500000
0.003277	0.366556	1.323161	0.500000
7.000639	9.441012	1.412692	0.500000
6.474147	1.543146	1.480975	0.500000
6.238878	0.417820	1.412490	0.500000
7.794554	1.572391	1.479016	0.500000
10.714955	3.345229	0.535270	0.500000
9.832214	2.477837	0.507908	0.500000
5.172329	7.362903	1.368693	0.500000
0.635862	1.588284	0.516182	0.500000
6.843603	5.889524	1.449395	0.500000
1.610379	4.869449	0.504334	0.500000
8.760392	4.375229	1.440087	0.500000
8.275401	2.504884	1.406826	0.500000
5.255396	8.537968	1.476197	0.500000
1.461925	9.672071	1.059391	0.500000
1.816421	0.180861	0.684110	0.500000
5.375893	1.666083	1.191911	0.500000
8.026030	8.591964	1.495884	0.500000
3.922502	2.954117	1.486470	0.500000
4.188386	4.754996	0.601512	0.500000
9.056190	1.218138	1.467010	0.500000
5.804655	10.981452	0.590428	0.500000
5.424039	3.955238	1.442425	0.500000
1.774507	4.259809	1.366143	0.500000
4.642673	11.316801	0.525457	0.500000
10.865248	9.518057	1.454863	0.500000
9.122371	8.713498	0.627436	0.500000
11.410500	8.775642	0.649653	0.500000
4.821499	6.754954	0.529733	0.500000
6.755344	3.962162	1.482012	0.500000
3.081813	5.185415	0.549671	0.500000
7.312581	10.194486	0.537619	0.500000
0.689609	0.563776	0.578469	0.500000
6.601302	6.967287	1.386483	0.500000
1.348758	5.287061	1.491082	0.500000
4.625186	1.270056	0.507383	0.500000
9.628727	5.633645	0.507375	0.500000
4.623818	5.170832	1.444215	0.500000
1.396454	2.928275	1.406736	0.500000
1.147031	3.981672	0.540990	0.500000
7.031055	8.302798	1.466294	0.500000
0.069975	6.991543	1.472837	0.500000
9.885505	8.800340	1.425193	0.500000
4.486322	9.331705	1.485970	0.500000
8.963760	10.045170	0.709253	0.500000
3.364673	9.765232	0.910727	0.500000
11.207595	2.210447	0.537612	0.500000
5.885622	7.588846	0.516438	0.500000
1.654401	1.324472	0.526474	0.500000
11.437886	4.240098	0.603956	0.500000
5.992491	9.867401	0.562221	0.500000
1.646880	8.760069	1.476784	0.500000
10.167109	4.980655	1.347810	0.500000
1.144176	8.868316	0.506707	0.500000
3.384923	0.694647	1.498923	0.500000
10.341212	4.333127	0.577153	0.500000
1.891716	10.690396	1.323890	0.500000
2.825994	1.508760	0.656427	0.500000
2.089750	6.403154	1.439301	0.500000
5.979301	2.439445	1.483963	0.500000
7.371933	1.874982	0.609195	0.500000
8.518483	7.851048	0.563610	0.500000
8.358659	6.402756	0.610747	0.500000
2.052606	3.477575	0.714919	0.500000
6.256485	5.419621	0.535389	0.500000
3.466569	6.960395	1.437270	0.500000
0.846465	7.022128	0.566648	0.500000
2.157082	9.044070	0.599378	0.500000
1.658006	5.997768	0.540915	0.500000
9.035492	3.249678	1.479511	0.500000
5.214355	5.786702	0.534926	0.500000
7.683199	8.497092	0.519181	0.500000
7.256862	4.188351	0.500516	0.500000
10.610092	6.233232	1.408247	0.500000
2.292767	0.786068	1.389489	0.500000
11.197933	2.641978	1.499693	0.500000
2.955624	2.842185	0.550548	0.500000
8.380482	4.880033	0.568011	0.500000
7.051645	2.764611	1.214302	0.500000
3.111986	10.684699	1.496724	0.500000
3.040526	6.531633	0.529455	0.500000
4.905983	2.579183	1.421851	0.500000
10.682118	11.003770	1.478809	0.500000
3.685115	0.723774	0.519577	0.500000
8.075737	10.937152	0.578876	0.500000
8.817239	7.434661	1.458866	0.500000
7.539535	0.670994	0.532648	0.500000
3.403735	5.817545	1.487271	0.500000
10.105150	6.566920	0.593217	0.500000
4.692761	3.855347	0.550236	0.500000
9.498302	2.232278	1.452094	0.500000
9.448277	7.372581	0.583843	0.500000
0.677538	2.143308	1.402620	0.500000
2.425513	2.793554	1.441236	0.500000
1.947651	2.442085	0.532668	0.500000
9.544516	0.106523	1.381087	0.500000
4.289078	10.310005	1.421704	0.500000
7.724286	3.661923	1.450511	0.500000
4.345271	4.181483	1.444541	0.500000
9.107580	5.394604	1.332645	0.500000
9.995030	10.193014	1.473016	0.500000
3.174161	2.127847	1.498245	0.500000
11.378769	6.502772	0.540579	0.500000
10.866664	4.056428	1.480823	0.500000
11.185296	5.309228	1.472433	0.500000
0.567503	9.226010	1.412875	0.500000
5.408763	11.260152	1.498369	0.500000
7.538253	4.810253	1.481213	0.500000
7.457178	11.004968	1.478693	0.500000
6.241086	2.039963	0.538900	0.500000
0.027015	1.356127	1.485457	0.500000
8.437740	1.827848	0.630379	0.500000
2.859266	0.153940	0.836666	0.500000
9.745678	4.035802	1.472999	0.500000
8.218702	0.397966	1.433251	0.500000
10.073539	3.084063	1.331232	0.500000
7.845843	6.283931	1.497056	0.500000
2.445121	5.419874	1.372514	0.500000
7.214503	0.625775	1.493845	0.500000
4.385722	2.813144	0.584755	0.500000
10.630144	5.573930	0.548340	0.500000
6.213861	4.239782	0.596357	0.500000
7.690087	7.287810	1.499477	0.500000
10.896009	7.455934	0.684883	0.500000
0.529471	4.659959	1.492736	0.500000
1.287288	7.215725	1.455589	0.500000
2.523016	4.353548	0.559190	0.500000
2.659402	3.793782	1.447344	0.500000
3.753681	10.696304	0.591580	0.500000
7.286803	5.286628	0.544688	0.500000
0.322703	5.228872	0.573817	0.500000
9.378786	4.641109	0.550856	0.500000
6.110414	4.907033	1.406721	0.500000
10.565153	9.438404	0.503446	0.500000
4.321872	1.761735	1.483141	0.500000
5.417380	2.790644	0.513159	0.500000
2.050075	7.006986	0.548270	0.500000
6.923898	7.662457	0.619203	0.500000
3.889319	8.901156	0.515180	0.500000
2.894728	8.725606	1.447198	0.500000
10.904042	1.245862	0.571898	0.500000
10.295909	0.076795	0.564236	0.500000
10.432910	10.460237	0.504991	0.500000
0.376276	3.586612	1.435421	0.500000
0.920299	11.308898	1.442227	0.500000
4.083131	11.377065	1.449788	0.500000
5.708815	6.242602	1.380005	0.500000
4.165849	8.279907	1.368852	0.500000
8.657246	10.785091	1.456451	0.500000
0.470604	7.932422	1.070216	0.500000
10.108894	8.164586	0.592940	0.500000
3.607729	3.664950	0.547905	0.500000
9.627631	3.605781	0.515399	0.500000
5.978934	9.348090	1.459337	0.500000
3.762235	1.997908	0.566823	0.500000
7.000890	11.200632	0.556605	0.500000
5.562740	0.851436	0.511905	0.500000
2.465110	10.229022	0.527044	0.500000
1.952599	1.845187	1.408945	0.500000
1.116136	10.608680	0.582788	0.500000
9.702397	1.409783	0.559127	0.500000
2.332470	7.543791	1.475068	0.500000
0.626007	2.833952	0.681135	0.500000
10.221022	7.214014	1.496292	0.500000
2.516158	9.862753	1.469216	0.500000
9.483687	6.486627	1.466337	0.500000
4.980836	8.042206	0.649063	0.500000
8.243636	9.362147	0.524440	0.500000
8.299588	3.811071	0.570129	0.500000
4.760541	10.284358	0.531290	0.500000
9.122929	11.035608	0.577266	0.500000
5.217188	4.760216	0.636230	0.500000
3.949868	7.299997	0.582354	0.500000
11.356328	10.042112	0.701346	0.500000
0.654064	6.158642	1.315712	0.500000
4.614710	6.351177	1.439307	0.500000
6.386340	3.221763	0.557820	0.500000
8.840757	2.759155	0.566800	0.500000
10.341385	0.713149	1.459996	0.500000
3.322468	4.626856	1.407410	0.500000
6.404371	10.772425	1.381115	0.500000
2.915222	7.881507	0.693205	0.500000
6.081184	7.947471	1.492910	0.500000
