200

4.486918	1.541490	0.501354	0.500000
0.885897	2.363615	0.534889	0.500000
9.612335	9.693574	0.591303	0.500000
5.133066	7.725561	1.396301	0.500000
4.171679	8.206473	1.473631	0.500000
5.799260	6.481293	1.370556	0.500000
3.736993	5.573639	0.506113	0.500000
7.313466	0.163647	0.548816	0.500000
11.269477	3.592711	0.535784	0.500000
10.995538	8.073836	1.466872	0.500000
3.189330	10.375998	1.446545	0.500000
10.674468	11.288724	1.451107	0.500000
5.868674	0.433239	0.576133	0.500000
4.637610	11.327996	1.446096	0.500000
5.606478	8.650649	1.466847	0.500000
3.373965	11.424501	1.275705	0.500000
8.228873	0.698524	0.520938	0.500000
10.745625	0.325087	0.501930	0.500000
9.277070	11.055530	0.504202	0.500000
3.714685	0.887418	0.506710	0.500000
8.371055	1.506931	1.462976	0.500000
11.185775	1.236035	0.651805	0.500000
0.261500	3.032165	1.324966	0.500000
0.644411	0.344275	0.662090	0.500000
7.504889	2.785140	0.532195	0.500000
5.392609	3.917857	0.603491	0.500000
6.206137	2.707341	0.554107	0.500000
5.223896	2.391726	0.533877	0.500000
8.187692	2.686073	1.413321	0.500000
7.280298	3.497513	1.499080	0.500000
0.993341	4.982429	1.496637	0.500000
8.849800	1.689840	0.513205	0.500000
4.349638	6.529786	0.504703	0.500000
4.867851	0.242623	0.538831	0.500000
2.614547	10.922950	0.528933	0.500000
3.901544	3.659340	0.590371	0.500000
6.240779	1.001313	1.360826	0.500000
7.755180	1.784098	0.616820	0.500000
11.337895	4.591466	1.251007	0.500000
10.393452	1.097886	1.394797	0.500000
3.108056	4.359097	0.514597	0.500000
9.708152	8.310767	1.471993	0.500000
0.658446	8.241142	1.499533	0.500000
0.831835	4.508943	0.551412	0.500000
1.643312	5.358688	0.600387	0.500000
7.085774	2.272103	1.358020	0.500000
7.607475	3.839609	0.506128	0.500000
7.452573	4.866022	0.639265	0.500000
9.416988	0.758617	0.712138	0.500000
3.617688	6.254140	1.346511	0.500000
0.321258	7.059865	1.458034	0.500000
1.837977	6.360239	0.542919	0.500000
6.244661	8.448970	0.505518	0.500000
0.970991	6.923288	0.522087	0.500000
8.414254	5.559140	0.559914	0.500000
5.900226	4.802368	0.547897	0.500000
0.555854	1.894126	1.367263	0.500000
9.239954	6.041379	1.388220	0.500000
6.863570	4.981505	1.483243	0.500000
11.314805	6.584073	0.531596	0.500000
1.175638	6.385868	1.459476	0.500000
1.983757	7.520760	0.537178	0.500000
4.489893	9.927170	0.616585	0.500000
2.483275	0.637857	0.547223	0.500000
7.225789	7.595539	0.531397	0.500000
3.279075	5.283184	1.474648	0.500000
6.385153	5.761401	0.557563	0.500000
4.463189	4.608499	0.603259	0.500000
4.931557	4.432452	1.495796	0.500000
10.555130	5.173593	1.483088	0.500000
2.111083	1.962530	0.582507	0.500000
2.843013	8.334578	0.534591	0.500000
2.889536	6.261867	0.606806	0.500000
0.439499	9.097111	0.628632	0.500000
3.975698	9.374364	1.288100	0.500000
5.135066	5.453115	0.609680	0.500000
7.982995	4.503321	1.443738	0.500000
10.947983	5.407978	0.542954	0.500000
9.368024	7.597814	0.539101	0.500000
9.263395	9.316461	1.499519	0.500000
1.542854	8.491608	0.557190	0.500000
4.193283	0.855872	1.418158	0.500000
4.972086	9.508904	1.417485	0.500000
2.641455	5.241049	0.596651	0.500000
8.265075	8.978936	0.669163	0.500000
3.252410	8.697083	1.441927	0.500000
10.233983	6.403930	0.621675	0.500000
7.512494	6.114145	0.541311	0.500000
8.223429	11.022825	0.571225	0.500000
8.620645	8.341169	1.472602	0.500000
10.923048	10.100249	1.496399	0.500000
0.436313	11.208765	1.473754	0.500000
3.254112	9.853899	0.553699	0.500000
1.387729	10.793693	1.448490	0.500000
6.902335	1.200533	0.512724	0.500000
8.696624	6.659243	0.571656	0.500000
4.935266	8.750042	0.665432	0.500000
6.569088	9.156706	1.451960	0.500000
0.613279	10.562218	0.536508	0.500000
0.238544	7.879274	0.631737	0.500000
7.464405	0.866394	1.475331	0.500000
9.927276	10.330471	1.499649	0.500000
0.704803	3.916838	1.483515	0.500000
11.281899	2.298227	0.637286	0.500000
3.500407	2.827056	1.331010	0.500000
10.134462	7.233166	1.199553	0.500000
5.018190	1.519485	1.413585	0.500000
0.014180	0.683723	1.461050	0.500000
9.678070	0.059494	1.488550	0.500000
3.088724	1.717450	0.516481	0.500000
2.513738	2.459105	1.364407	0.500000
1.392015	1.180883	0.531252	0.500000
1.800410	1.579155	1.477716	0.500000
1.923423	2.977203	0.601304	0.500000
7.688714	10.875152	1.435039	0.500000
2.692620	3.778232	1.442058	0.500000
0.624874	5.910791	0.674436	0.500000
1.456325	2.533892	1.431417	0.500000
2.285052	11.265859	1.473611	0.500000
8.449607	0.218752	1.472353	0.500000
6.561256	4.008061	0.510944	0.500000
1.375234	7.419131	1.443244	0.500000
2.269965	6.852288	1.343806	0.500000
3.704839	1.740820	1.320900	0.500000
9.756010	3.169084	1.485528	0.500000
5.607468	3.075177	1.353700	0.500000
4.343921	3.427062	1.490778	0.500000
6.690963	9.603087	0.561508	0.500000
10.736291	2.076907	1.478691	0.500000
1.440067	0.499204	1.425694	0.500000
9.468186	1.693277	1.424307	0.500000
2.824024	1.043901	1.426570	0.500000
10.647925	3.762297	1.426962	0.500000
6.067261	2.011664	1.405320	0.500000
4.452076	2.400514	1.475490	0.500000
9.157255	2.626953	0.711661	0.500000
2.899035	3.271210	0.511306	0.500000
10.078828	1.902297	0.542488	0.500000
2.400180	5.773298	1.421542	0.500000
9.717470	5.288228	0.761209	0.500000
0.103839	5.618128	1.486462	0.500000
1.681070	3.613704	1.484469	0.500000
3.488003	7.341128	1.473370	0.500000
3.060369	7.325964	0.532913	0.500000
4.453096	5.459618	1.357599	0.500000
7.610092	8.032506	1.387267	0.500000
8.515927	3.377743	0.515904	0.500000
0.986128	3.363942	0.512094	0.500000
8.967017	4.491808	0.534517	0.500000
1.489954	10.014174	0.513521	0.500000
11.280756	9.100641	1.472682	0.500000
10.389946	2.850025	0.769661	0.500000
3.629823	4.325111	1.384712	0.500000
4.665727	7.741173	0.511735	0.500000
6.376590	10.562661	0.696742	0.500000
6.980886	6.192883	1.419390	0.500000
5.938730	4.159086	1.421163	0.500000
4.112096	2.478701	0.528112	0.500000
10.709758	8.557987	0.506818	0.500000
9.563954	3.551866	0.554563	0.500000
9.686832	4.233181	1.441363	0.500000
11.094468	9.740373	0.528613	0.500000
2.609870	7.832025	1.461002	0.500000
5.856776	5.317515	1.414252	0.500000
4.735260	6.788925	1.493812	0.500000
7.856806	9.621916	1.380030	0.500000
10.440468	4.434522	0.654311	0.500000
8.802817	5.108783	1.369399	0.500000
8.806376	3.713584	1.494688	0.500000
8.363696	7.670627	0.648395	0.500000
6.029003	7.159424	0.510868	0.500000
6.650615	11.214758	1.465371	0.500000
3.907581	8.690580	0.533040	0.500000
1.989230	4.228370	0.502156	0.500000
5.638808	11.299207	1.389669	0.500000
5.765215	1.542234	0.510973	0.500000
6.891008	10.104298	1.451839	0.500000
10.841403	6.555178	1.470852	0.500000
1.167731	9.223911	1.397596	0.500000
9.222539	8.721329	0.513630	0.500000
2.092273	9.895503	1.328707	0.500000
4.276367	10.364938	1.495863	0.500000
6.190384	7.836662	1.346198	0.500000
5.357598	10.737145	0.523238	0.500000
5.553827	9.727291	0.542832	0.500000
7.944204	6.830820	1.213889	0.500000
5.838190	10.266494	1.494043	0.500000
10.309073	9.195367	1.243532	0.500000
9.150550	7.034824	1.474117	0.500000
11.036040	10.745832	0.525499	0.500000
0.494186	9.973100	1.403626	0.500000
2.324138	9.207684	0.606668	0.500000
7.399383	10.404896	0.518262	0.500000
3.812927	10.730227	0.535680	0.500000
8.121709	5.865969	1.499585	0.500000
8.971752	10.742698	1.432679	0.500000
1.657701	11.339892	0.556826	0.500000
8.403526	9.980127	0.530285	0.500000
1.988618	8.644075	1.470594	0.500000
7.223883	8.722753	0.656202	0.500000
