200

4.907557	0.568822	1.432722	0.500000
7.650484	2.741526	0.619032	0.500000
7.028013	8.720110	0.700081	0.500000
6.500083	7.724969	0.585101	0.500000
7.444295	7.158456	0.580751	0.500000
6.377762	9.771711	0.525526	0.500000
2.175618	7.833262	0.503450	0.500000
7.511815	9.826236	0.596095	0.500000
4.353253	5.450060	0.584216	0.500000
10.903114	9.002970	1.440718	0.500000
3.915163	9.980453	1.432966	0.500000
0.418398	1.591144	1.339471	0.500000
9.095720	0.006094	0.512069	0.500000
0.576959	10.289386	0.517195	0.500000
6.828685	2.027094	0.559728	0.500000
9.478427	2.455500	1.450173	0.500000
10.439480	0.443962	0.581150	0.500000
11.012096	10.234168	1.488578	0.500000
6.410881	10.707750	1.476588	0.500000
5.783266	1.869166	1.490150	0.500000
6.717964	1.199666	1.461084	0.500000
7.270750	2.080214	1.487638	0.500000
11.362642	3.139105	0.512908	0.500000
9.765272	2.898565	0.547265	0.500000
6.239898	7.249036	1.496135	0.500000
1.047736	2.243671	0.631248	0.500000
6.965155	6.377691	1.447637	0.500000
1.849190	5.649427	0.575870	0.500000
8.537064	3.418900	1.495348	0.500000
7.316090	3.218658	1.481745	0.500000
4.492845	9.015174	1.465094	0.500000
1.225345	10.342098	1.364366	0.500000
2.562123	11.016414	0.571997	0.500000
4.664019	1.693910	1.481734	0.500000
8.270909	9.922252	1.372467	0.500000
2.686572	3.954533	1.366560	0.500000
4.485260	4.457371	0.654576	0.500000
8.970845	0.540319	1.366087	0.500000
6.035993	0.384871	1.479733	0.500000
4.901440	5.028000	1.498497	0.500000
2.593541	5.102065	1.379502	0.500000
5.419828	0.296983	0.525502	0.500000
0.296440	9.432225	1.019625	0.500000
8.153211	8.136761	1.499991	0.500000
11.303399	7.557548	0.507350	0.500000
5.329053	6.072495	0.590099	0.500000
6.260554	5.035266	1.498638	0.500000
3.008182	5.920166	0.534301	0.500000
5.838921	10.759689	0.616550	0.500000
0.212508	0.611892	0.579127	0.500000
7.254656	7.694022	1.476798	0.500000
1.008275	6.157203	1.380256	0.500000
3.993105	1.449329	0.553992	0.500000
8.883074	6.117966	0.615951	0.500000
4.476906	6.259561	1.467658	0.500000
1.488443	2.943896	1.410559	0.500000
2.357380	4.447527	0.500864	0.500000
7.642092	9.066935	1.417239	0.500000
10.154196	7.121929	1.494729	0.500000
9.847884	8.510305	1.419461	0.500000
5.203834	7.970380	1.431839	0.500000
9.396191	9.419706	0.547031	0.500000
3.721752	9.184084	0.568580	0.500000
1.041225	3.487924	0.620907	0.500000
5.727709	8.428129	0.519073	0.500000
1.647496	1.076365	0.508811	0.500000
0.028900	4.177719	0.556068	0.500000
5.619920	10.096856	1.400685	0.500000
1.504459	8.245940	1.298836	0.500000
10.845385	5.075540	1.414433	0.500000
1.068111	8.794149	0.559502	0.500000
1.814225	10.242180	0.532229	0.500000
10.281584	4.896621	0.571134	0.500000
0.421390	11.026102	1.178859	0.500000
2.979626	1.549686	0.522770	0.500000
2.685471	7.911727	1.476216	0.500000
4.761875	2.701778	1.361094	0.500000
7.244526	1.001794	0.628994	0.500000
8.878059	7.367420	0.529257	0.500000
7.831917	6.229717	0.530764	0.500000
3.613665	3.631771	0.528941	0.500000
6.741056	4.549534	0.510274	0.500000
3.553711	8.444568	1.381172	0.500000
0.467806	6.673098	0.565407	0.500000
2.997636	8.486470	0.509105	0.500000
2.446664	6.876421	0.612419	0.500000
8.231381	2.441033	1.475567	0.500000
5.491357	5.040169	0.632679	0.500000
9.043888	8.358916	0.520272	0.500000
7.938461	5.182267	0.568184	0.500000
11.318728	6.041414	1.412544	0.500000
1.833205	11.221446	1.494565	0.500000
10.765312	2.645067	1.208301	0.500000
3.089727	2.573260	0.610545	0.500000
9.265453	3.917625	0.574891	0.500000
6.350052	2.792719	1.482728	0.500000
3.106975	10.067744	0.507662	0.500000
4.062447	6.465355	0.556940	0.500000
4.095593	2.463395	0.540353	0.500000
10.331516	10.987854	1.357354	0.500000
4.366762	0.479425	0.540279	0.500000
8.412986	10.545712	0.577378	0.500000
9.206013	7.675153	1.495542	0.500000
8.091259	0.050567	1.076147	0.500000
3.479595	5.672499	1.483311	0.500000
10.605620	6.051997	0.695835	0.500000
5.463215	3.962691	0.568255	0.500000
8.807334	1.552147	1.496631	0.500000
9.829616	6.656608	0.500862	0.500000
0.450675	2.633344	1.419674	0.500000
2.489591	2.654253	1.452475	0.500000
2.064981	2.121639	0.699536	0.500000
9.127851	10.986932	1.496229	0.500000
3.925846	10.887166	1.010621	0.500000
6.206842	3.900044	1.292466	0.500000
4.906180	3.757306	1.373585	0.500000
8.132540	4.699281	1.438879	0.500000
9.104101	9.194910	1.481920	0.500000
2.507570	0.855386	1.210812	0.500000
1.478667	6.578551	0.541869	0.500000
10.512206	3.712952	0.666308	0.500000
0.388068	4.779820	1.437158	0.500000
0.238350	8.038096	1.460343	0.500000
5.226831	11.041657	1.417058	0.500000
7.154082	4.300681	1.469235	0.500000
7.015094	0.121082	1.383579	0.500000
6.083630	1.279521	0.565733	0.500000
10.576550	1.636459	1.468076	0.500000
9.950059	1.778181	0.520449	0.500000
3.253733	0.320817	0.584445	0.500000
9.668196	4.495601	1.498403	0.500000
8.737586	1.081672	0.525986	0.500000
9.968679	3.455155	1.476794	0.500000
8.383250	5.872313	1.475875	0.500000
3.036740	6.799791	1.484577	0.500000
7.852911	1.055373	1.441828	0.500000
4.702195	3.297709	0.501780	0.500000
0.015388	5.370734	0.593654	0.500000
6.569760	3.193242	0.535684	0.500000
8.204740	7.016454	1.233572	0.500000
10.127673	7.709648	0.561576	0.500000
1.583994	5.110847	1.409886	0.500000
1.634356	7.149909	1.408895	0.500000
3.440509	4.989659	0.524201	0.500000
1.649390	4.110344	1.424302	0.500000
4.845355	10.622650	0.534768	0.500000
6.524695	5.557032	0.596990	0.500000
1.034407	4.867774	0.510322	0.500000
9.247920	4.954312	0.553110	0.500000
7.284870	5.422770	1.369118	0.500000
9.827283	9.917422	1.427040	0.500000
3.394605	1.935532	1.434678	0.500000
5.617253	2.844667	0.519272	0.500000
1.139797	7.522562	0.508177	0.500000
7.834370	8.129100	0.509767	0.500000
4.510989	8.490736	0.557264	0.500000
2.644226	9.166475	1.473399	0.500000
11.324533	1.992615	0.523781	0.500000
11.075021	10.793747	0.540905	0.500000
10.790345	9.693058	0.552337	0.500000
11.317328	3.670360	1.494918	0.500000
0.959560	0.693803	1.439955	0.500000
2.938948	11.318190	1.489549	0.500000
6.568750	6.616446	0.523062	0.500000
5.223381	6.960312	1.339965	0.500000
7.551234	10.664990	1.394300	0.500000
11.257748	7.125009	1.448009	0.500000
10.314586	8.808222	0.529398	0.500000
3.853958	3.131630	1.437951	0.500000
8.711910	2.986908	0.589519	0.500000
6.854966	9.747380	1.452357	0.500000
3.813972	0.874169	1.372696	0.500000
6.884496	10.648660	0.575666	0.500000
6.509562	0.289591	0.511001	0.500000
2.130996	9.248938	0.573397	0.500000
1.686420	1.478984	1.472185	0.500000
1.231569	11.068905	0.589411	0.500000
10.044387	0.751574	1.487121	0.500000
1.407112	9.345113	1.340733	0.500000
2.081800	3.429978	0.605960	0.500000
9.847247	5.697019	1.404572	0.500000
2.318000	10.269296	1.464611	0.500000
9.173965	6.553049	1.494731	0.500000
4.493192	7.434662	0.503808	0.500000
8.332906	9.167024	0.621764	0.500000
7.797036	4.113171	0.618242	0.500000
5.189819	9.668991	0.530809	0.500000
9.668792	10.582058	0.604394	0.500000
5.952378	6.049684	1.471022	0.500000
5.505448	7.443022	0.504809	0.500000
11.338363	8.597126	0.616243	0.500000
2.183155	6.232636	1.436215	0.500000
4.017401	7.211355	1.489375	0.500000
5.107492	1.886935	0.603023	0.500000
7.947182	1.736703	0.519945	0.500000
11.115839	0.357822	1.420429	0.500000
3.630835	4.314501	1.311287	0.500000
5.687171	9.098005	1.392012	0.500000
3.264390	7.505449	0.527184	0.500000
6.421792	8.303153	1.450978	0.500000
