200

2.678671	2.766453	0.545911	0.500000
8.079143	5.379315	0.522410	0.500000
6.268426	8.533963	0.594813	0.500000
4.488286	6.811591	1.477477	0.500000
6.178594	7.501800	0.547831	0.500000
4.808212	10.425014	1.316529	0.500000
2.793511	5.897294	0.545036	0.500000
5.510578	7.057693	1.446456	0.500000
3.306772	6.805353	0.506129	0.500000
10.258122	6.459097	0.509278	0.500000
3.808503	10.368178	1.416636	0.500000
0.283052	0.727788	0.501948	0.500000
4.176827	0.693059	0.881155	0.500000
10.250744	8.737907	0.581179	0.500000
6.214522	0.797855	0.546285	0.500000
0.220328	10.004470	1.427297	0.500000
10.687591	0.233669	0.505339	0.500000
1.690314	10.304432	1.372497	0.500000
7.124963	7.825553	0.639753	0.500000
3.989878	1.513039	1.467097	0.500000
6.140000	1.787843	0.731692	0.500000
5.690825	1.300195	1.484407	0.500000
10.499020	3.649453	0.622520	0.500000
10.254889	0.615353	1.447024	0.500000
6.005150	10.180061	1.436927	0.500000
9.637154	1.088293	0.602046	0.500000
3.302050	6.305702	1.495347	0.500000
1.810885	5.538452	0.544255	0.500000
9.310032	4.064549	1.410947	0.500000
7.760940	2.601499	1.487723	0.500000
3.658976	9.400629	1.002988	0.500000
3.249138	11.252770	1.471977	0.500000
0.658037	2.730634	1.416036	0.500000
6.796417	3.965292	1.460588	0.500000
9.647729	7.462051	1.467846	0.500000
3.509090	7.460691	1.336745	0.500000
8.253274	4.369554	0.508825	0.500000
10.656138	9.501473	1.408908	0.500000
5.179169	0.831971	0.568749	0.500000
3.789692	5.391268	1.438596	0.500000
1.195185	4.524895	0.522638	0.500000
2.843855	0.822925	1.465387	0.500000
8.234716	9.082910	1.488830	0.500000
7.663153	8.749848	0.507852	0.500000
1.995794	8.205555	0.545702	0.500000
6.656266	9.527347	0.539134	0.500000
7.951344	3.943851	1.473750	0.500000
4.964926	5.209413	0.639309	0.500000
8.280444	0.034943	1.158033	0.500000
0.773707	1.661565	1.443943	0.500000
5.397940	8.051748	1.441696	0.500000
2.284767	4.660439	0.616648	0.500000
8.270649	3.168691	0.598085	0.500000
9.795445	6.440205	1.498751	0.500000
2.045011	7.629493	1.398210	0.500000
1.632486	2.342042	1.463993	0.500000
0.679155	4.848179	1.417630	0.500000
7.642100	7.951359	1.487267	0.500000
2.083899	8.773919	1.476030	0.500000
8.843823	8.237198	1.310530	0.500000
4.841821	8.792136	0.543056	0.500000
8.276468	7.882138	0.507505	0.500000
1.611650	10.949865	0.525689	0.500000
9.154671	11.066594	1.484018	0.500000
6.786047	10.527382	0.537249	0.500000
2.828902	3.193989	1.458561	0.500000
0.745482	5.449660	0.550066	0.500000
4.579402	9.786953	0.536596	0.500000
1.064284	7.913278	1.484305	0.500000
10.180685	2.192126	1.436381	0.500000
2.725718	9.658010	1.378939	0.500000
5.526862	2.310933	1.397241	0.500000
10.689664	4.699556	0.532738	0.500000
0.887817	0.600338	1.361540	0.500000
2.078663	1.871801	0.648913	0.500000
2.295720	6.325657	1.451607	0.500000
4.361417	4.544334	1.405684	0.500000
7.147499	2.458025	0.608593	0.500000
6.537454	8.003293	1.444793	0.500000
6.666922	4.649693	0.514142	0.500000
1.932078	3.495555	0.518668	0.500000
5.389261	6.347020	0.521862	0.500000
11.192409	8.614735	1.428006	0.500000
11.234439	6.103397	0.650763	0.500000
2.804980	8.982483	0.500807	0.500000
0.429286	6.053186	1.495157	0.500000
7.030986	1.807220	1.474648	0.500000
2.944962	7.812557	0.583141	0.500000
9.006774	8.890674	0.501989	0.500000
5.382943	4.764940	1.499107	0.500000
10.481858	4.250979	1.474025	0.500000
1.166214	2.565600	0.518147	0.500000
10.726657	1.328801	0.704464	0.500000
5.060850	2.653640	0.580608	0.500000
9.194698	4.745241	0.501358	0.500000
8.626285	4.833077	1.370588	0.500000
4.247759	11.272807	1.410864	0.500000
4.186720	3.148114	0.533231	0.500000
6.348238	5.508628	1.488197	0.500000
10.443853	2.607325	0.509658	0.500000
1.654609	0.519136	0.516926	0.500000
9.834458	9.902416	0.591541	0.500000
8.547506	7.266583	1.428526	0.500000
9.191970	9.940569	1.491708	0.500000
3.188105	4.551270	1.376655	0.500000
1.768361	4.517150	1.491347	0.500000
5.176396	6.046230	1.462901	0.500000
7.421734	0.623608	1.391061	0.500000
7.922455	6.765170	0.539895	0.500000
0.871002	3.573920	0.608984	0.500000
0.052359	2.102594	0.515703	0.500000
11.305825	0.844658	1.413404	0.500000
11.152205	9.211177	0.541943	0.500000
5.001909	9.351689	1.406662	0.500000
9.403426	5.731209	0.522192	0.500000
4.794495	3.387761	1.437280	0.500000
7.492608	4.915183	1.491331	0.500000
9.505115	7.967927	0.518342	0.500000
3.116675	1.588611	0.527769	0.500000
11.191149	7.178753	0.569410	0.500000
11.170454	1.925196	1.472540	0.500000
9.978815	3.226932	1.469412	0.500000
1.060021	9.329511	1.358045	0.500000
5.391961	0.265464	1.432533	0.500000
8.872089	2.568606	1.385118	0.500000
8.289197	10.406514	1.477840	0.500000
5.814210	3.737601	1.367148	0.500000
11.285080	11.253746	1.409784	0.500000
8.367936	0.998584	0.500434	0.500000
2.824847	1.895328	1.483061	0.500000
8.258075	1.613666	1.422726	0.500000
9.060099	0.260483	0.563696	0.500000
10.072446	10.432519	1.427495	0.500000
7.106807	8.955017	1.369174	0.500000
1.422656	5.828555	1.498856	0.500000
7.358283	10.833080	1.485817	0.500000
5.057152	4.138060	0.654431	0.500000
0.439410	3.825510	1.477073	0.500000
4.151449	5.917907	0.632059	0.500000
10.766468	6.686370	1.497077	0.500000
9.643083	8.969168	1.457512	0.500000
10.987706	2.948863	1.435899	0.500000
0.272269	7.232922	1.488160	0.500000
3.773338	3.655801	1.448624	0.500000
1.633254	3.465412	1.489202	0.500000
3.784898	11.245114	0.521708	0.500000
4.753292	7.771606	0.639434	0.500000
0.203906	4.338193	0.619943	0.500000
9.571682	3.208269	0.543712	0.500000
6.899591	6.854474	1.000325	0.500000
1.075415	8.607943	0.646023	0.500000
6.601228	2.927788	1.410333	0.500000
7.041399	5.585902	0.624997	0.500000
2.551880	5.333099	1.425778	0.500000
7.542002	9.799118	0.963019	0.500000
0.932376	7.626242	0.504470	0.500000
1.292422	6.820792	1.486349	0.500000
8.395541	2.153132	0.519701	0.500000
0.882743	10.176703	0.515117	0.500000
11.178724	10.299682	0.590689	0.500000
8.597099	6.163084	1.287045	0.500000
3.036127	0.477823	0.535713	0.500000
1.863482	1.240493	1.477661	0.500000
4.248528	8.150812	1.443461	0.500000
2.724731	10.537631	0.760834	0.500000
9.024893	0.950897	1.458864	0.500000
11.395466	8.178806	0.518983	0.500000
9.115804	6.856066	0.646504	0.500000
4.404257	1.700767	0.571452	0.500000
9.429641	2.074326	0.620872	0.500000
6.074846	9.046483	1.492734	0.500000
3.966936	4.146658	0.551242	0.500000
5.911826	11.134983	0.733070	0.500000
6.001045	5.430247	0.517649	0.500000
1.185128	1.415542	0.513824	0.500000
3.665222	2.500637	1.128028	0.500000
0.445725	11.163615	0.605940	0.500000
7.273193	1.421751	0.516039	0.500000
1.874414	11.365086	1.405971	0.500000
11.375322	3.137177	0.515496	0.500000
10.644655	7.752535	1.427703	0.500000
1.659773	9.438204	0.564357	0.500000
9.913637	5.346386	1.490902	0.500000
3.719214	8.512851	0.522617	0.500000
8.940616	10.364004	0.540059	0.500000
7.454241	5.984295	1.459911	0.500000
5.650824	9.947238	0.525237	0.500000
7.004037	0.135449	0.534655	0.500000
3.418614	5.028692	0.522253	0.500000
1.996916	6.681808	0.523045	0.500000
0.867125	10.910012	1.496572	0.500000
11.193225	5.227333	1.334127	0.500000
3.143419	8.442450	1.338885	0.500000
5.988438	3.081012	0.598157	0.500000
7.161510	3.527213	0.607651	0.500000
9.868138	10.926376	0.523677	0.500000
2.921930	3.841186	0.553424	0.500000
6.427998	0.261638	1.458249	0.500000
0.816993	6.456563	0.573516	0.500000
4.835277	11.287163	0.543187	0.500000
