200

3.200737	9.391163	1.496655	0.500000
9.740562	3.448797	1.090979	0.500000
5.819914	0.180969	1.376470	0.500000
5.305632	10.451738	1.409230	0.500000
5.579832	7.609298	1.398441	0.500000
2.956727	5.292977	1.425501	0.500000
10.734505	7.507474	0.512842	0.500000
6.846921	9.641030	0.542255	0.500000
0.977519	3.713485	0.736435	0.500000
11.176800	8.412453	0.510852	0.500000
1.810357	9.462027	1.498167	0.500000
0.967961	9.682013	0.902767	0.500000
6.891542	0.320377	1.423218	0.500000
1.960458	11.344897	0.509094	0.500000
7.651845	0.883197	1.063764	0.500000
1.719812	0.222724	1.427536	0.500000
8.486086	1.416658	0.622835	0.500000
1.247013	10.554701	1.476535	0.500000
4.740782	11.296657	1.460182	0.500000
3.261563	10.895191	0.521191	0.500000
6.328437	10.754430	1.263503	0.500000
8.760708	3.332756	1.409765	0.500000
10.614126	0.245445	0.671181	0.500000
10.589817	2.888820	0.516981	0.500000
4.033496	4.927939	0.502497	0.500000
4.605418	5.017423	1.414842	0.500000
6.634390	2.391242	1.385594	0.500000
4.880657	6.381668	1.411486	0.500000
10.321535	4.336149	0.611926	0.500000
9.045854	2.100011	1.424766	0.500000
2.210305	6.275184	1.220504	0.500000
9.201584	7.049954	1.479347	0.500000
4.260574	11.019451	0.587331	0.500000
4.679908	0.571123	0.565795	0.500000
10.184839	10.146925	1.495240	0.500000
2.561711	3.944654	1.342938	0.500000
7.610191	1.844470	1.433755	0.500000
7.756483	2.370767	0.569035	0.500000
6.931472	11.117673	0.500510	0.500000
6.810049	3.442421	1.340725	0.500000
1.591752	4.259802	1.470867	0.500000
5.925997	10.191226	0.521352	0.500000
11.417909	9.422175	0.548272	0.500000
9.852958	5.545360	1.492644	0.500000
0.410443	5.785605	0.701758	0.500000
5.271950	3.365488	0.512236	0.500000
5.811933	3.112382	1.358823	0.500000
4.020142	5.773968	1.037094	0.500000
5.726742	9.135117	0.671696	0.500000
0.386738	11.201141	1.357174	0.500000
9.435407	6.326687	0.526592	0.500000
1.129568	6.885885	0.623025	0.500000
4.169035	9.535047	1.283260	0.500000
10.969976	6.508231	0.501598	0.500000
7.572268	7.385314	0.523075	0.500000
4.974788	5.551050	0.541526	0.500000
3.195496	2.563081	0.636042	0.500000
6.715879	8.609496	0.688506	0.500000
7.099222	4.404447	1.130273	0.500000
10.230439	6.586661	1.280652	0.500000
2.877409	9.955738	0.597436	0.500000
7.881866	10.580695	0.685626	0.500000
1.820573	9.132761	0.544173	0.500000
0.970496	10.999257	0.546449	0.500000
6.332626	7.649863	0.581753	0.500000
3.198865	6.408875	1.483942	0.500000
0.640078	5.173300	1.477769	0.500000
4.125018	7.115352	1.455614	0.500000
10.940325	2.035406	0.989270	0.500000
9.623133	4.552951	1.401069	0.500000
1.018464	2.717278	0.595862	0.500000
2.340239	8.582215	1.487314	0.500000
10.659058	4.822207	1.485508	0.500000
10.461060	9.761305	0.533046	0.500000
5.405324	1.526374	1.380393	0.500000
2.702110	5.685631	0.506419	0.500000
4.768946	1.620812	0.591931	0.500000
0.385686	1.877161	0.534291	0.500000
7.456889	8.185200	1.420231	0.500000
5.931340	6.589612	1.484916	0.500000
1.535631	5.866311	0.571927	0.500000
5.060168	7.757949	0.513950	0.500000
4.560766	8.099454	1.416873	0.500000
0.160463	4.734932	0.570239	0.500000
3.313479	8.189481	1.462080	0.500000
2.655922	8.084391	0.543551	0.500000
9.007068	10.087834	1.435489	0.500000
5.245433	6.764617	0.545882	0.500000
7.822333	9.939572	1.462670	0.500000
6.644164	5.648770	1.356841	0.500000
9.654549	1.157032	1.367082	0.500000
2.778433	11.339259	1.349794	0.500000
3.025496	0.874153	1.484741	0.500000
2.474841	10.380404	1.446556	0.500000
7.812065	2.876664	1.471610	0.500000
5.533382	5.425417	1.390605	0.500000
3.884292	6.624260	0.518206	0.500000
4.729060	8.787480	0.633091	0.500000
8.936499	10.723797	0.542367	0.500000
9.718890	7.418042	0.612454	0.500000
5.588671	2.262680	0.722029	0.500000
7.829432	8.775491	0.521825	0.500000
11.300484	7.144734	1.436807	0.500000
5.776077	0.896226	0.507346	0.500000
1.694524	2.592586	1.416559	0.500000
8.938578	5.989216	1.484204	0.500000
3.867711	3.272014	1.339608	0.500000
10.159783	2.448744	1.466317	0.500000
8.827963	2.682418	0.617081	0.500000
2.090343	2.110248	0.504192	0.500000
2.702159	2.921078	1.444836	0.500000
1.596750	1.280794	1.488907	0.500000
9.825843	11.365739	1.221777	0.500000
3.672734	0.494310	0.571102	0.500000
8.857042	11.159341	1.474339	0.500000
3.687543	4.362556	1.392658	0.500000
0.439442	3.068971	1.409504	0.500000
10.750756	5.372514	0.593449	0.500000
2.552228	0.867997	0.567280	0.500000
9.384354	8.106409	1.373689	0.500000
3.787657	3.857354	0.504884	0.500000
1.171798	4.839682	0.521423	0.500000
10.327724	7.673986	1.413448	0.500000
4.434272	1.039132	1.474131	0.500000
8.013485	4.175169	1.490942	0.500000
6.807708	0.721180	0.503383	0.500000
6.444860	1.306580	1.338450	0.500000
7.701300	11.142691	1.495074	0.500000
9.229653	0.545525	0.609551	0.500000
1.182862	0.617955	0.589337	0.500000
5.864219	4.344974	1.462186	0.500000
0.863135	1.992693	1.442018	0.500000
0.118733	0.908849	0.533490	0.500000
6.191753	4.000995	0.575562	0.500000
5.104670	9.211113	1.471719	0.500000
7.941798	4.704639	0.504680	0.500000
4.191073	2.692411	0.553862	0.500000
9.704328	1.972231	0.583313	0.500000
0.227340	4.092992	1.364697	0.500000
8.625094	7.029402	0.581757	0.500000
9.420019	5.317995	0.547016	0.500000
10.681298	3.520895	1.492202	0.500000
1.477092	7.516332	1.485588	0.500000
0.810099	8.717936	0.502678	0.500000
0.735508	6.301319	1.495327	0.500000
6.879175	7.260519	1.479386	0.500000
6.895905	2.878478	0.508885	0.500000
2.006621	4.243856	0.532009	0.500000
8.696443	4.920252	1.207939	0.500000
9.125298	4.152646	0.534716	0.500000
8.678758	0.731341	1.440741	0.500000
11.005673	1.054426	1.412996	0.500000
7.808227	3.409429	0.624628	0.500000
2.567810	7.304345	1.375129	0.500000
4.053872	7.926101	0.510297	0.500000
5.238697	4.548820	0.535613	0.500000
1.936510	5.287284	1.462610	0.500000
1.781666	10.276587	0.613995	0.500000
10.567195	9.155774	1.491592	0.500000
8.425912	5.672663	0.507528	0.500000
11.424233	3.472162	0.536409	0.500000
8.267780	0.158841	0.555981	0.500000
3.938459	10.547028	1.470060	0.500000
3.028277	4.564664	0.572046	0.500000
6.369400	5.014052	0.544331	0.500000
8.363264	7.662260	1.323234	0.500000
7.703961	5.203758	1.428496	0.500000
0.398061	9.038423	1.430970	0.500000
4.888615	3.731995	1.489875	0.500000
9.459869	9.760975	0.588357	0.500000
6.074649	8.502561	1.487223	0.500000
6.877577	1.826639	0.526296	0.500000
10.261231	10.759548	0.525424	0.500000
4.901573	2.698510	1.321988	0.500000
3.297315	1.569711	0.557594	0.500000
2.344921	3.176393	0.544774	0.500000
8.466689	8.929716	1.362315	0.500000
9.497030	9.141133	1.409999	0.500000
0.598626	7.736016	0.638723	0.500000
10.974636	5.782925	1.493306	0.500000
0.601003	0.812915	1.453713	0.500000
11.320915	10.720221	0.579376	0.500000
6.001606	6.036724	0.506091	0.500000
2.882229	6.859293	0.508006	0.500000
7.062656	9.256584	1.497874	0.500000
4.760851	10.010028	0.556187	0.500000
3.561872	8.961823	0.594789	0.500000
9.949186	8.724786	0.510612	0.500000
6.892082	6.547082	0.778785	0.500000
8.341016	9.691833	0.641326	0.500000
11.230358	9.958267	1.484898	0.500000
1.320372	8.513907	1.339173	0.500000
5.465715	11.132207	0.572024	0.500000
4.100627	2.004709	1.499006	0.500000
7.378028	5.675425	0.592462	0.500000
10.819554	10.974170	1.429566	0.500000
3.003958	1.953117	1.452052	0.500000
6.150356	9.705890	1.388173	0.500000
1.701801	7.699075	0.500919	0.500000
7.753514	6.768400	1.467946	0.500000
