200

3.347038	10.664967	1.373152	0.500000
7.428043	2.890875	1.398823	0.500000
7.215991	0.344243	1.326968	0.500000
5.324181	9.168784	1.417740	0.500000
5.499950	7.166535	1.477332	0.500000
2.284032	7.702139	1.393298	0.500000
9.978331	6.436494	0.619754	0.500000
6.098993	10.623055	0.503562	0.500000
1.169689	5.846271	1.489240	0.500000
0.218360	9.687364	1.452651	0.500000
1.406103	9.081785	1.451217	0.500000
1.060533	11.332492	0.511200	0.500000
7.595317	10.774796	1.462555	0.500000
2.932035	9.960305	0.557136	0.500000
8.617879	10.775172	1.454289	0.500000
1.176988	1.284472	1.442630	0.500000
9.919716	1.224765	0.782997	0.500000
0.555781	0.334133	1.444664	0.500000
5.568681	0.439222	1.469442	0.500000
3.329513	11.239317	0.503378	0.500000
5.315217	10.181901	1.485147	0.500000
8.394999	3.316679	1.419436	0.500000
10.153410	10.577306	0.509455	0.500000
10.297588	1.864954	1.463513	0.500000
4.547343	3.602491	0.604651	0.500000
4.572184	4.167235	1.434400	0.500000
5.724244	4.164601	1.400999	0.500000
3.649320	5.737706	0.546515	0.500000
9.467865	4.420920	0.564442	0.500000
9.530210	2.170142	0.512885	0.500000
1.486027	7.101591	0.505958	0.500000
0.357695	8.642318	1.474398	0.500000
4.186836	10.551989	0.548916	0.500000
4.995477	9.832590	0.541068	0.500000
8.284764	8.870418	1.371172	0.500000
2.288913	4.845808	1.494649	0.500000
4.765849	1.918376	1.374027	0.500000
7.583623	2.305802	0.508214	0.500000
6.344453	11.215392	1.474161	0.500000
5.811446	2.432881	1.467123	0.500000
1.754653	2.999691	1.478527	0.500000
6.253395	9.269753	0.529345	0.500000
0.900244	8.779282	0.598515	0.500000
8.484196	6.213135	0.544099	0.500000
0.527145	6.557632	0.562309	0.500000
5.663666	1.721127	0.525387	0.500000
7.646404	3.987629	1.464963	0.500000
3.595399	4.985737	1.488406	0.500000
4.972240	8.209379	1.429750	0.500000
11.261942	0.053967	0.507458	0.500000
7.502299	5.491337	0.529594	0.500000
11.005499	6.996987	0.611043	0.500000
3.592596	0.238860	1.432700	0.500000
9.514093	5.344290	0.996891	0.500000
7.568390	7.580222	0.509407	0.500000
3.036539	4.633192	0.509344	0.500000
3.191179	3.293358	0.731499	0.500000
6.667459	8.058413	0.520295	0.500000
7.251514	3.555804	0.513642	0.500000
10.093660	7.177640	1.471375	0.500000
4.195815	9.865087	1.457995	0.500000
7.035662	11.090607	0.554502	0.500000
1.967497	8.204629	0.580134	0.500000
1.684970	10.541017	0.540372	0.500000
5.594367	7.642632	0.541339	0.500000
2.687803	5.814058	1.434785	0.500000
0.731404	4.497686	1.461480	0.500000
4.013252	6.010950	1.479630	0.500000
0.101433	4.054841	0.607865	0.500000
9.176781	2.627230	1.348294	0.500000
0.306558	1.779738	0.504205	0.500000
2.435884	8.700309	1.473230	0.500000
10.242059	4.693406	1.461274	0.500000
10.346601	8.951833	0.522056	0.500000
4.567215	0.823433	1.324533	0.500000
2.696478	6.353347	0.542778	0.500000
4.137302	1.381535	0.527048	0.500000
0.150398	3.053887	0.597992	0.500000
7.529912	8.813826	0.532481	0.500000
6.984067	5.215277	1.445017	0.500000
5.140796	4.653147	0.562059	0.500000
4.480970	7.203787	1.455060	0.500000
2.267375	10.037902	1.492002	0.500000
10.732119	5.733067	0.518575	0.500000
3.538493	7.813486	1.400431	0.500000
3.033945	8.796860	0.509427	0.500000
10.672873	9.916919	1.063963	0.500000
5.207801	6.144745	1.481153	0.500000
7.846481	9.765456	1.497324	0.500000
7.659135	4.484177	0.561258	0.500000
10.965018	0.355530	1.416534	0.500000
1.442545	11.259619	1.441117	0.500000
2.286652	1.202847	1.371746	0.500000
2.429126	0.074379	1.458014	0.500000
7.430351	1.842883	1.469831	0.500000
4.861204	5.137449	1.454143	0.500000
3.948904	6.813386	0.541443	0.500000
4.321808	7.837264	0.589801	0.500000
9.390441	0.481534	1.491793	0.500000
11.311176	8.438260	0.596593	0.500000
5.291535	0.771834	0.556426	0.500000
8.390597	8.158331	0.523934	0.500000
10.359451	5.926865	1.444032	0.500000
6.426643	0.553380	0.715371	0.500000
1.631784	4.043502	1.394421	0.500000
9.035790	6.560310	1.304634	0.500000
5.071240	3.278712	1.496969	0.500000
9.175770	1.463587	1.413550	0.500000
10.260478	3.757840	0.592379	0.500000
1.374250	1.630488	0.506446	0.500000
3.248576	2.507976	1.436205	0.500000
2.315890	3.864675	0.528101	0.500000
10.512386	10.865494	1.454336	0.500000
5.162654	11.042381	0.524140	0.500000
9.111603	10.971117	0.525234	0.500000
3.974018	3.338996	1.476297	0.500000
0.754850	3.491819	1.400423	0.500000
8.853246	7.235647	0.503196	0.500000
1.769608	0.609943	0.633123	0.500000
8.354608	9.466770	0.570673	0.500000
2.810556	3.914354	1.457486	0.500000
0.444241	5.474763	0.755066	0.500000
9.470666	7.975935	1.462012	0.500000
4.534975	11.119138	1.416467	0.500000
6.558327	4.569018	0.723705	0.500000
8.102463	0.152699	0.527398	0.500000
6.385018	1.520609	1.484174	0.500000
9.577583	10.460498	1.478371	0.500000
10.161560	0.198309	0.655303	0.500000
0.531041	0.789267	0.511765	0.500000
8.690501	4.548126	1.323624	0.500000
0.894749	2.366287	1.487343	0.500000
10.909299	1.079834	0.516002	0.500000
5.871601	5.214683	1.333324	0.500000
4.116036	8.763000	1.433435	0.500000
8.458479	3.835233	0.552852	0.500000
4.376816	2.494080	0.569751	0.500000
10.583379	2.391251	0.557913	0.500000
10.706217	4.676697	0.530926	0.500000
8.256365	7.267039	1.434981	0.500000
8.603523	5.144125	0.506787	0.500000
11.023988	3.657890	1.459590	0.500000
0.640403	6.932832	1.495363	0.500000
0.481944	7.586301	0.544898	0.500000
11.305480	6.283964	1.284661	0.500000
6.488317	7.456803	1.474817	0.500000
6.554588	2.507694	0.744777	0.500000
1.393595	4.841613	0.794821	0.500000
10.115705	3.012816	1.299670	0.500000
6.440486	3.354082	1.270610	0.500000
8.218249	0.807382	1.382081	0.500000
0.050016	1.330956	1.409013	0.500000
8.183441	1.497134	0.577519	0.500000
2.889572	7.449549	0.612830	0.500000
5.410275	6.628820	0.513026	0.500000
4.632214	5.978487	0.668694	0.500000
1.790600	6.667905	1.486645	0.500000
2.119734	9.313868	0.744274	0.500000
10.719705	8.536767	1.446370	0.500000
8.323762	5.783961	1.468841	0.500000
1.078625	3.830672	0.509889	0.500000
9.108575	0.580729	0.528260	0.500000
4.276664	0.158494	0.567857	0.500000
4.107053	4.654872	0.650987	0.500000
6.053936	5.754016	0.500703	0.500000
7.331996	8.081542	1.342980	0.500000
9.481594	3.885350	1.425501	0.500000
1.114631	10.225728	1.416205	0.500000
5.336265	2.928307	0.500172	0.500000
7.994634	10.515793	0.536334	0.500000
5.996662	8.397893	1.393888	0.500000
6.986309	1.459304	0.545295	0.500000
9.295942	9.909949	0.547205	0.500000
3.623595	1.443301	1.384903	0.500000
2.814260	0.730385	0.585563	0.500000
1.128521	2.770151	0.533266	0.500000
9.003674	9.615918	1.499272	0.500000
9.357264	8.806788	0.503010	0.500000
11.156932	7.527546	1.476452	0.500000
11.226433	4.897064	1.401414	0.500000
11.255952	2.625277	1.465194	0.500000
0.862443	9.819270	0.525970	0.500000
6.707412	6.390832	1.410844	0.500000
1.849963	5.775857	0.665002	0.500000
6.888908	9.006892	1.312309	0.500000
5.154897	8.543051	0.503484	0.500000
3.160414	9.513080	1.422017	0.500000
10.136634	7.944039	0.519824	0.500000
6.624725	7.016174	0.562879	0.500000
7.197366	9.820678	0.560225	0.500000
9.753345	8.956264	1.410989	0.500000
1.256454	8.032456	1.493357	0.500000
4.016283	9.193510	0.523231	0.500000
2.990998	1.720915	0.501168	0.500000
9.327156	3.295924	0.552092	0.500000
0.226288	10.695945	1.200076	0.500000
2.122235	2.319627	0.685300	0.500000
6.461934	10.015479	1.352442	0.500000
3.216982	6.789063	1.495643	0.500000
7.551605	6.578426	0.577092	0.500000
