200

3.845415	11.091329	1.491453	0.500000
6.865997	1.358094	1.492665	0.500000
6.902994	10.828892	1.436429	0.500000
4.277412	8.714367	0.639643	0.500000
5.358771	6.451464	1.496668	0.500000
1.412449	8.547838	1.393047	0.500000
10.840426	6.588137	0.513146	0.500000
7.246605	10.231231	0.652553	0.500000
1.886358	5.678078	1.309205	0.500000
11.268192	9.558691	1.483915	0.500000
2.434355	10.111345	0.615890	0.500000
1.239636	0.570588	0.517128	0.500000
8.419079	10.245292	0.508492	0.500000
3.073656	9.329016	1.395359	0.500000
8.149317	0.808790	0.512266	0.500000
1.579225	0.135567	1.477192	0.500000
9.580122	2.189227	0.577566	0.500000
11.357649	0.206307	1.437101	0.500000
6.090998	0.458466	1.397749	0.500000
4.417755	9.266033	1.488974	0.500000
5.092067	0.272131	1.349915	0.500000
7.953172	2.168835	1.443922	0.500000
10.206947	0.071066	0.541993	0.500000
11.329338	1.473165	1.364697	0.500000
6.746609	4.633883	0.541342	0.500000
3.565182	4.115304	1.414795	0.500000
6.044357	4.219945	1.445387	0.500000
2.818925	5.512842	0.520752	0.500000
9.983053	4.780265	1.473448	0.500000
8.620913	1.890347	0.749411	0.500000
1.770447	8.100478	0.572113	0.500000
0.894561	9.604026	1.471134	0.500000
3.987268	10.692732	0.567693	0.500000
6.334653	11.149413	0.656558	0.500000
8.840889	7.902305	1.495209	0.500000
2.774971	4.891746	1.475034	0.500000
4.795414	3.532689	1.441401	0.500000
7.744952	2.848428	0.583727	0.500000
5.744401	10.816747	1.498065	0.500000
6.060127	2.370629	1.454524	0.500000
2.618717	2.805588	1.305913	0.500000
6.051680	9.996828	0.599704	0.500000
1.518135	9.125696	0.520387	0.500000
8.295152	6.600148	1.467660	0.500000
0.769934	6.883426	0.503873	0.500000
5.415658	2.052149	0.603019	0.500000
7.770419	4.589640	1.482820	0.500000
3.539301	5.555132	1.432635	0.500000
6.511083	9.877955	1.491578	0.500000
11.219824	11.104894	0.570386	0.500000
7.599291	6.602110	0.564996	0.500000
0.070620	6.797002	1.349464	0.500000
4.092788	0.694612	1.497207	0.500000
8.787372	5.040573	1.484997	0.500000
8.272259	8.192884	0.632223	0.500000
2.078255	4.834452	0.534964	0.500000
3.094795	3.964226	0.542450	0.500000
6.908908	6.436886	1.492250	0.500000
8.319102	3.143950	1.499566	0.500000
10.357715	6.761899	1.458041	0.500000
5.583217	9.488646	1.495278	0.500000
7.484044	11.248737	0.660969	0.500000
2.495999	8.878853	0.539505	0.500000
1.804325	11.085079	0.502101	0.500000
5.796827	9.022516	0.603824	0.500000
1.184378	5.684534	0.516184	0.500000
0.744251	5.175988	1.422551	0.500000
4.304747	6.651508	1.455548	0.500000
0.318775	4.915309	0.527322	0.500000
9.634762	2.926244	1.457658	0.500000
1.811268	1.485363	0.526499	0.500000
4.438782	7.754599	1.449978	0.500000
10.444511	3.700415	1.490290	0.500000
11.160303	10.007202	0.528207	0.500000
4.213840	0.250441	0.500162	0.500000
2.863789	6.582461	0.604981	0.500000
4.691600	1.135030	0.635297	0.500000
11.267534	2.724631	0.719456	0.500000
7.255469	8.027538	0.569183	0.500000
7.077628	3.805017	1.429371	0.500000
4.881011	5.076795	0.552299	0.500000
6.052464	6.758935	0.531327	0.500000
1.963614	9.565199	1.497711	0.500000
9.569698	5.224148	0.570869	0.500000
2.654927	8.271827	1.449205	0.500000
3.735196	9.558440	0.672840	0.500000
9.429471	11.230242	1.413118	0.500000
4.598760	5.674547	1.433626	0.500000
8.135378	9.211074	0.513695	0.500000
7.884414	3.869840	0.558699	0.500000
0.062670	0.759921	0.546863	0.500000
1.496698	10.495927	1.459568	0.500000
2.024749	1.121400	1.482683	0.500000
3.144569	10.365788	1.403195	0.500000
6.490144	2.656616	0.597302	0.500000
5.233442	4.847986	1.482224	0.500000
4.053628	7.383671	0.576663	0.500000
4.876914	6.817154	0.513037	0.500000
8.536704	1.126089	1.474255	0.500000
11.060558	8.230155	0.536327	0.500000
5.626125	0.515865	0.502471	0.500000
9.252496	7.841479	0.505023	0.500000
10.786227	5.760261	1.363675	0.500000
6.966949	0.741388	0.609729	0.500000
1.653345	4.566701	1.495653	0.500000
9.136925	6.046232	1.390170	0.500000
5.704185	3.182078	0.988897	0.500000
9.434242	1.559929	1.379421	0.500000
9.749360	4.120251	0.510900	0.500000
2.755340	2.066602	0.618720	0.500000
3.385364	1.663776	1.436176	0.500000
1.923988	3.773457	0.512299	0.500000
10.447859	11.101391	1.435691	0.500000
5.217594	11.011729	0.564364	0.500000
10.189680	1.291571	0.689059	0.500000
3.845382	2.998092	1.491276	0.500000
1.432543	3.237166	1.307774	0.500000
9.808165	6.376963	0.670180	0.500000
3.022203	0.714529	1.461948	0.500000
9.443524	9.433545	0.518946	0.500000
2.508706	3.890832	1.484243	0.500000
0.186006	5.923834	0.594620	0.500000
9.883683	8.002632	1.405013	0.500000
4.865332	10.295524	1.486947	0.500000
7.585358	5.178741	0.513216	0.500000
8.287074	11.036107	1.497513	0.500000
5.392647	1.343116	1.341556	0.500000
10.139617	0.619719	1.454346	0.500000
10.297375	3.217932	0.607723	0.500000
2.324909	0.618935	0.500902	0.500000
7.971886	5.605537	1.337654	0.500000
1.766464	2.238054	1.472830	0.500000
0.588161	1.671935	0.507988	0.500000
6.764545	5.181503	1.425035	0.500000
5.172808	8.507082	1.399086	0.500000
8.602236	4.591979	0.530683	0.500000
4.435387	4.005256	0.577332	0.500000
11.223583	4.010381	0.652243	0.500000
0.870632	2.850985	0.533441	0.500000
9.373956	7.018547	1.393475	0.500000
8.583342	5.860117	0.533015	0.500000
11.209883	4.634481	1.466395	0.500000
0.909648	7.349959	1.441186	0.500000
0.776734	7.986840	0.627865	0.500000
1.137198	6.375925	1.469293	0.500000
5.494195	7.501722	1.458517	0.500000
6.475657	3.657880	0.548924	0.500000
0.840983	3.867900	0.763549	0.500000
10.489333	2.356420	1.274603	0.500000
7.054178	2.765381	1.438423	0.500000
7.663297	0.522287	1.446405	0.500000
0.973212	1.211507	1.423306	0.500000
7.493284	1.635684	0.513132	0.500000
3.301674	8.151176	0.530765	0.500000
6.261510	7.842728	0.573132	0.500000
3.875636	6.158679	0.617424	0.500000
2.197880	7.211640	1.465159	0.500000
1.048614	10.234970	0.579457	0.500000
10.219358	8.955303	1.482017	0.500000
7.770924	7.422703	1.214644	0.500000
0.102553	3.393302	1.461313	0.500000
9.207977	0.727078	0.803763	0.500000
3.229901	11.431735	0.580078	0.500000
3.624878	4.884198	0.507535	0.500000
5.710156	5.567727	0.954166	0.500000
6.426455	8.555543	1.427775	0.500000
9.223088	3.898502	1.385222	0.500000
0.777565	11.242408	0.968823	0.500000
5.484408	4.227804	0.569100	0.500000
8.715217	11.279779	0.545345	0.500000
7.624064	8.505286	1.499269	0.500000
6.364177	1.550562	0.584775	0.500000
10.611913	9.125896	0.527983	0.500000
4.815492	2.258516	1.450415	0.500000
3.314915	1.161362	0.511846	0.500000
1.911271	2.742013	0.519342	0.500000
10.129996	10.304575	0.538982	0.500000
9.056650	10.182363	1.352488	0.500000
10.832086	7.642131	1.370508	0.500000
10.594970	4.932150	0.620850	0.500000
0.538085	2.453231	1.449539	0.500000
0.372758	9.000384	0.556295	0.500000
6.681116	7.481351	1.477293	0.500000
1.837700	6.574099	0.652815	0.500000
8.657776	9.025029	1.493643	0.500000
5.118001	7.870098	0.577306	0.500000
3.743524	8.527480	1.476992	0.500000
10.159215	7.320052	0.633961	0.500000
6.708376	5.761413	0.538580	0.500000
7.038010	9.200684	0.713347	0.500000
10.319097	10.031151	1.496447	0.500000
0.007752	8.531133	1.424839	0.500000
4.809623	9.880070	0.506500	0.500000
4.083887	2.115305	0.573486	0.500000
8.781910	2.868317	0.567974	0.500000
0.024124	10.624305	1.442809	0.500000
3.391474	2.861646	0.592931	0.500000
7.785659	9.786758	1.398914	0.500000
3.386696	7.177586	1.305541	0.500000
8.548474	7.033601	0.542466	0.500000
