200

4.579653	0.522393	1.412263	0.500000
7.730081	0.525895	1.395058	0.500000
6.540100	9.960526	0.780835	0.500000
5.315233	7.180646	0.504519	0.500000
4.229878	7.237821	0.551270	0.500000
4.699768	9.876752	1.498537	0.500000
11.196189	6.320252	0.747568	0.500000
7.257943	8.323442	0.552805	0.500000
3.078135	5.077369	0.516137	0.500000
0.749147	8.964451	1.497732	0.500000
1.588074	9.760498	1.395867	0.500000
0.305477	2.587687	0.600852	0.500000
9.385487	10.609973	0.551943	0.500000
3.840042	0.138105	0.639192	0.500000
7.314934	1.125210	0.617257	0.500000
0.389522	1.708931	1.448631	0.500000
8.374623	0.972888	0.590617	0.500000
10.950913	11.158649	1.434666	0.500000
6.520851	0.322279	1.381590	0.500000
3.043368	0.319921	1.454305	0.500000
4.640142	1.535930	1.479132	0.500000
6.772182	1.308401	1.459270	0.500000
11.297322	0.802042	1.187003	0.500000
11.247058	2.837846	1.447261	0.500000
4.734110	7.032715	1.406929	0.500000
1.203128	3.379606	0.578418	0.500000
5.977254	4.775432	1.396614	0.500000
2.047547	4.643426	0.551029	0.500000
9.854119	2.445373	1.480060	0.500000
7.166529	2.418015	0.615958	0.500000
2.681286	7.731569	1.301948	0.500000
1.669075	8.372890	1.395015	0.500000
2.883037	0.919988	0.516715	0.500000
5.493224	10.076672	0.712552	0.500000
8.480406	9.856125	1.466907	0.500000
3.737665	4.725742	1.499123	0.500000
4.954412	4.713941	1.426968	0.500000
8.130857	1.545183	1.427577	0.500000
5.578439	11.404081	1.382385	0.500000
5.026745	3.564400	1.463522	0.500000
2.821836	3.595243	1.439502	0.500000
4.488382	10.182863	0.543113	0.500000
1.283605	8.994304	0.512315	0.500000
7.694702	6.912910	1.484267	0.500000
11.310270	7.511649	0.510667	0.500000
4.816560	3.139911	0.538929	0.500000
7.175115	3.744483	1.471251	0.500000
3.668794	5.985368	0.680040	0.500000
6.082396	10.484595	1.499862	0.500000
0.674482	0.913514	0.509208	0.500000
7.197962	7.297760	0.502112	0.500000
10.568689	7.677272	1.420293	0.500000
4.848457	11.221527	0.647137	0.500000
9.240143	3.827912	1.465300	0.500000
5.873505	6.257278	0.637631	0.500000
1.423759	4.210007	1.421707	0.500000
10.901514	4.869884	0.661652	0.500000
6.595786	6.927637	1.441080	0.500000
8.683868	4.868271	1.340147	0.500000
9.564716	7.128394	1.422678	0.500000
5.285742	8.481061	1.440601	0.500000
7.997668	9.346601	0.572444	0.500000
2.557589	10.618120	1.495093	0.500000
2.677588	2.474843	1.452384	0.500000
6.278821	7.794242	0.508461	0.500000
2.313635	3.666885	0.500654	0.500000
0.946043	4.376048	0.508249	0.500000
4.363459	8.890179	1.313763	0.500000
1.633871	6.426952	1.365149	0.500000
10.145337	3.414392	1.300012	0.500000
1.131360	1.864105	0.527060	0.500000
3.652509	6.873262	1.458708	0.500000
9.810491	3.983444	0.505110	0.500000
0.796870	10.083992	0.569058	0.500000
2.706845	2.032846	0.514579	0.500000
1.802134	7.271267	0.777085	0.500000
4.986547	2.085908	0.529093	0.500000
8.222983	2.037159	0.515482	0.500000
8.325939	8.241368	0.628074	0.500000
7.513953	4.947044	0.569541	0.500000
4.502689	4.102641	0.606781	0.500000
5.559988	5.111814	0.510549	0.500000
1.981442	10.314786	0.513676	0.500000
9.516931	6.431628	0.704842	0.500000
2.375890	8.425734	0.582980	0.500000
2.572789	9.488443	0.770827	0.500000
8.795868	2.339941	1.466872	0.500000
4.396767	5.579790	1.427355	0.500000
9.520875	7.797962	0.635416	0.500000
8.732504	4.199301	0.585575	0.500000
11.116754	1.634404	0.530719	0.500000
1.773311	0.367075	1.354213	0.500000
1.687329	1.803251	1.469838	0.500000
3.794577	10.840114	1.387055	0.500000
8.212151	3.229898	0.732785	0.500000
5.305885	2.422470	1.489161	0.500000
4.828397	8.136474	0.566798	0.500000
3.027650	7.080412	0.526028	0.500000
6.380365	2.454666	1.488945	0.500000
9.955625	10.989783	1.330446	0.500000
5.148417	1.084665	0.504943	0.500000
9.258843	8.924374	0.566473	0.500000
8.808566	6.208199	1.491745	0.500000
6.396928	11.035735	0.661813	0.500000
2.566791	4.673859	1.444504	0.500000
10.102304	6.033486	1.444589	0.500000
6.000114	2.818210	0.559177	0.500000
9.421091	1.510749	1.356657	0.500000
8.801850	5.692385	0.517137	0.500000
0.544337	3.592180	1.491680	0.500000
3.679794	1.103105	1.433885	0.500000
0.042526	3.894471	0.579988	0.500000
10.593231	10.637535	0.507078	0.500000
3.657899	9.567750	0.732651	0.500000
7.602360	11.220943	0.668231	0.500000
3.812155	2.482210	1.481544	0.500000
10.575451	1.514312	1.412131	0.500000
9.518248	9.641663	1.403665	0.500000
0.960565	2.621246	1.481153	0.500000
0.140297	8.744340	0.548359	0.500000
1.791877	3.270442	1.488515	0.500000
2.344590	5.821142	0.615071	0.500000
10.733420	8.834755	1.384381	0.500000
5.765409	9.433764	1.436305	0.500000
8.135873	4.029190	1.424913	0.500000
7.067640	10.828594	1.434402	0.500000
6.105933	0.764857	0.557228	0.500000
0.810661	0.082418	1.499444	0.500000
9.666000	2.023005	0.519894	0.500000
1.840719	1.058968	0.559928	0.500000
8.491916	7.554828	1.474524	0.500000
10.561446	0.252068	0.560048	0.500000
10.835752	3.028475	0.551320	0.500000
7.024828	5.082606	1.477124	0.500000
3.738544	7.894683	1.302854	0.500000
7.782851	2.591576	1.430791	0.500000
3.207456	2.946970	0.654591	0.500000
10.132022	5.513966	0.537463	0.500000
9.181235	2.997573	0.620234	0.500000
7.847271	5.682786	1.434066	0.500000
8.371127	6.688239	0.616765	0.500000
11.144499	5.523443	1.383629	0.500000
0.714972	5.847923	1.490942	0.500000
2.598313	6.737598	1.407345	0.500000
1.715515	5.353309	1.450274	0.500000
5.138348	9.099318	0.667412	0.500000
6.561767	5.417744	0.525457	0.500000
0.357174	5.352021	0.587518	0.500000
9.852218	4.845716	1.274128	0.500000
6.039088	3.413587	1.422653	0.500000
8.165302	10.958979	1.472436	0.500000
2.730847	1.441035	1.397531	0.500000
6.881933	3.414998	0.507254	0.500000
0.646502	6.877094	0.602840	0.500000
6.815999	7.953655	1.379528	0.500000
4.671546	6.089732	0.577970	0.500000
1.017401	7.369625	1.410505	0.500000
1.332075	11.259466	0.582810	0.500000
10.490914	10.084676	1.478021	0.500000
9.755674	8.410925	1.498968	0.500000
0.466373	4.672995	1.400129	0.500000
9.852140	0.593919	1.450789	0.500000
2.427843	0.027868	0.566885	0.500000
4.232947	5.110228	0.554617	0.500000
5.317058	6.183856	1.483909	0.500000
8.762909	8.675516	1.469656	0.500000
10.348620	7.017999	0.565679	0.500000
0.203318	11.100034	0.549816	0.500000
3.902809	3.576234	1.402956	0.500000
9.404587	0.843820	0.521215	0.500000
7.439790	9.887459	1.363226	0.500000
3.804899	1.593038	0.534936	0.500000
8.687727	11.358964	0.582105	0.500000
5.713121	1.433024	1.471367	0.500000
3.270818	10.614596	0.500352	0.500000
1.923419	2.686669	0.506476	0.500000
10.091969	9.672350	0.544251	0.500000
8.827664	0.508164	1.400612	0.500000
0.247184	8.081566	1.391998	0.500000
1.293505	5.806680	0.610792	0.500000
10.839369	4.300441	1.496895	0.500000
1.078169	8.008442	0.508182	0.500000
7.775675	8.454470	1.441103	0.500000
2.874091	5.658164	1.459657	0.500000
8.286482	10.350424	0.566816	0.500000
5.536118	4.060714	0.739728	0.500000
2.878405	8.805365	1.445116	0.500000
10.477356	8.371768	0.514299	0.500000
6.350703	5.908576	1.493923	0.500000
6.159886	8.842652	0.533529	0.500000
11.254056	9.822857	0.792779	0.500000
11.426581	7.110973	1.450254	0.500000
3.592113	8.572381	0.507706	0.500000
6.103338	1.810988	0.557548	0.500000
6.562384	4.376369	0.635914	0.500000
0.313164	10.467327	1.388418	0.500000
3.333995	4.046370	0.513531	0.500000
6.722248	9.081620	1.478131	0.500000
5.780587	7.538497	1.453156	0.500000
7.384322	6.300810	0.696534	0.500000
