200

2.807022	10.582354	1.476324	0.500000
7.046080	2.978763	1.496607	0.500000
7.450587	0.338395	1.355732	0.500000
5.023201	9.578588	1.488492	0.500000
5.344336	7.213454	1.499812	0.500000
2.455022	7.462343	0.509153	0.500000
10.159372	6.490193	0.536494	0.500000
6.598161	10.156097	0.521369	0.500000
1.812072	5.010918	1.337728	0.500000
0.028237	9.521601	1.485728	0.500000
1.314848	9.042335	1.426475	0.500000
1.033984	10.749219	0.584089	0.500000
7.696560	10.527203	1.381427	0.500000
3.313325	9.829183	0.564766	0.500000
8.780076	0.069932	1.440483	0.500000
1.417380	1.142124	1.404466	0.500000
10.028350	1.305752	0.556983	0.500000
0.677750	0.307418	1.395028	0.500000
5.952823	0.082051	1.482916	0.500000
3.209754	10.949402	0.530304	0.500000
5.443098	10.637875	1.413116	0.500000
8.092563	2.430099	1.450653	0.500000
10.655986	10.620248	0.537264	0.500000
10.411145	2.033516	1.195519	0.500000
4.771999	3.930310	0.575553	0.500000
4.665607	4.376635	1.488094	0.500000
6.044353	3.994067	1.402797	0.500000
4.015926	5.841194	0.587676	0.500000
10.541426	4.329555	0.604612	0.500000
9.188299	2.460925	0.545540	0.500000
1.717556	6.694107	0.504933	0.500000
0.257604	8.537831	1.425299	0.500000
4.331727	10.968218	0.525529	0.500000
5.562238	10.022967	0.621127	0.500000
8.967740	8.579060	1.454994	0.500000
2.904830	4.644107	1.455734	0.500000
4.982909	2.289989	1.485563	0.500000
7.553373	2.468113	0.602202	0.500000
6.699168	10.868963	1.312804	0.500000
6.109860	2.634852	1.176004	0.500000
2.838468	3.598936	1.237438	0.500000
6.258332	9.169631	0.625214	0.500000
0.694199	8.458073	0.510851	0.500000
8.958815	5.759266	1.491261	0.500000
0.587275	6.604707	0.517750	0.500000
5.626220	1.677267	0.599362	0.500000
7.994786	3.486117	1.481132	0.500000
3.969418	5.116224	1.457049	0.500000
5.669285	8.809417	1.486515	0.500000
0.148777	11.390141	0.542035	0.500000
7.729259	5.456239	0.584783	0.500000
11.042140	6.976809	0.528097	0.500000
3.733008	0.240376	1.402234	0.500000
9.814645	5.494180	0.568409	0.500000
8.115701	7.276678	0.553694	0.500000
3.226318	5.224287	0.659964	0.500000
3.467455	2.810402	0.537917	0.500000
6.981642	7.706952	0.500539	0.500000
7.186876	3.470798	0.520463	0.500000
10.650303	7.075142	1.480981	0.500000
3.953288	10.529864	1.383864	0.500000
7.435475	10.955519	0.509584	0.500000
1.850975	8.377467	0.581103	0.500000
2.229944	10.450171	0.515736	0.500000
5.831433	8.264933	0.533725	0.500000
3.138617	5.921183	1.447991	0.500000
0.958104	4.481738	1.437112	0.500000
4.423488	6.343768	1.465919	0.500000
0.270171	4.400623	0.607238	0.500000
8.998881	3.076953	1.475799	0.500000
0.836027	1.890447	0.504678	0.500000
2.328668	8.016373	1.439300	0.500000
9.757354	4.939728	1.422083	0.500000
10.905608	9.552442	0.530530	0.500000
4.822173	1.232384	1.489423	0.500000
2.989094	6.601712	0.503910	0.500000
4.341615	1.759184	0.539342	0.500000
0.328769	3.002779	0.556123	0.500000
7.425050	8.673204	0.503776	0.500000
7.033349	5.147823	1.497754	0.500000
5.626541	4.467413	0.563986	0.500000
4.125322	7.549683	1.453124	0.500000
2.042132	9.798467	1.449060	0.500000
11.179981	6.037254	1.244049	0.500000
3.456144	8.349298	1.455057	0.500000
2.677986	8.951495	0.515065	0.500000
10.592442	10.085493	1.406156	0.500000
5.048836	6.561168	0.566120	0.500000
7.918437	9.149828	1.495303	0.500000
7.927346	4.403781	0.587585	0.500000
11.137691	0.636113	1.447727	0.500000
1.649601	10.797008	1.448769	0.500000
2.392931	1.139048	1.124510	0.500000
2.484217	0.084871	1.189675	0.500000
7.407459	1.691543	1.493373	0.500000
4.990495	5.434477	1.420584	0.500000
4.011988	6.874459	0.511291	0.500000
4.165420	8.645194	0.718139	0.500000
9.992602	0.715374	1.405053	0.500000
11.217710	8.003879	0.559078	0.500000
5.471011	0.604993	0.627852	0.500000
8.440676	8.329700	0.524272	0.500000
10.172340	6.089449	1.466774	0.500000
6.490803	0.108591	0.608870	0.500000
1.827112	3.706702	1.387671	0.500000
9.283069	6.760681	1.264220	0.500000
5.244881	3.274366	1.442083	0.500000
9.087252	1.572941	1.457399	0.500000
10.763558	3.132601	0.588260	0.500000
1.839751	2.112654	0.570372	0.500000
3.528891	2.331283	1.486463	0.500000
2.327273	4.472034	0.597818	0.500000
10.502280	11.206217	1.414358	0.500000
5.555271	11.045992	0.504694	0.500000
9.381435	11.186782	0.522418	0.500000
3.850295	3.428941	1.488832	0.500000
0.616266	3.463664	1.460740	0.500000
9.121791	7.502695	0.588729	0.500000
1.764985	0.511531	0.515133	0.500000
9.026791	9.180420	0.558653	0.500000
3.640619	4.252377	0.751641	0.500000
0.406518	5.603594	0.614645	0.500000
9.784372	7.840865	1.485049	0.500000
4.920525	0.219471	1.413968	0.500000
6.823582	4.486875	0.563877	0.500000
8.172427	0.357693	0.649078	0.500000
6.271507	1.144858	1.445172	0.500000
9.490657	10.750544	1.445831	0.500000
10.486578	0.199364	0.509603	0.500000
0.705214	0.876309	0.561395	0.500000
8.104267	4.894423	1.445026	0.500000
1.281888	2.687467	1.196430	0.500000
11.174226	1.140088	0.559107	0.500000
5.969542	5.042609	1.453298	0.500000
3.962124	9.268505	1.476114	0.500000
8.475021	3.165132	0.606119	0.500000
4.687756	2.811122	0.679754	0.500000
11.242307	2.148373	0.515978	0.500000
10.829134	5.346182	0.571085	0.500000
8.587834	7.605263	1.447997	0.500000
8.923543	4.719423	0.612687	0.500000
11.142390	4.033160	1.428629	0.500000
1.330681	6.936887	1.486548	0.500000
1.241981	7.572550	0.566224	0.500000
0.708146	6.142358	1.470347	0.500000
7.288983	6.966558	1.450295	0.500000
6.656758	1.884565	0.606348	0.500000
1.188201	4.965028	0.503357	0.500000
10.195946	3.480968	1.469850	0.500000
7.137622	4.140728	1.450362	0.500000
8.266370	0.946116	1.452857	0.500000
0.150775	1.715265	1.370561	0.500000
8.260667	1.694278	0.652671	0.500000
3.316604	7.969886	0.532953	0.500000
4.869430	7.791674	0.635987	0.500000
5.592911	5.695924	0.516997	0.500000
1.927343	6.029465	1.429168	0.500000
1.675213	9.585144	0.504087	0.500000
10.718313	8.326255	1.412450	0.500000
7.964811	6.253666	1.212636	0.500000
1.078843	3.680442	0.534832	0.500000
9.045152	1.063986	0.590024	0.500000
4.442985	0.638908	0.551023	0.500000
4.637524	5.018602	0.577120	0.500000
6.705765	5.626438	0.638898	0.500000
7.516759	8.238107	1.404816	0.500000
9.056928	4.081417	1.385201	0.500000
0.955575	10.061497	1.445009	0.500000
5.777270	3.395739	0.566937	0.500000
8.501311	10.617069	0.570228	0.500000
6.340125	7.883695	1.485061	0.500000
7.395096	1.108283	0.501056	0.500000
9.882186	9.948099	0.572239	0.500000
3.468615	1.288152	1.463369	0.500000
3.262572	0.700196	0.508412	0.500000
2.071664	3.183471	0.537382	0.500000
8.764918	9.748680	1.496038	0.500000
9.858564	8.636148	0.799369	0.500000
0.247635	7.371898	1.317233	0.500000
11.400342	5.006992	1.404563	0.500000
11.212159	2.819590	1.499440	0.500000
0.647780	9.625931	0.551461	0.500000
6.167076	6.120537	1.363650	0.500000
2.165438	5.504870	0.501625	0.500000
6.922116	9.114923	1.409652	0.500000
5.135780	9.025069	0.518729	0.500000
2.870472	9.200602	1.469765	0.500000
10.180274	7.606457	0.541503	0.500000
5.996520	7.148439	0.635169	0.500000
7.762907	9.847470	0.602599	0.500000
9.759040	9.473076	1.453384	0.500000
1.152555	7.958216	1.486481	0.500000
4.319665	9.779349	0.571079	0.500000
2.902435	1.894461	0.551294	0.500000
9.740015	3.306393	0.555738	0.500000
0.099104	10.532405	1.092119	0.500000
2.524376	2.607193	1.239152	0.500000
6.198434	9.942034	1.425544	0.500000
3.048200	7.268200	1.390282	0.500000
6.930736	6.662258	0.540747	0.500000
