200

4.499393	1.754924	0.808163	0.500000
8.325657	3.907952	0.654532	0.500000
7.083334	9.068270	0.522454	0.500000
6.556937	6.488277	0.674157	0.500000
7.476959	5.746942	0.514928	0.500000
4.584108	9.913474	0.612872	0.500000
1.749262	7.416277	0.697533	0.500000
8.087430	9.360766	1.484884	0.500000
3.810321	6.628574	0.518544	0.500000
10.372978	7.816191	1.468047	0.500000
5.200529	10.130498	1.473896	0.500000
0.758353	1.482548	1.471466	0.500000
8.032136	0.719929	0.532278	0.500000
0.133799	9.924278	1.456017	0.500000
6.182615	0.458457	0.635788	0.500000
8.999776	0.832373	1.277539	0.500000
0.305316	10.892631	0.514877	0.500000
0.541135	0.250774	1.427322	0.500000
7.286976	8.620200	1.465828	0.500000
7.030542	0.893623	1.442306	0.500000
5.148897	1.012232	1.458356	0.500000
8.025381	1.184446	1.496897	0.500000
10.566596	3.851673	0.579151	0.500000
9.890783	2.611727	0.500267	0.500000
5.551528	7.908319	1.488820	0.500000
0.408293	1.775076	0.512743	0.500000
6.164323	5.884761	1.465043	0.500000
2.442864	5.078478	0.596877	0.500000
8.867159	4.436872	1.422680	0.500000
7.905349	2.216694	1.468375	0.500000
3.839972	8.197950	1.495423	0.500000
0.712050	8.914738	1.473819	0.500000
1.745362	11.438664	0.652090	0.500000
6.290318	1.573335	1.469358	0.500000
8.740319	9.198649	0.532834	0.500000
3.662999	4.052855	1.467242	0.500000
4.293069	4.288656	0.679203	0.500000
8.617939	11.367584	1.475648	0.500000
5.955624	10.872122	0.500517	0.500000
5.116545	4.213725	1.462435	0.500000
1.805856	4.581637	1.478286	0.500000
5.080107	0.499410	0.506217	0.500000
10.393394	10.317419	1.420740	0.500000
8.572461	7.550545	0.606886	0.500000
11.252084	8.143153	0.633917	0.500000
5.656480	6.813218	1.447922	0.500000
7.415559	3.174494	1.473816	0.500000
3.617022	5.129889	0.668656	0.500000
6.847442	9.528322	1.477465	0.500000
1.130947	0.870102	0.629541	0.500000
6.656709	7.637564	1.472292	0.500000
1.166251	5.892173	1.350905	0.500000
4.331093	2.832139	0.506433	0.500000
9.956849	6.062529	0.644187	0.500000
4.683026	6.484441	1.465404	0.500000
1.410371	3.325802	1.449101	0.500000
0.993322	3.730443	0.542684	0.500000
7.665851	7.645107	1.431336	0.500000
0.505143	7.876141	1.473651	0.500000
9.588486	8.739133	1.438955	0.500000
3.912320	9.694641	1.477964	0.500000
7.851394	9.829173	0.550045	0.500000
3.619861	10.255602	0.529547	0.500000
10.317843	1.577137	0.540507	0.500000
5.771510	8.530539	0.559041	0.500000
1.857758	1.602463	0.620004	0.500000
0.067458	4.291956	0.534017	0.500000
5.776386	9.535796	0.723514	0.500000
0.915698	8.241155	0.508104	0.500000
9.753126	5.017653	1.375697	0.500000
1.347643	9.374300	0.631397	0.500000
3.814690	1.289745	1.455723	0.500000
10.518488	5.019623	0.636838	0.500000
2.402995	11.128031	1.473074	0.500000
3.497267	1.786457	0.562303	0.500000
2.192314	6.863965	1.461161	0.500000
5.255627	2.274442	1.316661	0.500000
8.094175	1.750678	0.581245	0.500000
8.606898	8.449341	1.397826	0.500000
7.658333	6.982403	0.642327	0.500000
2.080431	3.553851	0.688115	0.500000
5.958347	5.601727	0.521889	0.500000
1.559389	8.178912	1.397358	0.500000
0.066867	7.170574	0.606162	0.500000
2.651581	9.492429	0.693698	0.500000
1.905545	6.260323	0.557313	0.500000
8.886291	3.328923	1.432463	0.500000
5.252460	7.105079	0.520673	0.500000
7.135155	7.838009	0.516450	0.500000
5.938948	4.792121	1.462515	0.500000
11.130044	5.514194	1.482354	0.500000
2.028504	0.933307	1.352054	0.500000
10.994393	2.356361	0.662115	0.500000
2.349331	2.543726	0.507746	0.500000
8.508632	6.104988	0.588698	0.500000
6.537982	2.564141	1.449222	0.500000
3.288401	0.242808	1.463198	0.500000
2.899642	5.977177	0.653134	0.500000
6.108110	2.453299	0.552404	0.500000
11.167951	11.057185	1.418363	0.500000
4.017929	0.862226	0.567218	0.500000
8.169137	10.988747	0.603535	0.500000
9.378125	7.354696	1.468999	0.500000
7.076120	11.381968	0.590267	0.500000
3.614459	5.910545	1.472683	0.500000
10.979417	6.143421	0.556663	0.500000
5.461518	4.700279	0.501454	0.500000
9.114053	2.253826	1.340363	0.500000
9.435246	6.911166	0.553636	0.500000
0.489327	2.786843	1.476402	0.500000
1.701253	2.076723	1.491955	0.500000
1.265567	2.547214	0.635213	0.500000
9.890365	11.295833	1.394602	0.500000
4.319362	10.736518	1.496484	0.500000
7.611016	4.343457	1.439144	0.500000
2.597921	3.923958	1.494247	0.500000
8.254895	5.585875	1.498493	0.500000
9.565622	9.757283	1.494933	0.500000
2.616308	2.879400	1.431297	0.500000
0.872138	6.548363	0.540521	0.500000
10.516787	3.056024	1.236760	0.500000
10.779474	4.395609	1.460028	0.500000
10.830295	9.244728	1.304675	0.500000
5.309990	11.202967	1.449370	0.500000
7.199855	5.285370	1.416319	0.500000
7.394628	10.446207	1.426681	0.500000
7.002181	1.513425	0.615358	0.500000
11.152243	1.203225	1.484289	0.500000
9.258622	1.630789	0.534969	0.500000
2.841383	0.740000	0.507944	0.500000
9.883663	3.881260	1.498142	0.500000
7.595424	11.434346	1.499154	0.500000
10.194334	2.101923	1.464776	0.500000
7.305499	6.370193	1.476179	0.500000
2.205849	5.758354	1.485054	0.500000
6.484304	11.406945	1.499430	0.500000
5.666585	3.634526	0.655120	0.500000
0.439537	5.557223	0.529158	0.500000
6.588327	4.692315	0.668574	0.500000
8.452755	6.827382	1.364442	0.500000
10.435852	7.036520	0.755814	0.500000
0.679190	4.874271	1.481281	0.500000
1.162882	6.942713	1.475419	0.500000
3.125649	4.133448	0.586568	0.500000
3.025037	4.839431	1.430975	0.500000
3.463310	11.254211	0.540417	0.500000
7.327157	3.732357	0.605293	0.500000
1.236015	4.703624	0.525805	0.500000
9.181564	5.261084	0.501805	0.500000
5.178656	5.593773	1.347786	0.500000
10.089666	9.242362	0.611265	0.500000
4.432674	3.321803	1.420262	0.500000
6.367152	3.865905	1.344610	0.500000
2.635160	6.971278	0.551833	0.500000
6.163490	7.591173	0.559552	0.500000
3.727682	8.862195	0.509283	0.500000
2.320016	8.861463	1.496833	0.500000
0.017792	0.769411	0.506081	0.500000
10.725617	11.438406	0.523059	0.500000
9.685025	10.451385	0.509765	0.500000
0.396974	3.887975	1.452789	0.500000
0.934445	10.769853	1.494123	0.500000
4.434308	0.282488	1.363518	0.500000
4.553629	7.496630	1.431593	0.500000
2.700259	7.867944	1.337416	0.500000
8.659858	10.317769	1.369395	0.500000
0.223418	9.081174	0.572758	0.500000
9.708529	8.084353	0.565310	0.500000
3.206670	3.094379	0.600659	0.500000
9.443112	3.714046	0.554169	0.500000
4.689990	8.974350	1.302191	0.500000
4.055657	2.349893	1.493650	0.500000
6.835767	10.397145	0.536036	0.500000
5.648303	1.349804	0.654493	0.500000
2.529992	10.693515	0.501715	0.500000
2.800232	1.738240	1.409326	0.500000
1.335269	10.481792	0.556259	0.500000
9.896331	0.625214	0.514473	0.500000
1.835498	9.977332	1.405403	0.500000
0.057014	3.239148	0.691665	0.500000
10.463183	6.322155	1.483965	0.500000
2.835660	10.108621	1.485246	0.500000
9.239345	5.900395	1.361466	0.500000
4.809437	8.125402	0.687137	0.500000
7.983188	8.475640	0.517672	0.500000
8.102421	4.899233	0.714353	0.500000
4.660394	10.961745	0.548979	0.500000
9.191676	11.346083	0.615605	0.500000
4.657219	5.992616	0.516758	0.500000
3.706690	7.765129	0.524348	0.500000
10.804468	10.103110	0.530443	0.500000
0.302567	6.397636	1.454551	0.500000
3.634428	7.077850	1.398427	0.500000
7.211875	2.513402	0.529766	0.500000
8.333285	2.859637	0.732819	0.500000
10.165327	0.854602	1.479501	0.500000
4.363502	4.907426	1.494667	0.500000
6.304696	10.387642	1.383323	0.500000
2.003325	8.567933	0.509459	0.500000
5.991604	8.839143	1.492044	0.500000
