200

4.436365	1.985345	0.601411	0.500000
8.189880	3.418800	0.527037	0.500000
7.272476	8.752464	0.614171	0.500000
5.980427	6.640486	0.535560	0.500000
7.858583	6.564551	0.773240	0.500000
5.248476	8.649250	0.612347	0.500000
1.721086	7.132730	0.509308	0.500000
7.818088	9.281000	1.434849	0.500000
3.946161	6.988595	0.503989	0.500000
10.486737	7.848199	1.478289	0.500000
4.828647	10.067630	1.499259	0.500000
0.813147	1.969959	1.481493	0.500000
7.272527	0.052241	0.728881	0.500000
0.229875	9.676644	1.494363	0.500000
6.395791	0.762045	0.581003	0.500000
9.233961	0.469143	1.233354	0.500000
0.358342	11.306187	0.518226	0.500000
1.323135	0.199287	1.479772	0.500000
7.368896	8.121125	1.496883	0.500000
7.099507	0.880270	1.453014	0.500000
5.544399	0.868019	1.291414	0.500000
8.414254	1.141688	1.436807	0.500000
9.990848	4.033249	0.524237	0.500000
10.389846	2.581990	0.572379	0.500000
5.607065	9.156892	1.468185	0.500000
11.199772	1.062149	0.509585	0.500000
5.515728	6.351463	1.466763	0.500000
2.696384	4.685685	0.502945	0.500000
8.615370	4.263069	0.907325	0.500000
7.342805	2.075611	1.483124	0.500000
3.536890	8.667272	1.355869	0.500000
0.757588	8.821153	1.497296	0.500000
2.186672	0.730369	0.670415	0.500000
6.328221	1.626035	1.375278	0.500000
9.437815	9.400351	0.500509	0.500000
4.165348	4.588428	1.477152	0.500000
4.750585	4.610682	0.526197	0.500000
10.054879	11.103658	1.428617	0.500000
6.115607	11.115400	0.518740	0.500000
5.323799	4.380991	1.374073	0.500000
1.718847	4.492586	1.445880	0.500000
4.914523	0.327126	0.561737	0.500000
10.784287	10.342765	1.443652	0.500000
9.016569	7.803876	0.589457	0.500000
10.941887	7.632985	0.521611	0.500000
6.143970	7.222381	1.450263	0.500000
7.250303	3.344246	1.313571	0.500000
3.782551	4.909305	0.526823	0.500000
6.807526	9.429929	1.265092	0.500000
1.052967	0.830626	0.561345	0.500000
7.147916	6.911529	1.428012	0.500000
1.477089	5.601841	1.476958	0.500000
4.945796	3.208036	0.521482	0.500000
9.616089	5.953760	0.563816	0.500000
4.206806	6.424764	1.477558	0.500000
1.003734	3.482080	1.482535	0.500000
0.786841	4.053086	0.502882	0.500000
8.476272	7.950584	1.446342	0.500000
0.227078	7.704067	1.473382	0.500000
9.698598	8.747202	1.436099	0.500000
3.776653	9.775231	1.418387	0.500000
8.690880	10.098230	0.647467	0.500000
3.193981	10.398950	0.723429	0.500000
9.483367	11.036216	0.546842	0.500000
6.275836	8.938613	0.523950	0.500000
2.185546	1.792663	0.546302	0.500000
11.326144	4.654913	0.553059	0.500000
5.394205	9.824997	0.576887	0.500000
0.768844	7.991429	0.571989	0.500000
9.519164	4.551619	1.404641	0.500000
1.822357	9.175871	0.567576	0.500000
4.670784	1.443019	1.432310	0.500000
10.367004	5.079522	0.619041	0.500000
2.230963	10.781414	1.414199	0.500000
3.070060	2.347287	0.512978	0.500000
1.952177	6.488251	1.361241	0.500000
5.209670	2.653915	1.441390	0.500000
7.984296	1.597042	0.603492	0.500000
8.825081	9.243769	1.415068	0.500000
7.887772	7.888435	0.605279	0.500000
1.851617	4.057980	0.503998	0.500000
7.100205	5.867927	0.569030	0.500000
1.073725	7.144974	1.419659	0.500000
0.441854	7.034596	0.646984	0.500000
2.139325	10.172022	0.571563	0.500000
2.122532	5.870847	0.541180	0.500000
8.420741	3.083520	1.462452	0.500000
4.976840	6.644264	0.552540	0.500000
6.918928	7.377616	0.509400	0.500000
5.821767	5.288281	1.480950	0.500000
10.309010	5.763276	1.364770	0.500000
1.598472	1.351598	1.385702	0.500000
0.111087	2.178111	0.570958	0.500000
1.901277	2.810303	0.518456	0.500000
8.512461	5.588606	0.538354	0.500000
6.269936	3.078330	1.449024	0.500000
3.129683	11.419366	1.410895	0.500000
3.186588	5.773099	0.523374	0.500000
6.029030	2.733624	0.508610	0.500000
0.240931	0.839332	1.422567	0.500000
3.883466	11.353046	0.602453	0.500000
7.386354	10.268216	0.501460	0.500000
9.463911	7.648431	1.489850	0.500000
6.915531	10.531735	1.364307	0.500000
3.051061	6.503508	1.421236	0.500000
10.969019	6.084551	0.548276	0.500000
5.395156	5.662791	0.595051	0.500000
9.012211	1.975953	1.385494	0.500000
8.847343	6.767717	0.517767	0.500000
0.855782	2.936036	0.521720	0.500000
2.118742	2.210360	1.491891	0.500000
1.184581	1.980897	0.527801	0.500000
11.157578	11.292612	1.318261	0.500000
3.946752	10.775222	1.482312	0.500000
7.747698	4.225913	1.495009	0.500000
2.137318	3.247634	1.442886	0.500000
7.980934	5.724559	1.450301	0.500000
9.642065	10.082281	1.285810	0.500000
3.136579	2.856062	1.435757	0.500000
0.428454	5.605293	0.538786	0.500000
0.032423	3.049039	1.486663	0.500000
10.492242	3.326819	1.269713	0.500000
11.129128	8.676004	1.447437	0.500000
5.420171	11.051593	1.302713	0.500000
7.035804	5.232329	1.428650	0.500000
7.954104	10.376557	1.433313	0.500000
6.940896	1.709951	0.504673	0.500000
11.197935	1.719253	1.445188	0.500000
9.187612	1.274060	0.622962	0.500000
3.184497	0.725061	0.596711	0.500000
9.627995	2.790945	1.430574	0.500000
8.102727	0.131113	1.490295	0.500000
10.205924	1.973911	1.440532	0.500000
6.496266	6.122279	1.429981	0.500000
2.481935	5.243048	1.379230	0.500000
6.458867	11.420900	1.422910	0.500000
5.907028	3.718894	0.660531	0.500000
11.207020	5.280283	1.367712	0.500000
6.304977	4.871639	0.656624	0.500000
8.520617	6.850854	1.495931	0.500000
10.015399	7.258121	0.690649	0.500000
0.733864	4.726374	1.332206	0.500000
0.639646	6.213638	1.435447	0.500000
2.801159	3.422334	0.649916	0.500000
2.963756	4.173505	1.459945	0.500000
4.462222	10.522022	0.551124	0.500000
7.090624	4.192747	0.706786	0.500000
1.506181	5.045734	0.637739	0.500000
9.261634	4.920515	0.500768	0.500000
4.843338	5.549342	1.423465	0.500000
10.440357	9.483242	0.745967	0.500000
4.309321	3.541136	1.454288	0.500000
6.307950	4.122321	1.488298	0.500000
2.739434	7.021912	0.621825	0.500000
5.817403	7.707406	0.535150	0.500000
3.017455	9.336080	0.583103	0.500000
1.554909	8.141369	1.298061	0.500000
10.280268	1.470610	0.504620	0.500000
10.086351	0.425099	0.597223	0.500000
10.893279	10.766356	0.507453	0.500000
11.258334	4.142197	1.448654	0.500000
1.052407	10.583484	1.318871	0.500000
4.459013	0.308302	1.480225	0.500000
5.057059	7.357479	1.398653	0.500000
2.351085	7.424595	1.455880	0.500000
9.061435	10.898251	1.443576	0.500000
0.390711	9.087444	0.564534	0.500000
10.226461	8.395381	0.561637	0.500000
3.767986	3.107530	0.527202	0.500000
9.200927	3.319257	0.510071	0.500000
4.742008	8.467908	1.487724	0.500000
3.980576	2.277314	1.450328	0.500000
6.363591	10.144454	0.572689	0.500000
5.794420	1.749800	0.503321	0.500000
2.556798	11.169908	0.504074	0.500000
2.978217	1.680314	1.428912	0.500000
1.572128	11.378424	0.540539	0.500000
8.440517	0.565838	0.589271	0.500000
1.554036	9.578390	1.494862	0.500000
11.218644	3.245029	0.500900	0.500000
9.549656	6.641296	1.353200	0.500000
2.640330	9.524926	1.490628	0.500000
9.214375	5.701814	1.453514	0.500000
4.401435	8.001329	0.546365	0.500000
8.478876	8.835794	0.509481	0.500000
7.772508	4.931432	0.708120	0.500000
4.301645	9.473253	0.621331	0.500000
8.243729	11.021002	0.589216	0.500000
4.367672	5.845426	0.512053	0.500000
3.344077	8.066069	0.510153	0.500000
0.399892	10.306131	0.563102	0.500000
10.806917	6.655354	1.359759	0.500000
3.490599	7.533486	1.450022	0.500000
7.421242	2.587751	0.568892	0.500000
8.556692	2.447381	0.626841	0.500000
10.535740	0.838825	1.445669	0.500000
3.543473	5.453327	1.442735	0.500000
5.876283	10.139824	1.472522	0.500000
2.287550	8.023579	0.605903	0.500000
6.186203	8.338193	1.431899	0.500000
