300

0.094768	8.922847	0.514211	0.500000
1.119554	8.866473	0.507917	0.500000
2.122034	8.902656	0.501433	0.500000
3.204051	8.928244	0.566175	0.500000
4.272075	8.900598	0.518193	0.500000
5.341572	8.879136	0.547548	0.500000
6.463270	8.864959	0.538547	0.500000
7.492659	8.829676	0.561809	0.500000
8.496915	8.876746	0.515862	0.500000
9.491156	8.964003	0.623362	0.500000
0.600865	0.721448	0.533095	0.500000
1.604191	0.695745	0.523647	0.500000
2.609847	0.710467	0.520292	0.500000
3.646624	0.752519	0.537517	0.500000
4.843537	0.684408	0.518633	0.500000
5.865976	0.701738	0.523457	0.500000
6.899406	0.712537	0.557920	0.500000
7.968368	0.690141	0.513708	0.500000
9.010750	0.828687	0.611447	0.500000
10.034411	0.729464	0.613218	0.500000
0.112124	1.600969	0.523953	0.500000
1.156964	1.591369	0.553001	0.500000
2.191801	1.666992	0.515752	0.500000
3.216233	1.673091	0.613695	0.500000
4.307318	1.653583	0.521356	0.500000
5.323669	1.587425	0.567833	0.500000
6.365580	1.676543	0.502456	0.500000
7.475053	1.664220	0.503433	0.500000
8.483290	1.691140	0.647773	0.500000
9.498816	1.714865	0.603363	0.500000
0.588427	2.530452	0.679791	0.500000
1.641330	2.517186	0.678367	0.500000
2.686696	2.545362	0.675667	0.500000
3.712361	2.557969	0.513891	0.500000
4.787619	2.573142	0.541380	0.500000
5.812300	2.527858	0.521936	0.500000
6.877229	2.652177	0.562240	0.500000
7.916477	2.559961	0.576001	0.500000
8.969739	2.589074	0.590695	0.500000
9.990107	2.600694	0.651865	0.500000
0.074922	3.538132	0.520007	0.500000
1.105884	3.515802	0.513162	0.500000
2.158475	3.450244	0.573139	0.500000
3.192845	3.426143	0.706436	0.500000
4.242119	3.496553	0.567159	0.500000
5.282759	3.445496	0.564937	0.500000
6.280487	3.496362	0.516278	0.500000
7.324273	3.555849	0.625538	0.500000
8.395413	3.501239	0.519271	0.500000
9.521012	3.485682	0.514269	0.500000
0.609836	4.424837	0.527929	0.500000
1.612471	4.394092	0.501467	0.500000
2.635939	4.332828	0.615130	0.500000
3.675072	4.333947	0.557860	0.500000
4.781095	4.409268	0.635940	0.500000
5.792672	4.397233	0.543560	0.500000
6.827072	4.445003	0.662996	0.500000
7.912925	4.402049	0.544962	0.500000
8.991919	4.407079	0.590297	0.500000
10.045512	4.423660	0.579758	0.500000
0.066657	5.289666	0.617854	0.500000
1.100896	5.312532	0.558034	0.500000
2.197920	5.263347	0.578780	0.500000
3.210854	5.308739	0.662378	0.500000
4.253939	5.327770	0.536793	0.500000
5.270986	5.337575	0.542235	0.500000
6.309256	5.289715	0.510706	0.500000
7.376528	5.286087	0.519016	0.500000
8.409642	5.329960	0.516833	0.500000
9.434760	5.315989	0.538057	0.500000
0.567459	6.183062	0.566663	0.500000
1.593750	6.193534	0.557443	0.500000
2.698533	6.216290	0.708916	0.500000
3.753018	6.258959	0.647538	0.500000
4.779420	6.295203	0.566000	0.500000
5.821446	6.193080	0.558778	0.500000
6.837729	6.170028	0.595380	0.500000
7.862577	6.174924	0.588444	0.500000
8.950920	6.193670	0.535518	0.500000
9.980060	6.172211	0.552454	0.500000
0.055763	7.163742	0.620214	0.500000
1.108369	7.084575	0.545151	0.500000
2.184801	7.108501	0.586818	0.500000
3.201452	7.128493	0.555268	0.500000
4.214543	7.164569	0.543500	0.500000
5.316272	7.177671	0.607637	0.500000
6.343269	7.068432	0.530229	0.500000
7.348918	7.055268	0.550509	0.500000
8.455784	7.068178	0.580395	0.500000
9.478519	7.055850	0.544970	0.500000
0.562398	8.030017	0.501476	0.500000
1.603785	7.987349	0.524109	0.500000
2.665124	8.035309	0.634295	0.500000
3.723074	8.051663	0.644906	0.500000
4.797869	8.040133	0.503819	0.500000
5.908278	8.007164	0.645968	0.500000
6.959853	7.981109	0.637905	0.500000
7.961203	7.939156	0.610622	0.500000
9.009963	7.960548	0.590850	0.500000
10.031176	8.022687	0.538313	0.500000
0.549895	0.155452	1.380414	0.500000
1.604062	0.103745	1.360200	0.500000
2.606390	0.097707	1.491944	0.500000
3.697735	0.135392	1.474920	0.500000
4.746067	0.189599	1.514595	0.500000
5.863443	0.124730	1.379017	0.500000
6.834579	0.189016	1.617497	0.500000
7.906111	0.167986	1.380766	0.500000
8.935745	0.040597	1.442461	0.500000
10.015659	0.132171	1.459201	0.500000
1.090542	1.008316	1.434600	0.500000
2.104823	0.972108	1.437522	0.500000
3.159477	0.997659	1.454097	0.500000
4.159245	1.038736	1.371779	0.500000
5.317974	1.048061	1.586194	0.500000
6.315980	1.063194	1.678832	0.500000
7.328888	1.072406	1.438987	0.500000
8.382663	1.086987	1.509580	0.500000
9.410886	0.961458	1.561417	0.500000
10.412697	1.063460	1.485198	0.500000
0.564743	1.973651	1.534086	0.500000
1.645258	1.870480	1.469843	0.500000
2.745393	1.929302	1.462657	0.500000
3.742246	1.970355	1.548275	0.500000
4.760333	1.938245	1.427867	0.500000
5.805263	2.030263	1.576387	0.500000
6.843078	2.008066	1.626643	0.500000
7.856153	1.943696	1.510293	0.500000
9.000418	1.949261	1.537700	0.500000
10.029981	2.011716	1.491106	0.500000
1.090321	2.919605	1.501561	0.500000
2.118582	2.816594	1.571767	0.500000
3.123444	2.851123	1.624118	0.500000
4.253940	2.840871	1.423999	0.500000
5.258385	2.887310	1.465330	0.500000
6.307833	2.915651	1.663004	0.500000
7.410529	2.852271	1.631125	0.500000
8.409412	2.815233	1.479484	0.500000
9.492184	2.866674	1.492230	0.500000
0.026409	2.918912	1.523725	0.500000
0.542819	3.809970	1.368796	0.500000
1.698228	3.729840	1.470945	0.500000
2.700332	3.813474	1.549488	0.500000
3.703190	3.765812	1.510386	0.500000
4.723096	3.794993	1.525252	0.500000
5.773939	3.788192	1.598765	0.500000
6.895886	3.800183	1.582361	0.500000
7.897733	3.745535	1.477858	0.500000
8.915713	3.698772	1.554562	0.500000
9.949664	3.769127	1.378174	0.500000
1.072455	4.671420	1.506659	0.500000
2.138641	4.715181	1.419422	0.500000
3.237687	4.678326	1.487478	0.500000
4.229550	4.675113	1.624592	0.500000
5.235149	4.738048	1.571699	0.500000
6.278713	4.664821	1.476298	0.500000
7.315193	4.727028	1.572840	0.500000
8.357162	4.640319	1.461182	0.500000
9.421518	4.611647	1.504148	0.500000
10.437684	4.684856	1.537851	0.500000
0.570717	5.558054	1.440017	0.500000
1.572901	5.560015	1.538201	0.500000
2.644466	5.624449	1.612907	0.500000
3.645658	5.611646	1.520673	0.500000
4.689398	5.653912	1.436849	0.500000
5.716669	5.632542	1.495073	0.500000
6.803732	5.607436	1.535734	0.500000
7.908641	5.569211	1.424479	0.500000
8.960159	5.564517	1.479493	0.500000
10.028419	5.644399	1.453915	0.500000
1.067196	6.448714	1.399490	0.500000
2.066992	6.429642	1.456615	0.500000
3.127631	6.509524	1.619136	0.500000
4.143835	6.499319	1.605977	0.500000
5.186630	6.579169	1.558812	0.500000
6.297487	6.474783	1.450864	0.500000
7.325656	6.473770	1.448625	0.500000
8.390834	6.447979	1.418128	0.500000
9.462249	6.485042	1.577478	0.500000
0.011474	6.535956	1.431172	0.500000
0.541012	7.405444	1.467615	0.500000
1.554644	7.341716	1.403064	0.500000
2.652268	7.393230	1.442930	0.500000
3.652247	7.367524	1.532987	0.500000
4.727116	7.460195	1.404444	0.500000
5.778430	7.403445	1.606031	0.500000
6.892333	7.377208	1.482108	0.500000
7.927124	7.358074	1.490813	0.500000
8.928043	7.356954	1.635452	0.500000
10.016842	7.394632	1.651382	0.500000
1.049112	8.350784	1.415101	0.500000
2.106445	8.278241	1.499681	0.500000
3.122839	8.275748	1.508058	0.500000
4.165615	8.272041	1.590483	0.500000
5.277748	8.334125	1.526729	0.500000
6.311257	8.317330	1.511323	0.500000
7.397539	8.381765	1.596692	0.500000
8.424433	8.261318	1.483005	0.500000
9.453660	8.209289	1.473462	0.500000
0.036764	8.322989	1.400945	0.500000
0.021682	8.903543	2.434937	0.500000
1.025719	8.881991	2.309330	0.500000
2.066396	8.869556	2.493451	0.500000
3.144864	8.887860	2.402115	0.500000
4.200609	8.860703	2.490320	0.500000
5.265558	8.942020	2.402415	0.500000
6.270936	8.907962	2.462546	0.500000
7.302231	8.911547	2.478475	0.500000
8.347970	8.930127	2.465781	0.500000
9.414475	8.868888	2.423149	0.500000
0.469531	0.732967	2.442669	0.500000
1.521280	0.656349	2.497728	0.500000
2.596078	0.749756	2.487047	0.500000
3.605236	0.737358	2.379839	0.500000
4.663529	0.733268	2.378067	0.500000
5.717490	0.788546	2.488297	0.500000
6.820906	0.746011	2.483285	0.500000
7.826741	0.687968	2.244232	0.500000
8.863263	0.734254	2.461010	0.500000
9.949164	0.667955	2.498207	0.500000
0.004180	1.633798	2.479651	0.500000
1.007899	1.587154	2.498555	0.500000
2.033543	1.626569	2.490652	0.500000
3.062145	1.632060	2.396756	0.500000
4.152658	1.618366	2.427618	0.500000
5.217614	1.681232	2.373233	0.500000
6.233741	1.662046	2.480871	0.500000
7.361579	1.594624	2.413810	0.500000
8.370441	1.607942	2.460422	0.500000
9.432971	1.564866	2.428043	0.500000
0.519071	2.528174	2.396824	0.500000
1.526581	2.560534	2.365425	0.500000
2.590411	2.528180	2.442050	0.500000
3.622397	2.492011	2.456258	0.500000
4.694311	2.550670	2.312110	0.500000
5.808952	2.632470	2.484294	0.500000
6.808310	2.535566	2.479467	0.500000
7.870742	2.485912	2.485862	0.500000
8.949479	2.449741	2.402690	0.500000
9.961323	2.531831	2.357839	0.500000
10.479964	3.437344	2.496526	0.500000
1.030381	3.477167	2.402718	0.500000
2.076334	3.393359	2.448957	0.500000
3.159222	3.541589	2.474056	0.500000
4.168737	3.495627	2.401884	0.500000
5.184746	3.439543	2.342558	0.500000
6.311228	3.515770	2.481271	0.500000
7.316950	3.447651	2.487879	0.500000
8.415549	3.431079	2.419253	0.500000
9.456837	3.434674	2.397247	0.500000
0.523204	4.395283	2.372177	0.500000
1.588146	4.345123	2.385201	0.500000
2.602960	4.422235	2.385320	0.500000
3.712089	4.397001	2.442232	0.500000
4.725310	4.349125	2.485437	0.500000
5.748118	4.345239	2.472916	0.500000
6.857958	4.419927	2.436984	0.500000
7.885018	4.338520	2.489039	0.500000
8.928867	4.320231	2.389628	0.500000
9.947639	4.328043	2.437867	0.500000
0.041418	5.299818	2.328133	0.500000
1.054528	5.364906	2.376135	0.500000
2.065320	5.294019	2.457462	0.500000
3.173366	5.254560	2.377862	0.500000
4.221881	5.321895	2.400504	0.500000
5.244877	5.289167	2.436065	0.500000
6.307801	5.298192	2.386811	0.500000
7.360417	5.320376	2.439242	0.500000
8.410308	5.239573	2.472730	0.500000
9.431818	5.216230	2.491042	0.500000
0.560225	6.245220	2.301264	0.500000
1.653524	6.206348	2.495220	0.500000
2.652667	6.122733	2.483978	0.500000
3.700628	6.244916	2.480188	0.500000
4.726222	6.206123	2.384073	0.500000
5.745107	6.170079	2.471265	0.500000
6.791272	6.270605	2.419565	0.500000
7.802437	6.239406	2.349927	0.500000
8.879604	6.187474	2.348414	0.500000
10.036883	6.169433	2.412739	0.500000
10.463898	7.072739	2.495557	0.500000
1.027871	7.129938	2.358933	0.500000
2.082360	7.101072	2.267086	0.500000
3.131430	7.113053	2.449457	0.500000
4.214239	7.129067	2.438599	0.500000
5.288107	7.102783	2.426348	0.500000
6.308589	7.150638	2.453900	0.500000
7.327563	7.179776	2.440336	0.500000
8.337206	7.164556	2.429751	0.500000
9.464569	7.102535	2.474099	0.500000
0.511103	8.004970	2.338972	0.500000
1.538892	8.004861	2.395317	0.500000
2.561912	7.987148	2.420876	0.500000
3.643953	8.010022	2.462016	0.500000
4.743964	8.015068	2.485614	0.500000
5.758793	8.042713	2.423600	0.500000
6.788073	8.052657	2.374129	0.500000
7.856143	8.047558	2.484051	0.500000
8.903616	7.991093	2.446934	0.500000
9.943990	8.018398	2.433628	0.500000
