400

0.142590	9.394300	0.557788	0.500000
0.646752	0.065695	0.781841	0.500000
1.823666	0.063713	0.567283	0.500000
2.881706	0.103267	0.571157	0.500000
4.070783	0.049680	0.522505	0.500000
5.328529	0.040953	0.713713	0.500000
6.981948	9.312172	0.584139	0.500000
7.669581	10.136450	0.657407	0.500000
8.665858	0.047287	0.586378	0.500000
9.757767	0.199544	0.550749	0.500000
0.107305	1.039128	0.792217	0.500000
1.113211	0.999912	0.730754	0.500000
2.273845	0.951785	0.677958	0.500000
3.350943	1.010022	0.618369	0.500000
4.521157	1.049464	0.510710	0.500000
5.875355	1.052789	0.579765	0.500000
6.420434	10.204589	0.645321	0.500000
6.883858	0.871422	0.507892	0.500000
8.103650	0.922795	0.587597	0.500000
9.106728	1.035788	0.505717	0.500000
9.541719	1.945462	0.677707	0.500000
0.751948	2.019852	0.536679	0.500000
1.763698	2.016548	0.658377	0.500000
2.780518	1.849499	0.677002	0.500000
3.989443	1.907568	0.522288	0.500000
5.178164	1.802648	0.591453	0.500000
6.449711	1.901684	0.570504	0.500000
5.666583	2.727193	0.513708	0.500000
7.505185	1.861929	0.545265	0.500000
8.546229	2.012407	0.500363	0.500000
10.137503	2.868946	0.575299	0.500000
1.196025	2.925322	0.615572	0.500000
2.215454	2.944519	0.592906	0.500000
3.378602	2.730672	0.585009	0.500000
4.600443	2.834891	0.586346	0.500000
5.144748	3.817641	0.519659	0.500000
6.132143	3.739702	0.659424	0.500000
6.905923	2.825615	0.682764	0.500000
7.954178	2.949673	0.542195	0.500000
9.088256	2.859045	0.727257	0.500000
9.606372	3.733304	0.546975	0.500000
0.435441	3.707506	0.712818	0.500000
1.676291	3.801507	0.684337	0.500000
2.756511	3.803986	0.685627	0.500000
4.061269	3.689727	0.546400	0.500000
4.546339	4.747626	0.539114	0.500000
5.644687	4.710101	0.553536	0.500000
6.706291	4.731658	0.514875	0.500000
7.256221	3.767223	0.520633	0.500000
8.498214	3.803824	0.734583	0.500000
10.085378	4.649676	0.767713	0.500000
0.844551	4.614176	0.548300	0.500000
2.125215	4.687763	0.543307	0.500000
3.462094	4.581494	0.548710	0.500000
3.914267	5.521442	0.596117	0.500000
4.947922	5.676877	0.557408	0.500000
6.107590	5.614527	0.574247	0.500000
7.227059	5.626455	0.503612	0.500000
7.862449	4.682489	0.571626	0.500000
8.974997	4.681637	0.500847	0.500000
0.507283	5.586686	0.519647	0.500000
1.603213	5.550109	0.593400	0.500000
2.825519	5.553171	0.513549	0.500000
3.195350	6.501123	0.584932	0.500000
4.203920	6.535638	0.511408	0.500000
5.274111	6.566166	0.905917	0.500000
6.476384	6.630575	0.585539	0.500000
7.896495	6.481288	0.627916	0.500000
8.456400	5.557449	0.569700	0.500000
9.529855	5.523916	0.559396	0.500000
10.122191	6.520519	0.630439	0.500000
0.947065	6.570976	0.576838	0.500000
2.175531	6.414881	0.507843	0.500000
2.583667	7.350039	0.526824	0.500000
3.614478	7.424783	0.573736	0.500000
4.600298	7.429487	0.876666	0.500000
5.907099	7.480076	0.736066	0.500000
7.262771	7.466162	0.581443	0.500000
8.439927	7.507661	0.741559	0.500000
9.025192	6.461320	0.535090	0.500000
0.390240	7.537042	0.613890	0.500000
1.426805	7.470844	0.626498	0.500000
2.024736	8.303951	0.618003	0.500000
3.030954	8.342379	0.521936	0.500000
4.074289	8.404351	0.524825	0.500000
5.382746	8.472297	0.506210	0.500000
6.621159	8.336290	0.522182	0.500000
7.658500	8.427312	0.537032	0.500000
8.948349	8.413950	0.542183	0.500000
9.452746	7.482936	0.564774	0.500000
9.792313	9.635304	1.564673	0.500000
0.763904	8.538891	0.544399	0.500000
1.501272	9.317724	0.511257	0.500000
2.508808	9.408961	0.518435	0.500000
3.584778	9.289023	0.547772	0.500000
4.645706	9.341929	0.575754	0.500000
5.887799	9.353419	0.542203	0.500000
8.316388	9.337258	0.628012	0.500000
9.334252	9.489445	0.614415	0.500000
9.996367	8.359044	0.556818	0.500000
1.996641	9.630788	1.585418	0.500000
1.299224	0.239518	1.551957	0.500000
2.430401	0.295043	1.478086	0.500000
3.456754	0.338424	1.414864	0.500000
4.590028	0.344105	1.422213	0.500000
5.823813	0.212487	1.601524	0.500000
7.011083	0.402382	1.482679	0.500000
7.625031	9.728468	1.615349	0.500000
8.050702	0.415922	1.469527	0.500000
9.191890	0.300890	1.440900	0.500000
0.199668	0.320310	1.717065	0.500000
0.727716	1.298313	1.640006	0.500000
1.753503	1.257243	1.495386	0.500000
2.879951	1.224656	1.507041	0.500000
4.010812	1.194401	1.431072	0.500000
5.279098	1.221920	1.517542	0.500000
6.393687	1.204690	1.448668	0.500000
7.503645	1.323099	1.421802	0.500000
8.747773	1.234465	1.568314	0.500000
9.774551	1.215808	1.611272	0.500000
10.202127	2.151077	1.400957	0.500000
1.145789	2.209301	1.486181	0.500000
2.225250	2.139023	1.570357	0.500000
3.485012	2.144893	1.398024	0.500000
4.539044	2.204084	1.389565	0.500000
5.811930	2.281162	1.477841	0.500000
5.417101	1.839066	2.454523	0.500000
6.878473	2.144178	1.507237	0.500000
8.087647	2.192883	1.452699	0.500000
9.218797	2.223079	1.732940	0.500000
9.743073	3.056101	1.478383	0.500000
0.536548	3.020766	1.480738	0.500000
1.698942	3.121660	1.517860	0.500000
2.873979	3.065101	1.548758	0.500000
3.866616	3.176976	1.404602	0.500000
5.111614	3.114000	1.479344	0.500000
5.693000	3.985637	1.536123	0.500000
6.299766	3.155095	1.516741	0.500000
7.479488	2.999843	1.489581	0.500000
8.528965	3.188123	1.570583	0.500000
0.119292	3.922000	1.688975	0.500000
1.110392	4.078874	1.586331	0.500000
2.140288	4.159638	1.497891	0.500000
3.311562	4.250988	1.523013	0.500000
3.989792	4.992070	1.560916	0.500000
4.467126	4.091976	1.397986	0.500000
6.269171	4.879294	1.568416	0.500000
6.803443	4.033997	1.555114	0.500000
7.857143	4.048335	1.462309	0.500000
9.229203	3.925040	1.568921	0.500000
0.487337	4.953133	1.671162	0.500000
1.563997	4.990586	1.538002	0.500000
2.673621	5.030306	1.422512	0.500000
3.157376	5.983623	1.546431	0.500000
4.241993	5.959234	1.511305	0.500000
5.825623	5.940177	1.524593	0.500000
6.848241	5.889991	1.517003	0.500000
7.279346	4.928392	1.444132	0.500000
8.672483	4.772439	1.629719	0.500000
9.695507	5.034010	1.631833	0.500000
0.050323	5.902297	1.443275	0.500000
1.080830	5.935267	1.356848	0.500000
2.143058	5.890671	1.531810	0.500000
2.440517	6.904335	1.418180	0.500000
3.773119	6.862102	1.388355	0.500000
4.738867	6.893035	1.749810	0.500000
6.016634	6.948945	1.625148	0.500000
7.195657	6.837443	1.368005	0.500000
7.892483	6.027631	1.590637	0.500000
8.945226	5.873216	1.412732	0.500000
0.345165	6.860474	1.610504	0.500000
1.366722	6.884293	1.506583	0.500000
1.889942	7.852424	1.504849	0.500000
3.109678	7.711709	1.682459	0.500000
4.102834	7.883864	1.709107	0.500000
5.316416	7.750645	1.512904	0.500000
6.708996	7.784080	1.540486	0.500000
7.834131	7.664947	1.600756	0.500000
8.571201	6.800453	1.518801	0.500000
9.575197	6.813365	1.542894	0.500000
9.943535	7.749449	1.550476	0.500000
0.810209	7.760418	1.528831	0.500000
1.303014	8.668478	1.499475	0.500000
2.502479	8.751351	1.672434	0.500000
3.534148	8.710562	1.719458	0.500000
4.846711	8.666639	1.353829	0.500000
6.048579	8.668165	1.481925	0.500000
7.296538	7.607277	2.555290	0.500000
8.846287	7.836847	1.628944	0.500000
9.419986	8.709064	1.417190	0.500000
0.216687	8.612645	1.448148	0.500000
0.683111	9.559256	1.610959	0.500000
2.971221	9.125855	2.534499	0.500000
3.059821	9.600626	1.346645	0.500000
4.265285	9.611459	1.678552	0.500000
5.393999	9.485022	1.535950	0.500000
6.561443	9.633444	1.543296	0.500000
7.078220	8.754541	1.499759	0.500000
8.338056	8.698678	1.450747	0.500000
8.631464	9.668711	1.554213	0.500000
0.213052	9.816375	2.570272	0.500000
1.380766	9.922386	2.541733	0.500000
1.924320	9.031012	2.545130	0.500000
2.535505	8.754952	3.457213	0.500000
4.015839	9.133071	2.569540	0.500000
5.022344	9.215142	2.510983	0.500000
6.030919	9.291670	2.448797	0.500000
7.716186	0.121495	2.578622	0.500000
8.702741	0.469787	2.299802	0.500000
9.256631	9.851838	2.621242	0.500000
0.790869	0.672440	2.500727	0.500000
1.796064	0.641052	2.461936	0.500000
2.408986	9.992389	2.490504	0.500000
3.905443	0.734797	2.378808	0.500000
4.482796	10.111451	2.661887	0.500000
6.006848	0.855431	2.487135	0.500000
6.620974	10.179894	2.409547	0.500000
7.918899	1.354623	2.442898	0.500000
9.063259	1.534360	2.512216	0.500000
9.711084	0.626264	2.479473	0.500000
0.176664	1.535134	2.449264	0.500000
1.188214	1.754584	2.471713	0.500000
2.191959	1.599827	2.471115	0.500000
2.910955	0.641640	2.457166	0.500000
4.891115	0.834749	2.550137	0.500000
4.360105	1.715820	2.596547	0.500000
7.030291	0.894264	2.392388	0.500000
7.455599	2.273070	2.315214	0.500000
8.465885	2.466308	2.547799	0.500000
9.645149	2.350339	2.729907	0.500000
0.516104	2.538519	2.508479	0.500000
1.769308	2.564156	2.373911	0.500000
2.821020	2.530432	2.567317	0.500000
3.384789	1.672995	2.274408	0.500000
3.842242	2.597056	2.364022	0.500000
4.872595	2.696547	2.395209	0.500000
6.505184	1.865989	2.449663	0.500000
6.673744	3.502129	2.469401	0.500000
7.736246	3.298035	2.447448	0.500000
9.099725	3.264085	2.416239	0.500000
10.129308	3.323860	2.461658	0.500000
1.048236	3.384367	2.424589	0.500000
2.184110	3.566689	2.596745	0.500000
3.280829	3.656274	2.332683	0.500000
4.373265	3.605375	2.296197	0.500000
4.992008	4.499322	2.262150	0.500000
5.971806	2.731462	2.508071	0.500000
5.412956	3.614140	2.502143	0.500000
7.280235	4.368878	2.585676	0.500000
8.407712	4.072233	2.298584	0.500000
9.643248	4.236030	2.533723	0.500000
0.510446	4.232391	2.595670	0.500000
1.602696	4.381916	2.444348	0.500000
2.810600	4.496199	2.703335	0.500000
3.875191	4.459977	2.541604	0.500000
5.084969	5.109212	1.377281	0.500000
6.170695	5.019239	3.417362	0.500000
6.096220	4.409608	2.474851	0.500000
8.037761	5.072496	2.468540	0.500000
9.135770	5.199844	2.513385	0.500000
10.158871	5.112057	2.532209	0.500000
1.121129	5.288390	2.476314	0.500000
2.183852	5.243830	2.322907	0.500000
3.175833	5.369287	2.342785	0.500000
4.320567	5.400339	2.511863	0.500000
5.572501	5.367601	2.514412	0.500000
6.665231	5.272199	2.514770	0.500000
7.514860	5.926329	2.550638	0.500000
8.540579	6.002062	2.368708	0.500000
9.696205	6.120113	2.264704	0.500000
0.507649	6.212709	2.525327	0.500000
1.518091	6.205210	2.322789	0.500000
2.608756	6.287837	2.344577	0.500000
3.692777	6.254123	2.434451	0.500000
4.748754	6.356715	2.605919	0.500000
5.887224	6.347728	2.451949	0.500000
6.840693	6.624280	2.306195	0.500000
7.954528	6.833738	2.312507	0.500000
8.996579	6.944330	2.419095	0.500000
10.049116	7.140432	2.486192	0.500000
0.873042	7.203291	2.487966	0.500000
1.474116	8.081519	2.419076	0.500000
2.011086	7.090048	2.304048	0.500000
3.044022	7.233048	2.578554	0.500000
4.120614	7.234861	2.581778	0.500000
5.177254	7.368846	2.626762	0.500000
6.262556	7.416403	2.530530	0.500000
7.712683	8.551979	2.307767	0.500000
8.302437	7.779717	2.632922	0.500000
9.403361	7.998675	2.450561	0.500000
0.283557	8.035401	2.479630	0.500000
0.761661	8.912807	2.438787	0.500000
2.478644	8.073936	2.509851	0.500000
3.570751	8.151692	2.587818	0.500000
4.592963	8.176818	2.545824	0.500000
5.669317	8.353664	2.369818	0.500000
6.672127	8.365294	2.362308	0.500000
7.055846	9.277639	2.579148	0.500000
8.139961	9.433808	2.618616	0.500000
8.966195	8.894083	2.290555	0.500000
0.720291	9.662467	3.460856	0.500000
2.341601	0.409135	3.452114	0.500000
1.850154	9.567857	3.472220	0.500000
3.546350	9.985625	2.271107	0.500000
5.496017	10.136279	2.499229	0.500000
5.875071	0.391482	3.377344	0.500000
6.943000	0.467052	3.374468	0.500000
8.092007	0.421536	3.472901	0.500000
8.683564	9.795478	3.440851	0.500000
9.447624	8.795605	3.343856	0.500000
0.179421	0.539694	3.424517	0.500000
1.317316	0.356922	3.354262	0.500000
1.801534	1.519463	3.460139	0.500000
2.785278	1.318713	3.250339	0.500000
3.431580	0.441754	3.441412	0.500000
4.698734	0.397816	3.495026	0.500000
6.419112	1.422874	3.370719	0.500000
7.417774	1.380831	3.406808	0.500000
9.239962	0.393748	3.359486	0.500000
9.874347	9.704905	3.477404	0.500000
0.792017	1.365916	3.440906	0.500000
1.127538	2.344185	3.431355	0.500000
2.361782	2.449901	3.453528	0.500000
3.440888	2.350160	3.474914	0.500000
3.905802	1.364683	3.429826	0.500000
5.303871	1.295219	3.377457	0.500000
6.887903	2.327959	3.478007	0.500000
8.703491	1.263185	3.493761	0.500000
8.925166	2.243837	3.448915	0.500000
9.713006	1.278784	3.323632	0.500000
0.143139	2.163452	3.488766	0.500000
0.493324	3.191723	3.413644	0.500000
1.589319	3.252285	3.406381	0.500000
2.974083	3.279752	3.450107	0.500000
4.004783	3.207997	3.201805	0.500000
4.673475	2.099697	3.497033	0.500000
5.707288	2.213751	3.450462	0.500000
7.901605	2.363598	3.421614	0.500000
8.524376	3.163996	3.400347	0.500000
9.561017	3.125424	3.378171	0.500000
10.191292	4.089023	3.481888	0.500000
0.984772	4.060821	3.487394	0.500000
2.152988	4.142748	3.444086	0.500000
3.609188	4.103234	3.481466	0.500000
4.658889	4.090730	3.129724	0.500000
5.097730	3.203763	3.447017	0.500000
6.245889	3.201534	3.453671	0.500000
7.259995	3.281498	3.429588	0.500000
7.889423	4.265522	3.443351	0.500000
8.897629	4.114126	3.464696	0.500000
0.438371	5.028304	3.492119	0.500000
1.590629	5.058015	3.351233	0.500000
2.604960	5.140759	3.484901	0.500000
3.786695	5.145413	3.430411	0.500000
4.957205	5.213699	3.403532	0.500000
5.727527	4.061844	3.483707	0.500000
6.750659	4.147467	3.405442	0.500000
7.304587	5.113103	3.484352	0.500000
8.529843	5.083230	3.394518	0.500000
9.619262	4.942960	3.493088	0.500000
10.098908	5.951322	3.382615	0.500000
0.887324	5.955394	3.494445	0.500000
2.126129	6.014686	3.308435	0.500000
3.170805	5.964565	3.314275	0.500000
4.315698	6.005600	3.487135	0.500000
5.375471	6.169759	3.464439	0.500000
5.979152	6.982739	3.464821	0.500000
6.475552	6.015118	3.224917	0.500000
7.961878	6.015183	3.491388	0.500000
8.973832	5.985862	3.440497	0.500000
0.308515	6.849364	3.428395	0.500000
1.464435	6.970441	3.383921	0.500000
2.500439	6.934563	3.479223	0.500000
3.592087	6.899551	3.491516	0.500000
4.302755	7.885448	3.482130	0.500000
4.741104	6.985127	3.491163	0.500000
6.604621	7.846078	3.492330	0.500000
7.238552	6.907106	3.406252	0.500000
8.412503	6.990806	3.254615	0.500000
9.454423	6.894646	3.442449	0.500000
0.841214	7.795488	3.499136	0.500000
1.977222	7.925149	3.441030	0.500000
2.992883	7.806043	3.485934	0.500000
3.725179	8.727258	3.481896	0.500000
4.777979	8.789611	3.490950	0.500000
5.310649	7.894952	3.491069	0.500000
5.999717	8.789110	3.407513	0.500000
7.025382	8.764179	3.447826	0.500000
7.712535	7.954427	3.433370	0.500000
8.947476	7.928961	3.454708	0.500000
9.984500	8.910367	2.356768	0.500000
0.265968	8.717532	3.473279	0.500000
1.285683	8.748377	3.291435	0.500000
2.905486	9.765684	3.442230	0.500000
3.929881	9.729947	3.414046	0.500000
5.358989	9.696226	3.467196	0.500000
6.462961	9.732884	3.308283	0.500000
7.492754	9.739056	3.392483	0.500000
8.300116	8.769185	3.434605	0.500000
10.039066	7.774911	3.357171	0.500000
