100

7.829600	6.933087	0.980526	0.500000
7.986070	9.237370	0.848053	0.500000
10.343102	8.156491	0.886096	0.500000
3.914042	5.344245	0.931403	0.500000
3.956691	8.290633	0.932316	0.500000
9.958686	3.654481	0.611297	0.500000
6.452136	4.199349	0.570576	0.500000
1.233228	2.062867	0.977756	0.500000
2.031555	0.531758	0.546954	0.500000
6.965805	7.219304	0.535981	0.500000
7.706980	10.231001	0.976356	0.500000
2.410511	4.716538	0.733159	0.500000
9.923482	1.926745	0.526331	0.500000
0.170594	1.541855	0.556207	0.500000
10.562663	10.187708	0.922906	0.500000
5.773179	9.589332	0.556030	0.500000
3.505079	4.310806	0.731611	0.500000
4.917011	9.049239	0.754959	0.500000
1.184649	1.054252	0.895357	0.500000
6.047216	1.401169	0.965078	0.500000
5.001720	5.960686	0.782597	0.500000
8.544866	3.202569	0.905060	0.500000
1.346622	5.233528	0.807129	0.500000
0.780756	7.070529	0.916876	0.500000
3.018442	0.969502	0.993501	0.500000
0.170147	9.188496	0.893111	0.500000
4.951215	2.871035	0.972602	0.500000
2.849362	10.262343	0.658101	0.500000
4.076869	2.286254	0.743665	0.500000
10.472979	7.172598	0.715067	0.500000
10.258762	5.838211	0.769830	0.500000
7.374243	8.223212	0.930796	0.500000
2.331001	2.636618	0.780326	0.500000
0.904039	10.191590	0.819400	0.500000
5.045753	0.592800	0.579872	0.500000
4.026405	9.509538	0.999922	0.500000
5.766134	2.300613	0.582631	0.500000
5.076366	1.583852	0.766518	0.500000
8.536729	10.602228	0.527709	0.500000
0.076680	2.758260	0.726057	0.500000
1.838908	7.073267	0.995976	0.500000
4.142141	7.265672	0.902046	0.500000
0.911281	8.033296	0.679613	0.500000
7.087620	1.858691	0.834657	0.500000
3.871801	10.492528	0.822879	0.500000
8.972352	4.233278	0.740853	0.500000
8.314259	8.172358	0.507955	0.500000
1.827657	6.112045	0.529800	0.500000
5.976596	8.582200	0.507311	0.500000
4.894808	4.961903	0.593972	0.500000
0.410544	3.718576	0.510574	0.500000
2.782484	6.706698	0.989863	0.500000
3.122188	1.983139	0.883830	0.500000
6.071170	7.474531	0.935077	0.500000
6.680728	10.197403	0.661950	0.500000
5.728189	3.575225	0.892766	0.500000
9.855097	9.440759	0.501527	0.500000
2.682468	3.589342	0.980493	0.500000
7.671720	2.833659	0.536395	0.500000
4.845070	10.107458	0.849852	0.500000
3.847129	3.304177	0.770040	0.500000
4.060241	1.087806	0.913602	0.500000
7.366634	5.958567	0.931277	0.500000
2.035428	8.123105	0.656527	0.500000
7.199774	4.841316	0.774369	0.500000
9.113665	5.477208	0.941901	0.500000
3.963716	6.331830	0.578897	0.500000
9.209093	7.867373	0.921704	0.500000
3.106232	8.771402	0.618750	0.500000
9.920688	4.794858	0.718935	0.500000
8.204727	5.038981	0.556797	0.500000
2.060079	1.538419	0.615289	0.500000
9.008859	8.913914	0.649333	0.500000
9.468176	2.812352	0.876734	0.500000
2.920023	5.666878	0.989612	0.500000
5.229477	6.939430	0.813636	0.500000
6.324883	6.451301	0.935037	0.500000
1.251818	8.976286	0.893335	0.500000
0.621148	5.915207	0.949185	0.500000
0.492807	0.437011	0.519300	0.500000
4.675329	3.969576	0.949799	0.500000
8.414931	6.160492	0.607682	0.500000
1.559436	3.891547	0.580908	0.500000
9.101588	0.907474	0.898245	0.500000
3.034982	7.632398	0.526381	0.500000
0.294382	4.948348	0.557022	0.500000
5.868395	0.082581	0.838810	0.500000
5.891115	5.247831	0.694056	0.500000
8.552981	2.147997	0.788964	0.500000
6.807717	0.679599	0.679459	0.500000
7.802876	0.942849	0.807033	0.500000
6.737036	3.010442	0.943181	0.500000
5.100526	7.978621	0.652730	0.500000
2.204759	9.314263	0.664200	0.500000
6.723650	9.141033	0.897654	0.500000
9.306485	6.705266	0.989645	0.500000
9.533417	10.591604	0.924563	0.500000
10.278450	0.756784	0.916596	0.500000
7.875816	3.956564	0.795563	0.500000
1.127093	3.076915	0.995354	0.500000
