300

11.506574	9.561770	0.677450	0.500000
0.931464	9.682765	0.536556	0.500000
2.069700	9.757547	0.553824	0.500000
3.258300	9.473740	0.695597	0.500000
4.437258	9.460124	0.625801	0.500000
5.465988	9.609056	0.612841	0.500000
6.647057	9.674915	0.511580	0.500000
7.687168	9.507920	0.646363	0.500000
8.524937	8.898743	0.612707	0.500000
9.692910	9.988671	1.630958	0.500000
0.484331	0.721459	0.588951	0.500000
1.495360	1.063843	0.656057	0.500000
2.666169	0.595371	0.647873	0.500000
3.730913	0.402199	0.514814	0.500000
4.842090	0.403417	0.501989	0.500000
6.054987	0.633032	0.621472	0.500000
7.356510	0.517996	0.586142	0.500000
8.547759	0.299663	0.609534	0.500000
9.147106	1.588268	0.823646	0.500000
11.029754	0.708238	0.544889	0.500000
11.347278	1.740298	0.551007	0.500000
1.627579	1.898430	1.609758	0.500000
2.079211	1.894473	0.621825	0.500000
3.288066	1.456608	0.587852	0.500000
4.261823	1.930169	0.612840	0.500000
5.286357	1.635704	0.540467	0.500000
6.829337	1.388402	0.521268	0.500000
7.864609	1.548128	0.504561	0.500000
8.579916	2.470120	0.515824	0.500000
10.325312	1.636670	0.523967	0.500000
0.852779	1.903381	0.590654	0.500000
1.478720	2.771393	0.656068	0.500000
2.551293	2.913658	0.568616	0.500000
3.855555	2.906329	0.680889	0.500000
5.032179	2.692499	0.787956	0.500000
6.933456	3.645382	0.559885	0.500000
7.171498	2.511641	0.532919	0.500000
8.847578	3.110902	1.738224	0.500000
9.597384	2.617330	0.567250	0.500000
10.804289	2.862922	0.540235	0.500000
0.200498	2.811297	0.709057	0.500000
0.958812	3.872005	0.695375	0.500000
1.993347	3.811451	0.539470	0.500000
3.180400	3.755097	0.660929	0.500000
4.653449	3.716550	0.585960	0.500000
5.715926	3.464178	0.661849	0.500000
6.070875	4.879347	0.557997	0.500000
8.307110	3.733669	0.526092	0.500000
9.313945	3.866789	0.618728	0.500000
10.368517	3.995120	0.637316	0.500000
11.371638	3.756572	0.564969	0.500000
0.185500	4.717159	0.524233	0.500000
1.533192	4.777014	0.546784	0.500000
2.661664	4.847726	0.546745	0.500000
3.725856	4.684477	0.574226	0.500000
4.959044	4.682021	0.501496	0.500000
7.221886	4.748490	0.523408	0.500000
8.455058	5.087927	0.541137	0.500000
10.038886	5.838168	0.555839	0.500000
11.515309	7.697828	0.504072	0.500000
1.148668	7.866983	0.619033	0.500000
1.035052	5.756739	0.516929	0.500000
2.060045	5.722289	0.593994	0.500000
3.219994	5.703437	0.610748	0.500000
4.295177	5.506210	0.524688	0.500000
5.391730	5.662627	0.502994	0.500000
6.859531	5.726395	0.592210	0.500000
7.817672	6.053123	0.525197	0.500000
9.103428	6.229470	0.513538	0.500000
9.435883	6.194167	1.520433	0.500000
10.942975	6.833953	0.505168	0.500000
1.446432	6.629394	0.796996	0.500000
2.559826	6.780517	0.564093	0.500000
3.794764	6.895000	0.534610	0.500000
4.830315	6.496108	0.638758	0.500000
6.252152	6.560493	0.719853	0.500000
7.557206	7.049198	0.616830	0.500000
8.631853	7.112220	0.522043	0.500000
9.908983	6.959792	0.505785	0.500000
11.294114	5.881083	0.598915	0.500000
10.821594	8.759200	0.603225	0.500000
1.628870	8.800363	0.570042	0.500000
2.176678	7.110498	1.667283	0.500000
3.160370	7.701920	0.707566	0.500000
4.550153	7.653343	0.609808	0.500000
5.644747	7.649470	0.510080	0.500000
6.664429	7.592060	0.687602	0.500000
7.975437	8.051527	0.572357	0.500000
9.097471	7.997627	0.590004	0.500000
10.511461	7.755473	0.673593	0.500000
0.479545	8.715099	0.630453	0.500000
2.141997	7.712496	0.779078	0.500000
2.651881	8.614919	0.651904	0.500000
3.746256	8.506616	0.565828	0.500000
5.051689	8.533933	0.693898	0.500000
6.099910	8.730236	0.594819	0.500000
7.141479	8.629898	0.536707	0.500000
7.975247	8.943841	1.521122	0.500000
9.777093	8.744939	0.531240	0.500000
10.458552	9.696457	0.515317	0.500000
0.489684	9.996557	1.499128	0.500000
2.277655	9.063386	1.584158	0.500000
2.583899	0.021323	1.528605	0.500000
3.900844	9.931429	1.496581	0.500000
4.959530	9.960299	1.512425	0.500000
6.269691	0.072821	1.532522	0.500000
6.815426	0.979302	1.496817	0.500000
8.368300	9.870800	1.619651	0.500000
9.436270	9.718862	0.550686	0.500000
10.882373	0.032492	1.425829	0.500000
0.898534	1.218562	1.466276	0.500000
1.492873	0.175662	1.452533	0.500000
2.672994	0.638283	2.427563	0.500000
2.249308	1.013738	1.526223	0.500000
5.564396	0.821401	1.597534	0.500000
6.003742	1.773772	1.385250	0.500000
8.051144	0.806307	1.332212	0.500000
9.719801	0.742489	0.565456	0.500000
10.246311	1.140897	1.391101	0.500000
11.417014	0.948288	1.480519	0.500000
0.143169	2.085369	1.470077	0.500000
2.076787	2.785149	1.485199	0.500000
2.715663	2.002619	1.471794	0.500000
3.361400	0.824185	1.441493	0.500000
4.891713	1.760308	1.464432	0.500000
6.052677	2.466141	0.534013	0.500000
7.568691	1.816011	1.436374	0.500000
8.561397	1.827456	1.622541	0.500000
9.572310	2.276811	1.525264	0.500000
10.643709	2.367207	1.466993	0.500000
0.827455	3.070992	1.449614	0.500000
2.679110	2.512456	2.466799	0.500000
3.808552	1.895573	1.662332	0.500000
4.462563	3.012264	1.646202	0.500000
5.519649	3.071036	1.588411	0.500000
6.480890	2.915961	1.323560	0.500000
7.745704	2.884480	1.323227	0.500000
9.653725	4.337308	1.449654	0.500000
9.811173	3.290065	1.519119	0.500000
10.990195	3.366873	1.592133	0.500000
0.979239	3.724048	2.467578	0.500000
1.596510	4.056806	1.510762	0.500000
3.073598	2.944664	1.437058	0.500000
3.966688	3.892123	1.320884	0.500000
5.118227	4.029226	1.509963	0.500000
6.251253	4.023822	1.487582	0.500000
7.338938	4.076034	1.406325	0.500000
8.501234	4.263625	1.368707	0.500000
9.477223	4.997505	0.562917	0.500000
10.697699	4.415867	1.631819	0.500000
1.072163	4.920272	1.432742	0.500000
2.261355	5.018768	1.474068	0.500000
3.268105	4.765984	1.537731	0.500000
4.372516	4.976262	1.487313	0.500000
5.373973	5.056797	1.477472	0.500000
6.743498	4.972341	1.480303	0.500000
7.734082	5.156691	1.352145	0.500000
8.947446	5.160316	1.424123	0.500000
10.721321	5.049570	0.534094	0.500000
11.507643	5.072898	1.526657	0.500000
10.753067	6.287943	1.367191	0.500000
1.557132	6.162460	1.676275	0.500000
2.649127	6.090245	1.365509	0.500000
3.787203	6.062777	1.524620	0.500000
5.006220	5.995183	1.543725	0.500000
6.111764	5.869377	1.651682	0.500000
7.249118	6.063187	1.461414	0.500000
8.312070	6.104818	1.632501	0.500000
10.270526	7.218969	1.540314	0.500000
10.231516	8.014053	2.457901	0.500000
0.407351	6.702598	0.503883	0.500000
1.117743	7.307127	1.459140	0.500000
3.232581	6.997310	1.484450	0.500000
4.333814	7.048245	1.392783	0.500000
5.628237	6.854135	1.468637	0.500000
6.715881	6.988047	1.561647	0.500000
8.260411	7.101740	1.470629	0.500000
9.770683	9.021374	2.433170	0.500000
9.278261	7.220617	1.393844	0.500000
10.792146	6.767022	2.429678	0.500000
11.525372	6.946046	1.512126	0.500000
0.407544	5.932226	1.314085	0.500000
2.791340	8.159458	1.551304	0.500000
3.780570	7.927692	1.502307	0.500000
4.991689	7.930231	1.539974	0.500000
6.044475	7.971100	1.379625	0.500000
7.479167	7.745283	1.424598	0.500000
9.701028	8.277645	1.636458	0.500000
8.561807	8.107158	1.593743	0.500000
10.984222	8.156423	1.530255	0.500000
1.215521	9.145482	1.510692	0.500000
1.605777	8.765087	2.389282	0.500000
3.366926	9.070866	1.645313	0.500000
4.362685	8.888646	1.449385	0.500000
5.671947	8.894230	1.498383	0.500000
6.855733	8.562342	1.501955	0.500000
7.326785	9.771664	1.555397	0.500000
9.159708	9.098890	1.381255	0.500000
10.341942	9.213330	1.585655	0.500000
0.126756	9.053178	1.657192	0.500000
10.302423	10.019802	2.430324	0.500000
0.534732	8.472506	2.473086	0.500000
1.631193	8.186730	1.520761	0.500000
3.413497	9.648717	2.477923	0.500000
4.460529	9.558325	2.301699	0.500000
5.631168	9.726497	2.238520	0.500000
6.851001	9.877591	2.491530	0.500000
7.834682	9.401736	2.417886	0.500000
9.762253	0.818153	2.326072	0.500000
11.397069	9.985219	2.378983	0.500000
0.460123	0.991243	2.341879	0.500000
0.864937	9.484796	2.499846	0.500000
2.392934	9.623953	2.438783	0.500000
4.084461	0.467399	2.326914	0.500000
5.162861	0.539605	2.479961	0.500000
6.403075	0.734089	2.449305	0.500000
7.784726	0.391971	2.361951	0.500000
8.707183	0.893136	2.372949	0.500000
10.810168	0.864385	2.317528	0.500000
11.302674	1.724066	2.495615	0.500000
0.162504	2.781198	2.496393	0.500000
0.813395	1.999961	2.241572	0.500000
3.173302	1.547236	2.366584	0.500000
4.535129	1.392046	2.447727	0.500000
4.433216	0.791823	1.380785	0.500000
5.690164	1.575924	2.369052	0.500000
6.821201	1.773320	2.371482	0.500000
7.900279	1.520242	2.437082	0.500000
9.284813	1.820550	2.408965	0.500000
10.282760	1.718651	2.225184	0.500000
1.671932	2.456160	2.484055	0.500000
1.474251	0.335486	2.448314	0.500000
1.758742	1.391847	2.493630	0.500000
3.744227	2.671994	2.472144	0.500000
4.942490	2.541462	2.411243	0.500000
6.183486	2.692360	2.255618	0.500000
7.288643	2.749404	2.446972	0.500000
8.404574	2.430227	2.453425	0.500000
9.502468	2.802074	2.468311	0.500000
10.702367	2.729843	2.426334	0.500000
11.378849	3.830731	2.400340	0.500000
2.207592	3.495868	2.499382	0.500000
2.614779	3.829238	1.602029	0.500000
3.198343	3.854724	2.466727	0.500000
4.380792	3.767167	2.483124	0.500000
5.684393	3.653151	2.499481	0.500000
6.760782	3.597615	2.248531	0.500000
8.006761	3.565604	2.129174	0.500000
8.969172	3.774210	2.499280	0.500000
10.055660	3.896901	2.426656	0.500000
10.970997	4.961243	2.496737	0.500000
0.463370	4.004782	1.574581	0.500000
2.644845	4.729676	2.358390	0.500000
3.851691	4.690061	2.397589	0.500000
5.003446	4.548761	2.396883	0.500000
6.004420	4.788307	2.369489	0.500000
7.343945	4.644668	2.300008	0.500000
8.350527	4.818833	2.233317	0.500000
8.955220	5.837042	2.476965	0.500000
9.520852	4.806013	2.492521	0.500000
0.008133	5.732904	2.299227	0.500000
10.121820	5.296184	1.499954	0.500000
2.124389	5.810016	2.447218	0.500000
3.319477	5.588546	2.417071	0.500000
4.312327	5.799684	2.460897	0.500000
5.358050	5.617692	2.476423	0.500000
6.669257	5.598819	2.471401	0.500000
8.671567	6.907382	2.449560	0.500000
7.798152	5.709374	2.499795	0.500000
10.269793	5.713639	2.472471	0.500000
0.464661	4.629810	2.497386	0.500000
1.626419	4.525884	2.394301	0.500000
2.813082	6.873990	2.460670	0.500000
3.824903	6.819464	2.448245	0.500000
4.948214	6.650013	2.408754	0.500000
5.980165	6.616160	2.495391	0.500000
7.442438	6.738388	2.410549	0.500000
7.968585	7.621042	2.300084	0.500000
9.688425	6.612851	2.453334	0.500000
0.614385	6.590458	2.174157	0.500000
1.573549	6.765581	2.499720	0.500000
1.134443	5.512983	2.468140	0.500000
2.681487	8.644430	2.479960	0.500000
3.274249	7.799589	2.498831	0.500000
4.416262	7.670969	2.368111	0.500000
5.478761	7.644798	2.430977	0.500000
6.499002	7.621296	2.310510	0.500000
7.312013	8.380451	2.391550	0.500000
9.153874	7.876918	2.474078	0.500000
11.481260	7.638870	2.493659	0.500000
0.925269	7.539521	2.467463	0.500000
2.183862	7.773078	2.421842	0.500000
0.440679	8.079015	1.547233	0.500000
3.872437	8.601579	2.474392	0.500000
4.948294	8.524186	2.387818	0.500000
6.120706	8.770444	2.408631	0.500000
8.672900	8.753024	2.421191	0.500000
9.100454	9.966048	2.454864	0.500000
9.172994	0.792837	1.432410	0.500000
11.082055	8.774857	2.456183	0.500000
