500

0.530329	8.266559	2.753601	0.500000
9.457116	5.244488	0.603553	0.500000
8.429798	11.281324	4.487436	0.500000
6.704743	2.924365	4.477718	0.500000
1.479296	9.748531	0.575274	0.500000
0.015910	0.406226	2.000085	0.500000
8.024037	0.000895	2.373703	0.500000
7.969312	9.708788	3.326158	0.500000
12.217479	3.154960	2.668488	0.500000
5.085017	3.485893	2.869363	0.500000
10.494160	1.037290	3.993717	0.500000
10.296696	11.518375	4.306761	0.500000
3.691800	5.673179	1.434769	0.500000
9.040740	8.428703	0.601245	0.500000
11.412482	9.822241	2.704071	0.500000
3.020250	4.448745	2.900472	0.500000
4.897382	5.455884	0.642136	0.500000
9.109225	10.483786	2.674391	0.500000
11.787307	0.954966	0.517855	0.500000
12.159335	9.766308	1.376643	0.500000
9.671189	1.955471	3.785240	0.500000
0.444698	11.435692	2.967111	0.500000
7.836758	12.185383	0.610330	0.500000
10.740848	9.884544	3.499296	0.500000
2.222864	5.077081	3.290006	0.500000
6.792006	7.305992	0.525520	0.500000
5.466570	7.517190	4.493674	0.500000
6.280345	8.020363	2.985627	0.500000
4.074979	4.492077	4.472813	0.500000
4.805142	7.116286	2.007960	0.500000
1.313122	7.563880	4.451092	0.500000
11.620995	5.904143	2.165057	0.500000
6.855789	7.530748	1.697926	0.500000
2.513617	6.381616	1.230661	0.500000
3.266176	7.055225	1.740145	0.500000
0.108191	6.880727	2.789937	0.500000
8.480680	8.662765	2.873582	0.500000
1.441560	11.969574	2.489462	0.500000
4.993042	5.127670	4.255470	0.500000
4.151785	1.136016	1.688256	0.500000
2.679967	5.389600	0.658089	0.500000
2.668877	3.269362	1.181681	0.500000
1.136342	4.721594	1.635547	0.500000
2.725476	2.904758	4.094959	0.500000
8.143960	8.276769	1.973293	0.500000
0.429706	11.724413	1.936345	0.500000
3.922539	9.516483	0.545075	0.500000
5.078276	9.402318	0.654384	0.500000
5.263663	8.219638	0.535973	0.500000
0.328035	3.514552	0.508589	0.500000
3.880234	11.462785	3.671668	0.500000
12.074134	9.964263	4.191181	0.500000
9.423282	3.994806	3.270206	0.500000
5.550046	12.173651	0.500953	0.500000
3.614489	3.032664	0.522583	0.500000
11.267791	6.737899	2.740153	0.500000
4.417165	8.097622	1.923356	0.500000
11.218426	12.202681	3.147841	0.500000
4.673330	11.256928	4.477645	0.500000
11.333892	3.038421	0.752647	0.500000
1.858868	11.952150	4.351573	0.500000
6.956676	10.678383	0.631304	0.500000
4.555729	4.274776	1.396504	0.500000
6.241203	10.108671	2.873872	0.500000
11.890289	2.156165	3.512128	0.500000
3.675755	2.499563	3.620617	0.500000
11.920839	4.484824	3.000189	0.500000
5.350684	11.708548	3.674326	0.500000
0.413184	6.852727	0.713505	0.500000
4.033823	2.049707	0.538780	0.500000
10.215616	5.034922	4.473362	0.500000
9.711978	12.040156	0.528630	0.500000
3.163098	9.167873	2.252369	0.500000
5.728044	9.921369	3.789482	0.500000
3.225175	8.274262	4.451612	0.500000
5.142065	3.546239	0.712661	0.500000
2.588844	7.627489	0.557128	0.500000
10.952110	0.167810	4.211701	0.500000
8.293192	6.554029	3.606495	0.500000
6.970326	1.950040	0.642677	0.500000
1.235608	8.156253	3.573824	0.500000
4.101168	4.673655	3.393420	0.500000
1.120427	0.227740	1.621817	0.500000
1.157194	4.224930	0.577879	0.500000
1.412684	6.575675	3.690530	0.500000
3.512164	10.476743	1.909650	0.500000
7.054846	8.623721	0.583291	0.500000
7.545794	3.403353	4.185872	0.500000
6.036791	8.430936	4.139601	0.500000
3.248477	3.245949	2.213935	0.500000
6.587802	7.158523	3.949162	0.500000
3.642793	1.057513	0.644174	0.500000
6.034652	5.394957	4.484053	0.500000
4.616945	3.201009	4.485271	0.500000
8.652062	0.240364	4.448775	0.500000
5.069376	9.874176	2.866775	0.500000
5.931387	6.433122	4.465179	0.500000
3.924946	1.075455	3.612951	0.500000
10.633718	2.217458	0.617575	0.500000
8.131435	7.668233	3.443578	0.500000
9.766872	0.140400	4.337821	0.500000
6.845254	9.674653	0.889195	0.500000
7.928002	5.647014	4.484795	0.500000
2.761538	8.089134	2.880847	0.500000
4.719823	3.047443	1.614394	0.500000
11.069849	3.549482	1.984075	0.500000
3.755383	10.199671	2.997420	0.500000
2.579590	5.825684	4.194400	0.500000
0.560772	9.063950	0.533904	0.500000
5.363588	0.541145	3.421863	0.500000
4.446420	6.702039	2.946961	0.500000
9.879311	3.466339	1.772179	0.500000
7.237557	4.703041	0.542586	0.500000
4.173820	3.737031	2.179503	0.500000
9.760475	5.989568	3.661711	0.500000
0.679666	7.701283	1.678302	0.500000
6.325350	11.257934	3.528420	0.500000
10.850442	0.043883	0.665945	0.500000
0.556575	1.705644	4.312594	0.500000
2.172069	2.746604	2.068574	0.500000
11.050386	9.709154	4.486903	0.500000
2.654263	5.527597	1.826102	0.500000
10.178775	8.802180	1.893724	0.500000
9.843533	0.983354	2.695155	0.500000
0.916911	3.604899	1.557275	0.500000
2.094651	2.062711	2.924142	0.500000
8.029545	2.029869	2.494653	0.500000
2.560420	11.731599	2.370822	0.500000
10.360314	8.487337	4.409645	0.500000
1.186356	5.867874	1.347290	0.500000
11.501837	8.293836	0.572821	0.500000
5.812855	7.024829	3.214496	0.500000
4.052419	4.056075	0.504822	0.500000
10.974083	10.628493	0.543166	0.500000
4.941527	1.976310	2.280566	0.500000
8.689726	10.854740	1.697247	0.500000
2.945918	9.816008	1.000867	0.500000
2.736358	3.137639	3.107121	0.500000
10.417902	3.375115	0.507906	0.500000
6.339144	10.385581	1.835102	0.500000
8.075605	4.743952	3.767994	0.500000
8.485534	4.079795	4.466966	0.500000
5.489386	0.790663	1.681185	0.500000
11.884691	1.328689	2.512784	0.500000
6.089985	1.077227	4.137777	0.500000
11.549215	11.786073	2.292250	0.500000
1.572124	6.692231	0.679973	0.500000
3.642734	0.112748	4.326732	0.500000
8.545670	10.476055	3.614688	0.500000
6.908723	2.673658	1.440860	0.500000
8.879982	0.225878	1.121932	0.500000
1.133746	2.747568	4.427629	0.500000
5.799133	4.613826	0.846051	0.500000
11.809609	8.775942	4.488401	0.500000
11.508855	3.760011	3.919654	0.500000
3.190940	6.406414	3.619929	0.500000
4.197116	7.175143	4.395653	0.500000
8.641929	5.618001	3.698582	0.500000
10.116310	9.754101	2.475273	0.500000
7.741507	10.882532	3.068327	0.500000
3.502359	3.874031	1.333491	0.500000
1.748232	4.940355	2.405218	0.500000
9.881936	10.313591	0.680296	0.500000
0.173685	7.106407	4.399333	0.500000
6.443772	11.660323	1.988468	0.500000
12.057607	10.855176	2.431027	0.500000
7.099993	8.322017	4.423120	0.500000
0.225485	5.502589	3.196829	0.500000
8.984314	1.041016	0.504529	0.500000
1.484085	7.076849	1.620430	0.500000
4.242779	2.778284	2.679982	0.500000
0.422844	6.480922	1.928859	0.500000
4.650944	11.206164	2.507385	0.500000
3.520009	6.554279	2.580538	0.500000
3.568412	10.704997	0.543298	0.500000
8.197662	9.275034	1.476240	0.500000
8.755484	1.654187	4.498552	0.500000
1.217695	8.844600	1.541118	0.500000
10.636656	5.712623	1.719241	0.500000
7.577712	10.479853	1.669551	0.500000
5.973631	4.563112	2.587544	0.500000
10.117996	4.034645	4.156092	0.500000
6.785275	6.212126	2.125823	0.500000
4.488839	5.902857	2.165472	0.500000
3.252862	0.202319	1.861849	0.500000
12.143990	10.963781	0.807566	0.500000
8.328292	9.924485	2.232556	0.500000
5.624784	11.979902	2.710742	0.500000
0.232906	4.731612	0.815756	0.500000
8.232171	11.740439	1.418751	0.500000
2.698883	4.373081	1.854751	0.500000
4.731630	1.068333	0.788542	0.500000
5.848657	7.479919	1.890889	0.500000
11.132420	5.452381	3.096080	0.500000
4.949190	10.260058	4.460643	0.500000
2.618200	11.460502	1.043222	0.500000
5.180374	9.174895	4.222207	0.500000
0.565668	3.799830	3.793444	0.500000
9.211513	2.922788	4.383612	0.500000
2.181376	7.439025	3.564636	0.500000
3.559403	1.740169	4.487260	0.500000
2.218111	6.782741	4.493776	0.500000
5.357030	8.344901	3.255159	0.500000
6.892608	0.338956	1.283621	0.500000
12.051342	3.483163	1.686532	0.500000
0.198603	0.295096	4.455773	0.500000
11.602555	7.706420	2.924216	0.500000
7.213657	4.078583	3.201699	0.500000
9.865919	7.851647	1.538124	0.500000
9.062550	8.526687	1.658720	0.500000
9.971735	7.151262	0.658958	0.500000
1.630065	5.175919	0.574815	0.500000
2.220242	10.636404	0.601450	0.500000
6.197052	9.101016	1.411281	0.500000
4.571856	0.682230	2.494782	0.500000
0.983685	0.916488	3.553964	0.500000
1.909934	0.809276	3.143642	0.500000
9.921654	2.504409	1.300046	0.500000
2.232332	8.664515	3.526013	0.500000
8.958521	11.307862	0.671359	0.500000
9.259629	5.487469	2.767693	0.500000
2.572328	9.531041	4.406162	0.500000
8.906308	10.029596	0.984652	0.500000
1.183352	2.737393	2.245814	0.500000
8.608982	6.725118	1.979815	0.500000
7.975927	1.908881	1.146887	0.500000
2.558567	6.105171	2.724146	0.500000
7.474231	0.967406	0.510698	0.500000
1.002717	3.497982	2.896952	0.500000
11.267344	7.405932	3.876114	0.500000
6.544345	9.388143	4.426081	0.500000
2.777218	11.519076	3.991592	0.500000
4.259257	3.605598	3.512144	0.500000
11.056263	0.976748	3.139810	0.500000
9.076364	7.218991	4.295300	0.500000
0.966356	9.244190	4.315830	0.500000
7.673657	6.867407	1.374416	0.500000
10.783329	3.125676	3.431106	0.500000
10.228917	1.119826	0.760018	0.500000
5.820498	10.050554	0.871110	0.500000
9.200003	7.566149	2.333835	0.500000
4.372780	6.771598	1.009919	0.500000
7.746587	5.562561	1.812948	0.500000
0.661812	11.622142	0.586810	0.500000
10.398091	4.583906	1.278447	0.500000
2.795422	1.267670	3.499908	0.500000
4.116263	2.199808	1.736020	0.500000
3.021791	10.433395	4.280027	0.500000
9.721390	9.379037	1.001393	0.500000
4.576045	10.467417	0.669021	0.500000
10.578669	12.023750	2.158462	0.500000
2.777182	0.801662	2.577938	0.500000
7.460764	1.381134	1.881981	0.500000
8.386179	3.544400	3.489867	0.500000
0.637673	10.500909	3.471572	0.500000
5.405115	6.335373	2.471425	0.500000
7.501646	4.554943	2.186218	0.500000
4.502945	9.100172	2.337621	0.500000
2.165662	0.368284	1.758273	0.500000
6.831770	11.133669	4.438118	0.500000
3.554873	8.032609	1.379167	0.500000
9.853119	7.928666	3.727662	0.500000
6.822572	7.053482	2.773145	0.500000
11.697876	10.628884	3.469138	0.500000
10.213673	12.201149	3.452259	0.500000
0.486736	8.199342	4.312555	0.500000
1.811270	11.893979	0.530671	0.500000
10.758048	1.689569	1.484524	0.500000
6.009643	1.539964	0.599623	0.500000
10.381340	7.733150	2.648902	0.500000
6.584495	1.673692	3.419635	0.500000
4.040476	10.545166	4.128130	0.500000
8.278481	1.389255	3.658068	0.500000
6.421845	3.598538	2.462966	0.500000
5.533112	3.932029	1.695915	0.500000
6.928015	1.769341	4.484723	0.500000
1.154284	0.603790	0.531406	0.500000
5.584242	1.621977	3.409793	0.500000
11.235216	4.215019	0.833580	0.500000
3.728560	5.940409	4.413872	0.500000
9.743980	3.022135	3.324632	0.500000
1.955431	2.140526	0.517175	0.500000
9.324480	1.468652	1.401360	0.500000
12.023215	12.044172	1.031966	0.500000
7.977714	5.511898	0.568653	0.500000
1.915368	2.015289	4.021178	0.500000
7.598059	11.884319	4.370851	0.500000
6.364838	0.914209	2.680532	0.500000
6.174204	5.674382	1.426560	0.500000
8.925546	9.716020	4.413384	0.500000
3.149164	4.977559	3.948722	0.500000
0.409195	1.021881	1.233833	0.500000
9.318842	4.454365	1.497577	0.500000
7.083752	3.584154	0.551652	0.500000
5.371907	3.838995	4.127366	0.500000
8.693855	4.399668	2.696561	0.500000
11.474229	0.932312	1.473713	0.500000
7.930170	0.583172	1.480403	0.500000
7.917983	10.985040	0.538238	0.500000
3.163610	7.095416	4.391301	0.500000
12.017362	11.772754	3.730176	0.500000
6.073100	5.127145	3.463126	0.500000
3.132895	1.238508	1.554568	0.500000
10.983520	7.380146	0.683502	0.500000
4.300637	8.308701	4.115806	0.500000
10.333942	8.244340	0.522317	0.500000
10.502206	5.789713	0.593717	0.500000
9.593972	6.310070	1.063952	0.500000
3.413691	11.283702	2.715762	0.500000
5.864545	3.034487	1.304971	0.500000
4.929201	5.135052	3.013359	0.500000
8.816226	6.215771	4.499953	0.500000
1.290397	11.470346	1.395695	0.500000
11.694580	1.660585	4.402778	0.500000
0.950116	2.399498	1.317792	0.500000
2.317394	4.472931	0.915458	0.500000
9.970556	1.883102	2.230919	0.500000
10.416390	6.694961	1.926255	0.500000
4.084752	0.256516	1.059988	0.500000
0.146765	8.711110	1.751296	0.500000
1.301955	11.221637	3.933034	0.500000
7.326831	6.432691	4.180160	0.500000
6.601538	6.166328	3.486906	0.500000
2.981558	0.164562	0.694617	0.500000
7.842629	0.856072	4.448561	0.500000
11.048562	11.258628	1.427842	0.500000
6.970004	12.007103	3.158212	0.500000
5.600315	6.530903	1.465056	0.500000
4.727243	6.141014	4.354031	0.500000
10.207433	7.190322	4.441206	0.500000
10.610418	1.863016	3.440375	0.500000
7.811254	7.259706	2.453364	0.500000
7.842420	4.111267	1.107570	0.500000
2.763190	0.202265	3.465987	0.500000
11.664651	6.432209	0.589146	0.500000
0.165382	5.847973	1.095861	0.500000
1.979235	8.361674	4.483226	0.500000
6.026853	9.039387	2.557620	0.500000
3.599763	0.150793	2.841356	0.500000
4.616908	1.943554	4.499966	0.500000
7.533345	0.918644	2.789743	0.500000
8.851415	11.421711	2.978090	0.500000
0.912548	1.681159	0.518368	0.500000
6.628262	4.866855	1.804283	0.500000
10.300647	6.053002	2.794508	0.500000
3.569130	3.515827	4.393989	0.500000
6.428931	1.751578	1.702742	0.500000
6.982883	6.044878	0.755211	0.500000
8.191864	7.829072	4.482188	0.500000
6.946135	8.488977	2.062202	0.500000
8.045814	3.171240	0.644364	0.500000
2.605812	8.506796	1.723437	0.500000
9.253273	9.221291	2.429192	0.500000
8.582369	6.471368	0.510499	0.500000
2.981112	9.573566	3.424628	0.500000
4.629068	0.624093	4.224933	0.500000
5.999240	2.128504	4.306730	0.500000
10.791952	4.251175	3.235143	0.500000
0.878347	12.112458	3.745019	0.500000
6.823804	0.397133	4.047018	0.500000
1.469989	9.878302	1.847402	0.500000
0.356602	0.307960	2.974318	0.500000
7.420968	2.320989	3.505856	0.500000
3.100529	2.334056	1.267440	0.500000
9.198144	4.658919	4.034966	0.500000
1.085071	2.500230	3.313312	0.500000
10.766902	6.210648	4.311980	0.500000
0.250448	8.141092	0.888179	0.500000
7.273116	5.388767	2.696738	0.500000
2.289516	9.646544	2.623758	0.500000
10.075769	5.024497	3.287075	0.500000
7.829979	9.544333	4.457563	0.500000
1.833327	3.244116	3.733593	0.500000
1.620083	5.982208	2.337247	0.500000
0.505368	5.876097	4.379951	0.500000
7.843716	2.990702	1.682370	0.500000
11.001505	2.788204	4.424935	0.500000
3.450915	8.657367	3.356144	0.500000
5.706859	11.008706	2.319644	0.500000
3.934617	4.706314	2.089206	0.500000
9.292318	6.524053	2.804984	0.500000
0.188886	4.507805	2.093918	0.500000
3.540639	7.437839	3.403321	0.500000
1.541033	10.333705	4.331214	0.500000
4.556212	12.174839	3.281103	0.500000
11.048358	10.864865	2.379941	0.500000
5.204691	5.193819	1.655284	0.500000
9.395210	9.346549	3.524448	0.500000
4.807758	12.079843	1.791033	0.500000
1.504544	4.292921	3.252271	0.500000
3.909796	11.537548	1.851944	0.500000
6.478075	11.641136	0.981733	0.500000
7.256876	5.325230	3.695278	0.500000
1.684634	7.075837	2.700530	0.500000
5.622951	7.240631	0.618119	0.500000
8.839784	5.367904	1.619530	0.500000
10.046506	11.244341	1.436315	0.500000
9.778893	11.294624	3.467542	0.500000
3.766737	5.068093	0.549017	0.500000
2.276507	7.555755	2.025463	0.500000
5.582197	6.030962	3.417137	0.500000
2.794770	8.696750	0.528634	0.500000
7.973281	2.402103	4.496419	0.500000
3.306354	6.859752	0.728422	0.500000
8.672651	2.547905	3.543884	0.500000
2.139739	4.612940	4.215018	0.500000
9.286786	3.495524	0.828215	0.500000
7.312612	9.475695	1.918906	0.500000
9.933431	11.006374	2.403964	0.500000
9.360382	0.997238	3.684368	0.500000
1.356360	9.410729	3.357007	0.500000
4.233902	9.388180	3.493830	0.500000
11.428704	5.548949	1.011863	0.500000
1.390531	0.788553	4.464189	0.500000
7.792661	0.292535	3.543115	0.500000
7.426420	11.423405	2.210571	0.500000
5.070873	2.334115	0.761637	0.500000
8.752935	0.641457	2.649580	0.500000
6.401661	3.717238	3.828375	0.500000
6.851878	9.318237	3.404347	0.500000
1.857825	3.820842	2.092014	0.500000
5.948447	2.423211	2.329324	0.500000
4.850915	7.538572	3.634534	0.500000
11.984268	7.330034	1.444326	0.500000
7.918411	9.912280	0.622180	0.500000
11.710976	6.428800	3.821444	0.500000
3.863201	9.415089	4.428831	0.500000
11.489045	8.708705	2.744101	0.500000
0.711107	5.486616	2.286304	0.500000
6.639303	4.509386	4.465989	0.500000
0.587269	9.609647	2.375591	0.500000
9.289805	11.966346	1.934747	0.500000
5.827838	6.075205	0.554105	0.500000
8.781393	2.413768	0.563470	0.500000
8.317133	5.858395	2.693868	0.500000
2.271787	10.587978	3.155395	0.500000
1.092671	0.835157	2.428965	0.500000
10.856009	2.391075	2.241103	0.500000
11.539389	5.311297	4.460048	0.500000
4.698907	2.561872	3.638204	0.500000
9.060225	1.683574	2.654469	0.500000
4.485394	10.365384	1.672952	0.500000
5.013913	10.656036	3.507667	0.500000
1.594025	5.788261	4.454089	0.500000
6.931053	1.996265	2.535602	0.500000
11.258094	4.722372	1.940485	0.500000
1.749936	8.364857	0.676883	0.500000
3.785559	5.554790	2.845679	0.500000
10.211201	6.962539	3.446372	0.500000
8.767213	2.590161	1.853210	0.500000
2.524265	10.687499	1.801028	0.500000
5.519279	9.763131	1.870653	0.500000
5.880168	2.894276	3.322162	0.500000
5.231723	8.577200	1.557471	0.500000
9.633019	10.283668	1.683570	0.500000
12.142505	2.015080	0.509644	0.500000
7.373725	8.481961	3.172897	0.500000
2.847227	2.000809	2.208122	0.500000
1.046930	10.661372	0.826605	0.500000
1.313678	4.029829	4.477619	0.500000
1.413847	3.055879	0.515737	0.500000
0.277960	11.151139	4.403926	0.500000
1.643989	8.497086	2.497520	0.500000
10.762482	9.574217	0.774959	0.500000
4.344617	11.458318	0.556203	0.500000
9.006354	7.416654	1.215788	0.500000
2.736778	0.659490	4.408671	0.500000
7.783241	7.536491	0.535779	0.500000
1.529731	10.837955	2.324309	0.500000
8.630509	3.610222	1.683753	0.500000
5.431099	11.315340	1.011070	0.500000
11.743714	2.366372	1.515897	0.500000
2.061078	1.149458	0.996591	0.500000
0.112353	2.993552	4.481351	0.500000
1.915448	1.607151	1.988834	0.500000
0.741850	1.829215	2.566944	0.500000
0.568456	4.759082	4.352137	0.500000
10.110001	4.502958	2.242715	0.500000
9.062400	8.335791	4.323509	0.500000
10.892916	11.324135	3.507055	0.500000
2.015966	11.621678	3.324411	0.500000
11.424093	9.064836	1.665760	0.500000
4.270433	8.659483	1.060311	0.500000
9.350889	10.929132	4.318648	0.500000
7.878439	3.242741	2.675383	0.500000
10.679485	10.274525	1.611558	0.500000
12.206682	1.117083	3.609209	0.500000
8.119333	8.792403	3.818173	0.500000
9.106213	12.185531	3.586442	0.500000
7.063984	10.256111	3.928408	0.500000
11.061462	7.956151	1.875681	0.500000
8.649475	4.621522	0.756836	0.500000
3.797457	1.735834	2.620494	0.500000
9.986910	9.550667	4.484889	0.500000
10.526607	0.698640	1.709601	0.500000
0.223740	9.195756	3.517500	0.500000
4.229493	7.733300	0.589018	0.500000
6.136715	5.563663	2.558391	0.500000
5.800585	10.813472	4.426529	0.500000
10.034083	8.660524	3.034040	0.500000
