500

4.043752	4.258878	3.031898	0.500000
4.825008	9.422068	2.626620	0.500000
8.004037	3.625888	4.468036	0.500000
9.143239	10.217249	0.590126	0.500000
5.939077	9.343423	0.625602	0.500000
1.026377	1.424594	4.438366	0.500000
9.197348	5.075758	4.408839	0.500000
11.845038	5.808206	3.790649	0.500000
10.845911	4.109718	2.314894	0.500000
7.692958	7.906353	1.966254	0.500000
1.613200	5.441429	0.585518	0.500000
10.993712	7.703574	1.730635	0.500000
0.856181	4.794135	0.715195	0.500000
4.567164	11.887180	4.486842	0.500000
6.871094	0.369499	2.279926	0.500000
3.639422	5.185992	0.595309	0.500000
8.523585	5.953996	0.536422	0.500000
11.913026	10.186105	3.286485	0.500000
8.310684	6.520785	3.409766	0.500000
7.301653	5.946995	0.910324	0.500000
3.644125	9.991099	1.743330	0.500000
10.436749	2.385814	2.399945	0.500000
1.513805	6.501829	0.670806	0.500000
1.807159	6.351154	3.962257	0.500000
1.189528	10.745244	1.306069	0.500000
11.750281	1.871619	4.372696	0.500000
0.839531	2.231641	1.585188	0.500000
10.593306	1.171519	3.800761	0.500000
2.485441	6.790787	1.514772	0.500000
6.656104	2.197054	1.341366	0.500000
5.131361	11.364963	2.623171	0.500000
8.509962	2.254669	4.074098	0.500000
6.003224	6.520118	3.674628	0.500000
11.561507	7.447366	0.677897	0.500000
5.205053	8.834122	4.398012	0.500000
0.696732	8.958031	0.600861	0.500000
0.404134	3.937360	4.248742	0.500000
7.240746	7.616423	4.430161	0.500000
4.093957	11.571778	2.976369	0.500000
5.642729	1.755464	3.204254	0.500000
5.938776	2.656715	0.506274	0.500000
1.391784	3.034667	4.422086	0.500000
2.600083	6.054873	0.514412	0.500000
3.478017	1.724441	4.086190	0.500000
1.278785	9.251302	3.790462	0.500000
4.044493	8.683049	2.636756	0.500000
0.435306	2.301663	4.292120	0.500000
12.011157	4.834289	4.378991	0.500000
10.204297	11.642877	2.158568	0.500000
8.606653	1.545288	3.342500	0.500000
2.577833	10.156409	3.252485	0.500000
11.753564	4.579138	0.532461	0.500000
7.671304	7.653450	2.963794	0.500000
7.249737	9.674690	2.780412	0.500000
7.170776	3.216662	3.414024	0.500000
1.218912	5.470996	2.213678	0.500000
1.525868	11.207120	2.205965	0.500000
10.885574	1.913920	1.638915	0.500000
2.615234	7.862774	1.537460	0.500000
3.407985	2.180266	0.538064	0.500000
4.828152	6.728941	3.241486	0.500000
8.736188	11.107700	1.976393	0.500000
1.932281	9.267405	0.543290	0.500000
0.987725	11.712598	1.125035	0.500000
11.872442	6.858875	3.450479	0.500000
4.197294	5.631424	3.491058	0.500000
1.480885	1.900145	2.412349	0.500000
3.521825	11.248977	2.201080	0.500000
2.001253	11.361230	3.434148	0.500000
5.868307	8.591281	3.494279	0.500000
9.508629	8.299110	3.339007	0.500000
11.554971	8.472606	0.766250	0.500000
5.631741	4.033815	1.731401	0.500000
8.694698	6.316864	4.456035	0.500000
4.897265	10.089782	3.425333	0.500000
11.578812	3.796390	3.156014	0.500000
9.395935	3.462540	1.974742	0.500000
7.225622	2.013817	2.153639	0.500000
4.606881	0.362451	1.441726	0.500000
1.468163	10.799539	4.354628	0.500000
8.588809	2.155393	0.654644	0.500000
2.528184	5.227432	1.127266	0.500000
1.329991	0.208279	0.502188	0.500000
9.492829	7.170620	2.809167	0.500000
7.859378	6.767085	0.674335	0.500000
7.561214	11.352039	1.055120	0.500000
10.241267	12.026867	0.554575	0.500000
1.438169	11.991142	4.136857	0.500000
3.516195	10.902849	1.257539	0.500000
6.283431	5.596306	0.574254	0.500000
6.874547	5.414565	3.969931	0.500000
0.388567	9.002982	4.426221	0.500000
5.002470	3.408210	0.576318	0.500000
9.900038	4.392736	1.913945	0.500000
10.448329	10.769690	2.718252	0.500000
7.684730	1.313771	2.952732	0.500000
7.573860	8.650380	2.625793	0.500000
2.762753	6.233848	4.305320	0.500000
9.316647	11.762488	1.472441	0.500000
5.095122	0.304834	2.338115	0.500000
4.634998	9.952744	4.411827	0.500000
8.207667	0.447935	3.201586	0.500000
9.304403	4.336727	3.555060	0.500000
10.828690	4.996739	1.562781	0.500000
11.543067	8.026116	4.498359	0.500000
0.856802	7.598078	1.446621	0.500000
5.831297	5.549271	3.860195	0.500000
5.930777	5.074136	2.643561	0.500000
11.211449	11.533876	1.856982	0.500000
6.432715	2.828068	3.974243	0.500000
10.437251	9.930586	0.594739	0.500000
6.719808	10.222557	4.467138	0.500000
3.028123	0.539774	1.510296	0.500000
10.431925	9.944750	3.887600	0.500000
4.932552	8.354989	3.185378	0.500000
9.647620	8.814415	0.561985	0.500000
8.622440	7.335695	2.004095	0.500000
5.021583	7.094294	4.391563	0.500000
7.496401	2.364917	4.151860	0.500000
4.478177	3.711949	4.395957	0.500000
1.736382	12.116360	1.784827	0.500000
2.446769	2.373772	1.033986	0.500000
6.834931	2.047540	3.124302	0.500000
2.406132	4.314741	1.550310	0.500000
8.188227	4.696408	4.169663	0.500000
4.265284	0.726228	4.296994	0.500000
3.604867	4.606725	1.913354	0.500000
7.669633	0.458386	0.510774	0.500000
5.032006	2.674403	1.315468	0.500000
6.303771	9.273953	4.436112	0.500000
3.998097	3.107934	0.638052	0.500000
5.337384	0.656970	0.613066	0.500000
6.549621	11.557822	2.390560	0.500000
0.652315	5.727097	1.229293	0.500000
5.870357	10.182453	1.560240	0.500000
7.807813	8.448852	3.669258	0.500000
10.559372	5.230672	0.523158	0.500000
5.646385	7.488913	1.115927	0.500000
9.189154	0.106080	0.528840	0.500000
1.845253	5.267900	4.287108	0.500000
6.304377	3.198277	1.719910	0.500000
8.296759	8.022773	1.149989	0.500000
2.599726	11.871032	2.491408	0.500000
11.990394	10.808410	0.749843	0.500000
3.062066	9.142615	2.352907	0.500000
6.512530	1.355944	3.786805	0.500000
1.789202	7.254862	4.494397	0.500000
2.347675	3.589416	4.369148	0.500000
11.973048	1.128225	1.951385	0.500000
11.599030	3.042009	4.449110	0.500000
8.607733	0.204527	4.088156	0.500000
4.030252	2.735574	2.193906	0.500000
3.261889	7.838899	4.267820	0.500000
7.133311	1.139953	1.627667	0.500000
0.900141	6.588612	1.675416	0.500000
4.517236	1.927774	1.776580	0.500000
3.694347	11.977407	0.950780	0.500000
1.598143	8.302458	3.812143	0.500000
3.312818	4.713159	3.556305	0.500000
9.283676	3.172385	4.133522	0.500000
4.394497	6.087424	0.570418	0.500000
0.174568	0.482183	1.241098	0.500000
0.288947	7.320744	2.524184	0.500000
8.024146	5.431101	1.482441	0.500000
2.138457	8.616779	2.736411	0.500000
3.766608	6.654761	2.288719	0.500000
11.850633	5.427625	1.458651	0.500000
6.177705	11.154883	1.286252	0.500000
2.665142	0.205278	3.391135	0.500000
4.272159	4.439574	1.148151	0.500000
1.949479	5.941248	1.684279	0.500000
12.130570	3.971129	1.648299	0.500000
1.059868	11.097061	3.109981	0.500000
5.118917	5.098048	4.499777	0.500000
7.721370	11.931695	4.475023	0.500000
8.500645	8.236027	2.706874	0.500000
9.759910	2.231463	4.280943	0.500000
5.195014	8.454573	0.681261	0.500000
0.257328	8.657291	3.323473	0.500000
7.089848	0.407966	3.471059	0.500000
9.610230	1.134785	0.595171	0.500000
6.947810	4.799985	1.236191	0.500000
8.631332	12.085486	2.363401	0.500000
3.875863	6.432747	4.161761	0.500000
12.148893	1.185881	0.558854	0.500000
1.184958	7.418648	3.589384	0.500000
11.358317	6.129219	2.601912	0.500000
2.808828	1.302682	3.435459	0.500000
6.962740	3.956628	1.994953	0.500000
10.206904	3.232141	0.571908	0.500000
5.749366	0.765567	1.669904	0.500000
7.171761	5.689147	2.091239	0.500000
9.165754	6.143563	2.396702	0.500000
10.223117	7.931433	0.547050	0.500000
10.542742	5.790716	3.124961	0.500000
1.133968	12.059752	2.627251	0.500000
10.480929	8.812159	1.227652	0.500000
9.436381	1.276740	4.473516	0.500000
11.300365	0.493098	4.065001	0.500000
3.074275	1.615127	2.497096	0.500000
0.171285	9.982215	1.589247	0.500000
11.564394	9.338459	4.225576	0.500000
1.381045	5.636033	3.258191	0.500000
8.965408	9.641782	4.324517	0.500000
9.968279	7.996826	2.423756	0.500000
8.824825	10.610929	3.010590	0.500000
7.180857	9.485515	3.767151	0.500000
0.971213	3.988052	1.366793	0.500000
9.786450	9.019414	2.247806	0.500000
5.721852	2.246310	1.940691	0.500000
5.659941	10.324293	4.312943	0.500000
4.707664	7.194573	0.655758	0.500000
8.705199	11.102351	0.856337	0.500000
6.223444	2.874575	2.918455	0.500000
9.916546	7.224354	1.715413	0.500000
2.507298	5.236059	2.156373	0.500000
3.676724	8.714504	1.620249	0.500000
10.351183	1.873206	0.511024	0.500000
9.667775	9.673062	1.368050	0.500000
5.945029	5.386405	1.688113	0.500000
11.752852	10.377465	4.261489	0.500000
8.469669	9.573786	3.172040	0.500000
5.640541	10.405910	2.605919	0.500000
9.558772	2.195713	1.145273	0.500000
5.088633	2.900190	2.393958	0.500000
4.284878	11.003782	0.563831	0.500000
2.972236	11.165108	3.150965	0.500000
0.385995	4.851166	3.508623	0.500000
3.797482	7.804945	0.675575	0.500000
10.716778	5.146892	4.426119	0.500000
11.340783	8.877228	1.797716	0.500000
9.689088	10.603584	1.750772	0.500000
8.009625	2.359933	2.855498	0.500000
6.322412	10.773247	3.685794	0.500000
11.641753	9.718144	0.730488	0.500000
6.088072	4.709291	4.470629	0.500000
1.253409	3.002655	0.500648	0.500000
10.419143	0.313390	2.913038	0.500000
7.965416	9.239158	4.413870	0.500000
6.037700	0.431066	3.255391	0.500000
4.445840	10.625036	2.000087	0.500000
1.034601	2.307918	3.252204	0.500000
12.049334	10.972768	1.862910	0.500000
4.072535	11.009070	4.493889	0.500000
5.577346	6.026516	2.454677	0.500000
8.458779	9.769446	1.204955	0.500000
9.547758	5.405377	1.681745	0.500000
10.522847	7.133078	3.244419	0.500000
5.669867	7.915773	4.376693	0.500000
0.153830	12.157235	3.583838	0.500000
7.884470	4.445810	1.732725	0.500000
1.314770	3.350322	3.473147	0.500000
8.796334	3.595800	3.068142	0.500000
5.558234	3.676962	4.398375	0.500000
9.926954	7.035071	4.374199	0.500000
5.744139	7.034817	2.257335	0.500000
3.623937	11.806181	3.900326	0.500000
10.304113	6.784983	0.572318	0.500000
6.980389	11.253611	4.422520	0.500000
5.897198	9.101656	2.523345	0.500000
4.452184	11.679369	1.822293	0.500000
4.042846	10.654864	3.456259	0.500000
7.214131	3.805535	1.018441	0.500000
1.570311	1.264399	3.506732	0.500000
6.319894	3.714538	0.541410	0.500000
10.384382	4.711627	3.538444	0.500000
7.313772	0.105579	1.386587	0.500000
2.397874	3.481140	3.229588	0.500000
8.485886	1.609813	2.273181	0.500000
6.498220	1.308367	2.413929	0.500000
11.413341	1.660672	3.423749	0.500000
9.900166	4.126805	4.482973	0.500000
0.288781	1.864706	2.691828	0.500000
3.291668	0.494634	4.311018	0.500000
11.347369	7.277126	2.682077	0.500000
2.692157	7.014838	3.653429	0.500000
6.142552	9.764575	3.292267	0.500000
11.950919	6.662036	4.439275	0.500000
2.052449	9.964694	4.447652	0.500000
3.539144	9.904439	2.935614	0.500000
3.692879	5.763924	1.592690	0.500000
4.538501	5.754049	2.341692	0.500000
0.211353	2.365322	0.751844	0.500000
2.427790	11.802920	4.358536	0.500000
9.703989	8.934736	4.426637	0.500000
7.896677	3.382747	2.322620	0.500000
10.389804	0.470549	1.640336	0.500000
2.388636	5.610271	3.294703	0.500000
2.688399	4.718284	4.424847	0.500000
2.996316	9.429215	3.797291	0.500000
9.513144	10.473927	3.761149	0.500000
6.688139	1.279990	0.726540	0.500000
10.513632	3.324286	4.365778	0.500000
7.595104	10.928075	3.615278	0.500000
2.443785	1.391270	1.633134	0.500000
2.211881	0.386732	0.950275	0.500000
3.980660	0.782513	0.685921	0.500000
10.499378	8.281737	4.337808	0.500000
2.214991	8.911438	1.689072	0.500000
0.225425	7.688040	3.752471	0.500000
3.992910	2.979256	3.898495	0.500000
2.529333	8.329016	0.561019	0.500000
7.006606	10.776876	1.733380	0.500000
8.547622	8.916024	0.606524	0.500000
9.695656	0.566149	3.801339	0.500000
0.626883	0.927237	3.243352	0.500000
6.681750	6.609546	2.523179	0.500000
10.063767	1.463225	2.964626	0.500000
11.018079	1.389516	2.517798	0.500000
6.797300	8.436455	3.998017	0.500000
8.909498	2.603652	2.363574	0.500000
4.207119	2.007610	2.899941	0.500000
6.736898	8.708543	0.615970	0.500000
5.242716	11.071805	3.668143	0.500000
0.566709	8.858661	1.731901	0.500000
4.014379	1.129284	2.292629	0.500000
10.422032	8.969133	3.514740	0.500000
3.753621	0.953574	3.330631	0.500000
11.421416	4.796988	3.369556	0.500000
9.409270	2.204395	3.223496	0.500000
9.756756	5.209230	2.784258	0.500000
0.731718	9.396800	2.754223	0.500000
8.335439	11.509532	3.204035	0.500000
7.631301	8.932078	1.222108	0.500000
4.566406	7.619378	2.162158	0.500000
8.185457	4.886547	0.594316	0.500000
2.921521	3.314244	0.839874	0.500000
10.997769	8.199221	2.989769	0.500000
6.792395	3.641391	4.481559	0.500000
9.925447	4.303150	0.508384	0.500000
8.855479	6.409463	1.407192	0.500000
8.759560	8.711785	3.899686	0.500000
1.451454	6.864571	2.666624	0.500000
1.766591	0.618798	2.601374	0.500000
9.561571	8.205751	1.376639	0.500000
2.855682	1.236809	0.501719	0.500000
6.313484	8.186277	1.414045	0.500000
4.747403	2.000873	4.057418	0.500000
5.775187	1.971364	4.407868	0.500000
9.731343	11.255278	4.475820	0.500000
4.942123	3.882794	2.555567	0.500000
1.585332	1.935376	0.516101	0.500000
0.154028	3.476264	0.721523	0.500000
5.895093	11.783381	3.956123	0.500000
7.554840	6.065141	4.366724	0.500000
8.911638	4.520430	2.557272	0.500000
0.932481	7.939913	4.499929	0.500000
6.193679	7.572209	3.529064	0.500000
0.229668	3.169611	3.620151	0.500000
10.504863	2.581109	3.568008	0.500000
4.727606	8.583850	1.891569	0.500000
5.118602	10.984158	1.217836	0.500000
10.150473	6.032626	4.216459	0.500000
2.553128	8.593256	4.411828	0.500000
2.175241	7.328699	0.702479	0.500000
8.128265	10.383909	4.346553	0.500000
10.865504	10.362741	1.696850	0.500000
7.991565	5.262824	2.620616	0.500000
2.742766	7.140464	2.569795	0.500000
10.736313	1.981030	4.458086	0.500000
10.790091	9.799171	2.808130	0.500000
2.618902	2.638127	2.373026	0.500000
11.937951	11.710994	1.184718	0.500000
10.791585	10.785119	4.426028	0.500000
4.812125	0.955092	3.174360	0.500000
5.365501	6.371122	0.786620	0.500000
9.216034	12.045541	3.245314	0.500000
2.346247	10.347175	1.084721	0.500000
4.934406	4.751439	2.022350	0.500000
2.248984	1.332852	4.402058	0.500000
4.912098	5.234672	1.003557	0.500000
5.631178	1.665745	1.034387	0.500000
12.163423	11.898755	2.260487	0.500000
0.552153	6.161186	3.522299	0.500000
12.219631	3.280379	2.551233	0.500000
7.370127	1.115370	4.447219	0.500000
5.932570	3.864374	3.250227	0.500000
12.036594	8.284607	2.227242	0.500000
11.765722	9.194233	2.841898	0.500000
7.357181	7.654647	0.710331	0.500000
6.841084	11.667570	3.446191	0.500000
10.035190	11.426838	3.446014	0.500000
6.367652	7.095940	4.423075	0.500000
1.151918	9.675002	1.672461	0.500000
4.873032	4.291623	3.638879	0.500000
0.232036	7.899387	0.578333	0.500000
7.733629	1.607808	0.513169	0.500000
1.598344	4.425193	3.561135	0.500000
4.451072	1.945072	0.566759	0.500000
0.489968	6.870023	0.643443	0.500000
7.829777	10.423570	0.719953	0.500000
7.091302	6.915693	3.657974	0.500000
3.147116	8.389533	3.077718	0.500000
9.507984	6.018223	0.717055	0.500000
8.842588	8.911356	1.693065	0.500000
5.672096	4.642013	0.643310	0.500000
2.136432	2.146990	3.597411	0.500000
10.925044	1.051361	0.901578	0.500000
1.239152	0.746311	1.507384	0.500000
11.531122	6.422127	0.576337	0.500000
5.486058	8.089767	2.375280	0.500000
6.440168	6.656370	0.506427	0.500000
3.385178	3.624155	4.393688	0.500000
3.362401	6.684905	0.937148	0.500000
11.494442	11.647567	4.101468	0.500000
11.277380	4.030357	4.100155	0.500000
11.158886	6.491209	1.662693	0.500000
11.931587	2.228533	1.785160	0.500000
4.756678	9.834398	0.522198	0.500000
1.646980	9.832227	2.707744	0.500000
7.731501	2.534854	1.323597	0.500000
6.269927	11.956924	0.628463	0.500000
8.558506	7.402490	4.218998	0.500000
2.960552	10.950427	4.469600	0.500000
1.090656	8.180091	2.907808	0.500000
0.250275	11.110002	3.873585	0.500000
0.597084	5.532081	4.366558	0.500000
10.068240	3.851259	3.045156	0.500000
6.676012	9.329053	1.657689	0.500000
3.596570	7.757571	1.951367	0.500000
11.459024	0.203738	0.660600	0.500000
11.224114	3.178377	2.160924	0.500000
4.985453	6.092405	4.463387	0.500000
0.655290	4.452817	2.359035	0.500000
0.714638	10.475003	2.288624	0.500000
11.631106	10.030519	2.300060	0.500000
12.039340	7.104828	1.614016	0.500000
6.572645	8.185459	2.694668	0.500000
11.619645	2.678487	3.139345	0.500000
6.713120	10.024384	0.893819	0.500000
4.096114	9.221889	3.558620	0.500000
10.994968	11.702391	2.994420	0.500000
8.464658	3.817872	0.646899	0.500000
8.419048	0.101359	1.261168	0.500000
7.440683	4.298816	3.605415	0.500000
7.633102	11.170108	2.507931	0.500000
3.954767	4.799614	4.390181	0.500000
9.208200	3.112209	0.939509	0.500000
4.943884	6.680642	1.746498	0.500000
4.609216	9.591453	1.608959	0.500000
10.543846	10.919172	0.770249	0.500000
1.764881	7.937416	2.084089	0.500000
6.941928	5.086032	2.856066	0.500000
3.648988	8.951827	4.442214	0.500000
3.419973	5.500502	2.571526	0.500000
0.137074	5.609395	2.526390	0.500000
4.907238	11.814718	0.583232	0.500000
4.267300	3.572706	1.661706	0.500000
0.525767	9.991445	4.075185	0.500000
11.423970	5.106104	2.404773	0.500000
5.222477	1.084591	4.249732	0.500000
11.778453	0.552671	3.090650	0.500000
9.143819	9.832888	2.421682	0.500000
11.532926	2.940712	0.732988	0.500000
7.947161	6.491542	2.014603	0.500000
3.260504	3.458768	1.884275	0.500000
3.474135	6.281363	3.242017	0.500000
2.102662	3.666210	2.276914	0.500000
10.140881	6.237129	2.179434	0.500000
1.106895	3.144880	2.429910	0.500000
9.355042	0.537156	1.530381	0.500000
11.413452	0.279554	1.725929	0.500000
9.412648	6.354472	3.549692	0.500000
10.382772	5.979273	1.200863	0.500000
2.787021	2.441250	4.497580	0.500000
6.890797	7.215229	1.748349	0.500000
3.631856	9.993572	4.393798	0.500000
0.945751	6.571562	4.487301	0.500000
3.119160	2.661368	3.294002	0.500000
4.920876	3.227897	3.604095	0.500000
1.696225	11.265256	0.537786	0.500000
8.860996	4.598964	1.299250	0.500000
8.624541	1.161735	1.011584	0.500000
3.758890	9.960118	0.573430	0.500000
2.604974	10.575741	2.221608	0.500000
7.578456	9.784318	1.796060	0.500000
6.788324	10.591533	2.704588	0.500000
10.392545	3.020050	1.537342	0.500000
10.975975	7.096350	4.482374	0.500000
8.412566	1.226580	4.395456	0.500000
9.146525	7.067021	0.660547	0.500000
3.460038	0.179948	2.625961	0.500000
6.681073	0.288848	4.378486	0.500000
1.301139	7.962077	0.604957	0.500000
5.882766	12.009039	1.774177	0.500000
0.633100	10.103497	0.538556	0.500000
9.136498	0.867990	2.655901	0.500000
6.253996	6.331764	1.445883	0.500000
0.138882	0.535984	4.377606	0.500000
3.986911	8.942986	0.582264	0.500000
2.988225	9.304424	0.559228	0.500000
5.067972	5.162350	3.169513	0.500000
1.760907	4.636797	2.500817	0.500000
2.002536	3.776210	0.733789	0.500000
8.593671	5.529349	3.445450	0.500000
10.943471	4.106764	0.880123	0.500000
2.524857	11.462203	1.334833	0.500000
4.279271	7.818882	4.235959	0.500000
7.535494	5.883976	3.309831	0.500000
3.840508	7.469667	3.036901	0.500000
