500

11.877079	8.353983	2.940281	0.500000
7.324907	8.153383	2.543015	0.500000
8.822681	0.684224	2.682953	0.500000
9.771808	2.152099	2.588681	0.500000
3.130548	9.741453	2.709457	0.500000
0.180919	0.313001	4.480334	0.500000
11.511607	7.883039	0.845646	0.500000
8.208260	9.721980	2.435509	0.500000
10.556294	11.602816	4.293937	0.500000
3.638926	11.686078	4.144760	0.500000
11.628715	10.666450	2.533531	0.500000
11.097385	1.922668	4.388195	0.500000
2.431855	6.049683	1.236251	0.500000
8.258912	6.217798	1.040691	0.500000
2.402608	0.301751	2.156391	0.500000
0.975532	3.561453	4.459169	0.500000
5.442621	3.725477	4.445040	0.500000
5.236571	9.076875	4.401868	0.500000
11.947252	5.225100	2.580557	0.500000
10.734785	7.139305	2.577953	0.500000
2.313729	11.163014	1.605948	0.500000
3.453842	1.187367	3.524161	0.500000
10.543295	9.446619	1.922238	0.500000
6.497283	10.825647	3.461269	0.500000
0.847460	8.967843	4.270307	0.500000
10.423179	8.239026	0.535775	0.500000
3.893179	6.205554	3.363998	0.500000
7.052382	7.939155	0.534004	0.500000
7.377053	2.616345	1.984595	0.500000
4.064632	3.465148	0.735356	0.500000
1.677885	9.694072	4.454703	0.500000
3.067387	4.234980	4.280805	0.500000
3.148715	5.515421	0.628613	0.500000
0.681041	8.125136	2.489065	0.500000
3.335771	7.008161	2.891156	0.500000
3.252991	7.091369	4.475111	0.500000
12.121289	3.953795	0.552968	0.500000
5.130566	1.212641	1.255825	0.500000
7.308599	6.169393	2.899265	0.500000
4.268794	0.698648	4.488696	0.500000
9.354304	4.824499	1.573299	0.500000
1.198855	4.841331	1.729143	0.500000
3.892296	10.699423	4.456745	0.500000
2.175567	1.376514	3.507977	0.500000
5.318206	7.362232	1.987529	0.500000
10.413069	9.615434	4.454796	0.500000
6.959407	0.617351	2.373633	0.500000
4.357478	3.713933	1.698633	0.500000
5.185984	8.149776	2.945902	0.500000
0.059267	1.306275	4.298197	0.500000
3.430738	7.996654	4.086735	0.500000
11.988026	11.473662	4.137394	0.500000
11.261495	2.166561	3.346351	0.500000
6.255850	9.830306	2.402745	0.500000
8.150751	4.127111	0.562260	0.500000
8.911820	2.796437	2.886165	0.500000
3.816191	10.791885	1.872239	0.500000
11.097461	5.181269	2.009074	0.500000
4.649851	1.882224	3.509947	0.500000
11.476243	4.937756	0.881820	0.500000
1.785302	0.702145	4.371283	0.500000
3.083559	0.166791	3.334565	0.500000
3.307910	1.140959	0.509289	0.500000
8.128327	7.777713	3.239660	0.500000
9.490118	0.450098	3.530753	0.500000
3.154343	1.646023	4.452594	0.500000
1.590958	8.703175	2.616122	0.500000
5.756399	1.816541	3.340901	0.500000
12.097208	6.370118	1.713669	0.500000
5.241885	9.128272	2.247737	0.500000
10.937549	5.788303	0.560635	0.500000
1.503892	0.043882	1.005779	0.500000
3.902116	10.496590	0.856165	0.500000
6.928481	8.014725	4.357927	0.500000
2.802974	1.080834	1.411135	0.500000
4.339638	0.979095	0.640321	0.500000
5.746953	3.746996	2.551979	0.500000
10.927017	8.461785	4.341338	0.500000
10.144690	11.211888	0.648745	0.500000
8.458801	2.760446	0.796040	0.500000
1.447587	1.093766	1.027618	0.500000
10.159370	5.535391	4.196838	0.500000
5.150773	10.122908	3.030168	0.500000
3.821734	3.205222	3.923240	0.500000
2.238305	7.673201	2.392837	0.500000
11.216123	10.990877	0.529026	0.500000
2.873742	9.919891	1.666565	0.500000
5.394027	11.681349	0.590166	0.500000
4.956645	6.439673	2.325056	0.500000
5.266544	6.832289	4.379815	0.500000
7.630772	7.436904	1.375656	0.500000
4.932273	10.705417	1.045072	0.500000
7.556258	2.446021	4.240059	0.500000
4.916637	0.135216	1.426043	0.500000
10.398597	3.443814	2.488566	0.500000
5.891855	10.861112	2.638593	0.500000
5.051487	6.757205	3.322836	0.500000
10.775419	11.294166	3.023643	0.500000
10.043516	3.395385	1.146255	0.500000
11.158003	12.088972	0.893673	0.500000
6.941907	1.782279	3.472461	0.500000
3.988196	8.107667	2.846020	0.500000
8.434368	6.206732	3.789827	0.500000
2.009963	1.799829	4.399549	0.500000
2.727347	3.478147	3.716460	0.500000
9.555990	4.320398	0.534370	0.500000
8.015408	1.281694	2.562471	0.500000
3.569018	5.108232	4.406333	0.500000
10.606134	7.788859	3.396026	0.500000
9.706281	1.839106	1.442748	0.500000
7.761586	9.145201	3.443129	0.500000
10.739091	3.735102	3.507229	0.500000
6.902173	9.841313	3.535706	0.500000
5.968092	4.735267	4.136346	0.500000
11.327932	5.527455	4.445672	0.500000
1.284493	6.224078	3.023387	0.500000
8.228966	1.337988	4.394124	0.500000
8.943400	9.089693	1.094523	0.500000
0.354963	2.677593	3.943290	0.500000
0.458542	0.863925	0.542905	0.500000
8.628621	11.073951	3.440785	0.500000
5.213756	5.345177	1.891306	0.500000
2.830530	8.655836	2.945000	0.500000
11.982467	3.397280	2.872202	0.500000
9.127520	7.534269	3.046738	0.500000
2.433275	11.106487	3.444570	0.500000
6.304018	4.006374	3.500963	0.500000
0.492699	10.591162	2.337341	0.500000
11.388036	4.389879	2.675783	0.500000
3.719838	5.111571	3.363372	0.500000
0.163207	8.427315	1.537974	0.500000
2.691850	7.734454	3.318304	0.500000
3.022616	2.794813	4.416536	0.500000
0.324575	4.317733	2.390780	0.500000
5.344095	1.039856	4.237222	0.500000
9.553056	9.579759	2.665017	0.500000
6.266531	10.300081	0.517210	0.500000
0.164340	5.625826	3.511294	0.500000
0.133273	0.742636	2.771971	0.500000
7.626068	3.438504	1.296486	0.500000
8.006459	7.157580	2.388928	0.500000
6.840733	5.107789	4.491197	0.500000
5.399172	2.354037	1.344624	0.500000
8.038379	11.642327	4.047195	0.500000
5.069453	4.406461	3.721979	0.500000
9.082898	9.991485	1.655762	0.500000
2.022771	3.408443	1.611767	0.500000
4.015551	2.285106	2.194984	0.500000
7.840558	10.783573	2.135539	0.500000
6.591000	3.715259	1.453299	0.500000
9.774013	10.542345	2.847298	0.500000
0.920804	1.831728	4.281190	0.500000
4.750865	6.612580	0.560702	0.500000
9.928043	8.397516	2.866663	0.500000
1.158762	1.051873	3.605528	0.500000
10.116610	10.343667	1.709422	0.500000
5.998376	8.347266	3.513408	0.500000
10.054176	3.710507	4.412225	0.500000
0.434776	6.672269	4.299492	0.500000
6.963266	6.943001	2.304711	0.500000
1.055013	3.617845	2.197455	0.500000
3.385708	11.360095	0.570870	0.500000
1.937067	5.191325	0.528677	0.500000
4.176656	5.267324	1.984521	0.500000
8.453552	11.650699	1.663869	0.500000
1.228620	9.352714	3.370981	0.500000
6.434138	5.947010	1.975130	0.500000
2.380608	7.821915	4.458340	0.500000
5.976187	3.064588	3.375309	0.500000
3.494594	9.249764	3.609079	0.500000
1.606618	2.736961	4.454878	0.500000
10.056750	8.900178	3.807895	0.500000
4.731633	2.116674	0.589538	0.500000
3.129479	4.051968	2.907983	0.500000
2.445051	9.207984	3.733661	0.500000
8.435000	9.835672	0.538149	0.500000
6.417150	0.906513	3.505988	0.500000
8.554461	9.396584	4.329625	0.500000
0.346499	3.200444	1.559976	0.500000
9.807699	1.185561	2.328260	0.500000
10.395650	2.684803	3.437290	0.500000
9.102847	3.632856	3.705967	0.500000
7.289278	6.770224	0.664715	0.500000
8.958141	2.559015	4.328233	0.500000
4.032911	4.139840	3.401590	0.500000
11.012897	11.152384	1.637565	0.500000
5.897977	0.418082	2.200500	0.500000
10.670914	0.829793	1.632465	0.500000
8.733858	1.444568	0.818838	0.500000
8.788320	0.388987	0.544919	0.500000
2.861037	5.963799	3.743906	0.500000
5.378569	3.666162	1.621665	0.500000
5.113097	10.345238	1.960755	0.500000
5.956431	4.846921	2.712634	0.500000
4.635064	11.226144	4.004310	0.500000
1.998445	2.261124	3.060629	0.500000
0.766055	10.061969	1.390547	0.500000
9.972191	6.662528	3.954912	0.500000
11.426193	3.181129	4.087986	0.500000
3.837458	7.031077	0.509321	0.500000
2.822118	3.069315	0.549567	0.500000
9.098834	5.620418	4.488511	0.500000
9.771650	5.542426	2.452082	0.500000
5.916060	9.607036	1.210372	0.500000
12.177259	5.809582	0.563777	0.500000
9.399389	2.234775	0.553730	0.500000
2.346425	9.060712	1.612754	0.500000
4.397415	2.747947	1.362194	0.500000
0.731859	8.071138	3.590954	0.500000
7.497121	0.874353	3.352128	0.500000
6.305344	7.099984	4.402743	0.500000
2.339284	4.006279	0.541196	0.500000
11.030279	10.006836	0.606178	0.500000
4.326077	7.128996	2.702976	0.500000
4.123340	2.275702	4.324482	0.500000
3.181757	2.478601	3.250126	0.500000
0.756074	11.748797	2.442714	0.500000
8.737911	7.432430	1.606450	0.500000
12.201278	0.134866	1.075324	0.500000
4.351613	9.667903	1.972528	0.500000
7.893285	5.232408	1.870035	0.500000
3.364862	9.598493	0.504406	0.500000
7.095038	1.643327	2.235619	0.500000
4.117410	1.594823	1.420996	0.500000
5.209357	8.628449	0.999564	0.500000
5.225206	5.665098	0.923295	0.500000
0.161191	1.689540	3.317829	0.500000
7.827166	2.727702	2.939874	0.500000
4.348575	6.238548	1.550326	0.500000
1.806251	6.823792	4.415986	0.500000
5.110857	9.813562	0.598041	0.500000
6.667738	8.991677	4.160511	0.500000
1.779323	5.852658	1.982556	0.500000
3.112912	12.088277	1.341345	0.500000
8.416814	10.543477	4.496266	0.500000
10.616314	0.699231	2.749537	0.500000
3.967643	3.163913	2.808977	0.500000
10.373460	2.552873	1.875375	0.500000
7.098787	11.285219	0.719077	0.500000
0.873517	11.591514	4.397769	0.500000
6.362498	7.422018	1.189724	0.500000
1.684229	4.272354	3.478154	0.500000
7.251861	9.381706	2.576701	0.500000
1.907903	10.011951	1.948543	0.500000
11.105958	3.726278	0.633982	0.500000
11.877561	11.587341	2.890824	0.500000
12.084887	9.667729	0.631511	0.500000
6.252285	6.499122	3.207471	0.500000
8.596513	7.095304	0.520576	0.500000
4.588314	8.333041	1.886796	0.500000
10.250917	1.060338	0.533056	0.500000
4.916708	3.157245	3.261001	0.500000
7.744306	4.290187	4.467283	0.500000
10.153263	4.388099	2.265284	0.500000
11.813293	7.661664	1.852278	0.500000
4.809186	9.143888	3.211113	0.500000
8.050172	8.356511	1.729839	0.500000
0.450415	10.884679	3.637339	0.500000
3.419626	3.171743	1.469971	0.500000
5.478237	10.234865	4.284103	0.500000
11.893130	10.120959	3.338730	0.500000
1.329215	11.396665	1.675350	0.500000
9.419400	5.327854	3.409266	0.500000
2.749695	6.730064	0.564534	0.500000
10.273411	12.120210	1.724970	0.500000
1.705349	7.934428	3.348729	0.500000
5.575539	1.634376	2.268424	0.500000
6.852741	4.338772	2.405866	0.500000
6.846209	10.662110	2.312626	0.500000
6.412273	11.076180	1.433643	0.500000
0.734337	0.464678	1.954342	0.500000
3.061075	1.717723	2.191047	0.500000
6.721617	1.087211	1.449151	0.500000
4.862160	5.465670	4.447863	0.500000
7.762639	12.080407	0.561714	0.500000
9.683735	11.356041	2.201374	0.500000
2.704249	2.140195	1.198699	0.500000
9.497679	10.414402	0.598081	0.500000
0.494955	7.271726	1.662049	0.500000
1.000709	4.728048	4.298605	0.500000
7.601053	5.525291	3.885285	0.500000
10.060473	2.272801	4.494736	0.500000
1.058750	11.122263	0.720307	0.500000
0.674438	1.741635	1.169940	0.500000
4.762050	4.239464	2.659955	0.500000
0.835172	2.695704	3.006747	0.500000
8.922456	1.284511	3.571352	0.500000
8.133810	0.704410	1.709571	0.500000
6.161913	2.167619	4.493635	0.500000
7.268286	0.226363	4.232299	0.500000
4.427331	8.133352	0.586423	0.500000
0.996367	3.623514	0.713521	0.500000
11.356467	6.082308	2.467865	0.500000
9.020022	8.768643	2.286770	0.500000
6.160956	0.119125	4.370146	0.500000
7.246270	3.501352	3.411923	0.500000
11.411842	0.071837	4.465625	0.500000
11.628158	0.879429	0.718017	0.500000
9.897240	11.599851	3.409207	0.500000
4.657982	5.385482	2.909632	0.500000
8.323740	2.137656	3.647123	0.500000
6.196441	6.560010	0.640675	0.500000
10.225237	0.048783	0.537999	0.500000
3.306322	8.246181	1.064320	0.500000
5.007180	7.892972	4.404149	0.500000
9.797531	9.857490	3.664413	0.500000
10.210147	6.204819	1.838547	0.500000
9.504898	7.580785	4.053835	0.500000
7.373355	11.589254	1.633203	0.500000
6.403034	8.717608	2.672528	0.500000
8.922900	3.611798	1.076929	0.500000
7.321224	0.982421	0.581184	0.500000
0.640556	12.188308	3.375683	0.500000
10.577922	2.014674	0.641429	0.500000
9.232843	11.609095	0.808615	0.500000
3.424267	4.568074	0.894070	0.500000
11.411597	1.130198	3.841591	0.500000
9.092109	3.979142	2.139324	0.500000
3.946109	11.582995	2.526598	0.500000
0.532615	6.662999	0.795577	0.500000
2.017317	11.693505	4.167161	0.500000
12.193025	7.524913	3.962388	0.500000
6.480349	10.277718	4.418625	0.500000
11.596931	0.270495	3.351403	0.500000
8.476933	4.895315	3.992314	0.500000
0.979394	9.286289	0.539539	0.500000
7.269475	9.148745	0.544488	0.500000
4.205732	5.631710	0.644265	0.500000
7.682275	6.299731	1.958555	0.500000
8.833238	10.739509	2.375524	0.500000
11.222062	6.626446	3.824768	0.500000
5.489988	7.588543	0.704944	0.500000
6.811961	2.587857	0.575890	0.500000
1.745841	0.506014	2.996039	0.500000
9.967291	6.527086	2.871503	0.500000
1.953258	3.356217	2.937851	0.500000
3.402963	0.532215	2.286919	0.500000
1.442138	10.765264	4.297300	0.500000
6.168312	7.578970	2.556925	0.500000
10.767864	4.665118	4.346138	0.500000
2.582681	10.574537	2.467113	0.500000
6.949553	1.270087	4.355177	0.500000
12.208286	5.011364	1.624279	0.500000
7.701636	2.039842	0.750186	0.500000
0.586577	5.688324	2.363352	0.500000
1.004469	4.621154	0.622816	0.500000
11.260279	1.591374	2.475834	0.500000
8.231019	8.141390	0.544448	0.500000
11.411817	2.908062	1.339691	0.500000
6.369936	2.736991	1.575194	0.500000
6.810652	4.417485	0.698500	0.500000
2.299574	0.394476	0.509905	0.500000
9.910870	5.696896	0.965679	0.500000
9.726073	4.348624	3.261362	0.500000
7.035040	8.536635	1.562585	0.500000
3.572900	5.961138	2.428421	0.500000
4.293458	4.358795	4.489147	0.500000
8.931592	6.262176	2.193987	0.500000
1.197366	1.726980	2.732799	0.500000
11.831648	0.797953	1.823715	0.500000
0.260779	8.155245	0.517602	0.500000
5.069416	2.558225	2.296207	0.500000
6.392399	2.298223	2.736998	0.500000
2.914607	11.635404	2.527895	0.500000
5.693820	11.255156	4.331474	0.500000
4.070408	12.131069	0.653392	0.500000
10.419263	7.482472	4.450998	0.500000
1.770075	9.880523	0.723786	0.500000
2.165241	4.197912	2.310762	0.500000
3.086702	9.554694	4.498473	0.500000
7.547984	5.470225	0.541123	0.500000
5.951172	2.009132	0.554604	0.500000
3.909383	6.203466	4.402832	0.500000
6.144672	5.848693	4.467733	0.500000
2.070098	6.879853	3.123076	0.500000
8.231059	3.794431	3.077637	0.500000
11.252633	2.755169	2.464260	0.500000
2.418598	8.901662	0.505710	0.500000
8.574186	10.057892	3.374551	0.500000
2.618553	5.255708	2.130580	0.500000
9.105865	2.820474	1.796385	0.500000
7.772853	4.651752	2.835374	0.500000
2.478413	6.574220	2.097626	0.500000
0.286450	9.546080	2.141565	0.500000
4.416186	1.348798	2.434525	0.500000
10.651818	10.195314	3.253419	0.500000
0.989456	5.035696	3.094666	0.500000
1.300140	7.781689	4.377543	0.500000
2.791761	0.108046	4.492496	0.500000
9.487590	4.649682	4.470998	0.500000
2.266034	11.585451	0.623522	0.500000
6.107736	3.672553	0.506061	0.500000
6.280564	5.457408	0.838011	0.500000
12.163845	6.616800	3.125551	0.500000
4.335412	7.363693	1.554859	0.500000
10.368022	6.989789	0.519137	0.500000
11.221057	10.740307	4.252684	0.500000
10.943886	8.974285	2.993346	0.500000
5.161018	4.111150	0.735821	0.500000
1.467020	8.111394	0.787601	0.500000
6.983147	7.328497	3.618466	0.500000
2.530831	10.551767	0.601739	0.500000
5.535136	6.451557	1.472794	0.500000
3.907033	10.442713	2.908196	0.500000
6.966203	11.468898	4.351863	0.500000
11.534007	8.658984	2.008111	0.500000
6.798543	5.061412	1.630865	0.500000
9.272814	8.587059	4.345430	0.500000
6.189574	8.655329	0.693842	0.500000
7.172936	11.800006	2.927668	0.500000
2.601833	10.871672	4.432469	0.500000
5.152225	0.062826	4.118164	0.500000
10.002739	7.698854	1.903484	0.500000
1.723865	2.214856	0.756475	0.500000
9.922885	1.509710	3.390934	0.500000
9.243518	0.641568	1.647553	0.500000
6.730044	3.262079	2.500906	0.500000
3.393665	8.697059	2.026410	0.500000
8.212595	3.337831	4.342579	0.500000
3.407154	6.587074	1.477000	0.500000
10.589299	4.525972	1.356045	0.500000
9.088501	11.401747	4.485318	0.500000
7.317606	6.358182	4.486105	0.500000
2.412849	7.758237	0.715203	0.500000
7.854522	9.557161	1.447598	0.500000
9.460564	6.748440	0.985812	0.500000
1.202112	5.665463	3.879663	0.500000
0.188602	9.266873	3.482669	0.500000
1.346528	6.032682	0.685633	0.500000
6.973395	4.868181	3.424225	0.500000
10.776007	8.253615	1.483691	0.500000
9.671239	0.152867	2.519093	0.500000
8.910527	5.409382	0.576993	0.500000
8.540085	1.911320	1.945440	0.500000
11.683724	4.138491	4.306012	0.500000
5.036171	11.319593	2.889804	0.500000
9.810751	8.564101	1.424053	0.500000
0.010005	1.999791	2.109947	0.500000
2.536926	4.594910	1.365285	0.500000
1.225982	7.018824	2.314393	0.500000
10.250255	0.542747	4.423950	0.500000
7.250830	10.383181	1.316514	0.500000
5.884872	9.519125	3.647383	0.500000
2.009672	3.672620	4.446896	0.500000
9.510419	1.390689	4.499556	0.500000
1.862900	8.697633	4.440649	0.500000
2.111336	5.465313	2.975551	0.500000
4.241550	7.367830	3.750465	0.500000
9.420364	7.867187	0.779303	0.500000
11.750197	4.053022	1.755748	0.500000
2.813516	10.210788	3.688488	0.500000
5.197205	0.803072	3.185459	0.500000
5.814623	11.999798	3.378811	0.500000
3.203438	7.594571	1.866577	0.500000
8.291640	0.077860	3.296635	0.500000
0.744764	3.944576	3.253964	0.500000
7.812983	8.627734	4.351836	0.500000
8.433990	10.783823	0.885214	0.500000
11.743011	6.907731	0.663512	0.500000
1.297095	9.219557	1.708793	0.500000
12.166632	4.640162	3.445896	0.500000
0.405723	10.306726	4.492932	0.500000
12.162992	2.309936	0.811425	0.500000
0.025586	11.379590	1.548985	0.500000
1.825738	10.305095	3.409764	0.500000
2.007982	4.810174	4.389583	0.500000
1.697416	11.118514	2.751755	0.500000
1.585004	6.789238	1.349256	0.500000
4.324429	12.178327	3.285961	0.500000
8.249172	4.315655	1.555254	0.500000
5.961173	0.857606	0.757630	0.500000
3.481113	4.289570	1.985996	0.500000
1.858514	2.453640	2.089034	0.500000
1.058092	7.117386	3.544954	0.500000
3.618441	2.337246	0.524149	0.500000
1.992341	1.411363	2.094031	0.500000
2.796166	2.906277	2.404218	0.500000
8.408389	5.539909	2.959343	0.500000
9.060526	6.733778	4.488098	0.500000
9.814512	10.731952	4.195704	0.500000
11.667404	9.984486	1.785070	0.500000
11.965811	8.648396	4.263091	0.500000
5.675945	5.593984	3.616037	0.500000
8.961283	9.121178	3.442620	0.500000
5.033978	2.773204	4.474152	0.500000
11.258447	8.916514	0.908882	0.500000
11.438677	1.876589	1.500234	0.500000
5.467392	11.354349	1.670250	0.500000
8.721612	0.150857	4.269756	0.500000
4.160539	9.184623	4.465164	0.500000
0.011235	10.689800	0.772368	0.500000
10.929691	7.102844	1.582211	0.500000
11.069320	5.466116	3.341859	0.500000
5.872704	4.614537	1.567107	0.500000
10.095115	9.321602	0.816993	0.500000
11.466958	9.536315	4.135841	0.500000
4.261392	9.334764	0.913614	0.500000
8.482995	7.754950	4.493073	0.500000
8.881899	11.751065	2.700866	0.500000
7.498530	10.999552	3.480705	0.500000
