500

10.473096	2.995084	2.560742	0.500000
3.445516	7.974372	1.649092	0.500000
3.437737	3.268053	0.659651	0.500000
10.940783	7.078295	3.057576	0.500000
6.695021	0.653938	0.524021	0.500000
10.773232	4.735493	3.597194	0.500000
11.978165	5.272554	3.371023	0.500000
10.874343	3.954210	0.706528	0.500000
1.865391	3.056192	3.416349	0.500000
1.636868	8.552354	4.468243	0.500000
6.437373	12.171074	3.907014	0.500000
0.511039	3.542469	0.614830	0.500000
6.527929	3.505312	4.306515	0.500000
9.758434	10.455908	0.623238	0.500000
9.928715	5.053877	1.639267	0.500000
3.808974	0.514075	0.542674	0.500000
11.220093	3.723615	3.349441	0.500000
1.937058	4.478975	3.213648	0.500000
8.262953	7.831340	1.707067	0.500000
10.970535	8.172193	2.968632	0.500000
3.084708	4.914692	2.561209	0.500000
0.840471	11.920767	4.328902	0.500000
6.933973	2.920615	0.538789	0.500000
2.501365	5.799774	3.186905	0.500000
6.957322	11.242712	3.760099	0.500000
1.883035	7.487332	4.043827	0.500000
12.022137	11.651876	4.385263	0.500000
2.349919	0.224913	1.106412	0.500000
5.955257	6.027354	4.414524	0.500000
6.731730	4.298176	3.591656	0.500000
4.484525	3.248384	3.489430	0.500000
6.842765	4.050197	0.636805	0.500000
5.325348	1.803663	4.399814	0.500000
8.898469	7.186230	1.017738	0.500000
11.466141	10.639732	1.638965	0.500000
4.971175	12.025021	4.320251	0.500000
6.718926	10.274610	1.417090	0.500000
9.981709	7.795662	3.555058	0.500000
1.911726	1.891724	4.426104	0.500000
0.237270	8.461600	4.297296	0.500000
8.658861	7.138506	3.048151	0.500000
11.412081	3.183068	4.429540	0.500000
2.208073	7.348681	3.083222	0.500000
5.198318	0.799654	2.100642	0.500000
3.746242	8.715692	2.261817	0.500000
8.660150	9.220476	1.550346	0.500000
9.337227	3.853766	2.978454	0.500000
5.041705	3.376657	2.659583	0.500000
1.095716	10.438800	1.361081	0.500000
9.212919	2.972522	1.814654	0.500000
5.869222	5.105184	3.482801	0.500000
2.738298	8.209405	4.428893	0.500000
10.497820	9.043963	0.736619	0.500000
9.207276	3.101154	0.507411	0.500000
1.435149	7.910432	0.587408	0.500000
11.861372	6.296871	4.455966	0.500000
3.056715	7.244255	4.475810	0.500000
0.240647	3.760687	1.566190	0.500000
8.019899	1.211363	1.801611	0.500000
11.602945	8.786468	0.538301	0.500000
8.225484	8.251520	2.632762	0.500000
9.464523	9.262127	4.333938	0.500000
0.623547	6.874546	0.517067	0.500000
0.191941	6.914356	3.584971	0.500000
11.930347	8.867209	3.317546	0.500000
8.823119	5.409016	3.852209	0.500000
0.971058	4.406631	4.476741	0.500000
8.661055	3.888814	1.132580	0.500000
5.422496	6.145936	0.543291	0.500000
11.090387	9.529563	3.169384	0.500000
10.121278	6.117908	1.609052	0.500000
6.855463	6.176713	2.110908	0.500000
2.491420	0.772588	4.475412	0.500000
3.723774	5.647144	1.941197	0.500000
1.597663	6.567502	0.661305	0.500000
3.030167	1.175751	0.724408	0.500000
1.789383	1.037004	0.507785	0.500000
6.091422	10.169359	4.230477	0.500000
4.067876	4.757423	0.815898	0.500000
11.693329	4.243476	4.235160	0.500000
5.768426	9.079969	1.096657	0.500000
8.060713	4.853449	0.608816	0.500000
7.522154	10.712280	0.680382	0.500000
8.627017	4.734543	3.045999	0.500000
8.863311	9.234185	3.506698	0.500000
9.451580	2.236211	3.805752	0.500000
11.322294	11.938319	1.515930	0.500000
1.743448	5.662099	4.065671	0.500000
6.810805	8.677515	3.843467	0.500000
1.154911	4.609749	1.364511	0.500000
1.842921	4.994759	2.257214	0.500000
1.101980	2.387925	3.388505	0.500000
11.420927	5.365272	4.467545	0.500000
3.085953	1.175293	3.466784	0.500000
5.130046	11.098844	3.289961	0.500000
11.144509	7.067638	0.555521	0.500000
10.459294	5.985935	3.397450	0.500000
11.944679	11.430623	3.215318	0.500000
2.243155	3.403859	0.699042	0.500000
1.675497	9.396577	0.551328	0.500000
7.372895	7.801201	0.739913	0.500000
2.175322	12.209317	3.239360	0.500000
6.583007	8.434896	0.861153	0.500000
6.767563	5.179755	2.289203	0.500000
1.685187	1.973046	2.514493	0.500000
8.229683	3.635258	3.259965	0.500000
5.744545	10.766624	0.758552	0.500000
0.227175	3.573759	4.274858	0.500000
3.800652	6.627410	1.508016	0.500000
7.939169	0.940188	3.155964	0.500000
10.590754	0.031325	3.567676	0.500000
4.239112	11.088452	2.707828	0.500000
5.629494	7.842375	0.822462	0.500000
10.529869	11.715680	2.100737	0.500000
2.288169	10.697113	1.917919	0.500000
0.109941	9.821963	3.228167	0.500000
4.251879	10.192388	3.357008	0.500000
5.339187	6.623452	2.962726	0.500000
5.449787	9.700514	2.075730	0.500000
0.852310	8.302978	1.742931	0.500000
3.206240	11.065946	2.897213	0.500000
9.942896	8.176934	2.631299	0.500000
0.704962	1.419216	0.501047	0.500000
4.724968	1.848669	0.544758	0.500000
4.119745	7.552844	0.722263	0.500000
10.195347	0.214576	1.307403	0.500000
3.304306	1.874528	4.459024	0.500000
9.114909	11.623591	4.491969	0.500000
3.156423	6.784679	3.477733	0.500000
3.058083	6.474114	2.480782	0.500000
1.501332	6.615599	3.619317	0.500000
8.778877	10.736292	1.515315	0.500000
1.364915	11.125228	3.410508	0.500000
4.795526	11.131536	0.740493	0.500000
2.538238	9.944167	2.709789	0.500000
9.511882	8.140060	4.409826	0.500000
9.774189	3.925080	0.642878	0.500000
6.928242	1.113023	1.482713	0.500000
7.071399	7.838057	2.076117	0.500000
4.919577	4.941528	2.868799	0.500000
7.256758	11.862589	4.496973	0.500000
2.444651	7.592323	0.580302	0.500000
7.203443	11.757856	0.562621	0.500000
5.216933	9.842281	0.590148	0.500000
10.920676	0.435192	2.609748	0.500000
9.766050	4.823616	2.788276	0.500000
4.349476	3.353475	1.931400	0.500000
6.170455	6.834969	1.216182	0.500000
1.485179	10.422775	2.506390	0.500000
7.076738	0.181098	3.052393	0.500000
4.514270	1.217042	1.389193	0.500000
2.619737	6.529216	0.585588	0.500000
4.663175	11.079342	4.496457	0.500000
0.311545	11.014742	2.476108	0.500000
12.032853	6.881663	2.493307	0.500000
6.652271	7.826471	3.273646	0.500000
4.712257	8.660339	4.470923	0.500000
10.419841	10.160496	2.532594	0.500000
3.926716	11.774227	1.477915	0.500000
9.588594	4.558366	4.481293	0.500000
3.907946	11.302599	3.628085	0.500000
8.896790	2.816462	2.884309	0.500000
10.638136	5.234588	2.327987	0.500000
4.731171	3.830123	4.455055	0.500000
3.176370	7.457479	2.734703	0.500000
0.382678	1.960445	3.997235	0.500000
4.219649	4.258682	3.266056	0.500000
11.852455	12.079381	2.450369	0.500000
10.445274	11.564979	4.384128	0.500000
2.084966	2.793182	1.498493	0.500000
4.972850	5.786866	3.493981	0.500000
3.129241	4.673313	3.530804	0.500000
2.263606	4.832105	4.269577	0.500000
11.388797	2.569011	2.690351	0.500000
11.564606	8.918393	4.293496	0.500000
10.031642	3.087443	3.507586	0.500000
8.198028	0.453963	4.452905	0.500000
10.040980	1.223379	1.545294	0.500000
9.611292	11.594603	1.187601	0.500000
10.581871	9.103091	4.456788	0.500000
9.269279	12.219899	3.647797	0.500000
6.168663	1.586312	3.668035	0.500000
12.008053	0.211909	3.446878	0.500000
1.092347	7.702290	3.465567	0.500000
8.610640	12.219433	0.536003	0.500000
7.215433	9.671765	0.765254	0.500000
2.505689	8.734015	0.602637	0.500000
8.011239	3.277051	0.644503	0.500000
10.055821	0.884002	3.552312	0.500000
11.303253	1.545192	2.767765	0.500000
5.876875	6.946584	3.985749	0.500000
0.446526	10.915049	0.659412	0.500000
2.365717	5.421119	0.586258	0.500000
6.112616	7.632440	1.830740	0.500000
7.435001	4.704500	2.988848	0.500000
3.868701	2.924745	4.317621	0.500000
4.983010	4.754173	3.953574	0.500000
6.001467	1.011300	2.751331	0.500000
2.547252	9.624753	4.430135	0.500000
11.961464	1.677171	1.883806	0.500000
8.680469	5.011931	1.437055	0.500000
1.440110	0.878302	4.496357	0.500000
10.765016	5.108263	0.670633	0.500000
7.499510	3.666349	1.789469	0.500000
3.399908	8.270274	0.570227	0.500000
10.992609	11.309979	3.572697	0.500000
0.786828	6.047098	4.361359	0.500000
2.505483	2.335585	0.525920	0.500000
9.469956	4.123050	1.814773	0.500000
9.642155	9.826040	3.202386	0.500000
6.192366	6.058883	3.328186	0.500000
0.403533	9.107309	0.606031	0.500000
7.940751	11.130102	4.318745	0.500000
2.322710	1.076005	2.246749	0.500000
11.901233	2.333416	0.512064	0.500000
5.698086	11.202180	4.358246	0.500000
5.744164	2.916465	1.690015	0.500000
7.230230	8.845195	2.594618	0.500000
6.531724	3.564106	1.453609	0.500000
1.116959	9.295326	1.601334	0.500000
4.707383	9.315234	2.879562	0.500000
5.056813	4.606533	0.562009	0.500000
4.241475	5.557701	4.415147	0.500000
0.740863	10.793833	4.284344	0.500000
1.081352	3.694390	3.388037	0.500000
11.037861	10.982944	2.577003	0.500000
2.554768	6.255024	4.179916	0.500000
7.584593	6.802183	2.757012	0.500000
4.206699	7.741993	4.443327	0.500000
9.595583	6.090184	0.551976	0.500000
8.512787	8.725308	0.578807	0.500000
12.027906	11.691684	0.762052	0.500000
7.008374	5.198236	1.171759	0.500000
8.985361	0.801475	1.869200	0.500000
10.624725	11.497418	0.628019	0.500000
7.624621	3.602173	4.463387	0.500000
1.173350	2.545700	0.629282	0.500000
3.307485	8.547962	3.349150	0.500000
10.824135	8.060724	0.655799	0.500000
8.160562	6.309817	3.507515	0.500000
4.942291	11.873147	1.673872	0.500000
8.723308	7.306535	4.047633	0.500000
6.163405	4.605386	1.602180	0.500000
8.481319	10.060072	0.761155	0.500000
1.936784	10.498597	0.759008	0.500000
9.019986	5.940872	2.995646	0.500000
7.606425	2.703056	2.144576	0.500000
10.641092	1.363709	0.580760	0.500000
7.963402	2.441758	3.570296	0.500000
7.067553	2.234204	3.149776	0.500000
9.643552	6.683410	3.393042	0.500000
6.535165	11.465999	1.723434	0.500000
12.097105	8.793948	1.518726	0.500000
12.188980	6.941757	1.459693	0.500000
5.196730	5.188565	1.564733	0.500000
11.451953	9.273206	2.208953	0.500000
0.899126	8.762679	3.437233	0.500000
1.073741	0.332512	0.503046	0.500000
0.942486	11.443174	1.352784	0.500000
10.391287	10.634452	1.524572	0.500000
3.749982	4.122724	4.243977	0.500000
10.435531	3.735546	4.442994	0.500000
4.446425	3.212859	0.855505	0.500000
12.035311	2.992922	3.570722	0.500000
4.455928	5.936773	1.105777	0.500000
0.729942	9.779678	4.409964	0.500000
3.057254	11.373018	4.366665	0.500000
3.364676	10.167383	2.127745	0.500000
2.744024	2.769176	4.445667	0.500000
0.027890	8.156546	2.318778	0.500000
11.369944	7.795832	4.036477	0.500000
9.780443	0.798955	0.538570	0.500000
5.195583	2.397306	3.559312	0.500000
8.074450	1.985208	2.664367	0.500000
10.897739	6.865250	4.239129	0.500000
8.715790	9.930649	4.386825	0.500000
6.495353	9.678556	2.763496	0.500000
4.523665	0.901519	4.493525	0.500000
6.990620	9.682784	4.031020	0.500000
1.416722	9.632696	3.614637	0.500000
7.587850	6.374237	0.544026	0.500000
6.550659	7.046699	2.612376	0.500000
0.026383	0.881737	2.526747	0.500000
1.760667	11.986519	1.967153	0.500000
10.888779	0.294519	0.527169	0.500000
8.842852	11.297120	3.571172	0.500000
4.241110	2.319592	3.036437	0.500000
6.861782	2.227355	1.566017	0.500000
11.273750	0.294260	4.474594	0.500000
8.980989	9.997902	2.411210	0.500000
5.655844	9.213569	3.368557	0.500000
8.162357	0.217178	2.308952	0.500000
0.218146	5.124457	4.487382	0.500000
3.458693	8.990820	4.450157	0.500000
10.897239	9.958567	0.986074	0.500000
5.390995	6.213832	1.566871	0.500000
4.212937	0.641019	3.564093	0.500000
9.626293	10.797938	2.588357	0.500000
3.274172	2.339099	3.525607	0.500000
9.774001	0.387680	2.360040	0.500000
11.411574	4.594278	2.619223	0.500000
11.626688	1.234566	3.686739	0.500000
0.987835	2.769535	4.475789	0.500000
3.058086	11.709644	0.543725	0.500000
6.848466	0.958914	4.336498	0.500000
8.383641	10.794465	2.745379	0.500000
4.894040	1.329686	3.105335	0.500000
3.578437	10.676975	0.955562	0.500000
6.625577	2.374811	4.346792	0.500000
8.615172	1.897298	4.471453	0.500000
1.755700	10.267673	4.457662	0.500000
2.150702	10.501228	3.457920	0.500000
6.737623	11.065670	2.712118	0.500000
1.282625	3.007317	2.562539	0.500000
7.693934	11.230421	2.154978	0.500000
3.131267	2.823910	1.514659	0.500000
6.201853	3.128065	3.171645	0.500000
3.024946	2.243185	2.450174	0.500000
4.377105	9.723687	1.913684	0.500000
2.257578	2.087365	3.402541	0.500000
1.332965	5.732982	2.857070	0.500000
1.536302	4.106191	0.501741	0.500000
0.280272	4.439254	2.698903	0.500000
6.071091	10.489698	3.190979	0.500000
10.601857	6.195860	0.512536	0.500000
0.979600	6.513648	1.455290	0.500000
7.996641	2.369309	1.264368	0.500000
11.460957	5.181325	1.553931	0.500000
6.749970	3.802117	2.555199	0.500000
10.385568	3.020665	0.539801	0.500000
7.345100	1.561337	0.690202	0.500000
6.732019	9.117328	1.664131	0.500000
3.468195	9.089470	1.174079	0.500000
2.753383	4.446881	0.528167	0.500000
7.825529	5.239922	4.495519	0.500000
4.393927	12.218926	2.448676	0.500000
5.740427	5.426661	2.419571	0.500000
9.483804	10.647101	4.484595	0.500000
3.241785	10.250273	3.679337	0.500000
4.230693	6.441048	3.798082	0.500000
5.676973	10.921611	1.758823	0.500000
7.798640	8.703583	1.386237	0.500000
11.449421	10.724011	4.475885	0.500000
0.232419	2.272493	2.825195	0.500000
0.852389	1.393402	2.794017	0.500000
1.301414	9.227955	2.617570	0.500000
6.178371	8.683568	2.397316	0.500000
5.424190	3.113524	0.515684	0.500000
5.833664	4.353845	4.373014	0.500000
4.871114	4.221765	1.762712	0.500000
8.509059	8.884035	4.389123	0.500000
10.962359	6.180730	2.313730	0.500000
2.483785	3.282696	2.426114	0.500000
5.368683	0.044797	3.409627	0.500000
4.082408	1.452738	2.317573	0.500000
5.229444	8.317265	1.739885	0.500000
6.562049	7.803418	4.337890	0.500000
2.871280	9.870167	0.711202	0.500000
1.060290	4.929595	3.478493	0.500000
9.015674	8.221936	3.451024	0.500000
2.991139	3.989823	1.562494	0.500000
7.252498	5.886351	3.213351	0.500000
2.129602	9.233461	1.974753	0.500000
7.911266	5.684939	1.258572	0.500000
1.853471	1.780427	1.423494	0.500000
9.098770	7.075540	2.009975	0.500000
3.577302	0.015399	4.367489	0.500000
3.154017	11.987934	3.305648	0.500000
0.675385	12.171375	2.252613	0.500000
10.385200	9.164331	2.449887	0.500000
3.776828	0.543283	1.704707	0.500000
3.013342	11.395931	1.937898	0.500000
1.652272	7.288536	1.614917	0.500000
7.770502	7.900079	4.029453	0.500000
8.106548	9.454905	2.645871	0.500000
1.280937	5.318403	0.664923	0.500000
1.923704	8.279151	1.543827	0.500000
7.626293	0.436580	1.241245	0.500000
10.229603	7.101453	2.305823	0.500000
4.671440	10.902232	1.781902	0.500000
11.726655	1.927980	4.493662	0.500000
6.447381	5.889904	0.566211	0.500000
9.539006	8.177624	1.570236	0.500000
4.045661	10.123445	4.355765	0.500000
12.168520	0.279267	1.395964	0.500000
4.490703	8.212407	2.857575	0.500000
7.859358	10.288261	1.703480	0.500000
4.185105	9.792466	0.634550	0.500000
6.178300	2.305248	2.591088	0.500000
10.995511	0.868331	1.376842	0.500000
0.445618	9.894514	2.111658	0.500000
10.482689	4.118973	2.411562	0.500000
3.214753	5.197019	4.474657	0.500000
10.482806	3.131342	1.536568	0.500000
1.559054	11.486761	0.557559	0.500000
9.838350	11.368613	3.489690	0.500000
0.786673	1.916499	1.850957	0.500000
5.947576	11.708367	2.737573	0.500000
1.733665	3.508899	4.313314	0.500000
7.960097	11.916086	3.400672	0.500000
9.361502	5.002108	0.553970	0.500000
5.086127	6.596140	4.498295	0.500000
3.532014	9.493320	2.894867	0.500000
3.102356	5.146026	1.241425	0.500000
11.751133	5.932423	0.580661	0.500000
0.394335	2.701418	1.287748	0.500000
5.504596	8.339747	3.839829	0.500000
8.451194	4.358211	3.996705	0.500000
5.789476	0.698503	4.285809	0.500000
8.227474	6.094084	2.190065	0.500000
3.342588	1.791553	1.613322	0.500000
6.642402	5.204146	4.483646	0.500000
9.673645	9.886278	1.448797	0.500000
5.621548	0.622594	0.578934	0.500000
1.784754	6.650424	2.429090	0.500000
7.759546	8.941304	3.519664	0.500000
2.034172	11.313797	2.676850	0.500000
4.697844	0.143968	0.815126	0.500000
11.407301	10.861867	0.567676	0.500000
11.156373	4.223034	1.674418	0.500000
8.571094	6.078253	0.610164	0.500000
4.809144	5.808781	2.301595	0.500000
4.692681	8.882262	0.755930	0.500000
3.600438	1.991162	0.596226	0.500000
3.587887	5.927050	0.542101	0.500000
7.475908	10.375010	2.821456	0.500000
10.636377	2.034634	3.554839	0.500000
0.962410	12.132081	3.261199	0.500000
8.579051	6.282750	4.429142	0.500000
9.757228	2.082794	1.971319	0.500000
0.147246	4.550513	0.573244	0.500000
1.869537	4.021911	2.003906	0.500000
5.567503	7.660981	2.889424	0.500000
5.420283	3.791331	3.645253	0.500000
4.272816	1.699328	3.884080	0.500000
5.513205	2.998517	4.466753	0.500000
2.224679	8.588383	3.503169	0.500000
4.600433	7.558311	1.996541	0.500000
6.845973	6.552897	4.137433	0.500000
6.409527	0.239369	1.549342	0.500000
9.946736	0.435826	4.468854	0.500000
0.953375	0.695811	1.501618	0.500000
3.890717	4.506026	1.858631	0.500000
8.897518	3.142530	4.425031	0.500000
7.597706	1.761990	4.384756	0.500000
10.823758	2.070425	1.922308	0.500000
5.476424	1.553314	1.484874	0.500000
10.452499	2.689952	4.428693	0.500000
9.108376	5.999839	1.512971	0.500000
0.772278	0.910802	3.702501	0.500000
0.039107	5.796062	1.466413	0.500000
9.095619	1.439606	2.938120	0.500000
3.778793	5.738813	3.227769	0.500000
2.700043	3.659940	3.571569	0.500000
10.216663	8.884121	3.538334	0.500000
11.591683	6.243410	3.249426	0.500000
9.886282	6.932457	4.338444	0.500000
1.293740	3.489328	1.273616	0.500000
0.264652	8.020636	0.814455	0.500000
8.823928	1.086855	0.924089	0.500000
6.099111	4.747455	0.586534	0.500000
0.984342	7.710083	4.472385	0.500000
9.300874	9.017475	2.617935	0.500000
4.186740	9.142200	3.719680	0.500000
5.666576	4.170070	2.732259	0.500000
11.748034	3.428990	0.762016	0.500000
1.742052	1.018603	3.446006	0.500000
9.437933	9.221707	0.714872	0.500000
8.792240	11.037614	0.513036	0.500000
11.544803	10.453541	3.306141	0.500000
11.566086	2.924824	1.763766	0.500000
7.626760	7.038761	1.417484	0.500000
10.607807	10.157532	4.142490	0.500000
2.962066	0.234242	2.397362	0.500000
5.880329	11.826672	0.781613	0.500000
7.236196	12.139804	2.074061	0.500000
10.706953	1.255982	4.405369	0.500000
12.204440	3.399007	2.533912	0.500000
5.056542	2.102119	2.270929	0.500000
4.811043	6.925006	1.116644	0.500000
7.644444	4.694020	1.873745	0.500000
8.036329	11.572574	1.132589	0.500000
9.455326	2.094175	0.552376	0.500000
3.421243	3.314795	2.932375	0.500000
7.243911	3.208690	3.376188	0.500000
4.271597	2.234810	1.401388	0.500000
8.940881	0.894948	3.944871	0.500000
4.779799	7.338505	3.716903	0.500000
0.734903	7.322701	2.130574	0.500000
10.301618	1.450795	2.735394	0.500000
1.439197	8.223476	2.630136	0.500000
9.014181	12.012823	1.958440	0.500000
4.125997	6.563704	2.585768	0.500000
2.626652	5.672175	2.008570	0.500000
11.732238	1.323466	0.776608	0.500000
11.115760	7.953719	1.940147	0.500000
1.681632	5.740996	1.537555	0.500000
6.361868	2.011268	0.652333	0.500000
8.053648	10.054111	3.622171	0.500000
10.576179	7.266028	1.379730	0.500000
