500

7.309023	8.286431	3.248896	0.500000
1.990135	4.032860	4.242097	0.500000
4.223146	0.149371	1.976537	0.500000
10.343403	5.534419	1.928194	0.500000
8.224557	8.545634	1.357319	0.500000
11.111214	3.164054	1.192651	0.500000
10.706656	6.199929	0.747348	0.500000
0.904014	3.898257	0.597618	0.500000
12.067807	2.526022	1.414738	0.500000
5.156788	6.152060	4.421213	0.500000
6.681263	5.265530	0.654835	0.500000
11.884857	1.866708	2.322974	0.500000
0.653210	5.155484	0.541584	0.500000
5.668242	11.219055	2.608374	0.500000
0.551677	2.684941	4.210343	0.500000
3.844091	2.357996	1.858672	0.500000
4.691561	3.293330	0.588534	0.500000
3.363044	8.340882	4.481645	0.500000
10.081876	7.584759	3.580755	0.500000
10.212472	8.112852	2.612575	0.500000
4.810647	0.933516	2.611518	0.500000
11.308975	0.213767	0.547825	0.500000
0.794317	8.655320	3.889914	0.500000
0.236634	5.965500	4.355955	0.500000
3.462514	8.206004	3.342441	0.500000
11.220022	11.324689	0.754455	0.500000
1.174092	2.649424	3.301534	0.500000
4.223169	6.269773	3.670353	0.500000
2.610565	7.536510	3.587635	0.500000
10.497183	5.938476	3.694575	0.500000
3.990775	10.437913	4.453382	0.500000
9.092455	3.395997	1.119621	0.500000
8.055351	0.761560	2.395616	0.500000
0.734567	1.501933	2.639552	0.500000
0.243293	2.258328	0.513829	0.500000
11.924060	8.102693	2.210260	0.500000
6.719588	11.278500	4.272595	0.500000
9.529893	7.552089	1.677079	0.500000
1.644864	7.968065	1.843269	0.500000
2.643314	6.747651	0.515053	0.500000
8.430144	4.471848	0.625324	0.500000
11.429187	9.117082	2.578055	0.500000
5.249010	3.654163	2.752149	0.500000
3.561852	5.126645	1.040239	0.500000
9.859098	6.766116	2.413386	0.500000
4.822564	1.835460	1.403267	0.500000
8.739468	3.678010	4.403518	0.500000
10.788177	11.868290	4.472640	0.500000
7.332148	7.403948	2.424241	0.500000
10.164320	11.511112	3.607225	0.500000
4.334645	3.053613	2.875812	0.500000
11.829246	4.622153	0.518699	0.500000
2.362471	5.365417	2.906197	0.500000
11.811253	5.999024	1.549032	0.500000
10.284054	1.535876	2.212880	0.500000
0.237788	3.243658	3.308733	0.500000
11.190030	12.127898	1.994630	0.500000
8.321998	4.493936	2.582206	0.500000
4.906547	8.864010	2.942073	0.500000
3.569345	2.100291	2.849119	0.500000
6.643172	10.638918	3.227340	0.500000
7.875673	10.813656	3.413121	0.500000
11.236216	11.156715	3.020747	0.500000
1.536209	9.463489	2.177947	0.500000
1.804590	9.083064	3.908876	0.500000
9.150464	0.197238	4.483881	0.500000
1.654272	1.652350	3.529666	0.500000
5.582050	2.490770	1.088904	0.500000
11.315299	4.987607	3.366506	0.500000
8.717740	6.937217	1.288274	0.500000
6.753632	6.769429	4.488887	0.500000
1.444246	0.578275	2.513079	0.500000
5.514688	5.801246	0.515540	0.500000
10.559166	4.969038	4.258000	0.500000
4.303250	7.647838	0.594979	0.500000
11.870831	12.184511	2.750957	0.500000
6.250850	5.170810	3.346431	0.500000
6.394109	9.231746	2.725625	0.500000
3.198673	1.275898	0.664547	0.500000
8.119551	3.773667	1.685543	0.500000
0.011469	5.459976	3.191197	0.500000
6.724864	2.923689	0.620022	0.500000
8.393739	11.934840	3.319449	0.500000
10.896304	7.192555	0.548737	0.500000
5.628411	4.580198	0.746433	0.500000
0.094336	1.167998	3.553119	0.500000
0.858040	2.816907	1.177294	0.500000
7.146640	7.767577	4.377301	0.500000
10.695829	8.421368	4.134108	0.500000
8.361447	0.835175	3.609810	0.500000
2.601062	3.198458	4.318874	0.500000
11.060092	2.136614	0.560416	0.500000
3.061950	1.456548	3.467130	0.500000
6.822067	9.666975	3.562292	0.500000
9.706317	9.906865	3.329702	0.500000
8.520972	2.444632	1.315280	0.500000
10.309461	10.879788	0.687570	0.500000
1.554943	8.771225	1.121396	0.500000
0.572512	3.536537	2.005791	0.500000
5.610983	3.566952	1.476230	0.500000
1.202061	6.972098	1.500776	0.500000
9.541036	11.499555	1.603789	0.500000
6.796733	1.680730	0.569279	0.500000
2.518000	8.589516	1.579605	0.500000
0.099642	11.828561	1.139041	0.500000
8.910913	9.311359	4.179745	0.500000
8.181988	10.479115	2.147535	0.500000
4.249686	4.100407	3.442827	0.500000
11.570221	0.310362	4.483681	0.500000
8.775465	7.843730	3.887797	0.500000
11.907760	11.355505	1.973427	0.500000
0.992019	7.699208	4.304594	0.500000
1.680757	3.442297	1.138270	0.500000
11.081178	10.086480	0.623154	0.500000
2.892037	9.138160	0.567668	0.500000
0.303314	9.261171	3.055467	0.500000
4.314837	0.069830	3.406835	0.500000
5.704051	9.254369	0.615001	0.500000
6.477566	3.494902	4.431774	0.500000
6.993402	6.285756	0.561779	0.500000
0.351544	0.167981	3.502344	0.500000
1.061034	8.624003	2.485932	0.500000
5.518783	0.130702	0.906646	0.500000
3.115966	0.861229	2.509597	0.500000
7.162119	10.127949	1.901734	0.500000
2.693423	0.856976	4.476497	0.500000
5.082282	7.355579	1.501089	0.500000
7.606051	6.171854	3.165970	0.500000
3.753086	8.759220	2.533086	0.500000
8.647062	5.629766	1.401852	0.500000
3.468175	3.676516	2.578228	0.500000
1.364426	0.560416	3.574654	0.500000
4.364169	9.760345	2.523831	0.500000
2.061334	4.322919	0.543796	0.500000
2.907227	2.822663	2.214785	0.500000
7.411518	2.649710	3.459375	0.500000
7.552955	10.523619	4.480284	0.500000
7.211376	4.043178	0.815318	0.500000
7.983912	9.648398	1.378304	0.500000
0.295370	4.901113	4.366179	0.500000
5.056719	2.116894	4.460236	0.500000
0.395516	7.637818	0.523864	0.500000
2.466656	0.235808	0.539404	0.500000
10.821769	9.992270	2.008304	0.500000
0.701888	6.433020	2.290221	0.500000
11.773191	2.315195	3.322676	0.500000
2.487497	4.787861	3.800431	0.500000
4.489888	3.775282	4.433156	0.500000
0.468742	0.417348	2.184685	0.500000
9.553674	8.631480	3.524433	0.500000
7.785684	8.568098	4.271807	0.500000
4.529701	1.012297	0.523408	0.500000
3.771835	11.578609	2.873999	0.500000
9.357678	11.992473	2.707678	0.500000
4.368166	5.136802	3.655027	0.500000
4.902171	2.135447	2.685045	0.500000
9.021804	9.462573	1.808295	0.500000
0.467719	9.438326	1.984512	0.500000
1.925947	6.023490	2.186792	0.500000
8.825691	5.859952	4.335500	0.500000
5.264518	10.333454	0.628387	0.500000
8.369013	12.016535	0.672922	0.500000
8.072646	5.200085	4.499362	0.500000
2.804423	9.323275	2.268549	0.500000
2.568257	7.952227	2.539649	0.500000
4.601664	11.132922	2.195304	0.500000
7.765511	5.249235	0.527783	0.500000
3.498477	10.041041	2.019517	0.500000
5.763685	0.853526	3.276969	0.500000
4.869805	11.397901	0.695656	0.500000
3.816235	6.907188	1.675728	0.500000
1.270284	3.942902	2.942570	0.500000
0.162986	9.931460	4.101981	0.500000
5.444961	1.740753	3.616618	0.500000
4.005400	9.266311	4.419393	0.500000
7.014930	7.021757	3.366951	0.500000
5.795463	11.983447	1.864062	0.500000
5.503807	12.076009	4.357619	0.500000
10.512088	9.193644	3.390187	0.500000
11.353774	8.214839	3.208606	0.500000
6.328684	2.500349	4.341564	0.500000
4.714422	7.100223	2.440570	0.500000
0.468042	1.522118	4.451531	0.500000
3.619811	11.465886	3.962644	0.500000
7.358749	2.980144	4.443829	0.500000
11.583946	9.282215	1.560419	0.500000
5.977994	7.867301	4.452501	0.500000
4.629040	10.370953	1.526997	0.500000
9.007274	3.561943	3.154030	0.500000
10.902676	4.053866	0.621557	0.500000
0.714201	11.744239	2.777565	0.500000
4.248317	4.473226	0.617902	0.500000
9.084936	2.041419	2.114937	0.500000
6.761534	4.556406	1.724357	0.500000
7.783003	6.149509	4.349337	0.500000
4.713266	0.606916	4.161015	0.500000
1.566012	7.119907	2.474288	0.500000
10.046464	2.371348	0.596075	0.500000
8.808694	1.395552	4.347035	0.500000
11.501838	8.055847	0.964343	0.500000
11.266584	9.481424	4.230269	0.500000
7.250246	7.834588	1.314013	0.500000
8.064417	4.354948	3.600302	0.500000
6.455572	0.311308	4.171407	0.500000
6.242562	6.387419	3.493704	0.500000
9.829161	5.101596	3.584860	0.500000
5.664365	9.134508	3.711796	0.500000
10.049933	9.431859	4.363937	0.500000
10.423717	8.204963	0.653811	0.500000
6.381141	4.434456	4.052101	0.500000
4.996071	8.425382	4.130809	0.500000
6.596631	8.237435	0.555308	0.500000
9.199432	0.235049	1.598461	0.500000
10.344573	3.982299	2.012911	0.500000
0.328603	4.537118	1.373303	0.500000
6.572938	8.202937	2.442237	0.500000
5.173986	8.242981	0.808463	0.500000
10.396384	11.678878	2.469287	0.500000
9.767939	2.963213	2.506714	0.500000
1.862551	9.548255	0.565946	0.500000
0.485557	10.883283	4.385547	0.500000
9.745419	8.553974	1.598940	0.500000
6.068119	10.174380	1.700735	0.500000
1.724567	0.900428	0.760122	0.500000
6.628964	2.148818	1.439282	0.500000
9.294073	10.966251	3.384293	0.500000
6.476570	8.751510	4.489730	0.500000
3.686324	3.466753	0.507551	0.500000
2.218162	8.300619	4.496934	0.500000
6.345832	5.633694	4.462891	0.500000
0.704371	7.613946	2.264108	0.500000
4.543439	9.601825	0.594936	0.500000
6.710074	5.913172	2.539430	0.500000
7.982909	9.596720	4.476728	0.500000
11.781157	5.634187	0.508544	0.500000
8.316816	3.001487	3.725244	0.500000
1.498510	1.505665	1.865296	0.500000
1.185679	9.789054	4.456506	0.500000
8.106163	1.437676	1.404173	0.500000
6.816231	2.966420	2.489254	0.500000
4.469286	8.059282	2.256837	0.500000
6.575207	11.535206	0.648407	0.500000
12.030795	7.231407	1.410874	0.500000
4.864271	2.750022	1.872975	0.500000
6.758248	0.650155	2.608016	0.500000
6.030034	7.944309	1.347916	0.500000
8.082489	5.692747	2.280281	0.500000
10.475725	7.138885	1.602206	0.500000
5.105449	11.596047	3.509124	0.500000
9.353576	7.211835	4.453772	0.500000
4.578705	6.185879	1.386426	0.500000
5.603274	10.552938	3.539489	0.500000
4.188914	2.475496	4.017858	0.500000
2.600111	1.939478	1.655521	0.500000
9.689807	8.181538	4.453559	0.500000
10.878768	8.568009	1.688096	0.500000
9.997806	0.969122	4.496812	0.500000
11.142686	6.532409	2.452035	0.500000
1.147325	6.548192	4.430589	0.500000
3.534701	8.341291	0.530023	0.500000
1.549116	12.025713	1.468946	0.500000
1.987606	12.005693	3.285135	0.500000
6.251975	1.827253	2.872468	0.500000
8.113175	0.034788	4.334763	0.500000
9.439507	5.859750	2.679965	0.500000
10.102320	0.484515	2.308128	0.500000
9.302249	11.295706	0.560947	0.500000
8.397742	5.315838	3.448134	0.500000
5.870543	5.049464	2.142056	0.500000
8.306273	11.024599	1.016498	0.500000
2.315135	2.040992	2.814101	0.500000
7.044203	1.502960	2.134287	0.500000
0.099046	11.883261	4.390055	0.500000
5.386946	9.959723	2.518143	0.500000
10.063412	3.970356	4.491361	0.500000
10.537027	2.912666	4.489980	0.500000
0.749487	11.056450	1.431675	0.500000
2.499828	8.838246	3.112780	0.500000
5.548219	5.813001	1.547828	0.500000
3.704599	0.543475	4.380941	0.500000
0.708902	0.503846	4.450710	0.500000
6.859174	3.323478	1.536373	0.500000
2.903695	6.249076	2.457549	0.500000
5.568029	1.496366	0.745272	0.500000
8.223112	12.207085	1.740721	0.500000
3.773290	7.111512	4.056016	0.500000
11.447841	5.487523	2.371693	0.500000
4.732367	7.495546	4.411823	0.500000
2.740103	4.874685	1.960812	0.500000
8.103861	3.191229	0.657152	0.500000
10.909236	1.318115	4.199486	0.500000
5.394823	5.151279	4.118089	0.500000
5.188911	6.833301	0.557184	0.500000
8.001765	7.162141	4.378404	0.500000
0.232022	10.992084	0.527748	0.500000
5.541823	8.380735	2.155772	0.500000
6.587378	0.318669	0.519158	0.500000
11.999899	7.055818	2.398817	0.500000
2.874258	9.243107	4.297027	0.500000
5.004691	10.011856	4.367066	0.500000
11.104012	0.734016	2.742346	0.500000
0.539552	2.560838	2.403969	0.500000
6.399442	9.066062	1.637233	0.500000
1.512899	6.064843	3.554867	0.500000
7.643276	11.400458	2.392373	0.500000
2.333956	11.388514	4.175808	0.500000
11.284097	5.062161	1.354865	0.500000
1.143636	1.733082	0.619805	0.500000
3.735005	3.925100	1.469664	0.500000
4.371372	9.612709	3.522596	0.500000
1.691231	4.380766	2.096999	0.500000
2.688728	9.930349	1.368012	0.500000
0.005660	10.845889	3.389432	0.500000
6.301097	10.226195	4.447502	0.500000
2.552395	11.423005	0.838621	0.500000
2.592259	11.151950	3.190157	0.500000
8.587734	6.661255	3.579210	0.500000
2.019558	2.271822	0.569392	0.500000
6.137603	11.941884	3.153402	0.500000
10.783295	2.685997	2.536602	0.500000
11.073802	7.092525	3.371907	0.500000
2.479469	7.522619	1.283384	0.500000
10.117525	3.018271	1.470156	0.500000
5.111230	5.729529	3.288692	0.500000
9.907088	5.712785	4.487279	0.500000
10.079441	5.295969	0.949463	0.500000
11.916129	3.272224	2.444403	0.500000
9.608435	6.516142	3.723628	0.500000
7.600985	0.765728	0.670415	0.500000
8.899208	1.374238	0.619080	0.500000
5.934385	3.531320	0.520887	0.500000
7.596527	7.274887	0.542711	0.500000
2.378954	6.797571	4.386140	0.500000
2.214571	10.024728	3.889677	0.500000
9.278253	7.605551	2.965296	0.500000
5.059679	12.102766	2.636224	0.500000
3.112288	6.290990	3.585929	0.500000
3.495912	4.601121	4.270377	0.500000
5.786311	2.579969	2.296502	0.500000
4.460963	11.819546	4.372582	0.500000
5.274346	4.685488	3.144998	0.500000
7.825504	4.973089	1.541182	0.500000
2.594851	2.383220	3.711565	0.500000
1.932408	11.527283	2.401913	0.500000
7.301559	3.644659	3.423881	0.500000
0.550347	1.737981	1.577946	0.500000
1.363064	7.720749	0.790562	0.500000
9.769378	1.960115	4.052022	0.500000
1.326479	5.181142	2.617489	0.500000
5.817705	1.121263	4.459534	0.500000
7.220894	5.177105	3.929243	0.500000
10.215389	10.700868	2.758531	0.500000
5.482640	3.891098	4.161440	0.500000
1.143985	9.819673	3.416823	0.500000
2.772180	5.665208	0.606459	0.500000
5.045652	0.866489	1.544329	0.500000
11.476353	6.235519	4.147690	0.500000
8.935177	8.871419	0.698652	0.500000
1.949731	5.136210	1.327971	0.500000
0.518613	10.291189	2.726654	0.500000
0.298862	8.108943	3.093699	0.500000
5.095843	3.009742	3.812622	0.500000
7.399664	10.603372	0.670617	0.500000
9.538402	10.325842	1.710443	0.500000
1.162092	11.755155	4.480846	0.500000
9.255049	5.821125	0.559915	0.500000
1.591348	7.970068	3.432134	0.500000
3.413863	9.406572	3.252129	0.500000
6.961516	5.877306	1.558498	0.500000
3.866954	5.693340	4.498566	0.500000
5.074536	4.309909	2.012879	0.500000
12.040739	1.255558	0.636232	0.500000
0.917596	5.062413	3.566425	0.500000
11.917808	10.074452	2.072078	0.500000
3.355062	1.911661	4.439726	0.500000
4.164496	1.530733	3.460771	0.500000
6.353306	6.926325	2.581776	0.500000
5.132341	6.747748	3.375482	0.500000
1.573864	10.758735	4.349864	0.500000
5.673504	6.041504	2.514455	0.500000
0.263493	6.367091	0.625099	0.500000
9.062147	4.661032	4.473549	0.500000
8.248243	6.403993	0.547046	0.500000
8.345360	6.848763	2.360486	0.500000
8.080448	2.094835	4.209721	0.500000
6.499599	6.882348	1.447513	0.500000
5.976955	7.631596	3.309664	0.500000
3.195057	11.347277	2.088650	0.500000
8.688541	7.708631	0.550121	0.500000
1.005717	6.002110	1.256819	0.500000
0.772633	0.543503	0.548210	0.500000
7.159582	4.963583	2.608247	0.500000
1.297855	4.964964	4.498886	0.500000
8.293212	3.074848	2.491108	0.500000
5.722844	11.059208	1.220155	0.500000
2.692199	3.835123	1.809473	0.500000
10.496278	10.489729	3.732214	0.500000
11.550107	1.122646	1.660162	0.500000
10.201054	4.156780	3.239998	0.500000
0.217175	6.459150	3.368033	0.500000
2.113062	5.705593	4.466783	0.500000
5.244095	9.573739	1.571740	0.500000
2.218888	8.299912	0.519819	0.500000
3.127742	0.512770	1.566724	0.500000
10.011890	1.391697	3.167257	0.500000
7.815617	8.690778	2.270113	0.500000
10.837923	2.126706	1.553614	0.500000
6.133928	1.045569	1.776827	0.500000
11.992342	3.381066	0.763883	0.500000
0.199851	5.207834	2.171011	0.500000
7.317429	12.099424	3.638034	0.500000
6.892903	0.103247	1.777266	0.500000
0.541023	8.375158	1.527915	0.500000
1.562895	10.497714	2.301284	0.500000
9.986283	9.098775	2.462034	0.500000
11.488872	10.525981	4.356723	0.500000
11.790503	3.847128	1.629023	0.500000
2.972342	10.399162	4.429098	0.500000
1.582267	10.860454	0.790108	0.500000
1.253282	11.038395	3.409149	0.500000
9.020632	8.415052	2.317541	0.500000
9.746980	6.805918	0.676668	0.500000
3.236551	5.983191	1.515176	0.500000
10.253981	2.889558	3.378277	0.500000
2.463372	3.376755	0.509579	0.500000
10.666198	11.144783	1.596475	0.500000
11.690388	2.262588	4.449325	0.500000
8.447930	11.177790	4.401961	0.500000
12.100307	7.059372	4.453977	0.500000
11.593423	9.818490	3.304427	0.500000
0.259050	4.335426	3.136336	0.500000
9.001880	3.733202	2.156880	0.500000
4.073453	6.013917	2.311966	0.500000
2.019178	6.156960	1.164503	0.500000
10.090268	0.400121	3.415582	0.500000
1.597292	2.784450	4.395008	0.500000
12.117216	10.077461	0.770887	0.500000
4.249956	0.079004	0.829814	0.500000
3.713443	6.821003	2.831352	0.500000
8.019555	7.569265	3.256234	0.500000
7.735858	2.023749	0.542978	0.500000
3.121588	4.684260	2.938662	0.500000
2.228829	6.674357	3.081560	0.500000
4.119558	10.608807	3.325948	0.500000
7.414461	3.990519	2.438659	0.500000
1.028718	7.114776	3.387705	0.500000
7.443271	11.765015	1.135722	0.500000
9.449438	2.969324	4.416340	0.500000
8.835555	1.726875	3.103813	0.500000
9.833867	1.075755	0.947921	0.500000
0.705354	3.722068	4.162553	0.500000
10.861693	1.094159	0.830134	0.500000
11.438074	9.099389	0.518282	0.500000
3.884765	6.318426	0.530179	0.500000
7.350879	1.254624	3.303174	0.500000
6.226413	3.090907	3.314432	0.500000
6.295087	10.058279	0.545247	0.500000
9.394962	4.453115	1.551888	0.500000
11.207808	7.620125	4.477950	0.500000
4.075150	2.067790	0.528697	0.500000
11.700200	3.526265	4.477169	0.500000
1.178974	11.749389	0.504296	0.500000
7.780534	6.475231	1.594947	0.500000
0.379684	8.840351	0.644295	0.500000
3.604607	3.280515	3.712554	0.500000
10.227828	9.462565	0.750094	0.500000
9.789946	11.131908	4.486274	0.500000
4.110612	4.925457	2.355032	0.500000
11.499639	4.476635	2.502695	0.500000
2.752863	3.876767	3.466750	0.500000
3.644804	11.248513	1.075499	0.500000
7.594389	8.743035	0.542280	0.500000
9.260056	0.287407	0.516468	0.500000
0.913128	10.104288	0.817111	0.500000
10.461693	0.056839	1.172568	0.500000
8.985984	10.336811	4.299647	0.500000
8.580308	8.856181	3.185371	0.500000
10.511872	6.827566	4.346043	0.500000
5.156498	11.022916	4.480823	0.500000
3.437754	7.961479	1.456496	0.500000
6.649146	11.211038	2.312406	0.500000
1.566784	1.041078	4.433808	0.500000
2.960631	0.284365	3.352331	0.500000
2.211479	3.057317	3.050229	0.500000
7.571372	2.308694	2.523131	0.500000
8.769219	10.168860	0.674534	0.500000
7.577466	9.947369	2.832724	0.500000
7.371533	4.152113	4.326269	0.500000
11.119759	0.028111	3.494191	0.500000
8.523569	9.908073	3.321609	0.500000
10.503418	4.969738	2.738825	0.500000
2.621291	10.114805	2.866403	0.500000
1.622149	2.709922	1.913192	0.500000
11.323285	3.814494	3.403776	0.500000
6.443048	4.071725	2.666418	0.500000
9.205775	0.976744	2.446476	0.500000
3.842016	9.281168	1.303799	0.500000
3.074377	2.687627	1.107294	0.500000
12.020838	8.340296	4.044992	0.500000
3.414746	10.185113	0.662103	0.500000
