500

3.435232	4.614828	0.534067	0.500000
7.863425	8.991651	3.119909	0.500000
5.321444	11.008322	2.098204	0.500000
11.098475	3.921637	4.296374	0.500000
3.141806	11.144018	3.074163	0.500000
11.925366	12.142664	2.092584	0.500000
12.062428	5.645096	1.191256	0.500000
10.484861	10.887160	0.954742	0.500000
8.685900	2.035224	0.508892	0.500000
7.244011	11.243076	3.994293	0.500000
6.437995	8.915849	0.836225	0.500000
6.567543	3.003384	3.478190	0.500000
3.545018	7.060270	0.541226	0.500000
7.671703	3.676052	1.713632	0.500000
4.920781	0.672354	0.577018	0.500000
11.480748	4.425285	2.593904	0.500000
10.531290	0.624214	2.446147	0.500000
9.433610	10.411855	3.118003	0.500000
11.880735	9.110782	4.443774	0.500000
7.290558	7.859701	3.472657	0.500000
3.154317	0.054404	0.753990	0.500000
0.847868	2.204027	3.741111	0.500000
1.870554	7.371979	0.564155	0.500000
7.200484	9.535905	1.533402	0.500000
2.470173	12.200494	4.259288	0.500000
0.128057	9.808830	3.042422	0.500000
5.372786	6.049419	2.438986	0.500000
2.642690	5.741443	3.701902	0.500000
8.033679	3.200965	4.138661	0.500000
5.044611	4.227041	1.573692	0.500000
1.865660	5.118394	1.388959	0.500000
0.877235	5.674984	3.711153	0.500000
7.090694	0.511159	0.571887	0.500000
2.581867	5.993097	2.733275	0.500000
4.098695	2.515474	0.938033	0.500000
1.210076	4.196822	1.502637	0.500000
11.795616	4.373005	3.692949	0.500000
2.495709	10.974683	2.228694	0.500000
10.871940	10.367621	3.441009	0.500000
4.318185	3.585501	3.616873	0.500000
9.450112	2.275460	4.311862	0.500000
1.922763	2.333189	3.872094	0.500000
6.691668	8.223523	4.321473	0.500000
3.591304	3.401136	4.367359	0.500000
3.307575	7.715302	1.996178	0.500000
0.522714	11.293789	4.406069	0.500000
9.620820	2.377171	2.123389	0.500000
8.317967	0.649815	3.694546	0.500000
11.070910	10.057432	0.526381	0.500000
10.923444	12.118474	3.202843	0.500000
1.622526	2.324041	1.691213	0.500000
1.547977	3.475756	2.238838	0.500000
6.867125	4.805745	0.646589	0.500000
5.520442	10.927315	0.525187	0.500000
6.094761	1.497632	1.632281	0.500000
10.428449	5.828450	1.855386	0.500000
3.410052	8.834655	3.565576	0.500000
7.806444	3.014874	0.947455	0.500000
5.322605	7.238050	2.737869	0.500000
11.903014	7.400615	3.066242	0.500000
4.443909	0.528982	3.507810	0.500000
6.216565	11.647242	4.235264	0.500000
1.433234	10.206738	2.146374	0.500000
11.516691	7.133150	0.725695	0.500000
10.440054	5.840121	3.568544	0.500000
7.624968	4.290637	3.788594	0.500000
2.332668	2.231417	0.525782	0.500000
0.558894	0.591723	1.230155	0.500000
10.672486	8.776195	2.026949	0.500000
3.278505	6.459179	1.613144	0.500000
6.762687	5.198794	1.858028	0.500000
1.820305	5.567240	4.387118	0.500000
7.346802	1.228148	3.480294	0.500000
4.420519	9.064883	0.542355	0.500000
4.159248	4.635814	1.246347	0.500000
1.155925	8.101089	0.698337	0.500000
6.946241	8.874011	3.558151	0.500000
11.791837	6.390819	3.074279	0.500000
5.563707	0.823888	2.593408	0.500000
8.264015	9.694953	1.509112	0.500000
9.793903	5.185096	4.432039	0.500000
1.752576	4.658067	2.356049	0.500000
7.627902	9.298727	4.265766	0.500000
1.975852	3.705311	0.522947	0.500000
7.264151	3.774197	0.556116	0.500000
8.102381	1.998616	1.732976	0.500000
3.127728	7.745284	4.396795	0.500000
11.537949	1.434245	2.707415	0.500000
0.682697	9.298131	2.315087	0.500000
5.656981	8.876841	2.427333	0.500000
5.453250	8.394600	0.774123	0.500000
11.853926	0.440111	2.980491	0.500000
6.076955	12.203087	0.717360	0.500000
3.427114	3.249954	0.607264	0.500000
9.788813	0.334418	3.184661	0.500000
5.725063	0.512063	1.526824	0.500000
6.497170	6.183561	2.229558	0.500000
11.653825	8.156689	0.902638	0.500000
11.782717	3.297240	0.737445	0.500000
1.616680	0.295495	0.609060	0.500000
3.491255	0.375387	4.395735	0.500000
6.313338	5.626467	3.647112	0.500000
9.701283	6.130986	2.814323	0.500000
3.489825	1.073032	3.358720	0.500000
1.970192	6.803794	4.476762	0.500000
3.113983	6.880967	2.664717	0.500000
2.919783	9.407902	2.350717	0.500000
6.481530	4.909079	2.804128	0.500000
0.655554	1.885984	2.759532	0.500000
5.379334	3.546008	3.720763	0.500000
8.300660	1.138387	0.742030	0.500000
7.363158	0.089605	4.247329	0.500000
0.229053	11.394378	0.702647	0.500000
9.282454	3.778204	1.408377	0.500000
2.617140	4.689330	4.314874	0.500000
1.441068	8.857097	1.415367	0.500000
8.365684	1.557247	4.491841	0.500000
8.801077	8.833485	4.329811	0.500000
12.081774	1.952436	3.479374	0.500000
0.141129	2.934622	3.157485	0.500000
6.189003	0.001171	2.475019	0.500000
6.557722	11.322630	1.971832	0.500000
5.931863	11.012447	3.171032	0.500000
3.237170	1.788536	1.097112	0.500000
9.351413	4.842016	3.361947	0.500000
4.533813	10.339408	0.771489	0.500000
7.557623	5.793895	3.135118	0.500000
8.911565	0.874431	1.501885	0.500000
6.268315	1.696178	3.454688	0.500000
3.530034	3.676362	2.525002	0.500000
9.521229	7.177225	2.488332	0.500000
4.926350	3.501205	2.436228	0.500000
5.834764	2.823306	4.397675	0.500000
10.051871	3.951249	2.160337	0.500000
4.217334	12.123143	1.574122	0.500000
7.889469	9.968962	2.497578	0.500000
5.718929	2.754923	1.535097	0.500000
0.422014	6.647958	3.919263	0.500000
1.940471	1.534462	2.291249	0.500000
7.875057	4.754133	1.391372	0.500000
8.513404	5.536951	1.005994	0.500000
12.012143	5.457085	2.272309	0.500000
2.559093	1.033810	0.549639	0.500000
7.295006	9.852999	3.488452	0.500000
3.676881	5.505515	2.165833	0.500000
5.060119	12.069200	2.634957	0.500000
3.176208	8.625296	1.531390	0.500000
11.124692	1.973697	4.486520	0.500000
8.384914	7.856524	1.802119	0.500000
9.170964	11.577266	1.025570	0.500000
2.094421	9.922771	3.582196	0.500000
0.020776	1.085508	2.017898	0.500000
1.188594	9.390489	0.557604	0.500000
11.803462	12.146123	4.354430	0.500000
2.989444	11.105007	0.555769	0.500000
10.627020	11.924566	1.633607	0.500000
6.095064	10.023599	1.747375	0.500000
6.824031	4.071915	4.451075	0.500000
0.524869	6.159926	2.895493	0.500000
7.201412	6.176324	1.490114	0.500000
3.009669	6.589412	4.481948	0.500000
1.931457	3.710032	4.150961	0.500000
5.080412	5.027826	0.812565	0.500000
9.356180	5.975855	1.844004	0.500000
0.724580	11.806408	3.324079	0.500000
10.124575	6.696373	0.623760	0.500000
2.401817	7.040750	1.579936	0.500000
5.305352	8.061279	3.327729	0.500000
1.621465	10.283700	4.499329	0.500000
4.199180	3.689363	1.726261	0.500000
2.035699	1.429207	4.382208	0.500000
11.362085	5.206873	3.227731	0.500000
0.745304	5.518226	1.853808	0.500000
3.456092	5.616457	0.688995	0.500000
8.179241	6.558561	2.360806	0.500000
0.303469	10.288157	1.764131	0.500000
6.588398	0.951336	2.526581	0.500000
4.639802	8.876815	2.155127	0.500000
0.927621	1.281433	4.242447	0.500000
5.223050	10.047703	2.407330	0.500000
10.092947	4.031108	4.321114	0.500000
9.548038	5.623497	0.715040	0.500000
8.803209	9.847570	4.479294	0.500000
3.539521	5.331380	4.425043	0.500000
11.352998	9.416334	3.493626	0.500000
9.810290	8.792238	3.824638	0.500000
10.061724	2.493478	3.501472	0.500000
1.153094	11.981632	1.833335	0.500000
9.551192	4.167611	0.505792	0.500000
12.206857	2.200088	0.943921	0.500000
5.073921	7.383887	1.714604	0.500000
9.576611	0.922878	2.375996	0.500000
2.950683	10.022437	4.249697	0.500000
7.480796	8.405780	0.580563	0.500000
10.021634	1.433790	4.356176	0.500000
2.464825	0.841771	3.301693	0.500000
1.774332	9.163026	2.442931	0.500000
9.541195	3.475745	3.553458	0.500000
10.245991	10.670327	4.159949	0.500000
4.404400	3.818652	0.519197	0.500000
1.328684	10.381713	0.867074	0.500000
6.974907	11.398009	0.569172	0.500000
8.460181	7.487786	2.898602	0.500000
5.038299	10.400985	3.393379	0.500000
11.136549	1.250201	1.808732	0.500000
0.571562	0.297362	2.624159	0.500000
4.297023	9.085924	4.464229	0.500000
8.762785	2.866660	1.493402	0.500000
0.869873	10.651653	3.602462	0.500000
8.985234	2.823958	2.798382	0.500000
6.410369	7.354805	2.523788	0.500000
1.092358	4.523292	0.509389	0.500000
9.002048	8.858993	1.421054	0.500000
2.367175	4.697427	0.597275	0.500000
3.042817	4.026190	3.590162	0.500000
4.730964	5.227175	2.752882	0.500000
1.575635	11.484794	0.568617	0.500000
8.219662	11.425499	0.599279	0.500000
11.696563	12.108588	0.844033	0.500000
9.708003	8.109066	1.579528	0.500000
11.311282	6.673598	1.710841	0.500000
10.458095	9.695377	1.296104	0.500000
4.999398	11.624912	1.172299	0.500000
5.946841	4.390857	1.996752	0.500000
4.337194	10.811242	2.352573	0.500000
4.190569	7.838104	4.247666	0.500000
1.546852	0.071618	2.696755	0.500000
8.722943	4.859616	4.444316	0.500000
5.955545	1.024180	0.620408	0.500000
1.257983	4.635463	4.408285	0.500000
6.434754	9.417751	4.306015	0.500000
11.730538	9.121149	2.459705	0.500000
4.439388	5.914806	0.636279	0.500000
4.095166	0.253022	2.522426	0.500000
12.113529	1.087611	0.634058	0.500000
7.790069	8.053873	4.358737	0.500000
7.465707	4.388757	2.529810	0.500000
8.136267	10.224235	0.667030	0.500000
6.966647	8.770720	2.341812	0.500000
4.918683	10.673507	4.484915	0.500000
3.600399	5.879660	3.142793	0.500000
0.941297	7.059400	1.434549	0.500000
7.412863	9.542134	0.534456	0.500000
1.515306	11.871467	4.077889	0.500000
9.098343	7.182087	1.499815	0.500000
9.173395	10.006295	2.112232	0.500000
10.722196	5.835900	0.898205	0.500000
8.234998	3.457102	3.029175	0.500000
10.829899	8.991219	4.407585	0.500000
3.697051	8.373085	0.632190	0.500000
10.960170	4.349348	0.605816	0.500000
4.197948	6.340245	2.429939	0.500000
8.935238	3.534574	4.498773	0.500000
10.703278	2.918947	4.478161	0.500000
7.951946	8.763066	1.695091	0.500000
7.033277	10.404954	0.899409	0.500000
2.211531	8.536794	3.367072	0.500000
4.751459	3.977483	4.449118	0.500000
5.068005	2.943322	0.519980	0.500000
5.930965	8.048296	1.598651	0.500000
12.123636	1.199076	4.371338	0.500000
8.745049	8.771700	2.388938	0.500000
5.869784	3.464215	2.843743	0.500000
11.798931	6.355765	4.483560	0.500000
8.926282	4.720132	1.411180	0.500000
0.038671	5.171618	4.248349	0.500000
6.711317	11.913319	3.323150	0.500000
3.501995	11.641828	2.083833	0.500000
10.070742	9.700286	4.432202	0.500000
4.295429	2.241840	2.585405	0.500000
10.179537	1.991914	1.104524	0.500000
12.216127	2.335121	4.447406	0.500000
6.004040	2.153481	0.560234	0.500000
4.978806	5.016538	4.498326	0.500000
10.320152	3.063616	1.597954	0.500000
0.327027	8.810749	3.735165	0.500000
5.481183	8.514014	4.491584	0.500000
10.073505	11.584124	2.895699	0.500000
1.089938	8.746233	3.064780	0.500000
0.776669	3.121444	4.257389	0.500000
8.627486	5.052914	2.370843	0.500000
11.075160	3.423148	3.191589	0.500000
2.216713	0.783344	1.486988	0.500000
2.446627	3.336050	1.591278	0.500000
8.137545	1.407372	2.806202	0.500000
8.513508	0.005187	2.116805	0.500000
9.598965	12.085525	2.166800	0.500000
5.003869	11.590569	3.580466	0.500000
5.424759	6.073603	0.755471	0.500000
1.111180	1.061801	3.211730	0.500000
7.301745	7.121545	4.468624	0.500000
7.139591	3.293723	2.706396	0.500000
10.889126	6.430397	2.607165	0.500000
10.584705	7.332789	3.533981	0.500000
1.260779	2.663304	0.728748	0.500000
4.714385	1.209185	2.004127	0.500000
2.379560	11.870750	1.665010	0.500000
11.533124	10.106566	2.474807	0.500000
0.954346	11.028392	2.488097	0.500000
5.259024	5.221742	1.813190	0.500000
6.534035	2.010155	2.449691	0.500000
7.291512	1.587391	0.858491	0.500000
10.122382	11.907395	0.761235	0.500000
6.571838	7.791265	0.574633	0.500000
8.213543	11.474424	4.316322	0.500000
2.132816	11.083365	4.119159	0.500000
10.695660	4.915599	4.053174	0.500000
10.508937	10.025775	2.466607	0.500000
11.249969	7.439679	4.437692	0.500000
9.150443	8.222427	3.266205	0.500000
9.416691	2.823611	0.515728	0.500000
6.286808	9.637825	2.759351	0.500000
11.136324	11.120747	2.805898	0.500000
7.210753	0.071876	2.461633	0.500000
0.184779	8.369108	2.784188	0.500000
3.355088	1.848691	2.416901	0.500000
11.339378	9.963662	4.451908	0.500000
7.523079	7.864868	2.313902	0.500000
1.139953	9.743475	3.144523	0.500000
7.777389	5.572735	2.174678	0.500000
12.156035	7.507146	1.580827	0.500000
9.625286	7.052967	3.676359	0.500000
9.472383	0.183166	4.157214	0.500000
9.756286	10.802581	1.901215	0.500000
7.174658	6.015186	4.437438	0.500000
9.804660	9.024549	0.565774	0.500000
1.565026	1.460876	0.506045	0.500000
3.195196	4.748006	2.748137	0.500000
6.327542	8.228094	3.052395	0.500000
9.220931	0.456848	0.503367	0.500000
9.141306	5.990414	4.274062	0.500000
8.728468	6.658169	3.451133	0.500000
2.620706	4.223695	2.032991	0.500000
4.030664	11.701295	3.189078	0.500000
9.461144	7.453693	0.568563	0.500000
2.024240	2.649117	2.632272	0.500000
8.511284	2.364082	3.786673	0.500000
2.218106	11.606061	3.265903	0.500000
5.258341	9.402423	1.531411	0.500000
0.502990	4.177193	2.321798	0.500000
2.140427	9.735896	1.574253	0.500000
9.471547	1.718637	3.153342	0.500000
0.402507	4.107487	4.383299	0.500000
6.366619	0.419437	4.026388	0.500000
11.150255	4.034530	1.704167	0.500000
10.479593	4.325317	3.252456	0.500000
0.817041	4.115901	3.292540	0.500000
11.361781	8.087570	3.617418	0.500000
11.960148	3.306576	4.443559	0.500000
7.519001	2.347584	2.577961	0.500000
1.609181	9.306290	4.257067	0.500000
3.751243	2.633339	3.360122	0.500000
5.991334	4.053738	0.537024	0.500000
10.237333	7.920705	4.289970	0.500000
1.525674	6.362608	0.636153	0.500000
5.342440	2.138735	3.230552	0.500000
8.642077	11.063153	2.706481	0.500000
6.015499	5.254700	1.088972	0.500000
0.616289	0.161772	4.327669	0.500000
1.598615	11.069720	1.613609	0.500000
9.140064	10.932113	4.275838	0.500000
2.898571	2.001672	3.369005	0.500000
3.988847	11.653376	0.561425	0.500000
4.163330	11.125169	1.416979	0.500000
8.319186	11.061003	1.525231	0.500000
4.670857	7.774441	0.651960	0.500000
8.489348	10.411293	3.647391	0.500000
2.383501	10.295057	0.620734	0.500000
2.769192	5.568317	1.699335	0.500000
10.627981	11.658815	4.487731	0.500000
8.127832	6.735970	1.250787	0.500000
3.994065	7.174568	1.467524	0.500000
1.538814	5.689480	2.749854	0.500000
7.450736	7.236241	0.678969	0.500000
2.340451	7.553552	2.981323	0.500000
8.626253	5.626570	3.236312	0.500000
5.606915	1.770224	4.385447	0.500000
0.283823	5.013837	3.056993	0.500000
10.047852	4.978725	2.577340	0.500000
3.012494	2.822464	2.294518	0.500000
7.721180	11.933229	1.557031	0.500000
10.403352	3.429398	0.614437	0.500000
2.839624	7.697274	0.905746	0.500000
11.069645	10.896011	1.788526	0.500000
4.077596	1.553732	0.542705	0.500000
11.775070	10.866526	4.418005	0.500000
6.557456	3.049159	0.551607	0.500000
4.128599	8.096704	3.253776	0.500000
3.040696	10.157584	1.402294	0.500000
0.118640	7.430440	4.482148	0.500000
10.408612	7.809930	0.622858	0.500000
6.464675	5.089747	4.485887	0.500000
6.687298	3.918086	1.484817	0.500000
0.501665	2.610739	1.995035	0.500000
1.127233	8.055271	2.076240	0.500000
10.058784	4.683568	1.385517	0.500000
8.512076	3.869319	0.710266	0.500000
8.601758	4.038864	2.097393	0.500000
2.437582	3.579429	2.782290	0.500000
0.305123	8.765154	1.178077	0.500000
5.564006	9.041501	3.522598	0.500000
2.736379	0.363042	2.376627	0.500000
6.113304	4.210808	3.491289	0.500000
0.963495	5.520790	0.614184	0.500000
3.649453	10.745636	4.411776	0.500000
1.808046	10.671927	2.981604	0.500000
11.795199	3.025778	1.766485	0.500000
11.190734	5.095561	1.601202	0.500000
5.375820	9.802098	0.602103	0.500000
10.614311	1.087076	3.351934	0.500000
5.286488	9.541110	4.395623	0.500000
5.445502	1.010912	3.637923	0.500000
3.975233	6.278292	4.273501	0.500000
3.003984	12.226550	3.413691	0.500000
2.881332	2.693743	4.154660	0.500000
10.110522	1.106697	0.507434	0.500000
0.878405	1.609038	1.350217	0.500000
7.256298	6.813651	3.109760	0.500000
7.710803	10.868021	3.138887	0.500000
6.549265	6.141686	0.531313	0.500000
11.030466	2.507955	0.964018	0.500000
10.017319	0.508585	1.460245	0.500000
5.190924	4.421105	3.156399	0.500000
4.850634	6.424816	1.525477	0.500000
10.488471	7.226460	1.940036	0.500000
8.869926	9.189523	3.354130	0.500000
10.526801	6.352238	4.492636	0.500000
8.378652	7.649068	0.800167	0.500000
10.285159	1.618003	2.536961	0.500000
5.577159	7.298673	0.586485	0.500000
9.726046	9.056691	2.296514	0.500000
9.599598	10.189073	0.869624	0.500000
12.221852	4.680830	1.612739	0.500000
6.779780	2.555421	1.641014	0.500000
7.655149	5.110117	4.390104	0.500000
6.043803	10.619852	4.487068	0.500000
6.936501	7.584032	1.528417	0.500000
0.510131	3.318085	1.157360	0.500000
2.941477	8.855102	4.457204	0.500000
7.040213	10.507519	2.299659	0.500000
10.767318	0.601332	4.278654	0.500000
8.341606	9.026321	0.675075	0.500000
7.586920	10.371189	4.431416	0.500000
3.036690	1.551455	4.440251	0.500000
7.174807	1.969691	4.351071	0.500000
11.181287	8.090618	2.577998	0.500000
4.487225	2.921407	4.487635	0.500000
2.575945	6.515776	0.637731	0.500000
1.569161	7.202199	2.398773	0.500000
0.085353	4.169500	0.513175	0.500000
9.010645	6.545215	0.615139	0.500000
9.162922	11.777567	3.296461	0.500000
10.852311	0.403562	0.606078	0.500000
11.363091	2.493426	2.515885	0.500000
4.600908	9.344691	3.256117	0.500000
4.217582	4.344276	2.832450	0.500000
6.136111	6.975664	1.554533	0.500000
0.208202	6.620540	2.054363	0.500000
0.072786	6.451100	0.516949	0.500000
3.549873	8.635190	2.524173	0.500000
1.267241	3.068096	3.191663	0.500000
7.986509	12.020981	3.084746	0.500000
11.023282	8.888561	0.589605	0.500000
11.030055	1.492032	0.773498	0.500000
2.072909	7.808724	4.301341	0.500000
5.575940	7.368791	4.003818	0.500000
0.262121	10.121678	4.253085	0.500000
12.156188	11.103546	2.350770	0.500000
4.218947	9.655624	1.525400	0.500000
8.799647	7.782723	4.093914	0.500000
4.382310	1.499651	4.225649	0.500000
4.217124	7.478901	2.465997	0.500000
6.739977	0.297702	1.578349	0.500000
1.422867	6.706853	3.368559	0.500000
0.270064	9.797447	0.824092	0.500000
3.194348	9.258779	0.574642	0.500000
4.986325	1.970566	1.383430	0.500000
1.827886	4.509967	3.458169	0.500000
6.190976	6.277125	4.462958	0.500000
7.854071	0.883575	1.736610	0.500000
11.535089	10.915788	0.780217	0.500000
2.280967	8.713602	0.592202	0.500000
5.809993	4.212643	4.466217	0.500000
8.380539	6.804352	4.468277	0.500000
4.184517	11.703156	4.433513	0.500000
0.347705	7.513622	0.631770	0.500000
4.007649	10.667702	3.455037	0.500000
3.604970	9.782683	3.053930	0.500000
11.462487	9.487044	1.486373	0.500000
3.282659	3.935730	1.327032	0.500000
0.966535	7.980969	3.912865	0.500000
5.157530	6.335981	4.434657	0.500000
7.538265	5.592917	0.665847	0.500000
7.039690	3.041774	4.445796	0.500000
10.114517	7.961368	2.889414	0.500000
5.538984	6.530274	3.425468	0.500000
11.993825	11.026946	3.409994	0.500000
4.407877	6.564103	3.407986	0.500000
2.468558	8.313072	2.201424	0.500000
5.080048	0.171428	4.280674	0.500000
