500

1.763827	10.002087	2.059247	0.500000
10.137938	3.541474	0.728622	0.500000
12.069157	11.633322	4.143562	0.500000
7.014625	3.416340	2.579268	0.500000
8.502602	6.273695	1.141599	0.500000
1.011081	2.230067	0.585535	0.500000
6.054622	2.426363	1.261237	0.500000
7.797709	7.105269	2.901401	0.500000
11.738708	5.923112	3.588455	0.500000
5.988187	6.285622	2.410031	0.500000
10.516279	1.270250	4.395324	0.500000
10.036479	2.835759	3.174409	0.500000
4.336592	7.231312	2.610564	0.500000
0.303130	7.241046	1.618553	0.500000
11.706726	10.496294	0.947330	0.500000
12.141159	4.618467	1.377201	0.500000
4.908608	4.295894	0.645770	0.500000
10.814559	11.063332	1.742971	0.500000
8.275581	1.449741	2.859149	0.500000
9.714239	1.561923	2.925956	0.500000
9.560907	1.237490	1.538668	0.500000
1.266115	11.367691	1.735175	0.500000
9.608935	12.165544	3.543881	0.500000
9.026712	10.530487	2.528264	0.500000
0.761760	8.143262	3.800979	0.500000
9.378204	8.206325	1.674996	0.500000
6.739231	7.459772	3.231380	0.500000
1.697743	7.994663	2.588847	0.500000
1.003902	2.797204	3.078368	0.500000
5.726019	5.590152	0.566429	0.500000
1.209137	9.031526	1.911837	0.500000
2.916766	7.561676	0.551985	0.500000
10.068803	2.437032	4.495345	0.500000
2.779815	11.014463	0.560748	0.500000
5.668446	4.740700	1.240036	0.500000
2.768204	0.046717	4.321994	0.500000
4.436841	7.545703	3.655827	0.500000
0.110845	0.651455	2.374188	0.500000
9.180147	7.606550	3.704970	0.500000
3.769450	3.496507	4.426384	0.500000
4.135445	8.292241	2.222796	0.500000
4.942911	6.528753	2.071826	0.500000
9.834991	10.787885	0.705329	0.500000
9.837527	7.545438	4.494864	0.500000
8.787100	9.004930	1.475265	0.500000
0.710255	10.681593	0.553959	0.500000
1.113960	4.508372	2.634309	0.500000
8.686647	1.712373	0.556458	0.500000
2.836574	9.749434	3.702991	0.500000
2.459572	4.665766	0.502837	0.500000
5.737183	3.419665	0.687197	0.500000
11.081783	6.048066	2.339042	0.500000
8.485787	4.468956	2.328390	0.500000
1.932552	9.011132	3.818788	0.500000
2.686235	5.656791	1.758435	0.500000
8.735003	6.755588	3.080684	0.500000
1.037970	9.264508	4.363032	0.500000
9.663489	2.432801	0.639202	0.500000
3.151538	12.170432	2.292855	0.500000
10.683479	3.603562	2.848625	0.500000
4.026837	3.619096	3.127185	0.500000
3.228983	0.073403	0.634375	0.500000
4.026644	5.977136	1.443423	0.500000
5.307362	11.460956	1.508859	0.500000
0.783282	1.497431	3.476489	0.500000
3.352957	1.978843	1.039869	0.500000
9.958484	5.700099	2.161601	0.500000
5.397273	11.880310	2.597548	0.500000
1.201524	4.948583	0.501513	0.500000
3.066860	1.120765	0.507334	0.500000
11.267019	3.083816	3.580912	0.500000
7.865913	11.388424	0.717657	0.500000
1.372308	0.236954	1.545137	0.500000
6.958401	9.476378	3.372375	0.500000
2.624886	7.621782	2.551337	0.500000
6.419671	12.209179	1.962664	0.500000
4.056509	9.309667	2.063840	0.500000
10.907294	10.065283	1.868959	0.500000
6.107129	5.272882	4.492820	0.500000
9.970980	1.442805	0.619120	0.500000
10.236248	6.477351	4.234614	0.500000
5.587196	9.753399	4.179810	0.500000
3.540382	10.192133	0.762202	0.500000
5.160931	6.642227	0.930628	0.500000
4.455357	7.422371	1.523357	0.500000
2.534044	10.947493	3.428674	0.500000
8.287297	9.826495	1.752405	0.500000
6.208675	3.873890	3.419084	0.500000
5.573703	0.073085	4.403160	0.500000
2.942203	3.584949	0.536421	0.500000
6.963823	6.841338	2.380161	0.500000
0.181955	0.110000	3.268207	0.500000
5.518042	7.369265	2.046433	0.500000
4.331583	3.235787	0.503026	0.500000
10.693874	10.887910	4.453403	0.500000
1.715767	2.774886	2.262777	0.500000
6.739093	7.013170	4.373037	0.500000
2.854901	5.709288	0.520990	0.500000
9.004032	11.230327	1.376159	0.500000
12.191334	6.435740	2.156951	0.500000
8.672275	11.667470	4.494493	0.500000
3.709328	1.823148	4.205556	0.500000
3.147672	6.327264	3.948242	0.500000
5.461245	8.904901	3.504250	0.500000
6.753313	3.218226	1.479067	0.500000
2.819229	6.586918	1.121040	0.500000
7.283441	12.131583	1.401770	0.500000
5.072286	5.530180	4.412886	0.500000
2.004213	8.389863	1.494461	0.500000
2.559341	0.764208	2.641504	0.500000
5.383528	7.953766	4.333324	0.500000
6.700236	5.249613	0.623168	0.500000
9.013019	6.277744	2.219429	0.500000
8.622203	4.683806	1.187452	0.500000
7.655997	4.256372	0.576728	0.500000
9.298468	7.252379	2.301977	0.500000
9.678540	0.646056	4.473925	0.500000
6.709285	0.614842	2.994833	0.500000
4.441881	11.884798	4.464745	0.500000
6.999556	1.906076	3.344768	0.500000
11.077818	12.013292	4.490792	0.500000
1.104664	1.999870	2.480927	0.500000
0.659360	10.826465	2.374993	0.500000
1.348131	8.522114	0.527855	0.500000
9.617796	6.371608	0.530115	0.500000
4.581214	2.254295	4.499705	0.500000
7.892682	1.552893	4.472581	0.500000
3.335117	11.744662	3.444523	0.500000
11.164281	8.963693	0.622522	0.500000
0.198348	10.298405	1.656248	0.500000
11.696922	9.078834	3.216698	0.500000
7.174742	6.451443	3.374328	0.500000
7.952437	8.620345	1.001039	0.500000
12.023908	7.238359	4.428573	0.500000
4.591837	5.736180	0.613484	0.500000
11.540149	0.280807	1.575968	0.500000
3.995615	6.940493	0.655599	0.500000
1.706250	3.065186	4.059423	0.500000
7.080186	12.039496	3.496251	0.500000
6.306777	11.200677	1.982114	0.500000
10.595838	4.638924	4.354523	0.500000
8.150678	7.430532	0.520326	0.500000
1.915433	1.708608	4.251890	0.500000
11.147905	3.561807	1.086145	0.500000
4.703996	2.687626	1.755577	0.500000
12.230528	10.410017	4.299656	0.500000
3.367868	5.288737	3.863547	0.500000
4.778375	9.944642	3.473993	0.500000
3.724349	10.775502	3.046823	0.500000
9.233406	0.589348	2.577076	0.500000
7.574331	1.845176	0.504848	0.500000
0.188202	4.074466	0.508099	0.500000
1.285236	7.351194	0.573903	0.500000
1.965913	6.208568	0.582502	0.500000
1.698238	7.490506	3.519683	0.500000
1.953856	1.631259	3.130634	0.500000
1.783679	10.343790	3.025973	0.500000
10.261432	3.215429	1.995225	0.500000
7.575935	9.201548	2.299622	0.500000
10.802524	9.005816	1.577443	0.500000
4.087067	3.869483	1.285788	0.500000
4.922364	1.882145	1.024283	0.500000
6.333709	10.581441	1.018396	0.500000
7.505867	1.046368	3.676900	0.500000
3.744097	2.804589	2.165334	0.500000
3.446393	8.923710	0.701897	0.500000
6.048675	3.160975	4.231860	0.500000
1.386672	6.070252	1.419695	0.500000
7.326183	2.179276	2.255508	0.500000
3.130736	6.856737	3.035620	0.500000
2.789272	2.753582	2.514455	0.500000
11.846050	11.882572	0.767720	0.500000
10.870755	8.370488	3.460762	0.500000
2.802457	7.736746	3.631597	0.500000
1.987564	7.331576	1.433834	0.500000
9.196966	0.748518	0.712533	0.500000
11.233980	4.982363	2.919464	0.500000
9.603300	6.262995	3.169542	0.500000
2.317930	4.953722	4.191588	0.500000
4.836648	0.811805	4.462582	0.500000
5.669823	3.059755	2.007876	0.500000
7.597821	5.420212	2.206720	0.500000
8.464984	3.336777	4.464201	0.500000
6.905591	4.906927	1.548797	0.500000
0.885225	12.015592	4.004752	0.500000
10.383912	7.140816	3.223962	0.500000
6.735640	5.588023	2.851049	0.500000
5.770985	0.157762	3.387467	0.500000
1.782584	5.723040	2.562513	0.500000
9.948337	9.684091	0.784164	0.500000
1.480117	5.104231	1.674470	0.500000
4.093535	1.753443	2.165594	0.500000
6.540641	11.456324	0.533550	0.500000
2.805699	9.047063	4.467362	0.500000
4.473097	8.897584	3.200662	0.500000
3.432919	3.881982	2.109696	0.500000
5.377800	11.162269	4.091346	0.500000
8.988837	1.927701	2.242123	0.500000
9.527112	1.531884	3.934170	0.500000
6.740209	9.306561	0.544299	0.500000
1.884293	11.565525	4.311580	0.500000
3.642018	7.885246	4.188106	0.500000
2.954732	9.784781	2.359964	0.500000
8.298515	0.141994	1.344363	0.500000
10.807169	5.639782	0.506892	0.500000
0.986594	11.913492	0.796253	0.500000
10.886285	7.990538	0.638886	0.500000
6.700183	3.979525	0.793098	0.500000
2.016594	11.742567	2.368331	0.500000
8.443063	8.221758	4.457028	0.500000
12.129018	7.896107	0.550815	0.500000
0.502779	8.585435	1.078401	0.500000
4.497337	10.764837	1.029704	0.500000
5.300079	8.195296	1.525932	0.500000
3.780579	0.961726	1.321475	0.500000
0.312166	0.086696	1.521337	0.500000
1.867042	1.453839	1.508452	0.500000
7.713550	10.245232	3.316089	0.500000
3.944392	9.660281	4.157555	0.500000
7.224587	1.037030	2.109058	0.500000
8.952257	2.310477	3.224210	0.500000
3.317354	8.651287	3.168532	0.500000
5.531663	2.625341	3.198289	0.500000
0.970841	0.681367	4.495912	0.500000
9.121094	8.139643	0.614909	0.500000
10.672105	5.744560	3.530742	0.500000
1.281166	7.179585	4.466426	0.500000
2.445044	11.686977	1.450532	0.500000
3.238594	4.418424	4.477500	0.500000
10.148054	6.691848	2.070065	0.500000
5.720825	9.860960	2.971740	0.500000
4.538169	10.729927	4.439348	0.500000
7.928537	2.526695	3.108243	0.500000
0.226871	3.502623	1.392707	0.500000
10.312537	10.739003	2.661521	0.500000
11.314825	11.040353	2.741254	0.500000
9.254074	5.005290	1.972514	0.500000
7.920930	11.836944	2.165266	0.500000
9.762035	9.148504	1.658858	0.500000
7.305499	0.223212	4.466509	0.500000
11.683895	6.956271	1.112403	0.500000
4.187318	6.479985	3.385961	0.500000
7.756838	5.291776	0.939148	0.500000
2.079747	0.049806	0.618151	0.500000
5.467747	4.284332	4.445147	0.500000
8.436677	8.148220	2.108343	0.500000
0.778281	1.146093	1.553857	0.500000
3.399597	1.693309	3.219002	0.500000
8.650415	9.465347	0.507311	0.500000
5.990663	9.178686	1.510097	0.500000
0.844948	3.393467	4.473986	0.500000
1.806819	0.702575	3.808903	0.500000
8.317727	0.508060	3.295840	0.500000
1.212398	4.812204	4.448013	0.500000
0.448425	5.605204	1.693733	0.500000
7.089886	6.082977	1.635370	0.500000
6.845588	2.989379	3.485324	0.500000
4.751830	11.221146	3.215767	0.500000
12.192472	9.493777	0.522743	0.500000
7.269660	10.899005	2.321181	0.500000
1.760782	10.534165	4.237204	0.500000
8.290840	8.238035	3.430624	0.500000
9.509236	9.566222	2.746445	0.500000
10.895622	7.670387	4.212741	0.500000
2.647936	10.614108	1.548761	0.500000
9.089251	6.325319	4.442807	0.500000
11.573999	7.865643	1.762562	0.500000
11.367523	3.247928	2.087181	0.500000
5.188253	7.610763	0.671439	0.500000
10.471162	1.054275	2.463937	0.500000
5.191220	3.915483	2.996602	0.500000
3.776434	9.777409	3.132484	0.500000
7.341550	10.600517	1.233858	0.500000
4.640957	0.937249	2.392626	0.500000
11.742103	9.874884	2.401827	0.500000
7.654175	0.839099	0.621305	0.500000
12.073115	0.697713	0.632724	0.500000
0.009830	9.365902	4.021086	0.500000
7.856174	2.973601	0.632298	0.500000
2.823281	4.574977	1.444868	0.500000
1.219653	3.904538	3.624565	0.500000
0.300739	1.620642	4.433529	0.500000
9.190436	3.005807	2.253029	0.500000
11.380301	6.036107	1.379484	0.500000
10.694776	0.748304	0.565231	0.500000
0.866565	4.296593	1.243157	0.500000
5.513205	4.785274	3.443121	0.500000
3.058679	1.635795	2.130602	0.500000
10.289234	4.847393	1.109435	0.500000
2.909839	11.180118	2.477771	0.500000
4.916354	1.830625	3.437851	0.500000
9.313678	3.801607	1.483065	0.500000
6.594776	6.391159	0.525122	0.500000
4.212717	4.930323	1.579335	0.500000
6.853035	5.988279	4.342600	0.500000
8.131378	4.308674	3.461600	0.500000
8.830137	11.752209	0.535456	0.500000
6.295529	2.092641	2.329029	0.500000
10.336351	0.670376	3.524701	0.500000
2.115224	9.047967	2.755362	0.500000
9.306379	10.824856	4.435240	0.500000
7.261120	4.718605	4.120481	0.500000
2.408610	6.585391	2.099808	0.500000
9.978657	7.385170	0.609843	0.500000
2.909077	5.625974	2.944863	0.500000
1.192149	7.024731	2.346795	0.500000
0.662073	6.051614	2.901801	0.500000
8.250355	10.382665	0.583761	0.500000
8.836266	3.148818	0.516220	0.500000
5.066342	9.187516	2.406417	0.500000
6.931997	7.146554	1.360441	0.500000
3.445450	7.377957	1.620717	0.500000
2.745188	2.425141	4.376029	0.500000
0.057004	4.320390	3.317032	0.500000
2.009766	6.549558	3.206202	0.500000
3.889567	5.160843	2.709410	0.500000
8.429876	2.530635	1.567586	0.500000
11.277874	4.664587	0.752853	0.500000
3.903619	11.553049	0.530152	0.500000
10.695911	11.641968	3.378569	0.500000
5.699011	10.302338	1.935705	0.500000
9.069735	10.158062	1.196349	0.500000
8.958243	5.011112	3.483063	0.500000
3.419457	2.694074	3.622502	0.500000
7.469258	3.644819	4.070857	0.500000
9.933169	10.363235	1.696932	0.500000
4.691263	10.432905	2.478850	0.500000
6.229328	3.991550	1.847634	0.500000
6.567583	8.375224	4.376581	0.500000
9.600541	4.540102	4.436072	0.500000
6.830182	0.262104	0.534180	0.500000
9.777783	8.924892	3.466982	0.500000
7.953822	3.568448	2.251132	0.500000
4.903641	4.823459	2.294499	0.500000
11.911995	8.235060	4.499203	0.500000
5.024525	8.891143	0.724397	0.500000
6.564172	9.994779	2.377374	0.500000
10.165718	8.482587	4.342022	0.500000
2.043423	1.839962	0.513423	0.500000
6.638406	9.429127	4.429634	0.500000
8.229051	10.779361	4.006157	0.500000
5.926938	8.317080	0.726791	0.500000
10.829008	10.841996	0.531937	0.500000
6.173003	0.691119	1.271152	0.500000
9.603853	4.186085	2.553321	0.500000
2.953290	4.118878	3.023705	0.500000
5.855679	1.189737	3.384676	0.500000
5.196818	5.691884	1.440414	0.500000
9.529201	9.904220	3.723744	0.500000
9.405310	0.081635	1.670810	0.500000
5.937754	4.794578	2.464900	0.500000
12.190900	5.368418	2.654451	0.500000
2.432016	9.451656	1.510562	0.500000
5.284930	8.025237	2.888921	0.500000
2.051974	10.146835	0.723360	0.500000
11.808009	2.190940	3.484691	0.500000
7.495165	7.885954	1.796209	0.500000
0.246035	5.174762	4.360745	0.500000
11.629834	0.825518	4.448329	0.500000
1.107068	5.238827	3.473077	0.500000
6.079739	6.544934	1.429151	0.500000
1.004860	9.786432	1.031354	0.500000
4.483152	0.139149	3.362063	0.500000
1.892562	2.881931	0.643338	0.500000
8.400516	7.016879	4.050226	0.500000
1.949490	3.753290	2.355357	0.500000
11.297862	6.510727	4.388203	0.500000
0.974560	3.424452	0.637305	0.500000
6.581330	1.985576	4.254791	0.500000
1.616157	11.591968	3.339803	0.500000
9.996251	2.285479	1.649338	0.500000
4.610250	2.870424	2.763263	0.500000
10.729611	2.103927	3.705599	0.500000
0.942689	10.146675	3.606136	0.500000
11.473132	5.178445	4.469980	0.500000
11.458696	1.259680	2.432871	0.500000
0.701363	11.117547	3.465257	0.500000
1.388436	5.893326	4.195027	0.500000
7.300324	10.448957	4.485347	0.500000
0.745831	6.919987	3.610066	0.500000
8.507254	9.483655	3.064072	0.500000
0.981866	2.353785	4.050578	0.500000
7.822510	5.669566	3.639436	0.500000
3.583188	11.370731	4.496223	0.500000
4.220424	1.095213	3.685224	0.500000
10.208123	7.886335	2.502354	0.500000
6.357561	8.919599	2.691858	0.500000
11.233856	9.056169	4.490012	0.500000
1.221989	1.244525	0.557804	0.500000
8.543131	5.534857	2.723973	0.500000
3.742427	10.950464	1.866864	0.500000
5.024951	0.951207	0.647879	0.500000
10.124192	4.332225	3.500830	0.500000
11.455964	7.325062	3.172525	0.500000
3.992251	7.965502	0.730243	0.500000
10.595473	6.596154	1.089274	0.500000
9.984111	11.619919	4.475921	0.500000
12.193289	10.293105	3.207089	0.500000
3.929941	6.152230	2.469464	0.500000
2.888334	10.597596	4.435726	0.500000
5.772654	9.594173	0.569421	0.500000
0.789064	2.572307	1.580401	0.500000
8.302654	4.671540	4.377946	0.500000
2.121383	4.717143	2.587464	0.500000
5.300758	11.161015	0.507337	0.500000
11.869951	2.376358	1.784330	0.500000
11.124229	4.223641	3.582935	0.500000
4.846879	5.687990	2.880149	0.500000
8.128751	11.641329	3.303384	0.500000
8.348100	1.216951	1.470901	0.500000
11.506576	1.817250	0.873082	0.500000
1.727394	11.189697	0.527489	0.500000
8.716679	3.383237	3.231325	0.500000
3.828318	5.039171	0.641991	0.500000
3.992169	11.984619	1.459603	0.500000
7.573558	8.953588	4.499953	0.500000
7.116627	4.453193	2.764004	0.500000
5.335273	1.801062	2.237314	0.500000
4.780568	3.270554	4.482475	0.500000
8.460329	7.174588	1.722564	0.500000
4.952283	0.186430	1.568025	0.500000
0.469849	11.821915	2.422064	0.500000
5.782733	6.962295	3.281523	0.500000
2.912833	3.277566	1.497197	0.500000
6.997988	9.672574	1.511685	0.500000
9.768534	5.596433	4.162215	0.500000
2.397564	12.220933	3.310856	0.500000
8.574322	9.830265	4.185391	0.500000
6.763103	1.669655	1.320862	0.500000
11.087701	4.444600	1.832534	0.500000
0.243955	6.198018	4.238228	0.500000
9.470708	11.538777	2.553340	0.500000
3.020756	8.623791	1.750932	0.500000
2.814799	1.099283	4.053103	0.500000
6.273871	0.804781	4.445081	0.500000
11.352990	0.240318	3.580970	0.500000
8.427116	0.434393	4.363916	0.500000
0.187608	5.324457	0.508305	0.500000
11.766110	3.966663	4.343917	0.500000
7.211484	7.893793	0.531673	0.500000
7.514802	2.475207	4.263241	0.500000
4.678268	12.201224	0.629999	0.500000
5.674784	12.094152	0.653452	0.500000
2.383581	2.549875	3.443120	0.500000
2.480276	2.274167	1.459714	0.500000
1.860095	4.062661	1.038701	0.500000
7.388534	8.271332	2.887042	0.500000
4.778953	9.943839	1.608932	0.500000
2.770249	0.790736	1.420519	0.500000
10.703217	2.569335	0.810337	0.500000
2.008657	8.108699	4.347311	0.500000
5.825792	1.686426	0.565642	0.500000
3.691736	0.627811	2.957656	0.500000
4.646831	9.804231	0.538665	0.500000
7.647434	6.466283	0.568680	0.500000
0.090708	1.785403	2.454913	0.500000
6.683004	8.329982	1.389794	0.500000
3.729205	0.461565	4.418638	0.500000
4.243772	8.699871	4.305427	0.500000
4.290573	4.585220	4.150891	0.500000
2.731717	3.598886	4.109210	0.500000
11.952094	11.474944	1.710696	0.500000
0.803242	11.030925	4.476915	0.500000
12.057483	8.775216	2.312797	0.500000
4.200255	11.791977	2.442025	0.500000
0.499432	7.903218	2.377798	0.500000
8.817734	2.340119	4.340952	0.500000
10.279044	9.674272	4.421540	0.500000
11.011775	1.177226	1.498481	0.500000
9.369263	4.289850	0.584084	0.500000
9.995414	12.078279	0.619842	0.500000
10.698434	3.242622	4.410747	0.500000
11.950871	2.721811	0.738761	0.500000
0.004280	4.037309	2.209146	0.500000
9.629143	11.163957	3.511429	0.500000
12.010341	3.241997	2.925649	0.500000
0.308748	6.442872	0.793088	0.500000
9.514294	5.328963	0.699161	0.500000
10.364429	12.050531	2.210774	0.500000
6.662177	10.795826	3.543014	0.500000
11.953514	1.094586	3.341012	0.500000
1.007194	8.659406	2.932749	0.500000
1.215611	0.672277	2.557898	0.500000
4.054294	5.968072	4.413116	0.500000
5.569680	2.044527	4.224255	0.500000
9.929965	5.230545	3.069243	0.500000
11.241546	10.394018	3.728636	0.500000
7.502686	7.740057	4.162167	0.500000
5.703975	0.761945	2.422785	0.500000
4.833353	6.785313	4.321820	0.500000
0.941851	3.439998	2.144971	0.500000
5.562162	5.905364	3.545498	0.500000
4.835305	3.827052	1.991221	0.500000
11.463220	2.096117	4.444174	0.500000
0.832047	9.756036	2.604653	0.500000
12.080957	8.145123	3.229980	0.500000
5.839513	6.473484	4.450417	0.500000
9.140784	8.406816	2.779221	0.500000
6.239534	10.815894	4.471983	0.500000
9.721743	3.564910	4.196661	0.500000
