500

0.646445	7.599037	1.508366	0.500000
7.178234	9.576892	2.953837	0.500000
10.080690	1.182004	2.714556	0.500000
10.410845	2.876924	4.237131	0.500000
11.543712	9.399676	4.276292	0.500000
12.121393	1.721206	2.477515	0.500000
11.670046	7.316450	1.084479	0.500000
9.529455	9.852889	4.334428	0.500000
10.857353	12.188011	4.450581	0.500000
5.331369	11.089956	2.573457	0.500000
8.002008	9.472875	0.629575	0.500000
10.482947	1.761044	4.411941	0.500000
4.407165	6.990765	0.817855	0.500000
9.726342	3.726106	3.259845	0.500000
2.791765	10.278779	4.280325	0.500000
11.543737	3.183268	3.810462	0.500000
6.458960	2.136443	3.489995	0.500000
5.948806	11.626371	4.275362	0.500000
1.642974	7.877426	2.086651	0.500000
9.041479	5.517379	4.417439	0.500000
4.095946	9.869807	0.578348	0.500000
3.769331	3.931709	3.779998	0.500000
11.307014	8.881722	0.577413	0.500000
6.163520	10.313348	2.415054	0.500000
1.337404	9.700621	2.619744	0.500000
9.688196	6.279860	1.892232	0.500000
5.750900	6.967993	3.918616	0.500000
6.832819	7.541493	2.267646	0.500000
8.563872	2.210484	1.432463	0.500000
3.444472	4.265940	0.510652	0.500000
3.838865	8.803782	3.509476	0.500000
1.887809	4.355761	3.773631	0.500000
2.196483	4.151077	2.754864	0.500000
11.539466	8.244273	1.489972	0.500000
3.558959	7.211202	2.563840	0.500000
0.627319	6.921983	2.766961	0.500000
11.189662	4.847107	0.610989	0.500000
4.659539	1.789792	0.664205	0.500000
11.906514	6.499578	3.310037	0.500000
4.810107	10.962063	4.370563	0.500000
9.408064	2.178981	4.419683	0.500000
2.248628	4.193941	1.395097	0.500000
3.542649	8.504684	1.846833	0.500000
2.943911	0.955480	3.126913	0.500000
4.648053	6.992017	3.219882	0.500000
10.422127	11.051273	4.281482	0.500000
6.911260	11.644618	2.757080	0.500000
6.376836	2.002479	2.424538	0.500000
3.719754	10.159429	1.641080	0.500000
0.517783	10.898410	4.484855	0.500000
0.828176	7.947146	4.481559	0.500000
1.529417	10.753190	1.641255	0.500000
9.166771	2.485900	3.193295	0.500000
4.346854	9.348896	2.619048	0.500000
7.536532	4.804889	1.657651	0.500000
10.087150	5.070993	4.497528	0.500000
5.981833	9.908084	0.519207	0.500000
9.797753	3.827428	2.149360	0.500000
4.126816	4.598399	4.490077	0.500000
12.136600	6.279602	0.866704	0.500000
1.998815	0.088999	4.293612	0.500000
6.982299	11.628169	4.131973	0.500000
2.598431	11.648631	0.794710	0.500000
10.124704	8.867678	3.990889	0.500000
9.839870	7.794707	4.464069	0.500000
11.746627	2.241265	4.256566	0.500000
1.575654	5.878202	1.559508	0.500000
3.503457	1.133941	1.473439	0.500000
0.057510	5.676420	2.592835	0.500000
6.395590	6.386273	0.853606	0.500000
10.138304	4.679300	2.585660	0.500000
2.340211	1.218852	2.276541	0.500000
3.883654	11.748986	0.541214	0.500000
5.663110	7.955679	4.355776	0.500000
3.268012	1.653278	2.360552	0.500000
2.610188	10.835948	1.697804	0.500000
4.496807	3.663596	4.484188	0.500000
12.101517	7.495709	3.193698	0.500000
8.908078	1.157379	1.457030	0.500000
9.055231	4.299261	1.671465	0.500000
1.857311	2.452008	2.359793	0.500000
11.613224	6.262431	4.446829	0.500000
5.388603	11.948014	2.020246	0.500000
2.667534	2.227068	2.966785	0.500000
4.580947	4.530795	3.535275	0.500000
11.090597	0.966622	0.502901	0.500000
4.405737	8.262253	0.603511	0.500000
8.556929	2.107697	2.473263	0.500000
4.373172	7.668447	1.813933	0.500000
5.424911	5.722850	3.556588	0.500000
7.473095	5.865782	1.526338	0.500000
8.247482	10.554018	0.529945	0.500000
6.444167	0.789481	1.038952	0.500000
3.705999	0.699609	0.592781	0.500000
11.160442	2.041378	3.115169	0.500000
4.185588	10.984148	2.304312	0.500000
7.332373	6.008981	2.523269	0.500000
11.326076	11.059060	3.445490	0.500000
10.294392	5.358665	0.503294	0.500000
10.581728	3.255850	1.889115	0.500000
3.230846	3.036218	4.458826	0.500000
4.875390	6.779607	1.990780	0.500000
8.405120	5.642626	1.194900	0.500000
1.366614	11.864420	2.289985	0.500000
1.171651	4.330380	4.499791	0.500000
6.815488	3.655376	0.747378	0.500000
10.824171	12.058658	2.229422	0.500000
2.139362	6.421397	4.190557	0.500000
10.670229	11.675343	0.733036	0.500000
10.617804	2.198483	2.116482	0.500000
8.114886	10.241496	2.669398	0.500000
10.559252	0.372966	3.103186	0.500000
10.342871	8.915577	2.829737	0.500000
6.272089	3.590600	2.412875	0.500000
1.491825	6.552966	3.270569	0.500000
0.234893	6.644779	1.871258	0.500000
6.687704	0.952238	4.170129	0.500000
7.326213	10.290526	0.876477	0.500000
11.045216	0.963954	4.142650	0.500000
0.428917	0.789535	2.047026	0.500000
8.845181	0.364659	3.328456	0.500000
5.328203	7.637975	2.740000	0.500000
2.440278	9.365108	3.986584	0.500000
0.991253	4.212228	3.238291	0.500000
9.535096	6.579351	4.348564	0.500000
3.185407	9.172696	2.736754	0.500000
6.503732	5.547739	2.895393	0.500000
0.402999	10.932596	1.673213	0.500000
9.091165	3.281466	4.323933	0.500000
2.711946	3.563631	3.464390	0.500000
9.887153	7.799900	1.897430	0.500000
4.333536	8.192055	4.250806	0.500000
4.234525	2.249483	2.733246	0.500000
10.934739	3.859498	0.630909	0.500000
5.069522	1.120102	2.901579	0.500000
8.398728	8.363979	1.657250	0.500000
8.371109	11.709626	3.407621	0.500000
11.801860	8.426581	4.443072	0.500000
1.110467	0.338439	0.671996	0.500000
7.339979	2.336596	2.443581	0.500000
7.589892	7.270559	1.125197	0.500000
7.929293	5.802303	4.351853	0.500000
5.564857	0.748485	0.513167	0.500000
7.230952	11.775921	1.620194	0.500000
4.620809	6.121888	4.049093	0.500000
7.595813	8.147925	0.591433	0.500000
2.503599	12.083758	2.996725	0.500000
1.630664	4.684459	0.530575	0.500000
7.069595	10.735061	2.197917	0.500000
7.415653	2.415899	1.409489	0.500000
8.679749	9.296747	2.439496	0.500000
0.878752	2.663045	2.751312	0.500000
2.929195	6.704189	1.555327	0.500000
11.797941	8.747814	3.235558	0.500000
1.753879	1.161281	3.474617	0.500000
10.050889	0.284333	1.261173	0.500000
7.795463	10.032708	3.599495	0.500000
7.792152	3.219387	4.495889	0.500000
12.141796	7.344958	4.287944	0.500000
8.269091	6.410671	2.057766	0.500000
1.194937	4.926658	2.551410	0.500000
3.605127	8.915635	0.848627	0.500000
4.883696	3.182660	1.576729	0.500000
7.726374	6.192538	0.612831	0.500000
9.139517	10.232330	1.746347	0.500000
12.179369	8.314328	2.372313	0.500000
4.739814	5.386416	2.886439	0.500000
3.202855	8.506267	4.262303	0.500000
4.396381	0.620883	3.475979	0.500000
3.575181	11.923322	2.660811	0.500000
0.974199	1.510187	2.510822	0.500000
11.121464	7.134684	4.314306	0.500000
3.986571	2.734333	0.526428	0.500000
4.867579	4.223605	2.558976	0.500000
2.909482	7.225592	4.200448	0.500000
9.102636	9.768453	0.750869	0.500000
8.469902	1.733289	3.426203	0.500000
7.151574	10.368198	4.329697	0.500000
12.073578	2.701258	2.702399	0.500000
8.314522	0.687224	0.723997	0.500000
0.159650	5.288491	4.468165	0.500000
11.076799	3.941594	4.464637	0.500000
9.653339	7.376905	0.793382	0.500000
6.364618	2.431712	4.488720	0.500000
1.601774	5.562128	4.494892	0.500000
0.003313	9.957118	0.960825	0.500000
7.895634	0.891320	3.507481	0.500000
11.028289	0.985014	2.002298	0.500000
7.450968	0.448512	2.424546	0.500000
8.872438	0.026128	1.550235	0.500000
3.896941	5.320694	3.458288	0.500000
4.451476	3.642863	0.733512	0.500000
4.214549	11.016675	3.558429	0.500000
7.943219	4.838909	2.620438	0.500000
3.871277	10.113201	3.128484	0.500000
2.072786	1.163054	4.470283	0.500000
3.171716	10.687169	2.636544	0.500000
11.747141	3.655073	2.664633	0.500000
11.731962	2.089973	1.472684	0.500000
2.920940	5.586900	2.935072	0.500000
1.006849	4.703672	1.548848	0.500000
6.192716	3.952046	4.399501	0.500000
10.102031	6.980580	2.529043	0.500000
7.232991	8.257174	1.655624	0.500000
12.021525	4.804831	1.468369	0.500000
10.038134	1.401666	1.666027	0.500000
3.547141	6.422081	3.491580	0.500000
4.059764	2.021023	1.652620	0.500000
2.314026	11.004966	3.293450	0.500000
6.989552	0.135668	3.447136	0.500000
8.169284	6.338155	3.473479	0.500000
0.388777	3.930781	0.580422	0.500000
11.340237	10.638484	0.727174	0.500000
2.128957	6.397745	2.408280	0.500000
3.593530	2.123117	4.258851	0.500000
2.450047	2.295976	4.414427	0.500000
1.462730	11.660849	1.077350	0.500000
9.613892	7.294132	3.517136	0.500000
0.009685	0.682206	0.544234	0.500000
6.764341	6.561092	1.909604	0.500000
9.180303	6.479877	2.823853	0.500000
2.444612	9.851650	0.775063	0.500000
5.052430	2.786428	0.662049	0.500000
6.070262	0.968944	2.261490	0.500000
6.965121	9.058109	0.613607	0.500000
5.430771	6.802555	0.577691	0.500000
11.752305	1.086134	1.319003	0.500000
7.824764	1.669461	4.318273	0.500000
4.106316	3.823797	1.783588	0.500000
0.945047	5.059464	3.777124	0.500000
5.465599	8.636841	3.320458	0.500000
6.669608	7.914178	4.215884	0.500000
1.598754	6.604402	0.574061	0.500000
3.233632	11.236753	3.737715	0.500000
9.939911	12.158156	3.889303	0.500000
10.647199	3.779067	2.752906	0.500000
2.071113	3.468488	4.434687	0.500000
8.775612	1.688918	0.540594	0.500000
6.423760	10.932754	0.619368	0.500000
0.390849	12.196495	2.723485	0.500000
4.770138	5.695440	1.230069	0.500000
3.225013	4.897057	1.713856	0.500000
6.866965	8.520565	2.607532	0.500000
11.733676	10.451846	4.140972	0.500000
7.590777	4.296989	0.727088	0.500000
9.602760	0.170810	2.416285	0.500000
0.069042	7.878303	0.543323	0.500000
8.831997	4.087947	2.645821	0.500000
9.282570	8.477255	2.441469	0.500000
5.316901	8.068949	1.095062	0.500000
9.875016	3.903493	0.932616	0.500000
4.194033	5.062573	2.108466	0.500000
7.823093	4.794147	4.479890	0.500000
11.878696	5.481616	3.599700	0.500000
10.468723	9.464783	0.728324	0.500000
6.269042	7.531226	3.118995	0.500000
10.568309	9.884556	3.861966	0.500000
2.523446	12.142638	1.808563	0.500000
3.593516	1.742369	0.645777	0.500000
4.428800	8.122153	2.877722	0.500000
2.162006	11.162421	4.394329	0.500000
11.650158	12.031553	0.606937	0.500000
9.605630	4.709335	3.512630	0.500000
6.278377	6.509474	3.116204	0.500000
11.718017	0.821621	2.742419	0.500000
0.805246	6.650738	4.464497	0.500000
5.143450	1.049358	1.811689	0.500000
7.207713	4.157966	3.996938	0.500000
6.651924	10.574970	3.291047	0.500000
6.226913	11.293750	2.113197	0.500000
1.124795	0.111302	3.581483	0.500000
3.847928	10.675081	4.489455	0.500000
6.354578	0.030880	1.856326	0.500000
6.411427	5.134051	4.369243	0.500000
9.884773	11.485272	1.431922	0.500000
10.561079	10.701541	1.566071	0.500000
3.057821	0.832666	4.293654	0.500000
0.315625	9.284907	2.684046	0.500000
0.550356	5.621562	1.517510	0.500000
0.144470	3.834848	4.458082	0.500000
8.422666	4.224613	3.563593	0.500000
9.845838	2.848486	2.485896	0.500000
0.695718	10.613061	0.653425	0.500000
1.386174	3.705249	0.693724	0.500000
6.038557	3.129675	1.527158	0.500000
0.517986	1.830090	3.616903	0.500000
8.625752	0.974338	4.335558	0.500000
5.665644	1.985457	0.749930	0.500000
5.128433	2.184101	1.587136	0.500000
10.045071	0.854290	4.283673	0.500000
4.291569	9.296317	1.592662	0.500000
8.668665	3.580128	0.837160	0.500000
9.557469	5.800950	3.502205	0.500000
7.480265	8.967997	4.316369	0.500000
4.094596	0.853179	2.238619	0.500000
5.512443	3.073858	4.395091	0.500000
0.388896	1.084605	4.393331	0.500000
11.511530	11.661917	1.555218	0.500000
11.777468	11.488978	2.636189	0.500000
3.741428	5.646075	4.466723	0.500000
7.722921	3.278172	2.896787	0.500000
8.114320	2.761906	0.506641	0.500000
9.484382	12.098345	0.501926	0.500000
5.743964	8.962963	0.897047	0.500000
6.118163	10.580559	4.458626	0.500000
9.060793	8.901386	4.445147	0.500000
0.195036	4.611449	2.646019	0.500000
8.847114	5.250240	2.212099	0.500000
8.003126	10.914530	1.652990	0.500000
6.515273	10.001241	1.402243	0.500000
6.883900	4.252219	2.858734	0.500000
5.473116	2.079211	2.975925	0.500000
1.441718	0.642683	2.048040	0.500000
11.601786	3.260208	1.639449	0.500000
11.608692	9.082282	2.065321	0.500000
2.680397	3.362347	0.619469	0.500000
10.326504	10.211541	2.923971	0.500000
7.087705	3.267898	1.924093	0.500000
4.241174	1.628917	3.555822	0.500000
0.861094	5.357647	0.528549	0.500000
0.846879	9.807071	1.562611	0.500000
10.829452	5.650824	2.586590	0.500000
6.193145	9.048265	4.402394	0.500000
0.516482	11.930016	1.577902	0.500000
6.343503	5.472437	1.438599	0.500000
0.135419	8.938947	1.221640	0.500000
5.658246	9.395855	1.922403	0.500000
2.653289	5.664061	1.279439	0.500000
6.760657	6.073418	4.443760	0.500000
8.282751	11.759041	2.266208	0.500000
10.611541	6.035799	4.456964	0.500000
5.862441	7.197306	1.608208	0.500000
5.888300	4.139909	0.559087	0.500000
3.928230	0.152056	4.450919	0.500000
10.450131	6.512306	3.521829	0.500000
0.822557	2.328347	4.493862	0.500000
4.533629	11.780161	2.917450	0.500000
1.371146	9.278459	3.728817	0.500000
5.599225	10.686263	1.567028	0.500000
0.455345	3.813313	2.065985	0.500000
1.870682	10.695120	0.505315	0.500000
7.004446	1.368374	3.064450	0.500000
11.742312	4.181002	3.551484	0.500000
7.014238	0.070208	0.548803	0.500000
4.161471	6.137494	2.493567	0.500000
2.264498	5.275727	2.237513	0.500000
11.880791	1.337138	3.731301	0.500000
7.642138	9.200768	2.016778	0.500000
11.335267	2.685026	0.638833	0.500000
6.434179	1.849291	1.405944	0.500000
5.016073	4.630863	0.572291	0.500000
0.707814	2.257919	0.519751	0.500000
9.606427	6.209774	0.602702	0.500000
8.514394	3.140149	2.091205	0.500000
3.668311	7.572370	3.537998	0.500000
4.125383	3.533359	2.882435	0.500000
5.092161	3.133919	2.712999	0.500000
7.186678	5.336958	0.715259	0.500000
1.365199	1.410973	0.528150	0.500000
0.571763	1.654567	1.446728	0.500000
10.846840	7.901052	0.637082	0.500000
2.807880	4.616157	4.192514	0.500000
7.201295	1.530922	0.531133	0.500000
5.122392	8.888525	4.466521	0.500000
7.620973	0.260973	4.342453	0.500000
4.779214	10.122408	1.990098	0.500000
8.023975	8.502589	2.631471	0.500000
1.704709	8.851853	0.860538	0.500000
2.497332	3.058445	1.878116	0.500000
1.120086	10.979157	2.918399	0.500000
7.202329	5.405307	3.623182	0.500000
4.882307	10.602414	0.524362	0.500000
2.783916	5.621535	3.972866	0.500000
3.867844	6.990590	4.426688	0.500000
1.606956	7.374443	4.143818	0.500000
7.649023	2.325885	3.526929	0.500000
1.657522	3.304364	3.250993	0.500000
2.188859	7.586848	1.226605	0.500000
9.564214	9.023574	1.427199	0.500000
3.765373	4.473878	2.907880	0.500000
9.625410	2.861831	1.235054	0.500000
8.481183	5.366719	3.299656	0.500000
1.983856	5.201100	3.240183	0.500000
0.034522	10.083184	2.082578	0.500000
3.149586	3.866228	2.361752	0.500000
8.963108	10.302717	3.470026	0.500000
11.149927	4.716069	2.263344	0.500000
1.902126	8.408355	4.302698	0.500000
2.353445	9.978550	2.795504	0.500000
11.342047	5.023939	4.381151	0.500000
0.546052	11.740892	0.576091	0.500000
6.593798	3.323370	3.430079	0.500000
8.606542	6.869290	0.813641	0.500000
1.408929	6.905415	1.888702	0.500000
2.604335	8.480532	0.615032	0.500000
11.268403	6.002925	1.646371	0.500000
0.638358	9.911542	4.071893	0.500000
11.266979	6.930656	2.255020	0.500000
2.640089	4.853795	0.647097	0.500000
1.347294	7.887299	0.732945	0.500000
8.502614	7.303538	3.220003	0.500000
3.205163	10.679657	0.507232	0.500000
5.855175	4.604711	2.500921	0.500000
2.474195	9.633296	1.764759	0.500000
8.150042	10.975804	4.172709	0.500000
10.671516	9.297635	1.768709	0.500000
6.891260	2.551942	0.567539	0.500000
8.479497	7.712223	4.404902	0.500000
6.419774	8.143298	0.528837	0.500000
9.932202	1.909244	3.527870	0.500000
3.620658	9.647328	4.307511	0.500000
4.920628	11.931648	3.849112	0.500000
0.615433	5.999792	3.557852	0.500000
1.682489	1.904939	1.350121	0.500000
0.059456	0.380085	3.710435	0.500000
10.273746	1.945452	0.658596	0.500000
10.533727	5.161244	1.551073	0.500000
6.046010	8.229650	1.894944	0.500000
6.014649	0.317965	3.035589	0.500000
5.473008	6.197370	2.566994	0.500000
11.156157	6.058663	0.571889	0.500000
8.689036	12.148768	4.266680	0.500000
4.963700	5.230732	4.408826	0.500000
3.337990	6.031984	0.564744	0.500000
9.183496	10.890355	0.844541	0.500000
10.879184	7.386257	3.176808	0.500000
10.775199	8.163886	4.393659	0.500000
11.063589	8.131342	2.386746	0.500000
1.482510	3.831111	1.967161	0.500000
6.436103	4.338487	1.517987	0.500000
9.740946	9.576506	2.299845	0.500000
9.298888	11.379823	2.604620	0.500000
10.435855	6.840529	1.274401	0.500000
9.531859	1.011376	0.647519	0.500000
10.867584	5.013549	3.363229	0.500000
4.528856	0.986264	4.465457	0.500000
9.029443	8.754597	0.563803	0.500000
2.542183	1.587686	0.686315	0.500000
5.744044	5.475868	0.516636	0.500000
4.532417	9.611177	3.825049	0.500000
0.680730	12.134113	4.499009	0.500000
5.736117	11.738815	0.748564	0.500000
6.030232	9.734709	3.414054	0.500000
0.383802	3.342036	3.414593	0.500000
10.289577	11.249964	3.108146	0.500000
0.431360	8.581728	3.750500	0.500000
4.488197	2.830387	3.910736	0.500000
3.415792	7.530121	1.174856	0.500000
8.557533	7.864698	0.527155	0.500000
8.503892	4.823662	0.515584	0.500000
2.535820	8.404058	2.128277	0.500000
5.528892	1.437180	3.930614	0.500000
7.829828	1.595981	1.894494	0.500000
2.768939	6.864051	0.557145	0.500000
8.580930	0.739156	2.421049	0.500000
1.417148	7.856627	3.172473	0.500000
9.101809	8.158774	3.653672	0.500000
10.139991	10.571377	0.500962	0.500000
9.379601	5.174028	1.184866	0.500000
1.143204	8.763187	2.290717	0.500000
1.057046	3.293754	4.275600	0.500000
9.184531	11.112705	4.473639	0.500000
11.963881	1.766812	0.540487	0.500000
0.183261	11.399051	3.581988	0.500000
1.234546	11.400975	3.970506	0.500000
1.005220	5.958948	2.405644	0.500000
2.981145	12.044771	4.494332	0.500000
2.125523	8.829663	3.047943	0.500000
5.953398	11.465768	3.261340	0.500000
7.214817	7.043807	3.320403	0.500000
4.655933	12.096478	1.303318	0.500000
3.890023	5.167138	0.900415	0.500000
0.656710	3.116894	1.236722	0.500000
2.542250	6.870118	3.209825	0.500000
2.196048	0.565165	0.890704	0.500000
4.605769	11.048378	1.383653	0.500000
3.524586	2.928505	3.473013	0.500000
9.109587	7.079338	1.730728	0.500000
10.042072	3.979249	4.255877	0.500000
12.135500	10.199759	3.144886	0.500000
11.187011	10.153849	2.397816	0.500000
11.718401	11.448735	4.308131	0.500000
5.596977	4.452180	3.741269	0.500000
7.626288	6.939457	4.477164	0.500000
4.988656	2.130155	4.453119	0.500000
0.629973	6.982202	0.570049	0.500000
1.812573	2.785371	0.794327	0.500000
6.657561	8.884871	3.524365	0.500000
11.446296	12.139853	3.385476	0.500000
2.671128	7.904165	3.490013	0.500000
0.850415	9.479964	0.521794	0.500000
3.930122	6.301297	1.422949	0.500000
8.955957	4.452967	4.391954	0.500000
5.409269	4.283862	1.641689	0.500000
7.853918	7.371759	2.427067	0.500000
1.631956	10.383854	3.929039	0.500000
8.269031	11.789031	0.621255	0.500000
7.805272	8.212255	3.680661	0.500000
5.201754	10.291690	3.505169	0.500000
5.725773	0.386357	4.207711	0.500000
