500

10.665860	7.800457	3.268856	0.500000
1.319246	0.320995	2.939523	0.500000
12.743926	10.253715	2.910970	0.500000
2.035743	6.571094	0.866616	0.500000
8.617633	2.729817	3.794112	0.500000
7.387239	12.788095	1.745511	0.500000
4.764601	1.729094	2.430782	0.500000
9.966560	4.273288	0.765647	0.500000
1.220432	9.185193	2.775852	0.500000
3.006859	5.722928	0.824143	0.500000
4.983680	11.488265	4.397404	0.500000
1.647497	4.971485	4.238622	0.500000
2.147074	1.035186	3.546996	0.500000
9.411022	7.312343	3.755406	0.500000
12.166149	9.645713	4.111869	0.500000
9.566076	3.275835	0.672958	0.500000
1.051430	10.873456	0.893808	0.500000
10.639657	0.748754	3.329913	0.500000
10.462256	12.271781	3.637561	0.500000
12.571253	3.871419	2.613007	0.500000
3.446617	7.343488	4.488499	0.500000
9.232156	2.295829	0.533817	0.500000
1.760835	3.829230	1.403166	0.500000
5.661903	6.784698	3.407071	0.500000
10.733585	5.814855	3.800423	0.500000
6.456334	8.021168	4.141595	0.500000
2.911835	4.644687	4.476477	0.500000
3.103793	7.935868	0.520250	0.500000
2.142835	2.755921	4.213612	0.500000
10.325817	12.806436	1.400663	0.500000
11.397250	9.133859	3.528686	0.500000
11.518642	0.666129	1.524748	0.500000
1.405815	10.621213	1.901208	0.500000
8.076156	11.192155	4.286409	0.500000
2.180602	12.648055	0.604619	0.500000
8.713984	4.610740	2.044610	0.500000
7.781189	10.372378	2.789222	0.500000
5.547124	6.385538	4.424422	0.500000
1.188431	12.098524	0.582147	0.500000
2.950930	8.769006	4.473822	0.500000
7.766775	9.417810	3.296937	0.500000
1.165401	8.684082	1.676899	0.500000
3.234044	12.853277	0.520259	0.500000
11.567189	11.371451	1.720941	0.500000
1.206768	8.450367	4.429327	0.500000
13.110452	7.742366	2.267035	0.500000
10.822484	2.906549	4.140995	0.500000
7.730726	7.483537	2.880272	0.500000
6.814921	10.178244	3.553700	0.500000
8.036652	11.351984	0.579033	0.500000
0.663907	0.956619	4.054034	0.500000
11.514440	5.107708	0.883558	0.500000
11.554522	2.891006	2.620756	0.500000
12.495447	5.509704	1.349984	0.500000
13.004959	1.826205	0.515556	0.500000
7.104719	7.832980	1.994688	0.500000
7.050459	4.334588	4.348422	0.500000
0.564839	6.071539	1.523434	0.500000
6.648221	6.504173	1.931035	0.500000
3.733491	5.205768	2.993405	0.500000
9.590829	8.626416	4.098421	0.500000
5.131700	4.364313	2.245591	0.500000
6.454836	3.498105	3.545576	0.500000
5.064330	1.841529	4.405610	0.500000
1.742066	3.173858	3.265023	0.500000
4.877300	12.534760	4.267569	0.500000
7.477711	3.457594	0.729119	0.500000
4.201716	1.168190	1.198954	0.500000
11.257319	8.670474	0.626217	0.500000
10.742772	3.134023	0.764551	0.500000
13.189395	2.357431	1.712385	0.500000
4.325015	9.415011	2.288382	0.500000
5.731551	7.196069	2.241483	0.500000
3.215640	8.555799	2.622501	0.500000
5.139069	8.512595	1.718791	0.500000
7.291401	0.783978	4.298260	0.500000
4.643239	5.171900	1.817590	0.500000
1.378236	8.001445	2.728586	0.500000
7.904038	4.789871	3.852863	0.500000
5.186978	6.273979	0.739455	0.500000
5.625896	0.301451	1.734076	0.500000
2.354812	8.169564	3.516733	0.500000
1.369441	6.828647	2.658370	0.500000
10.492829	2.627078	2.911082	0.500000
9.607609	8.125360	2.887686	0.500000
11.758745	7.954248	4.018066	0.500000
10.316211	11.076614	3.282202	0.500000
6.845101	9.525372	4.487191	0.500000
8.515305	4.582437	3.059040	0.500000
0.204702	12.757815	0.610125	0.500000
4.166330	7.121881	3.642657	0.500000
13.073348	8.736046	1.420903	0.500000
9.510942	13.102590	2.263233	0.500000
10.647983	8.419800	4.492276	0.500000
12.721394	10.529594	1.241120	0.500000
0.151902	0.163674	3.624798	0.500000
3.883083	2.710535	0.707717	0.500000
0.714099	9.861573	3.362136	0.500000
10.384186	6.000570	2.579716	0.500000
4.920142	3.346638	2.518300	0.500000
8.992770	6.551253	4.387199	0.500000
12.563240	8.736607	3.483557	0.500000
2.953154	1.436568	1.473238	0.500000
0.591838	8.241062	3.474567	0.500000
3.009197	10.395187	4.431166	0.500000
5.292369	7.921424	0.696586	0.500000
8.328582	12.867054	3.161896	0.500000
1.533658	3.902024	4.200137	0.500000
1.845910	4.760433	2.674604	0.500000
0.268444	11.012513	4.418333	0.500000
6.644984	7.392118	3.180489	0.500000
12.229596	12.243551	0.523204	0.500000
8.507261	9.255070	4.347359	0.500000
2.682574	6.026221	3.094544	0.500000
12.722799	9.605466	0.523401	0.500000
3.613779	1.703215	0.567972	0.500000
11.821050	10.594126	2.649234	0.500000
1.183703	10.052526	4.370054	0.500000
6.880600	10.418378	1.957225	0.500000
9.728905	9.777255	4.439289	0.500000
4.928036	0.424522	0.650848	0.500000
1.616133	13.042650	1.375874	0.500000
5.594969	4.730904	3.282775	0.500000
10.084234	4.944027	2.821255	0.500000
12.051505	4.058629	0.771928	0.500000
8.743341	4.027546	1.030004	0.500000
7.308786	11.715338	2.566115	0.500000
2.570863	8.017071	1.879432	0.500000
0.177596	3.429208	3.163715	0.500000
8.977123	11.235035	1.341850	0.500000
7.966294	3.758415	4.137062	0.500000
1.691210	1.987312	3.327352	0.500000
8.249225	0.450430	4.129303	0.500000
8.561810	10.167102	1.660605	0.500000
5.866818	9.867396	1.542853	0.500000
3.034190	9.265782	0.693686	0.500000
0.856631	5.078706	2.241579	0.500000
5.297024	9.200009	2.830512	0.500000
9.091291	9.651795	0.577485	0.500000
2.855463	1.977855	3.474054	0.500000
1.059131	6.142816	3.488825	0.500000
8.604850	0.624987	3.049987	0.500000
5.832265	3.558583	0.521992	0.500000
8.336175	12.341711	4.318831	0.500000
12.689715	6.563849	1.805983	0.500000
6.099831	3.837303	1.955320	0.500000
9.632978	5.829092	4.122372	0.500000
6.063186	2.980277	2.540758	0.500000
8.929687	1.468107	4.269729	0.500000
12.847507	5.481517	4.402486	0.500000
6.088287	10.534668	0.571657	0.500000
12.413078	10.743153	4.042014	0.500000
5.996806	12.464730	0.871295	0.500000
12.304568	5.763861	3.344985	0.500000
1.078495	9.666071	1.463189	0.500000
6.624946	5.564803	1.494117	0.500000
4.746609	5.998148	3.541851	0.500000
10.791504	9.732938	2.525798	0.500000
7.760227	11.960150	3.556698	0.500000
0.098622	9.928526	4.159667	0.500000
1.675253	5.862186	2.426587	0.500000
6.527675	9.518502	2.567727	0.500000
10.851758	0.255618	0.672031	0.500000
3.028298	2.545217	1.274244	0.500000
5.103974	11.337830	0.863730	0.500000
13.050417	1.678824	4.394339	0.500000
5.993833	5.957616	2.734761	0.500000
8.726155	7.725156	2.521238	0.500000
8.715710	9.834450	3.492000	0.500000
4.356827	10.676882	0.543347	0.500000
5.146144	9.353111	1.072566	0.500000
5.129319	6.065488	2.161662	0.500000
8.971119	5.917938	1.663700	0.500000
8.999701	4.533913	4.064602	0.500000
3.054957	11.452955	0.724785	0.500000
11.043611	4.460267	3.052901	0.500000
6.995729	6.268095	3.609335	0.500000
3.265455	11.324361	2.097786	0.500000
12.937528	3.028910	0.731418	0.500000
4.769356	11.652428	1.756610	0.500000
8.111905	2.292315	0.885835	0.500000
2.266945	4.410152	3.630936	0.500000
11.509134	10.530026	3.648742	0.500000
10.241301	1.662298	3.083409	0.500000
1.960295	8.754134	0.937215	0.500000
6.155439	5.901321	0.533943	0.500000
9.687920	12.496532	4.317139	0.500000
4.117498	5.962355	0.600790	0.500000
5.770357	1.665085	3.146911	0.500000
2.286423	8.933533	2.743073	0.500000
0.123767	12.783489	4.437108	0.500000
12.235619	4.908138	2.361582	0.500000
12.332100	8.650472	4.486396	0.500000
6.877695	11.481140	1.686178	0.500000
12.992534	2.021844	2.813310	0.500000
2.422391	7.561383	4.358006	0.500000
3.688971	6.195581	2.716672	0.500000
8.099805	8.039809	3.717496	0.500000
2.997097	9.914523	1.604434	0.500000
11.653006	1.955648	2.970053	0.500000
8.770035	11.849164	2.996904	0.500000
6.344074	0.156647	3.925700	0.500000
3.422291	8.720435	1.654192	0.500000
10.758381	1.552483	4.046401	0.500000
1.681728	0.682274	4.418539	0.500000
11.787484	3.944492	3.505652	0.500000
5.613618	0.970321	4.074887	0.500000
3.612763	10.351125	2.487343	0.500000
4.597909	4.643952	3.815089	0.500000
1.342119	5.795028	0.848562	0.500000
1.135651	3.805357	2.481933	0.500000
8.796701	7.968353	4.432474	0.500000
3.458758	1.159477	3.545626	0.500000
11.242423	0.700264	4.328505	0.500000
0.590689	9.828118	0.509913	0.500000
11.568713	10.002104	1.755734	0.500000
9.555923	10.075412	1.458593	0.500000
0.971211	4.832101	3.498871	0.500000
3.930354	2.514891	4.209324	0.500000
9.226373	5.240030	3.351144	0.500000
7.623810	10.136863	4.315809	0.500000
3.343954	0.195336	3.131673	0.500000
4.809209	3.693298	0.590166	0.500000
10.405819	8.564308	2.344020	0.500000
1.524048	9.321901	3.773830	0.500000
9.610589	2.496038	4.468707	0.500000
3.520730	3.784956	0.523011	0.500000
3.298544	6.512801	1.618382	0.500000
1.880906	2.211542	0.702417	0.500000
1.307303	7.541091	3.982599	0.500000
12.300096	8.635748	0.549641	0.500000
1.483850	12.519725	2.401496	0.500000
9.509888	3.583294	4.418426	0.500000
2.419144	10.396650	2.308140	0.500000
5.221419	1.210403	1.395724	0.500000
11.056647	9.955513	4.494169	0.500000
12.762883	11.770487	4.295907	0.500000
4.275641	12.694418	0.518846	0.500000
2.440511	12.422607	2.697806	0.500000
11.101752	4.592116	1.919172	0.500000
2.043943	11.399947	2.469400	0.500000
7.550080	9.053479	0.506144	0.500000
0.608024	6.745837	4.435429	0.500000
9.761634	7.349248	0.758217	0.500000
6.281150	2.299908	4.352918	0.500000
10.500720	13.209973	2.560493	0.500000
9.276007	11.551747	4.461264	0.500000
1.172061	13.031079	4.421453	0.500000
2.150309	0.577461	0.960550	0.500000
6.370789	8.255510	0.514232	0.500000
2.339782	11.967729	4.404134	0.500000
13.149444	7.175555	3.288720	0.500000
12.646745	7.576627	0.813028	0.500000
12.001665	6.773416	0.966837	0.500000
7.706934	5.035389	0.723451	0.500000
11.164123	12.196400	1.084862	0.500000
5.775805	2.038073	1.230131	0.500000
9.628093	10.815489	2.292543	0.500000
3.319183	0.581318	0.916770	0.500000
10.410857	7.832565	1.402075	0.500000
5.986140	8.140583	2.761462	0.500000
2.655920	3.697123	4.222327	0.500000
10.231048	10.809535	1.115997	0.500000
0.537720	4.777132	0.525951	0.500000
0.565723	2.459694	0.666448	0.500000
10.622568	1.528621	0.586576	0.500000
4.421207	8.678262	0.870895	0.500000
6.212843	0.515130	0.711257	0.500000
13.113946	3.326825	4.386672	0.500000
11.728273	7.321974	2.278803	0.500000
7.253809	1.372561	0.544963	0.500000
1.561705	6.315488	4.357361	0.500000
9.328227	7.671928	1.641465	0.500000
11.158708	6.610964	3.006226	0.500000
11.622670	11.341448	0.545392	0.500000
8.787468	5.026990	0.707933	0.500000
8.054487	1.482687	3.767822	0.500000
9.029032	1.600663	2.914831	0.500000
0.436247	8.563389	0.592345	0.500000
9.468259	3.797254	2.248226	0.500000
11.448411	8.800930	1.664688	0.500000
2.560714	1.016098	2.595945	0.500000
1.431730	1.791888	4.388377	0.500000
0.030482	11.366942	2.162534	0.500000
7.895865	6.123485	4.225416	0.500000
2.324348	7.026372	2.236158	0.500000
8.173408	11.922255	1.756944	0.500000
8.327376	6.592981	2.503509	0.500000
6.122409	9.160384	3.611230	0.500000
3.215815	6.529592	3.937073	0.500000
12.840678	6.508559	4.413686	0.500000
10.295134	11.423674	4.317586	0.500000
5.202602	7.472403	4.480673	0.500000
12.875689	7.542740	4.398775	0.500000
5.659159	8.612888	4.496465	0.500000
3.645328	7.638807	1.661994	0.500000
9.788122	9.310093	2.661155	0.500000
0.249313	8.820108	4.385530	0.500000
4.307998	7.584133	0.620028	0.500000
4.403696	0.562348	3.725831	0.500000
9.297582	1.539818	1.255388	0.500000
4.904967	2.424903	0.857170	0.500000
10.641808	6.773040	4.484048	0.500000
2.717028	2.877923	2.354538	0.500000
0.967040	11.597575	1.687337	0.500000
7.265480	1.289643	2.097799	0.500000
4.685358	2.228372	3.364576	0.500000
2.544917	3.229047	0.648038	0.500000
0.668209	7.124047	1.565390	0.500000
6.595119	4.638038	2.656731	0.500000
8.583512	12.960052	1.716198	0.500000
9.565565	6.693939	1.905932	0.500000
5.961376	10.394240	3.001785	0.500000
8.520307	8.655182	1.850592	0.500000
7.443872	3.800950	3.244227	0.500000
6.244262	1.541916	2.015827	0.500000
8.784484	6.402463	0.722289	0.500000
4.048460	11.001503	4.369997	0.500000
4.447016	6.858482	2.556572	0.500000
10.463542	11.954527	2.009666	0.500000
8.541446	7.330400	1.017428	0.500000
7.446990	9.793239	1.373576	0.500000
4.362524	8.050257	2.746969	0.500000
10.370008	7.067979	2.548197	0.500000
7.989751	5.535567	3.035141	0.500000
8.682873	0.805275	0.951737	0.500000
3.434371	6.926766	0.638046	0.500000
7.289471	1.997613	4.456598	0.500000
2.052198	10.489107	3.239412	0.500000
10.690569	6.605799	1.521744	0.500000
12.203393	11.746308	2.966812	0.500000
8.251552	7.035761	3.719346	0.500000
1.818217	7.648232	1.249016	0.500000
11.823818	2.121449	4.488331	0.500000
3.943059	3.120190	3.145549	0.500000
6.569725	2.213548	0.597694	0.500000
1.200637	1.758942	2.483003	0.500000
4.041190	9.749051	1.204463	0.500000
13.049082	11.272367	3.220391	0.500000
3.809408	12.778924	4.195473	0.500000
2.170421	5.007404	1.102672	0.500000
6.807166	0.462558	1.562522	0.500000
5.789282	4.937961	1.553473	0.500000
2.981649	9.357547	3.661444	0.500000
11.785451	7.894748	1.253172	0.500000
12.056582	2.123072	1.819303	0.500000
0.284317	12.475981	2.840194	0.500000
3.607192	4.267278	3.600665	0.500000
5.108468	11.875449	2.744828	0.500000
0.498912	9.906681	2.297391	0.500000
6.097210	12.548273	2.246249	0.500000
12.409387	12.682791	3.596805	0.500000
0.278987	6.311169	0.574866	0.500000
2.718115	5.178227	2.324143	0.500000
5.854260	4.820770	4.434708	0.500000
2.478050	11.631609	3.454895	0.500000
6.999404	11.419491	4.464156	0.500000
0.100173	8.835079	2.681414	0.500000
10.559864	9.947550	1.524475	0.500000
4.945334	10.940106	3.530817	0.500000
10.143182	8.685050	0.507150	0.500000
2.214515	12.697830	3.667818	0.500000
8.706288	9.377860	2.540695	0.500000
9.377575	12.305280	1.451733	0.500000
6.776754	11.122738	3.189874	0.500000
11.667553	11.617164	4.383329	0.500000
7.064451	5.545667	2.551876	0.500000
8.861190	2.228654	2.088416	0.500000
0.261791	0.228865	1.848922	0.500000
5.297804	2.538826	2.029268	0.500000
5.695167	2.644736	3.417350	0.500000
6.889823	12.473049	3.241853	0.500000
0.612060	4.291809	4.331141	0.500000
7.455634	7.420860	4.280951	0.500000
1.956906	10.312569	1.053528	0.500000
8.747410	10.886932	3.371886	0.500000
9.660091	0.437126	1.396715	0.500000
6.652323	8.717919	1.543027	0.500000
10.398104	5.355000	0.500523	0.500000
9.264095	0.072852	0.516997	0.500000
9.662448	0.690967	4.058095	0.500000
5.573362	12.569192	3.338543	0.500000
7.139210	1.744954	3.354382	0.500000
4.538162	10.883811	2.611937	0.500000
7.965444	5.549975	1.940328	0.500000
8.182433	0.878769	1.880548	0.500000
9.854099	4.946540	1.705161	0.500000
12.655515	0.856462	3.133037	0.500000
0.346759	1.392927	1.851172	0.500000
1.023631	10.792665	2.948365	0.500000
9.748312	10.183126	3.360153	0.500000
4.138500	12.790777	2.691409	0.500000
0.937731	7.351210	0.580977	0.500000
5.469614	3.728542	3.430625	0.500000
11.725040	12.944646	2.818923	0.500000
4.869490	7.203522	1.383578	0.500000
0.010959	3.575118	1.865414	0.500000
3.116666	3.778932	1.933674	0.500000
5.211978	9.955481	3.506330	0.500000
4.026353	4.715177	0.690343	0.500000
10.176904	1.278214	1.921041	0.500000
0.018726	4.495889	3.432828	0.500000
7.181540	11.994153	0.682015	0.500000
7.655429	0.271642	2.625082	0.500000
13.031391	11.600406	1.038862	0.500000
12.285149	9.427610	2.277450	0.500000
5.096329	4.848129	0.561048	0.500000
5.441771	3.147673	4.305118	0.500000
11.565617	9.796855	0.726143	0.500000
11.165132	11.976034	2.759930	0.500000
12.607640	2.535307	3.873627	0.500000
4.143175	4.108070	2.576299	0.500000
9.444480	13.081362	3.416558	0.500000
7.605988	8.463457	2.693075	0.500000
2.241976	12.078378	1.673827	0.500000
11.466804	0.687545	2.663328	0.500000
11.026787	7.446531	0.648498	0.500000
4.911171	5.295231	2.803803	0.500000
0.671883	2.746035	3.916982	0.500000
3.451259	0.669012	2.111884	0.500000
0.300771	6.696296	2.401866	0.500000
4.036418	2.936756	2.088576	0.500000
5.913100	11.754473	1.638305	0.500000
12.442139	4.478424	4.081024	0.500000
4.255860	8.614128	4.422030	0.500000
5.015686	5.380683	4.413871	0.500000
1.330762	3.532148	0.544154	0.500000
4.057995	10.374873	3.499284	0.500000
2.959662	0.323302	4.102791	0.500000
9.401372	3.624355	3.273507	0.500000
1.314938	0.948661	1.800797	0.500000
3.254188	10.474142	0.622781	0.500000
1.355015	2.841395	1.712414	0.500000
6.331368	9.413484	0.757293	0.500000
4.360302	3.425012	4.412376	0.500000
2.126065	7.036227	3.346933	0.500000
9.966888	6.180723	0.923411	0.500000
9.522722	2.793225	2.698523	0.500000
8.604272	5.418303	4.312633	0.500000
11.653715	6.236506	2.040219	0.500000
3.640491	5.533103	4.487716	0.500000
3.292736	11.088618	3.158425	0.500000
1.083405	1.925346	1.395489	0.500000
12.657892	0.110795	1.217773	0.500000
10.622012	3.665408	2.186134	0.500000
7.864751	6.218692	1.115152	0.500000
9.182873	8.534302	0.825073	0.500000
10.673647	10.735812	2.195542	0.500000
7.306933	2.774711	3.795969	0.500000
7.411866	8.009682	0.769050	0.500000
4.717575	10.108981	4.474982	0.500000
11.981186	7.134293	3.473195	0.500000
9.567176	6.485745	3.145517	0.500000
0.247113	4.600901	1.552776	0.500000
7.267483	2.512973	1.533246	0.500000
10.858479	2.273618	1.299058	0.500000
11.766380	8.250794	2.665791	0.500000
12.426210	1.292198	1.275828	0.500000
2.888187	1.936827	4.485659	0.500000
11.698618	6.549416	4.282962	0.500000
3.775753	9.719218	4.495336	0.500000
11.380077	5.404912	3.068011	0.500000
2.646021	1.419506	0.515387	0.500000
10.419671	3.689403	3.377936	0.500000
8.034312	3.343880	1.599448	0.500000
0.692332	5.570419	4.246733	0.500000
4.787248	10.558505	1.523396	0.500000
3.402922	11.841452	4.286904	0.500000
6.398069	12.143176	4.103992	0.500000
11.491652	12.883152	1.762690	0.500000
4.046537	11.543461	0.998788	0.500000
7.204027	2.909286	2.662997	0.500000
0.271636	12.337362	1.804966	0.500000
0.913118	11.732136	3.330376	0.500000
11.771385	3.702287	1.689057	0.500000
0.057594	0.672772	0.603058	0.500000
12.110639	0.062740	4.479207	0.500000
7.735043	4.446758	1.908113	0.500000
3.690574	5.579996	1.627657	0.500000
11.041259	12.757897	4.493261	0.500000
11.713696	2.088935	0.506488	0.500000
4.445013	0.462181	2.116101	0.500000
12.978748	5.643516	2.285385	0.500000
6.686621	7.203931	0.975342	0.500000
12.510245	12.720500	2.055008	0.500000
3.963280	9.245060	3.277084	0.500000
7.739661	9.362097	2.249467	0.500000
5.780164	0.469489	2.963544	0.500000
8.283120	12.772209	0.529824	0.500000
6.737910	4.362230	1.328855	0.500000
3.482832	13.014971	1.595363	0.500000
1.575567	11.283228	4.114684	0.500000
11.104801	4.092706	4.440738	0.500000
7.191421	10.458950	0.643581	0.500000
5.414868	8.100439	3.658506	0.500000
2.378525	5.643195	4.021750	0.500000
5.903012	10.398787	4.169047	0.500000
10.247035	4.727858	4.113078	0.500000
2.163810	3.743228	2.526441	0.500000
7.614995	0.289741	0.739259	0.500000
