500

10.074261	7.694652	3.896104	0.500000
3.344479	12.308681	0.651307	0.500000
10.471556	9.191157	4.367417	0.500000
11.444028	6.487022	1.514472	0.500000
7.005453	0.335017	2.450233	0.500000
6.212883	10.139554	0.690280	0.500000
3.509696	1.645570	1.689728	0.500000
8.150544	7.157559	1.656325	0.500000
2.163968	12.537631	0.669887	0.500000
2.721459	6.184367	2.973318	0.500000
3.294493	12.198860	3.666112	0.500000
12.590729	2.206520	4.313011	0.500000
2.638632	1.409809	4.374347	0.500000
11.092795	6.280537	0.549343	0.500000
10.295110	10.431097	2.694913	0.500000
10.171973	7.031147	0.639551	0.500000
11.742319	12.535741	0.670142	0.500000
9.677159	11.550313	0.768694	0.500000
9.856976	2.600749	4.334910	0.500000
1.365865	1.893940	4.395743	0.500000
2.188458	9.076805	4.301060	0.500000
11.607178	1.914343	4.393019	0.500000
2.746183	3.409365	0.528158	0.500000
9.132735	8.732100	2.378334	0.500000
10.723011	4.874416	2.572378	0.500000
8.233688	5.553153	2.317924	0.500000
3.348159	7.786017	1.648897	0.500000
0.161642	7.879093	3.559049	0.500000
1.867273	1.828376	1.865838	0.500000
12.971979	10.889033	1.989519	0.500000
8.397933	8.398123	4.261995	0.500000
10.060680	1.476939	0.536329	0.500000
2.639653	11.301780	4.438647	0.500000
6.488175	10.603164	4.490074	0.500000
2.939188	0.347786	1.663657	0.500000
7.532756	3.727277	1.187652	0.500000
7.389500	10.031021	4.443906	0.500000
5.205012	5.136118	1.597907	0.500000
0.806065	10.833696	1.160755	0.500000
2.944188	11.647686	2.787307	0.500000
7.357216	7.879070	3.518413	0.500000
4.771693	9.509177	1.386385	0.500000
5.317284	1.323700	3.835732	0.500000
0.429898	6.649815	1.695714	0.500000
1.341569	4.454168	1.708871	0.500000
5.211258	7.281341	1.515253	0.500000
0.774580	4.408223	3.369278	0.500000
8.400484	5.470574	1.221994	0.500000
3.652313	6.501548	3.968430	0.500000
9.070703	0.816461	0.556613	0.500000
0.060905	0.403173	3.374661	0.500000
10.409051	5.609949	1.632744	0.500000
1.023288	2.276590	2.308826	0.500000
2.191187	8.215850	3.362581	0.500000
1.708520	2.483770	0.827620	0.500000
6.055125	11.673465	3.423888	0.500000
4.403710	5.714907	3.287248	0.500000
2.406863	1.481179	0.563301	0.500000
8.950254	8.953386	3.567378	0.500000
6.041732	2.561611	3.149116	0.500000
11.225150	8.225172	4.167219	0.500000
5.163168	6.503043	3.173272	0.500000
7.832006	0.549962	4.354620	0.500000
7.322937	4.172896	3.568700	0.500000
1.388406	13.120411	3.187573	0.500000
4.028517	12.094166	2.958646	0.500000
5.961611	0.424775	2.288539	0.500000
7.123467	0.992123	3.413194	0.500000
12.530637	11.460136	2.725036	0.500000
11.934466	3.227980	1.653191	0.500000
12.567771	2.743632	2.927374	0.500000
2.738222	9.960549	1.548592	0.500000
6.280023	7.827675	1.190762	0.500000
4.045225	11.482992	2.057166	0.500000
1.897863	6.876447	0.893230	0.500000
9.029475	12.389116	0.515937	0.500000
6.185422	6.607061	3.431700	0.500000
12.406900	8.155766	3.819369	0.500000
12.011485	1.390736	3.381040	0.500000
6.582967	9.235786	1.698618	0.500000
2.566882	3.379905	2.167897	0.500000
2.944534	9.059833	3.113381	0.500000
4.754132	9.143065	4.245424	0.500000
11.475974	0.514431	1.821952	0.500000
7.519535	9.824397	0.604828	0.500000
12.461316	6.232924	1.779308	0.500000
11.126354	13.069333	4.471784	0.500000
1.668107	9.893614	3.290188	0.500000
9.026786	6.240737	1.906250	0.500000
12.680470	10.539827	3.524075	0.500000
4.891172	5.469890	4.294089	0.500000
1.770569	7.950264	0.541424	0.500000
10.747153	11.747355	1.685851	0.500000
11.157636	3.493188	2.674360	0.500000
12.959722	6.507756	3.035251	0.500000
2.806597	10.779019	3.375782	0.500000
3.757660	4.687712	0.693430	0.500000
5.451396	12.121035	4.463578	0.500000
9.909108	8.108542	1.593607	0.500000
7.082242	5.518712	1.437707	0.500000
8.243932	5.895192	4.367001	0.500000
13.144364	8.590681	2.724676	0.500000
5.064114	0.915593	1.744028	0.500000
3.568853	8.296830	3.583108	0.500000
12.399157	1.096300	4.272757	0.500000
8.032739	9.044395	2.398027	0.500000
10.238789	1.584247	3.292967	0.500000
1.923510	3.440003	4.265461	0.500000
11.790633	4.232698	1.888906	0.500000
2.574399	12.316199	4.431662	0.500000
7.671215	10.742212	2.748660	0.500000
10.731519	10.832795	0.664603	0.500000
10.828325	8.018562	3.035168	0.500000
1.492298	7.485416	4.479030	0.500000
2.659213	7.388133	4.096246	0.500000
5.222985	0.071082	0.827262	0.500000
11.628834	9.290227	4.144007	0.500000
12.411089	9.812513	2.543374	0.500000
5.096452	10.445253	0.534952	0.500000
12.710343	9.784592	4.456588	0.500000
5.077993	1.916662	3.042259	0.500000
0.024805	1.386290	0.533072	0.500000
6.116560	2.093628	4.114827	0.500000
12.944614	3.776797	4.396214	0.500000
10.266909	5.357047	0.626325	0.500000
8.232119	4.629843	1.779429	0.500000
5.462911	7.375642	4.232726	0.500000
11.977998	6.474130	2.740869	0.500000
1.743014	5.493798	3.406633	0.500000
9.464690	10.387811	0.628679	0.500000
6.620073	1.072722	4.349986	0.500000
2.343411	12.747047	3.403927	0.500000
9.377561	10.283062	3.856533	0.500000
7.963203	10.737873	0.684626	0.500000
4.579355	9.302863	2.747586	0.500000
5.680169	11.160982	4.248021	0.500000
12.562037	4.809599	1.581443	0.500000
4.410913	10.383505	2.388547	0.500000
9.898240	6.708663	1.589109	0.500000
3.439010	1.178517	0.789243	0.500000
4.932429	6.434832	0.724252	0.500000
9.096376	3.461557	3.598443	0.500000
9.334111	0.579193	1.509904	0.500000
8.500912	1.154605	1.384106	0.500000
11.359471	7.325921	0.675604	0.500000
9.183218	0.529581	3.527470	0.500000
7.990458	4.758254	4.457223	0.500000
4.354221	3.384197	4.211308	0.500000
12.608022	12.783484	2.648659	0.500000
10.405872	5.624776	4.471122	0.500000
7.079656	8.443209	0.601896	0.500000
0.611141	9.572428	3.065809	0.500000
5.901354	1.576622	1.751790	0.500000
1.063603	8.023766	1.439441	0.500000
2.357226	8.433017	1.424176	0.500000
8.435594	8.102082	3.295986	0.500000
6.735340	4.248886	4.437084	0.500000
5.539136	9.178815	0.525316	0.500000
2.003491	0.698884	3.413403	0.500000
1.936202	11.932640	2.989981	0.500000
4.497387	3.983553	1.426427	0.500000
9.925733	9.277198	3.499283	0.500000
10.235727	12.487477	2.622854	0.500000
0.094850	4.022589	1.338971	0.500000
4.088301	10.226269	0.880599	0.500000
0.068388	11.316448	3.854080	0.500000
9.307741	6.177164	4.096337	0.500000
9.170654	5.125851	1.792432	0.500000
8.874001	6.190801	2.902074	0.500000
5.265389	11.438038	2.536097	0.500000
7.421353	13.072886	0.707312	0.500000
4.140451	5.702977	0.827518	0.500000
11.367311	5.235179	4.476047	0.500000
11.790771	3.332784	3.499679	0.500000
1.183499	8.275021	3.053963	0.500000
1.661638	6.020248	4.331754	0.500000
9.628608	5.045003	4.088159	0.500000
1.893799	0.330398	0.525906	0.500000
1.791720	4.347001	0.511857	0.500000
5.838701	0.945511	0.574324	0.500000
7.528861	7.465163	0.662549	0.500000
2.289057	2.479033	4.496687	0.500000
8.173390	12.949091	3.431365	0.500000
11.891863	0.493895	0.835118	0.500000
2.860343	10.389616	0.585385	0.500000
1.904441	6.063977	1.546302	0.500000
8.492925	11.061581	4.331888	0.500000
2.712285	4.904155	0.516248	0.500000
4.339340	1.895215	3.980704	0.500000
8.971923	7.770183	2.119642	0.500000
12.428873	11.734511	4.201518	0.500000
11.542467	1.829123	1.105546	0.500000
12.300117	11.617077	1.720219	0.500000
6.371095	12.388109	4.050631	0.500000
2.506090	1.389849	2.551641	0.500000
12.441071	9.052786	3.292717	0.500000
5.237559	8.870023	2.030386	0.500000
9.898820	5.573684	3.025070	0.500000
0.585896	9.680413	0.688297	0.500000
0.114457	12.592864	3.399130	0.500000
10.836071	10.199961	4.461442	0.500000
3.907116	10.048813	3.755886	0.500000
3.037585	9.131084	1.045034	0.500000
11.571137	2.960611	4.443548	0.500000
5.542096	0.402726	3.478941	0.500000
12.257816	6.521812	0.564175	0.500000
5.611538	13.107872	4.413058	0.500000
6.681959	8.326738	2.252490	0.500000
2.738394	4.185361	4.491407	0.500000
1.462048	7.459630	2.394095	0.500000
2.545900	3.165367	3.151270	0.500000
5.254390	5.397036	2.688837	0.500000
0.724667	0.145077	0.793114	0.500000
10.754226	3.733003	1.627125	0.500000
9.573947	9.776919	2.448036	0.500000
10.332956	9.688352	1.645972	0.500000
11.853076	10.569811	4.196704	0.500000
13.181946	5.157529	4.490901	0.500000
2.238959	12.203185	1.840795	0.500000
8.606646	2.651715	4.315307	0.500000
5.778214	10.332107	3.409738	0.500000
3.172979	0.151483	0.667276	0.500000
3.120834	4.150474	3.034018	0.500000
9.337146	9.146458	1.405083	0.500000
0.417846	8.874959	1.621680	0.500000
8.092773	3.382340	3.453639	0.500000
6.415414	4.677629	1.316522	0.500000
3.178741	6.039558	0.795705	0.500000
12.873609	3.536056	0.509829	0.500000
0.641882	6.607025	3.484638	0.500000
0.523843	8.626607	0.505133	0.500000
0.203995	0.560351	4.361696	0.500000
6.204082	1.486711	3.205350	0.500000
2.760605	7.856561	2.472980	0.500000
3.353132	2.499310	0.513376	0.500000
6.713099	8.674519	4.355143	0.500000
12.306052	7.292474	4.448202	0.500000
6.224433	12.766090	0.797973	0.500000
1.357265	1.284964	0.818665	0.500000
0.166109	1.947757	3.514899	0.500000
3.331597	13.186636	4.316146	0.500000
9.633400	8.317058	3.171836	0.500000
10.242070	6.606225	4.135015	0.500000
10.937896	7.815696	1.458938	0.500000
7.381055	5.010968	2.603605	0.500000
0.113586	12.349668	1.568767	0.500000
6.124383	12.356545	2.667886	0.500000
11.504548	11.358911	1.079712	0.500000
5.647945	1.921639	0.779953	0.500000
8.486429	11.553640	0.986660	0.500000
2.917276	10.873502	1.940175	0.500000
11.234969	7.358812	2.336936	0.500000
6.202250	5.795240	2.188266	0.500000
12.753077	8.683235	0.799463	0.500000
7.118018	7.117941	2.855118	0.500000
8.534835	0.798245	2.347345	0.500000
6.860937	2.061407	2.619019	0.500000
8.433155	9.907790	3.200570	0.500000
5.044696	2.783009	3.658832	0.500000
12.252266	7.961859	2.676093	0.500000
5.199040	7.536796	0.501010	0.500000
3.182839	2.163683	2.806674	0.500000
7.285463	11.766330	0.525537	0.500000
1.309127	3.214509	1.982290	0.500000
3.870827	3.213923	2.247280	0.500000
10.498259	0.407379	2.647173	0.500000
8.656649	7.965496	0.735583	0.500000
6.853137	1.301494	0.514858	0.500000
0.821417	1.082348	3.697450	0.500000
12.800825	9.548128	1.567393	0.500000
9.333679	2.802991	2.473709	0.500000
2.894015	9.869614	4.351876	0.500000
7.959932	6.496241	3.377088	0.500000
11.714578	7.372139	3.472295	0.500000
12.470500	7.484636	1.052575	0.500000
0.254040	5.752901	1.181043	0.500000
6.300641	3.511408	0.940360	0.500000
7.587035	1.175835	2.049976	0.500000
1.084339	8.519804	4.345733	0.500000
11.990951	2.541472	0.514315	0.500000
1.495401	6.377942	2.479192	0.500000
3.998960	0.302778	3.388536	0.500000
1.795775	0.227572	4.340545	0.500000
12.121108	12.809984	4.283740	0.500000
7.360759	3.312308	4.349632	0.500000
3.920204	7.529457	4.339267	0.500000
10.080578	12.768631	4.120579	0.500000
6.727047	6.886216	1.618496	0.500000
7.784003	11.762253	2.473021	0.500000
5.217846	7.962761	2.453274	0.500000
9.568308	8.739712	4.486324	0.500000
11.318936	10.657659	1.877216	0.500000
5.883830	5.963985	4.163484	0.500000
11.664269	8.961393	2.304555	0.500000
4.163674	3.542638	3.240238	0.500000
5.721801	5.782295	0.539370	0.500000
9.224353	7.379345	4.485842	0.500000
13.088420	8.736453	4.337038	0.500000
4.496486	8.171227	1.093071	0.500000
6.587597	4.275739	2.893502	0.500000
10.690917	12.024539	0.637438	0.500000
4.148347	0.077670	0.929432	0.500000
11.662897	6.309890	3.999190	0.500000
3.024790	4.928306	1.472079	0.500000
0.264509	12.205507	0.567086	0.500000
7.676071	3.372531	2.137246	0.500000
7.702823	2.266371	4.042060	0.500000
3.897714	6.967900	0.750196	0.500000
2.321701	4.381511	2.422933	0.500000
7.041451	3.158444	3.133809	0.500000
7.016485	0.008044	3.592193	0.500000
6.368936	5.226474	3.422747	0.500000
8.661621	11.471955	2.058443	0.500000
9.035575	6.815848	0.649798	0.500000
6.077699	8.139159	3.279968	0.500000
8.221443	1.247423	3.343702	0.500000
12.907985	3.407893	2.067695	0.500000
4.799841	10.578204	4.440660	0.500000
7.639323	6.362048	2.114586	0.500000
10.656340	8.890360	2.390247	0.500000
11.088272	4.257749	4.452653	0.500000
6.500679	10.271575	1.790979	0.500000
4.826881	6.584663	4.353099	0.500000
8.827036	9.634834	4.385619	0.500000
10.471993	4.332142	0.848332	0.500000
4.750570	12.856403	2.694342	0.500000
3.487158	6.674942	2.026422	0.500000
9.948418	3.616725	2.759613	0.500000
0.845711	10.901189	4.437614	0.500000
11.269462	9.780006	3.235399	0.500000
10.279685	11.628432	4.417492	0.500000
5.713459	9.717076	4.295970	0.500000
1.693761	10.050584	2.235763	0.500000
0.588526	2.315343	0.642531	0.500000
2.023060	4.029780	3.366985	0.500000
7.194493	2.812469	0.652388	0.500000
2.550840	2.554417	1.531578	0.500000
5.649593	10.688775	1.429699	0.500000
12.534841	11.766191	0.506739	0.500000
8.160219	1.929937	0.521065	0.500000
1.650241	4.755333	4.336584	0.500000
8.412514	12.574208	2.188232	0.500000
4.891995	3.404351	2.531273	0.500000
5.149809	12.243882	3.399557	0.500000
2.308888	6.942873	1.887319	0.500000
9.743027	4.098523	1.827066	0.500000
2.886394	12.770641	2.466555	0.500000
1.050569	2.971220	4.423485	0.500000
6.678128	11.614126	2.218667	0.500000
2.119524	7.013665	3.260702	0.500000
5.517934	12.329639	1.849279	0.500000
1.610487	10.230680	0.864319	0.500000
11.056964	6.080929	2.565338	0.500000
1.510782	5.551084	0.602159	0.500000
7.215919	5.775796	3.521931	0.500000
1.004163	0.287790	2.328517	0.500000
6.072666	9.395394	2.720922	0.500000
0.223991	7.483602	2.501596	0.500000
10.300374	10.737436	1.573708	0.500000
0.558172	9.734513	4.431493	0.500000
10.230985	8.041349	0.547910	0.500000
1.371080	8.947842	1.160429	0.500000
8.665786	9.954171	1.527490	0.500000
9.922123	0.872498	4.216436	0.500000
4.673055	10.905833	1.436505	0.500000
12.377836	9.808939	0.697615	0.500000
3.066859	0.644620	3.040382	0.500000
10.980144	2.918694	1.091979	0.500000
12.931909	0.200377	0.645183	0.500000
5.603388	11.389110	0.603750	0.500000
3.968371	5.196586	2.505657	0.500000
5.669165	8.443995	4.167349	0.500000
0.036979	6.911627	4.336962	0.500000
8.860935	3.532029	1.172060	0.500000
0.103500	6.920030	0.641339	0.500000
7.459049	12.120698	3.499163	0.500000
9.093214	2.806757	0.520065	0.500000
10.466693	9.768422	0.561017	0.500000
0.741182	4.146542	4.375491	0.500000
11.258828	12.044963	3.476354	0.500000
10.219865	2.711015	3.135790	0.500000
9.267946	12.610916	3.532874	0.500000
6.690910	0.883723	1.659719	0.500000
5.416806	10.111602	2.309949	0.500000
10.432385	7.021953	2.920786	0.500000
10.103135	0.359231	0.597626	0.500000
8.961340	3.806432	2.562020	0.500000
3.658894	9.011513	1.951886	0.500000
1.531851	11.076775	1.993999	0.500000
11.494097	9.676607	1.592943	0.500000
9.334285	7.185182	3.053116	0.500000
4.835261	0.905650	2.971730	0.500000
1.548533	5.275789	2.420751	0.500000
7.795428	2.440213	1.433957	0.500000
10.715658	0.919935	1.241209	0.500000
5.664458	4.803864	4.113550	0.500000
12.729423	4.665440	2.876280	0.500000
1.226571	3.344471	3.023501	0.500000
1.830961	10.459554	4.357062	0.500000
4.804703	1.889864	1.547906	0.500000
0.194385	3.089095	3.378678	0.500000
2.018247	3.527258	1.305803	0.500000
7.200474	10.997333	1.362924	0.500000
7.181732	11.836955	4.475924	0.500000
0.955717	11.904959	2.083173	0.500000
8.753414	12.025215	4.475907	0.500000
4.193891	4.212330	2.414236	0.500000
3.237450	3.884693	1.275208	0.500000
10.046888	11.232429	3.522414	0.500000
11.479623	0.217809	2.849659	0.500000
12.578217	1.426202	1.424418	0.500000
4.771302	4.270457	3.893085	0.500000
8.743564	1.614312	4.317932	0.500000
8.832838	10.550375	2.524263	0.500000
12.909181	0.969380	2.392681	0.500000
11.376486	2.452307	3.074731	0.500000
10.918346	8.768299	1.146644	0.500000
5.263080	4.364108	2.980737	0.500000
0.563285	5.992622	4.302465	0.500000
6.774629	12.874895	1.710767	0.500000
12.161202	4.536145	3.971460	0.500000
5.050502	2.819183	1.234151	0.500000
8.530181	11.549151	3.201773	0.500000
2.958676	5.157756	2.806340	0.500000
2.801292	5.780477	1.951866	0.500000
6.438230	7.108324	4.350498	0.500000
5.460178	4.219370	0.898448	0.500000
5.093537	6.185668	1.705058	0.500000
3.251685	3.164950	4.113430	0.500000
9.963618	4.172564	3.685324	0.500000
0.389828	1.582994	1.744178	0.500000
3.534009	11.131954	1.152065	0.500000
12.377589	12.678827	1.670247	0.500000
3.972300	8.930903	0.654571	0.500000
4.136147	7.038183	3.195190	0.500000
3.053934	7.852806	0.519243	0.500000
9.186414	5.756492	0.575280	0.500000
8.077749	2.200385	2.981911	0.500000
5.952447	3.575265	3.363688	0.500000
12.551487	5.592428	3.820752	0.500000
5.842879	3.663030	4.385695	0.500000
4.417608	12.700403	4.368357	0.500000
3.702792	4.423991	3.905814	0.500000
1.823253	0.335367	1.694059	0.500000
11.142340	4.405083	3.417927	0.500000
6.490839	6.953903	0.550284	0.500000
11.847735	8.266574	1.231303	0.500000
9.430191	13.203808	2.687924	0.500000
7.558356	6.245196	0.665083	0.500000
8.803360	9.412484	0.508396	0.500000
4.308483	0.803810	4.278154	0.500000
11.808450	5.464105	0.750200	0.500000
8.659892	4.665562	3.650007	0.500000
1.035723	3.749304	0.880413	0.500000
10.762834	1.997843	2.355441	0.500000
9.781560	11.510101	2.161823	0.500000
10.954644	10.771104	3.630704	0.500000
10.506555	12.963176	1.368924	0.500000
1.082008	12.031136	3.883206	0.500000
0.447650	4.754568	0.535111	0.500000
3.563162	5.549019	4.494507	0.500000
2.719654	6.021467	4.087738	0.500000
11.850885	2.364734	2.168282	0.500000
11.610234	5.275505	2.218775	0.500000
8.673001	3.791430	4.451099	0.500000
2.681052	4.991444	3.847541	0.500000
7.997366	0.102863	1.656012	0.500000
4.977469	8.370505	3.372633	0.500000
4.724169	11.959154	0.992375	0.500000
10.769032	3.379053	3.723456	0.500000
7.433431	9.896047	1.764756	0.500000
9.308919	1.997594	1.174048	0.500000
4.617966	1.503426	0.510993	0.500000
11.472391	12.142608	2.354376	0.500000
9.655332	1.767777	2.089433	0.500000
11.552674	11.232562	2.793989	0.500000
11.470039	4.121680	0.608314	0.500000
9.951298	2.926824	1.280049	0.500000
1.369213	1.229627	2.588927	0.500000
10.988099	0.658825	3.854585	0.500000
12.768442	2.668410	1.263725	0.500000
4.666932	11.192157	3.446236	0.500000
1.692924	8.921105	2.442949	0.500000
8.971698	4.762884	0.781934	0.500000
12.924661	10.716221	0.837896	0.500000
4.199759	8.217867	2.560694	0.500000
6.894030	9.938482	3.260918	0.500000
4.192732	0.307566	2.170916	0.500000
8.935742	0.072784	4.428026	0.500000
5.769846	3.435272	1.813778	0.500000
3.533344	9.809587	2.697283	0.500000
0.770929	11.047016	2.715688	0.500000
9.284091	2.237032	3.473476	0.500000
6.506882	10.881652	2.890767	0.500000
7.445558	8.917393	3.383570	0.500000
6.983063	6.209990	4.421921	0.500000
8.006331	7.355032	4.440651	0.500000
9.612222	4.629899	2.842475	0.500000
3.432101	2.080866	4.432400	0.500000
9.298996	12.669433	1.480904	0.500000
