400

9.748422	9.540506	0.623859	0.500000
0.148540	0.277731	0.623604	0.500000
1.222633	0.287647	0.647544	0.500000
2.328618	0.473353	0.690382	0.500000
3.381590	0.432773	0.597942	0.500000
4.569534	0.397760	0.561866	0.500000
5.703397	0.479760	0.559630	0.500000
6.846752	0.609987	0.566286	0.500000
8.134533	0.401518	0.561045	0.500000
9.366343	0.356778	0.514658	0.500000
0.675474	1.144401	0.568120	0.500000
1.699450	1.250093	0.587802	0.500000
2.685346	1.405316	0.506100	0.500000
3.292563	1.624117	1.366719	0.500000
3.929407	1.360467	0.612547	0.500000
5.046330	1.363878	0.671561	0.500000
6.186614	1.395747	0.514066	0.500000
7.564492	1.330884	0.573928	0.500000
8.736179	1.234331	0.556869	0.500000
9.859245	1.229596	0.573109	0.500000
10.215238	2.199879	0.515217	0.500000
0.985353	2.092387	0.681828	0.500000
1.993567	2.245137	0.559405	0.500000
3.370568	2.193473	0.514045	0.500000
4.364730	2.367590	0.509631	0.500000
4.825196	3.387414	0.511163	0.500000
5.387979	2.328383	0.618713	0.500000
7.081294	2.216760	0.585035	0.500000
8.198821	2.105268	0.553212	0.500000
9.210538	2.138174	0.628738	0.500000
0.551803	3.022006	0.681901	0.500000
1.522895	3.250938	0.512614	0.500000
2.567620	3.133062	0.548174	0.500000
3.809072	3.284723	0.549826	0.500000
4.118159	4.331350	0.548440	0.500000
5.796914	3.788862	0.538582	0.500000
6.376491	2.926910	0.501086	0.500000
7.449776	3.159343	0.512587	0.500000
8.560530	3.105430	0.545692	0.500000
9.555181	3.104763	0.656420	0.500000
10.148044	3.958509	0.685727	0.500000
0.992364	4.145164	0.514104	0.500000
1.998896	4.173951	0.528802	0.500000
3.021156	4.150564	0.530895	0.500000
3.588245	5.226436	0.567563	0.500000
5.101711	4.582259	0.813608	0.500000
6.066699	4.960198	0.524051	0.500000
6.797651	3.996732	0.502770	0.500000
7.983652	4.057134	0.530137	0.500000
9.084780	4.040041	0.582581	0.500000
0.290638	4.967881	0.595671	0.500000
1.495828	5.166729	0.515652	0.500000
2.601216	5.087626	0.728694	0.500000
2.967363	6.116231	0.519910	0.500000
4.172362	6.056405	0.562788	0.500000
5.495889	5.995204	0.505224	0.500000
6.591160	5.935454	0.539762	0.500000
7.325410	4.966422	0.549819	0.500000
8.377857	4.996096	0.546266	0.500000
9.509695	4.967412	0.515355	0.500000
9.971643	5.857429	0.511429	0.500000
0.840384	5.992790	0.541995	0.500000
1.896322	6.092326	0.588091	0.500000
2.408549	6.974062	0.578989	0.500000
3.542842	6.998561	0.571079	0.500000
4.715034	6.931524	0.686588	0.500000
6.094100	6.817905	0.529402	0.500000
7.204487	6.728565	0.522675	0.500000
7.820999	5.845019	0.668333	0.500000
8.958109	5.816696	0.524977	0.500000
0.205177	6.907739	0.557803	0.500000
1.286652	6.968748	0.603954	0.500000
1.858966	7.847803	0.652326	0.500000
2.898987	7.870610	0.673378	0.500000
4.159012	7.887987	0.519581	0.500000
5.322145	7.871045	0.600025	0.500000
6.479361	7.766014	0.599127	0.500000
7.572022	7.762372	0.546776	0.500000
8.436954	6.689458	0.683820	0.500000
9.432419	6.809183	0.594539	0.500000
9.786553	7.758708	0.586018	0.500000
0.715917	7.816218	0.575165	0.500000
1.333370	8.799935	0.751068	0.500000
2.480115	8.780895	0.539732	0.500000
3.497058	8.694690	0.532701	0.500000
4.676481	8.818875	0.563322	0.500000
5.852071	8.874094	0.572304	0.500000
7.059352	8.846605	0.532068	0.500000
8.158115	8.651287	0.520995	0.500000
8.749760	7.702669	0.582380	0.500000
0.118185	8.629461	0.586053	0.500000
0.603731	9.552287	0.666854	0.500000
1.809953	9.692163	0.676920	0.500000
3.005011	9.728132	0.590485	0.500000
4.038268	9.675846	0.560655	0.500000
5.180521	9.706666	0.566959	0.500000
6.516880	9.808838	0.516947	0.500000
7.563666	9.733887	0.519519	0.500000
8.694080	9.714980	0.522113	0.500000
9.168028	8.669602	0.538973	0.500000
0.038716	0.353492	2.459712	0.500000
0.658534	0.474730	1.461716	0.500000
1.836137	0.431262	1.571027	0.500000
2.846900	0.703927	1.576785	0.500000
3.982839	0.721631	1.731024	0.500000
5.237123	0.774918	1.513173	0.500000
6.331068	0.587979	1.521678	0.500000
7.573014	0.624565	1.397581	0.500000
8.626197	0.673548	1.523106	0.500000
9.859255	0.727762	1.553071	0.500000
0.592292	1.278982	2.495221	0.500000
1.223216	1.357908	1.490925	0.500000
1.591295	1.319252	2.431712	0.500000
3.788733	2.600396	1.448256	0.500000
4.387482	1.704512	1.500017	0.500000
5.694807	1.739866	1.437185	0.500000
6.882924	1.500322	1.387814	0.500000
8.127723	1.596440	1.421972	0.500000
9.258157	1.558126	1.531452	0.500000
0.202961	1.580518	1.516271	0.500000
0.583729	2.504368	1.618363	0.500000
1.669859	2.429324	1.697776	0.500000
2.254945	1.613333	1.613945	0.500000
2.697218	2.530448	1.449877	0.500000
4.358619	3.548664	1.419810	0.500000
4.894487	2.572180	1.539789	0.500000
6.039748	2.749697	1.508951	0.500000
7.451718	2.336683	1.520519	0.500000
8.695818	2.382401	1.768144	0.500000
9.712983	2.460882	1.447585	0.500000
1.085831	3.358507	1.473992	0.500000
2.098775	3.439911	1.504496	0.500000
3.207654	3.429335	1.335754	0.500000
3.746266	4.424057	1.516090	0.500000
4.842032	4.464395	1.775903	0.500000
6.258762	4.202314	1.577270	0.500000
6.876980	3.378567	1.370583	0.500000
7.945525	3.342816	1.695294	0.500000
8.938824	3.439208	1.450791	0.500000
10.226265	3.332077	1.465805	0.500000
0.344510	4.411390	1.506999	0.500000
1.454271	4.404325	1.476666	0.500000
2.594543	4.407309	1.597214	0.500000
3.052234	5.356666	1.598115	0.500000
4.326400	5.224388	1.296271	0.500000
5.568643	5.140456	1.624510	0.500000
6.535275	5.215369	1.378300	0.500000
7.217465	4.459283	1.414453	0.500000
8.403699	4.322047	1.509708	0.500000
9.525079	4.255328	1.611128	0.500000
0.926482	5.323751	1.368221	0.500000
1.958010	5.300764	1.467478	0.500000
2.411631	6.207373	1.478808	0.500000
3.566695	6.190728	1.361142	0.500000
4.959323	6.117371	1.444593	0.500000
5.996546	6.191980	1.529302	0.500000
7.027802	6.247667	1.616385	0.500000
7.738321	5.304258	1.548742	0.500000
8.945278	5.356213	1.558732	0.500000
9.954441	5.312346	1.466219	0.500000
0.243563	6.273345	1.508609	0.500000
1.288746	6.265850	1.457445	0.500000
1.881232	7.243841	1.596068	0.500000
2.968124	7.048959	1.523374	0.500000
4.154007	7.095621	1.600648	0.500000
5.299578	7.300940	1.461384	0.500000
6.372336	7.256122	1.630897	0.500000
7.690607	7.094810	1.546838	0.500000
8.381826	6.182594	1.729731	0.500000
9.412080	6.269184	1.501598	0.500000
0.727178	7.224184	1.468610	0.500000
1.374107	8.106448	1.577775	0.500000
2.387581	8.164165	1.544663	0.500000
3.602738	8.100199	1.495377	0.500000
4.674727	8.092030	1.466738	0.500000
5.989617	8.208244	1.627520	0.500000
7.053173	8.214549	1.423630	0.500000
8.200084	8.131042	1.398657	0.500000
8.751660	7.153770	1.554115	0.500000
9.845821	7.214445	1.663273	0.500000
0.206229	8.106581	1.581406	0.500000
0.807700	8.962074	1.662650	0.500000
1.871981	9.032140	1.593415	0.500000
2.970879	8.998573	1.575568	0.500000
4.136169	9.166862	1.498875	0.500000
5.273395	9.020109	1.519135	0.500000
6.514818	9.098658	1.729447	0.500000
7.630091	9.122723	1.570191	0.500000
8.630176	9.071112	1.333559	0.500000
9.277449	8.028896	1.526576	0.500000
0.101874	9.888725	1.696047	0.500000
1.236094	9.866055	1.490628	0.500000
2.531330	9.921515	1.487561	0.500000
3.601289	10.044688	1.473867	0.500000
4.743688	9.980348	1.562098	0.500000
5.812216	9.882892	1.621797	0.500000
7.032780	9.911501	1.399552	0.500000
8.146576	9.995109	1.459727	0.500000
9.296095	9.893758	1.451007	0.500000
9.865948	9.003704	1.462264	0.500000
9.833161	9.655364	2.549300	0.500000
0.806132	9.656499	2.539510	0.500000
1.789945	9.802277	2.327993	0.500000
2.431041	0.400709	2.529693	0.500000
3.441954	0.494666	2.546324	0.500000
4.629160	0.329913	2.430763	0.500000
5.652423	0.492061	2.621274	0.500000
7.006741	0.214202	2.243569	0.500000
8.232225	0.300977	2.484543	0.500000
9.260917	0.361062	2.468981	0.500000
0.717644	0.745609	3.471493	0.500000
1.108311	0.403570	2.522122	0.500000
3.362857	1.797022	3.354313	0.500000
3.028014	1.377258	2.310279	0.500000
4.085690	1.355125	2.547217	0.500000
5.142592	1.450335	2.484220	0.500000
6.482053	1.094813	2.466120	0.500000
7.602241	1.203237	2.547417	0.500000
8.647390	1.329361	2.543309	0.500000
9.827999	1.288686	2.564570	0.500000
0.054850	2.200166	2.521650	0.500000
1.064123	2.284567	2.568539	0.500000
2.395334	2.224317	2.473455	0.500000
3.455812	2.444639	2.471426	0.500000
4.478568	2.319659	2.438757	0.500000
5.397870	2.823745	2.522371	0.500000
5.992046	2.010019	2.419669	0.500000
6.992944	1.983144	2.380148	0.500000
7.965617	2.142960	2.610759	0.500000
9.253040	2.126163	2.590707	0.500000
0.484529	3.241991	2.461242	0.500000
1.522328	3.442869	2.384744	0.500000
2.668767	3.244035	2.345427	0.500000
3.729925	3.468452	2.228621	0.500000
4.811745	3.675952	2.402859	0.500000
5.397591	3.537449	1.531261	0.500000
5.826865	3.815591	2.451201	0.500000
7.465613	3.031602	2.591186	0.500000
8.657625	2.978718	2.607524	0.500000
9.673601	3.039235	2.632774	0.500000
10.015993	4.042704	2.538185	0.500000
0.883954	4.225544	2.544959	0.500000
2.046454	4.290415	2.611861	0.500000
3.201623	4.316063	2.516444	0.500000
4.197907	4.456937	2.587184	0.500000
5.308722	4.685648	2.672683	0.500000
6.294330	4.895692	2.448914	0.500000
6.831827	3.857474	2.366462	0.500000
7.930916	4.023710	2.566088	0.500000
8.996042	3.949721	2.606950	0.500000
0.311666	5.154519	2.374535	0.500000
1.378774	5.137480	2.544132	0.500000
2.495114	5.207417	2.517427	0.500000
3.633277	5.349547	2.548954	0.500000
4.636207	5.388768	2.390755	0.500000
5.642590	5.687351	2.683084	0.500000
6.709511	5.881994	2.496602	0.500000
7.295283	4.912506	2.396191	0.500000
8.532732	4.837069	2.547503	0.500000
9.548265	4.952220	2.530065	0.500000
9.992677	6.074499	2.467836	0.500000
0.836339	6.030450	2.367429	0.500000
1.838480	5.990186	2.279004	0.500000
3.037789	6.218950	2.296109	0.500000
4.141699	6.306861	2.458652	0.500000
5.046785	6.724811	2.255852	0.500000
5.973109	6.826268	2.631596	0.500000
7.032171	6.950398	2.358717	0.500000
7.768825	5.852170	2.486389	0.500000
9.002726	5.825067	2.629632	0.500000
0.331728	6.968738	2.453892	0.500000
1.375516	6.884500	2.402623	0.500000
2.405180	6.990908	2.458223	0.500000
3.519734	7.152072	2.394804	0.500000
4.442039	7.676836	2.395506	0.500000
5.451742	7.817806	2.515662	0.500000
6.539749	7.815794	2.478591	0.500000
7.554689	7.826423	2.454603	0.500000
8.099276	6.844706	2.709048	0.500000
9.348685	6.845749	2.530364	0.500000
9.803139	7.742059	2.531107	0.500000
0.821866	7.854210	2.377350	0.500000
1.884222	7.858034	2.557926	0.500000
2.932709	7.936164	2.604159	0.500000
3.715375	8.601099	2.419995	0.500000
4.825478	8.709899	2.498502	0.500000
5.976841	8.724042	2.591183	0.500000
7.111154	8.757028	2.641529	0.500000
8.204247	8.691944	2.370429	0.500000
8.746281	7.724030	2.379460	0.500000
0.150327	8.667939	2.451576	0.500000
1.421292	8.758529	2.449840	0.500000
2.517501	8.849105	2.496686	0.500000
3.112560	9.690045	2.397759	0.500000
4.198546	9.542818	2.424134	0.500000
5.235855	9.630291	2.413643	0.500000
6.390553	9.680407	2.538564	0.500000
7.648536	9.589131	2.494935	0.500000
8.814085	9.601820	2.280453	0.500000
9.285461	8.671398	2.460672	0.500000
9.875853	0.709340	3.421969	0.500000
1.313360	10.063701	3.438084	0.500000
1.825842	0.828670	3.418305	0.500000
2.873342	0.762342	3.389357	0.500000
4.010608	0.627722	3.455907	0.500000
5.004915	0.742026	3.451032	0.500000
6.519351	0.337563	3.123154	0.500000
7.795815	0.486992	3.390700	0.500000
8.782971	0.618205	3.497828	0.500000
9.411590	9.961706	3.454569	0.500000
1.242336	1.676036	3.496485	0.500000
2.300781	1.710987	3.425859	0.500000
4.369330	1.889599	3.347248	0.500000
5.376987	1.986190	3.437439	0.500000
6.375439	2.136018	3.463474	0.500000
5.945605	1.123565	3.398596	0.500000
6.986765	1.305700	3.427002	0.500000
8.134254	1.450038	3.416347	0.500000
9.194100	1.577277	3.466253	0.500000
0.181138	1.596966	3.445513	0.500000
0.592266	2.519493	3.437134	0.500000
1.771277	2.596060	3.337296	0.500000
2.778727	2.610114	3.359694	0.500000
3.808970	2.764081	3.406351	0.500000
4.875573	2.979278	3.397396	0.500000
5.878148	3.095393	3.443930	0.500000
6.391273	2.946694	2.596515	0.500000
7.425188	2.207459	3.470598	0.500000
8.612381	2.469742	3.494362	0.500000
9.738472	2.437080	3.453497	0.500000
1.108380	3.386493	3.413505	0.500000
2.132043	3.609329	3.475088	0.500000
3.238448	3.651282	3.436148	0.500000
4.265283	3.776681	3.340341	0.500000
5.327099	4.062949	3.497168	0.500000
6.345519	4.118136	3.475513	0.500000
6.971675	3.154691	3.468535	0.500000
8.036213	3.297446	3.453225	0.500000
9.148613	3.341244	3.447041	0.500000
0.063082	3.479610	3.386548	0.500000
0.442923	4.433660	3.489671	0.500000
1.462342	4.386048	3.441405	0.500000
2.678422	4.480117	3.473685	0.500000
3.673814	4.657855	3.421371	0.500000
4.713087	4.865567	3.458045	0.500000
5.811172	5.048264	3.461709	0.500000
6.811802	5.130656	3.386378	0.500000
7.348106	4.178690	3.433918	0.500000
8.388367	4.324108	3.448141	0.500000
9.686629	4.287947	3.454603	0.500000
0.922868	5.314926	3.493573	0.500000
1.927167	5.395999	3.408475	0.500000
2.984395	5.452184	3.470960	0.500000
4.003301	5.617315	3.498459	0.500000
4.928577	6.114395	3.449028	0.500000
6.238497	6.060481	3.419496	0.500000
7.193253	6.388513	3.390965	0.500000
7.867472	5.198037	3.483130	0.500000
9.002396	5.170270	3.470768	0.500000
10.035990	5.337052	3.347344	0.500000
0.338761	6.222174	3.372192	0.500000
1.376688	6.254759	3.373400	0.500000
2.427546	6.320173	3.233053	0.500000
3.586905	6.524033	3.306813	0.500000
4.460979	7.039610	3.182343	0.500000
5.462777	7.008083	3.490048	0.500000
6.446977	7.243963	3.417858	0.500000
7.583359	7.325582	3.476645	0.500000
8.430864	6.180075	3.486999	0.500000
9.512939	6.279482	3.488604	0.500000
0.804204	7.203132	3.337036	0.500000
1.837792	7.185399	3.318150	0.500000
2.888360	7.246269	3.479137	0.500000
3.726324	7.959666	3.347487	0.500000
4.727714	7.970146	3.485205	0.500000
5.816133	8.060966	3.488831	0.500000
6.925620	8.162157	3.479692	0.500000
8.264851	8.117033	3.308472	0.500000
8.778262	7.222290	3.350641	0.500000
9.901168	7.194564	3.371123	0.500000
0.322865	8.084087	3.495641	0.500000
1.322819	8.174956	3.431600	0.500000
2.449197	8.235831	3.453702	0.500000
3.087212	9.015929	3.329859	0.500000
4.137803	9.032628	3.415262	0.500000
5.221592	8.936110	3.465828	0.500000
6.485407	9.112502	3.375488	0.500000
7.667861	8.954905	3.476412	0.500000
8.755295	8.974765	3.488657	0.500000
9.498731	8.124522	3.499742	0.500000
0.754089	8.997683	3.396722	0.500000
1.884843	9.078785	3.496738	0.500000
2.349312	10.050354	3.496735	0.500000
3.550389	9.945437	3.384854	0.500000
4.728118	10.012297	3.330349	0.500000
5.755823	9.946810	3.474107	0.500000
7.174091	9.870557	3.487624	0.500000
8.262146	9.832429	3.282591	0.500000
9.888970	9.072412	3.366946	0.500000
0.192710	10.070172	3.454509	0.500000
