400

9.459038	9.636516	0.535535	0.500000
10.002192	0.247260	0.566257	0.500000
0.833025	0.115856	0.502245	0.500000
1.987481	0.325751	0.605251	0.500000
3.119043	0.310907	0.504036	0.500000
4.159239	0.396007	0.572965	0.500000
5.310752	0.425682	0.543500	0.500000
6.319865	0.355784	0.627480	0.500000
7.647523	0.276785	0.519312	0.500000
8.814893	0.244118	0.510092	0.500000
0.485058	1.074590	0.695036	0.500000
1.485922	1.260696	0.544626	0.500000
2.489723	1.402668	0.511060	0.500000
3.178764	1.625210	1.414381	0.500000
3.813565	1.333890	0.537529	0.500000
4.813586	1.390102	0.530638	0.500000
5.917116	1.326125	0.563308	0.500000
7.026467	1.202193	0.522719	0.500000
8.323984	1.203243	0.516433	0.500000
9.394887	1.180906	0.537784	0.500000
9.982018	2.049386	0.556556	0.500000
0.773894	2.027732	0.528932	0.500000
1.945793	2.292185	0.578722	0.500000
3.215698	2.197843	0.565273	0.500000
4.250508	2.252370	0.512250	0.500000
4.685695	3.239842	0.666312	0.500000
5.471670	2.283741	0.563448	0.500000
6.462738	2.164984	0.749149	0.500000
7.797807	2.065621	0.624874	0.500000
8.805425	2.114416	0.569596	0.500000
0.074935	3.092976	0.529562	0.500000
1.281009	3.128506	0.615438	0.500000
2.615639	3.132978	0.522499	0.500000
3.620212	3.143635	0.547186	0.500000
4.031448	4.145710	0.543582	0.500000
5.138039	4.156326	0.567196	0.500000
5.778896	3.281147	0.727142	0.500000
6.969393	3.041930	0.691082	0.500000
8.108571	3.064877	0.637362	0.500000
9.273602	3.069481	0.607743	0.500000
9.588749	4.025081	0.560781	0.500000
0.666637	3.945573	0.629763	0.500000
1.759780	4.079409	0.710749	0.500000
2.796782	4.095756	0.742594	0.500000
3.306394	4.970260	0.512861	0.500000
4.430000	5.120617	0.518422	0.500000
5.889896	4.880518	0.522222	0.500000
6.519640	4.008320	0.567388	0.500000
7.525395	3.936287	0.570249	0.500000
8.530347	3.967329	0.529542	0.500000
0.001329	4.979197	0.524803	0.500000
1.043868	4.922221	0.530503	0.500000
2.093572	5.030776	0.519265	0.500000
2.716783	5.847857	0.608974	0.500000
3.767191	5.889543	0.590993	0.500000
5.206440	5.872704	0.510167	0.500000
6.261385	5.814240	0.710714	0.500000
6.963728	4.951644	0.737645	0.500000
7.988580	4.828799	0.603839	0.500000
9.137124	4.956617	0.549030	0.500000
9.680817	5.848086	0.501824	0.500000
0.632847	5.889666	0.553360	0.500000
1.622804	5.918819	0.717966	0.500000
2.067676	6.812832	0.566331	0.500000
3.174665	6.735081	0.687722	0.500000
4.460719	6.632208	0.550143	0.500000
5.775183	6.691827	0.602590	0.500000
6.783200	6.695736	0.536898	0.500000
7.465140	5.868270	0.521415	0.500000
8.574317	5.887391	0.549127	0.500000
0.000983	6.779310	0.510761	0.500000
1.059174	6.961468	0.699835	0.500000
1.623288	7.816278	0.683440	0.500000
2.618698	7.692809	0.505120	0.500000
3.718282	7.765843	0.556790	0.500000
4.722098	7.679301	0.612108	0.500000
5.832225	7.719377	0.555175	0.500000
7.089288	7.766419	0.637714	0.500000
7.811816	6.826598	0.531409	0.500000
9.152313	6.852384	0.553189	0.500000
9.672709	7.725881	0.504023	0.500000
0.446189	7.816664	0.612437	0.500000
0.879388	8.741846	0.695008	0.500000
2.224368	8.689027	0.614698	0.500000
3.325391	8.759028	0.656181	0.500000
4.330043	8.734904	0.623419	0.500000
5.487172	8.676885	0.541050	0.500000
6.480579	8.553347	0.766214	0.500000
7.728363	8.581618	0.716951	0.500000
8.419551	7.624154	0.684547	0.500000
10.030888	8.637764	0.725725	0.500000
0.240461	9.510796	0.503257	0.500000
1.575234	9.474100	0.544670	0.500000
2.789107	9.593339	0.504718	0.500000
3.859348	9.622577	0.635680	0.500000
4.954648	9.564345	0.594607	0.500000
6.032540	9.577098	0.535251	0.500000
7.095182	9.437719	0.524605	0.500000
8.278716	9.592738	0.518867	0.500000
8.890300	8.643725	0.507689	0.500000
9.970168	0.350046	2.540709	0.500000
0.080521	0.659991	1.580674	0.500000
1.421382	0.595564	1.624718	0.500000
2.598260	0.751072	1.283364	0.500000
3.705236	0.580384	1.450722	0.500000
4.870202	0.682239	1.414953	0.500000
5.928004	0.614806	1.545691	0.500000
7.160429	0.587045	1.364528	0.500000
8.216692	0.533662	1.511445	0.500000
9.286571	0.655402	1.436365	0.500000
0.260386	1.258739	2.550530	0.500000
0.722074	1.463153	1.605447	0.500000
1.353708	1.225458	2.427380	0.500000
3.774386	2.476527	1.595021	0.500000
4.315890	1.559168	1.393130	0.500000
5.355730	1.591262	1.412179	0.500000
6.520601	1.469525	1.533656	0.500000
7.767971	1.583255	1.527539	0.500000
8.789206	1.594877	1.482465	0.500000
9.955520	1.601668	1.459321	0.500000
0.195400	2.481135	1.359562	0.500000
1.220339	2.551281	1.543920	0.500000
1.744180	1.691177	1.448645	0.500000
2.423065	2.450642	1.455079	0.500000
4.045780	3.577647	1.508332	0.500000
4.822804	2.447301	1.523221	0.500000
5.871346	2.553961	1.554886	0.500000
7.153345	2.416207	1.495126	0.500000
8.276214	2.526995	1.626953	0.500000
9.279769	2.489688	1.461467	0.500000
0.680118	3.429965	1.622046	0.500000
2.005561	3.364797	1.434651	0.500000
3.028388	3.356562	1.564759	0.500000
3.395020	4.441324	1.470217	0.500000
4.478336	4.495465	1.392545	0.500000
5.854446	4.237568	1.364484	0.500000
6.458045	3.414063	1.593685	0.500000
7.596580	3.334794	1.684039	0.500000
8.703406	3.433263	1.481516	0.500000
9.879775	3.340157	1.569678	0.500000
0.027073	4.322335	1.499869	0.500000
1.136909	4.335493	1.628180	0.500000
2.202285	4.611414	1.511101	0.500000
2.927568	5.328385	1.500894	0.500000
3.950333	5.350465	1.422424	0.500000
5.240674	5.292736	1.335652	0.500000
6.343637	5.200050	1.671885	0.500000
6.892143	4.315046	1.611478	0.500000
8.068052	4.228624	1.613480	0.500000
9.222944	4.399315	1.446346	0.500000
0.536470	5.203816	1.371692	0.500000
1.519571	5.336816	1.649876	0.500000
2.112314	6.312828	1.583301	0.500000
3.118285	6.362420	1.648979	0.500000
4.370860	6.314639	1.501582	0.500000
5.837384	6.111761	1.589017	0.500000
6.939510	6.179139	1.396407	0.500000
7.452630	5.295590	1.634036	0.500000
8.541056	5.168274	1.479289	0.500000
9.690771	5.297433	1.435953	0.500000
10.161531	6.220755	1.488782	0.500000
0.999576	6.264013	1.472103	0.500000
1.598259	7.271834	1.658944	0.500000
2.650958	7.223972	1.418402	0.500000
3.773191	7.183068	1.391772	0.500000
5.195501	7.009662	1.515042	0.500000
6.219571	7.116540	1.550003	0.500000
7.340224	7.143470	1.454096	0.500000
7.928629	6.185041	1.560925	0.500000
8.955342	6.160493	1.597753	0.500000
0.455495	7.198774	1.465438	0.500000
0.989730	8.051686	1.428276	0.500000
2.148778	8.201568	1.518133	0.500000
3.250532	8.090073	1.590978	0.500000
4.420993	8.204090	1.477663	0.500000
5.439416	7.993188	1.459743	0.500000
6.596966	8.117626	1.683544	0.500000
7.763660	8.053027	1.566753	0.500000
8.497787	7.058132	1.596654	0.500000
9.648784	7.121627	1.435690	0.500000
10.136263	8.101166	1.608036	0.500000
0.459229	8.936664	1.584492	0.500000
1.578303	9.080370	1.564461	0.500000
2.606256	9.087492	1.606193	0.500000
3.731777	8.970399	1.629374	0.500000
4.852711	9.126833	1.531580	0.500000
5.900667	8.945939	1.594029	0.500000
7.160544	8.948281	1.486200	0.500000
8.317314	8.971810	1.512511	0.500000
9.087476	8.023263	1.462807	0.500000
9.973665	9.955217	1.657103	0.500000
0.844255	9.936069	1.453071	0.500000
2.152003	10.001648	1.450810	0.500000
3.184485	9.892712	1.377381	0.500000
4.314530	10.002853	1.522284	0.500000
5.383582	9.995652	1.512108	0.500000
6.574331	9.857433	1.334620	0.500000
7.606803	9.853535	1.293759	0.500000
8.841274	9.871924	1.375337	0.500000
9.588377	9.020905	1.540021	0.500000
9.455925	9.597757	2.471452	0.500000
0.322252	9.640272	2.433408	0.500000
1.470871	9.909432	2.628636	0.500000
2.125971	0.406658	2.397035	0.500000
3.232985	0.375323	2.480249	0.500000
4.302669	0.506661	2.481067	0.500000
5.320743	0.380908	2.407307	0.500000
6.649545	0.268474	2.346144	0.500000
7.645748	0.119801	2.354860	0.500000
8.779869	0.287799	2.467997	0.500000
0.115398	0.669903	3.493590	0.500000
0.717963	0.366862	2.321892	0.500000
2.991268	1.668076	3.434992	0.500000
2.425842	1.330679	2.141456	0.500000
3.646931	1.284053	2.412444	0.500000
4.634947	1.467063	2.379746	0.500000
6.080724	1.065713	2.553329	0.500000
7.267131	1.139715	2.302056	0.500000
8.327837	1.326191	2.444849	0.500000
9.417074	1.231400	2.395653	0.500000
9.759667	2.177110	2.507811	0.500000
0.611876	2.207148	2.309535	0.500000
1.914420	2.217152	2.366003	0.500000
2.970118	2.249418	2.452420	0.500000
3.997777	2.273046	2.598152	0.500000
4.881042	2.823623	2.451028	0.500000
5.513205	2.027139	2.366731	0.500000
6.577566	2.083215	2.527114	0.500000
7.734093	2.148903	2.379759	0.500000
8.709026	2.292730	2.600051	0.500000
0.095223	3.107993	2.434269	0.500000
1.344892	3.093320	2.570961	0.500000
2.408878	3.266955	2.550985	0.500000
3.531034	3.196949	2.450847	0.500000
4.392295	3.717156	2.438399	0.500000
5.173689	3.484130	1.577742	0.500000
5.460350	3.901912	2.569261	0.500000
7.050952	3.111726	2.552376	0.500000
8.126170	3.127198	2.583483	0.500000
9.174421	3.191144	2.385183	0.500000
9.737895	4.025428	2.417384	0.500000
0.673611	4.004849	2.544137	0.500000
1.779045	4.046927	2.422844	0.500000
3.027097	4.091489	2.480207	0.500000
3.981358	4.623463	2.293405	0.500000
4.962792	4.848469	2.240192	0.500000
5.937082	4.869842	2.618280	0.500000
6.482850	4.007326	2.499202	0.500000
7.522560	4.038946	2.603221	0.500000
8.611826	4.142451	2.590209	0.500000
0.027541	4.880850	2.419406	0.500000
1.309875	4.965371	2.574206	0.500000
2.286399	5.248014	2.402835	0.500000
3.309895	5.398039	2.429723	0.500000
4.305879	5.586026	2.566441	0.500000
5.314825	5.852692	2.458882	0.500000
6.397340	5.838059	2.475162	0.500000
6.969651	4.891044	2.454509	0.500000
8.092114	5.040165	2.395102	0.500000
9.210739	4.962184	2.399504	0.500000
9.613067	5.886912	2.309113	0.500000
0.538498	5.918520	2.412729	0.500000
1.544519	6.015964	2.471503	0.500000
2.746506	6.220121	2.602698	0.500000
3.723255	6.443817	2.562491	0.500000
4.693265	6.658621	2.429837	0.500000
5.786347	6.746687	2.442019	0.500000
6.843497	6.776381	2.363433	0.500000
7.401335	5.883967	2.497948	0.500000
8.637731	5.914168	2.540084	0.500000
10.161004	6.883039	2.448877	0.500000
0.962391	6.826572	2.548777	0.500000
2.161998	7.029565	2.526403	0.500000
3.151066	7.273695	2.315581	0.500000
4.125007	7.550844	2.355692	0.500000
5.168051	7.564646	2.357130	0.500000
6.238240	7.653120	2.554701	0.500000
7.280682	7.763277	2.406832	0.500000
8.024562	6.753464	2.577330	0.500000
9.047201	6.843837	2.520587	0.500000
9.457568	7.821104	2.395639	0.500000
0.317209	7.831935	2.500252	0.500000
1.451300	7.810979	2.553419	0.500000
2.451823	8.103874	2.564069	0.500000
3.365287	8.627422	2.665075	0.500000
4.349754	8.586747	2.464851	0.500000
5.375044	8.558238	2.492487	0.500000
6.510912	8.632588	2.562465	0.500000
7.705747	8.727469	2.392419	0.500000
8.379827	7.761509	2.330208	0.500000
10.050148	8.766990	2.426091	0.500000
0.910283	8.802655	2.547684	0.500000
1.901814	8.989491	2.537053	0.500000
2.626160	9.686423	2.444999	0.500000
3.735614	9.616579	2.435131	0.500000
4.896369	9.559140	2.581921	0.500000
5.898897	9.792860	2.420855	0.500000
7.008897	9.524834	2.317898	0.500000
8.351026	9.604756	2.328473	0.500000
8.733560	8.675755	2.566157	0.500000
9.345764	0.670192	3.417993	0.500000
0.697789	10.116705	3.244700	0.500000
1.582403	0.551007	3.228474	0.500000
2.540261	0.737920	3.454584	0.500000
3.678538	0.686161	3.357419	0.500000
4.835426	0.525100	3.372194	0.500000
6.048314	0.480067	3.472469	0.500000
7.236062	0.632227	3.317737	0.500000
8.245920	0.614275	3.419139	0.500000
8.783060	9.994145	3.368205	0.500000
0.925286	1.336938	3.421223	0.500000
1.931378	1.583686	3.471176	0.500000
4.080573	1.616533	3.471856	0.500000
4.981743	2.175521	3.238459	0.500000
6.045548	2.321180	3.485303	0.500000
5.500514	1.353833	3.491296	0.500000
6.651122	1.480323	3.337405	0.500000
7.704369	1.541944	3.345683	0.500000
8.734104	1.495241	3.477195	0.500000
9.825365	1.556917	3.362041	0.500000
0.142747	2.439168	3.449567	0.500000
1.246788	2.299618	3.260750	0.500000
2.231483	2.705523	3.391802	0.500000
3.408095	2.833583	3.455311	0.500000
4.405941	3.002874	3.383472	0.500000
5.505942	3.234326	3.393037	0.500000
6.011057	2.977216	2.514463	0.500000
7.062524	2.423419	3.494070	0.500000
8.207963	2.543507	3.474220	0.500000
9.221060	2.421617	3.469750	0.500000
0.605352	3.435535	3.448189	0.500000
1.848936	3.645016	3.439490	0.500000
2.849387	3.696138	3.484338	0.500000
3.882751	3.883347	3.438928	0.500000
4.905462	4.042534	3.450290	0.500000
5.953536	4.134403	3.457556	0.500000
6.512170	3.279866	3.495239	0.500000
7.573371	3.315020	3.420664	0.500000
8.811575	3.370857	3.364042	0.500000
9.819807	3.400048	3.396990	0.500000
0.093574	4.309473	3.321755	0.500000
1.095342	4.363347	3.439882	0.500000
2.072163	4.645857	3.299723	0.500000
3.166399	4.643786	3.401921	0.500000
4.297864	4.833669	3.252406	0.500000
5.405169	5.017797	3.455942	0.500000
6.537592	5.289890	3.313745	0.500000
6.967083	4.219060	3.450246	0.500000
8.060019	4.212514	3.471685	0.500000
9.283685	4.319758	3.431597	0.500000
0.485934	5.286462	3.334972	0.500000
1.572453	5.536752	3.373566	0.500000
2.577922	5.554579	3.474490	0.500000
3.766395	5.782107	3.390871	0.500000
4.862623	6.061965	3.330885	0.500000
6.071248	6.164697	3.469788	0.500000
7.093268	6.257779	3.397268	0.500000
7.554309	5.077366	3.360684	0.500000
8.590096	5.207182	3.455475	0.500000
9.654017	5.256431	3.443310	0.500000
10.135595	6.195083	3.273990	0.500000
0.913385	6.332259	3.483717	0.500000
2.111852	6.489293	3.397031	0.500000
3.110511	6.619024	3.455923	0.500000
4.116377	6.817907	3.495463	0.500000
5.312985	6.963429	3.368521	0.500000
6.293650	7.225098	3.461868	0.500000
7.349762	7.277238	3.418637	0.500000
8.102261	6.179658	3.489638	0.500000
9.116980	6.341665	3.415511	0.500000
0.395277	7.252104	3.318362	0.500000
1.405113	7.209207	3.483860	0.500000
2.635885	7.501329	3.489369	0.500000
3.614624	7.812494	3.325349	0.500000
4.625165	7.968549	3.460654	0.500000
5.700027	8.080578	3.399888	0.500000
6.880182	8.160641	3.433985	0.500000
7.921221	8.117765	3.165288	0.500000
8.514947	7.212967	3.327477	0.500000
9.556541	7.248065	3.431940	0.500000
10.039656	8.171005	3.325392	0.500000
0.831899	8.188032	3.436668	0.500000
1.935608	8.392069	3.463314	0.500000
2.822602	8.985102	3.461366	0.500000
3.976315	8.780114	3.465744	0.500000
5.052641	8.901971	3.463249	0.500000
6.235835	8.991696	3.469989	0.500000
7.209925	9.091615	3.261889	0.500000
8.336447	9.050626	3.475816	0.500000
8.975560	8.153045	3.486085	0.500000
0.291638	9.095151	3.415227	0.500000
1.290375	9.286282	3.470452	0.500000
2.194062	9.766695	3.396285	0.500000
3.196231	9.945733	3.359715	0.500000
4.239281	9.886710	3.468295	0.500000
5.546897	9.785634	3.464233	0.500000
6.653327	9.917854	3.434767	0.500000
7.766716	9.948002	3.318295	0.500000
9.459600	9.043355	3.424572	0.500000
9.907564	9.945119	3.393296	0.500000
