400

0.668455	0.183830	0.524075	0.500000
1.759017	0.235511	0.581455	0.500000
2.890945	0.205378	0.621689	0.500000
3.962070	0.136748	0.578426	0.500000
4.968094	0.299407	0.661721	0.500000
6.248200	0.348107	0.535843	0.500000
7.263806	0.179355	0.652713	0.500000
8.471802	0.342813	0.543557	0.500000
9.514491	0.301022	0.702040	0.500000
10.577743	0.189931	0.532444	0.500000
1.355143	1.160961	0.518462	0.500000
2.400260	1.122578	0.611926	0.500000
3.413122	1.131004	0.638121	0.500000
4.579596	1.219275	0.525486	0.500000
5.604268	1.120457	0.518620	0.500000
6.814568	1.176314	0.591947	0.500000
7.889713	1.230732	0.512306	0.500000
9.004869	1.198156	0.508835	0.500000
10.155453	1.224197	0.524781	0.500000
0.330229	1.175191	0.516287	0.500000
0.842299	2.049777	0.652600	0.500000
1.890367	2.145961	0.703813	0.500000
2.912423	2.009873	0.515497	0.500000
3.979178	2.020331	0.545406	0.500000
5.148845	2.052411	0.590344	0.500000
6.150693	1.969316	0.561596	0.500000
7.328635	2.104836	0.531492	0.500000
8.340079	2.135021	0.510789	0.500000
9.782548	2.188886	0.585901	0.500000
10.816011	2.080326	0.604151	0.500000
1.302947	2.969991	0.506067	0.500000
2.472799	3.032012	0.699181	0.500000
3.564640	3.022397	0.732791	0.500000
4.651316	2.951402	0.558150	0.500000
5.642435	3.156361	0.570205	0.500000
6.881051	3.041788	0.548352	0.500000
8.015135	3.106560	0.523524	0.500000
9.241508	3.124319	0.518205	0.500000
10.244053	3.163162	0.589861	0.500000
0.307944	3.101214	0.648859	0.500000
0.843861	4.071190	0.567098	0.500000
1.829682	3.869363	0.598890	0.500000
2.986889	4.014442	0.604861	0.500000
4.166267	3.858340	0.636879	0.500000
5.184987	4.077921	0.790230	0.500000
6.219329	4.029262	0.703286	0.500000
7.322420	4.132907	0.645210	0.500000
8.521239	3.979888	0.580639	0.500000
9.624091	4.094664	0.518822	0.500000
10.771073	4.013663	0.520052	0.500000
1.245488	4.992869	0.572493	0.500000
2.322964	4.865633	0.576544	0.500000
3.358416	5.038606	0.578798	0.500000
4.661482	5.078923	0.574837	0.500000
5.677841	4.962868	0.502013	0.500000
6.744499	4.985914	0.527752	0.500000
7.916154	4.946995	0.641228	0.500000
8.935120	4.999333	0.570528	0.500000
9.971665	5.072346	0.510863	0.500000
0.208697	5.097472	0.588962	0.500000
0.797392	5.916392	0.664126	0.500000
1.880186	5.794208	0.529281	0.500000
2.949504	6.017170	0.635981	0.500000
3.976076	6.006922	0.528348	0.500000
5.056028	6.064778	0.658107	0.500000
6.173942	6.055100	0.620371	0.500000
7.331481	5.902157	0.547764	0.500000
8.329705	5.939557	0.597180	0.500000
9.447581	5.991243	0.608045	0.500000
10.593512	5.887835	0.500234	0.500000
1.167625	7.058724	0.549167	0.500000
2.245036	7.123918	0.789417	0.500000
3.371276	6.981818	0.515730	0.500000
4.486883	6.913377	0.538646	0.500000
5.614480	6.902063	0.557216	0.500000
6.682397	6.950502	0.543548	0.500000
7.783065	6.813833	0.570644	0.500000
8.942998	6.916619	0.599758	0.500000
10.002271	6.848841	0.528995	0.500000
0.079747	6.857982	0.612346	0.500000
0.663914	7.947200	0.512554	0.500000
1.682160	7.921906	0.531418	0.500000
2.926536	7.910814	0.506654	0.500000
3.989920	7.799080	0.582425	0.500000
5.006348	7.763903	0.635421	0.500000
6.192636	7.955074	0.625527	0.500000
7.303499	7.774669	0.509208	0.500000
8.411602	7.967953	0.522909	0.500000
9.547676	7.948891	0.673800	0.500000
10.580903	7.835138	0.617326	0.500000
1.199706	8.821199	0.663489	0.500000
2.365685	8.799708	0.540603	0.500000
3.465178	8.781906	0.558884	0.500000
4.615916	8.718208	0.574179	0.500000
5.672084	9.011905	0.622234	0.500000
6.851025	8.721309	0.528128	0.500000
7.995260	9.005724	0.763085	0.500000
9.015357	8.918486	0.668935	0.500000
10.024140	8.844482	0.522289	0.500000
0.056132	8.790831	0.607860	0.500000
1.335792	0.437058	1.540027	0.500000
2.434894	0.520327	1.554393	0.500000
3.520953	0.570673	1.588026	0.500000
4.540233	0.443607	1.583934	0.500000
5.563439	0.587618	1.531651	0.500000
6.738696	0.544062	1.547912	0.500000
7.798369	0.479831	1.446743	0.500000
9.013227	0.495543	1.580157	0.500000
10.113231	0.401601	1.516938	0.500000
0.177552	0.529353	1.359414	0.500000
1.771003	1.339135	1.493939	0.500000
2.848092	1.513851	1.564354	0.500000
4.071922	1.444203	1.440923	0.500000
5.107338	1.502024	1.446256	0.500000
6.309550	1.562606	1.644210	0.500000
7.341660	1.444288	1.729530	0.500000
8.448335	1.435579	1.346502	0.500000
9.720759	1.371501	1.562610	0.500000
10.709121	1.423757	1.408700	0.500000
0.751101	1.404815	1.693896	0.500000
1.331391	2.282455	1.614624	0.500000
2.348430	2.378588	1.650624	0.500000
3.498490	2.277766	1.678105	0.500000
4.636903	2.464703	1.635345	0.500000
5.634017	2.397085	1.521582	0.500000
6.897561	2.412642	1.615820	0.500000
8.036731	2.369973	1.556230	0.500000
9.027699	2.269219	1.264906	0.500000
10.152637	2.468878	1.502674	0.500000
0.261279	2.298482	1.610368	0.500000
1.967383	3.448085	1.694568	0.500000
3.084727	3.549338	1.543476	0.500000
4.090461	3.311330	1.716110	0.500000
5.091024	3.374156	1.674321	0.500000
6.241384	3.235742	1.453377	0.500000
7.392323	3.350189	1.454531	0.500000
8.426796	3.337304	1.444665	0.500000
9.453638	3.226597	1.619381	0.500000
10.616941	3.427177	1.506400	0.500000
0.844986	3.256373	1.520086	0.500000
1.294861	4.226160	1.694227	0.500000
2.427446	4.350361	1.555086	0.500000
3.620735	4.456549	1.367312	0.500000
4.660855	4.458673	1.662951	0.500000
5.766019	4.214939	1.643188	0.500000
6.860704	4.300314	1.636380	0.500000
7.952251	4.325238	1.481214	0.500000
8.937154	4.228287	1.630377	0.500000
10.041084	4.254176	1.415489	0.500000
0.132070	4.347084	1.394427	0.500000
1.712617	5.152104	1.614416	0.500000
2.778482	5.286931	1.479670	0.500000
3.842920	5.429395	1.495566	0.500000
5.194591	5.364073	1.548366	0.500000
6.192441	5.523046	1.562493	0.500000
7.230366	5.208644	1.395906	0.500000
8.554319	5.360508	1.463394	0.500000
9.541152	5.123649	1.425618	0.500000
10.553976	5.249674	1.452614	0.500000
0.718345	5.228563	1.488938	0.500000
1.191005	6.253754	1.579020	0.500000
2.345116	6.336915	1.491957	0.500000
3.347026	6.317045	1.618471	0.500000
4.601037	6.190521	1.576449	0.500000
5.625153	6.366515	1.557267	0.500000
6.784658	6.318698	1.413784	0.500000
7.759904	6.059915	1.596571	0.500000
8.776745	6.344190	1.538144	0.500000
9.924461	6.152993	1.541117	0.500000
10.986292	6.172587	1.502022	0.500000
1.928704	7.252097	1.731220	0.500000
2.938786	7.230522	1.551616	0.500000
3.960708	7.230799	1.421949	0.500000
5.036217	7.208963	1.534440	0.500000
6.177289	7.305857	1.405543	0.500000
7.255688	7.222211	1.543226	0.500000
8.360910	7.373327	1.379498	0.500000
9.348228	7.191347	1.504290	0.500000
10.514691	7.090478	1.496539	0.500000
0.898234	7.318347	1.559670	0.500000
1.354791	8.226951	1.518242	0.500000
2.484524	8.204847	1.367406	0.500000
3.518628	8.153692	1.401808	0.500000
4.526545	8.086315	1.577324	0.500000
5.668684	8.213438	1.563932	0.500000
6.680371	8.256781	1.651764	0.500000
7.933894	8.286065	1.503357	0.500000
9.058147	8.199739	1.602967	0.500000
10.145362	8.078341	1.652241	0.500000
0.281817	8.163235	1.449866	0.500000
1.902640	9.079260	1.397961	0.500000
2.965277	9.142691	1.524807	0.500000
4.087595	9.018440	1.479536	0.500000
5.162774	9.122968	1.536523	0.500000
6.165277	9.149027	1.501301	0.500000
7.349535	9.120077	1.586415	0.500000
8.549616	9.117461	1.655841	0.500000
9.555061	9.086616	1.599105	0.500000
10.675475	9.015572	1.680371	0.500000
0.653199	9.147344	1.435203	0.500000
0.807628	0.166837	2.368424	0.500000
1.961944	0.219865	2.429545	0.500000
2.985019	0.238918	2.548753	0.500000
4.003200	0.200251	2.439365	0.500000
5.044905	0.284725	2.441044	0.500000
6.121389	0.299239	2.427184	0.500000
7.357494	0.087208	2.465840	0.500000
8.435690	0.246495	2.495001	0.500000
9.629975	0.280186	2.602579	0.500000
10.629801	0.249373	2.540982	0.500000
1.304072	1.055380	2.455488	0.500000
2.299951	1.223754	2.439166	0.500000
3.356632	1.179742	2.369264	0.500000
4.477174	1.116437	2.519019	0.500000
5.534676	1.173355	2.516397	0.500000
6.759631	1.092033	2.473528	0.500000
7.777981	1.040917	2.539028	0.500000
8.979317	1.128303	2.536506	0.500000
10.087104	1.180444	2.580254	0.500000
0.219408	1.094500	2.540989	0.500000
0.701209	2.079031	2.573912	0.500000
1.772268	2.109000	2.565014	0.500000
2.895062	2.150417	2.483489	0.500000
4.150768	2.301583	2.555271	0.500000
5.176207	2.149245	2.428408	0.500000
6.187387	2.080687	2.533451	0.500000
7.296191	2.044468	2.661253	0.500000
8.266808	1.918064	2.421976	0.500000
9.314300	2.074868	2.310644	0.500000
10.451324	2.120767	2.425821	0.500000
1.118165	3.002216	2.550723	0.500000
2.412306	3.030845	2.560761	0.500000
3.435617	2.998325	2.621263	0.500000
4.630172	3.194078	2.626259	0.500000
5.633630	3.075818	2.536362	0.500000
6.748362	3.005551	2.570638	0.500000
7.782787	2.997290	2.447704	0.500000
8.798829	2.955924	2.330419	0.500000
9.869254	3.004567	2.619092	0.500000
0.092799	2.953878	2.527527	0.500000
0.533463	3.872684	2.455554	0.500000
1.745076	3.982022	2.556648	0.500000
3.099820	3.983248	2.571683	0.500000
4.130983	4.065580	2.426034	0.500000
5.227222	4.070795	2.486574	0.500000
6.255409	3.980412	2.558203	0.500000
7.380853	3.925208	2.536053	0.500000
8.377489	4.013662	2.467601	0.500000
9.396274	4.065555	2.548066	0.500000
10.547710	4.200505	2.433010	0.500000
1.208377	4.901204	2.506351	0.500000
2.353948	4.961052	2.419007	0.500000
3.421572	4.930765	2.561934	0.500000
4.539508	5.096615	2.449669	0.500000
5.718294	5.048903	2.387443	0.500000
6.840303	4.882641	2.458770	0.500000
7.851274	5.058775	2.209764	0.500000
8.854326	4.965000	2.376994	0.500000
9.925704	4.993357	2.363953	0.500000
0.134306	5.013501	2.323155	0.500000
0.638760	5.964535	2.475669	0.500000
1.826368	5.839948	2.425011	0.500000
2.913041	5.794360	2.374828	0.500000
4.008123	5.993559	2.542197	0.500000
5.187305	5.985245	2.409624	0.500000
6.194802	5.976615	2.463684	0.500000
7.308459	5.869164	2.530830	0.500000
8.343028	5.964489	2.490064	0.500000
9.535896	5.937207	2.534362	0.500000
10.544533	6.020985	2.452942	0.500000
1.295412	6.892801	2.452011	0.500000
2.367513	6.929291	2.610478	0.500000
3.456845	6.977321	2.373429	0.500000
4.609248	6.917833	2.479434	0.500000
5.733939	6.884972	2.456951	0.500000
6.757748	6.819217	2.411222	0.500000
7.886955	6.864624	2.567724	0.500000
8.959132	6.832706	2.518299	0.500000
9.984829	6.930342	2.484027	0.500000
0.161220	6.895678	2.350289	0.500000
0.621564	7.880756	2.380409	0.500000
1.724602	7.830109	2.593243	0.500000
3.050671	7.936886	2.444365	0.500000
4.057017	7.801291	2.543826	0.500000
5.092381	7.876813	2.477847	0.500000
6.128118	7.896433	2.599503	0.500000
7.288846	7.893161	2.389346	0.500000
8.431849	7.691141	2.398522	0.500000
9.541594	7.950776	2.574096	0.500000
10.537914	7.787764	2.580857	0.500000
1.331837	8.799257	2.557476	0.500000
2.365219	8.801035	2.486110	0.500000
3.526675	8.813265	2.346698	0.500000
4.575099	8.871499	2.348346	0.500000
5.676723	8.788270	2.409043	0.500000
6.790903	8.773622	2.517732	0.500000
7.951843	8.795818	2.434354	0.500000
9.048965	8.896758	2.512858	0.500000
10.178966	8.757959	2.552409	0.500000
0.201946	8.777466	2.575495	0.500000
1.264261	0.475361	3.335613	0.500000
2.296429	0.582498	3.379608	0.500000
3.474382	0.625982	3.354048	0.500000
4.582309	0.493695	3.380634	0.500000
5.625385	0.455203	3.389816	0.500000
6.664291	0.401559	3.325364	0.500000
7.715650	0.470647	3.482120	0.500000
8.833418	0.544186	3.481421	0.500000
10.011687	0.559261	3.496396	0.500000
0.146289	0.658697	3.484726	0.500000
2.004429	1.555232	3.436549	0.500000
3.027843	1.564412	3.331051	0.500000
4.085377	1.576681	3.406710	0.500000
5.137806	1.561076	3.487613	0.500000
6.186421	1.337607	3.401347	0.500000
7.332748	1.451550	3.485417	0.500000
8.454867	1.503176	3.319607	0.500000
9.470948	1.493135	3.439319	0.500000
10.675814	1.623043	3.445173	0.500000
0.936510	1.448875	3.449469	0.500000
1.251785	2.460897	3.425230	0.500000
2.377182	2.504307	3.496996	0.500000
3.511519	2.448405	3.453575	0.500000
4.597283	2.444317	3.468045	0.500000
5.757418	2.401828	3.455116	0.500000
6.820056	2.433319	3.485215	0.500000
7.826836	2.465106	3.493792	0.500000
9.039412	2.480002	3.212362	0.500000
10.014043	2.396175	3.495355	0.500000
0.225613	2.471833	3.469185	0.500000
1.675385	3.496743	3.477959	0.500000
2.834600	3.412973	3.492211	0.500000
4.114507	3.480213	3.486121	0.500000
5.261191	3.272669	3.446857	0.500000
6.285012	3.453530	3.464920	0.500000
7.292829	3.411707	3.479337	0.500000
8.327231	3.337590	3.328964	0.500000
9.499294	3.433051	3.456263	0.500000
10.551290	3.309802	3.416857	0.500000
0.571553	3.442303	3.405919	0.500000
1.089895	4.372533	3.381884	0.500000
2.382039	4.351009	3.321071	0.500000
3.411663	4.246986	3.487298	0.500000
4.721612	4.374810	3.347547	0.500000
5.747585	4.488422	3.287493	0.500000
6.835378	4.365178	3.324407	0.500000
7.835013	4.337513	3.373679	0.500000
8.999485	4.332017	3.484002	0.500000
10.006303	4.315896	3.364527	0.500000
0.016140	4.312111	3.365408	0.500000
1.787757	5.181040	3.321405	0.500000
2.803598	5.333897	3.498762	0.500000
3.987605	5.173814	3.455137	0.500000
5.176405	5.303200	3.451316	0.500000
6.222030	5.386011	3.438047	0.500000
7.301374	5.266723	3.339928	0.500000
8.295715	5.208675	3.196500	0.500000
9.408360	5.260834	3.344461	0.500000
10.467693	5.333203	3.197828	0.500000
0.458239	5.227345	3.484254	0.500000
1.130110	6.171342	3.407607	0.500000
2.193097	6.248051	3.373107	0.500000
3.283489	6.267151	3.364992	0.500000
4.296860	6.149151	3.491255	0.500000
5.682298	6.281942	3.486700	0.500000
6.735552	6.278007	3.360835	0.500000
7.864407	6.238391	3.465126	0.500000
8.980870	6.343778	3.445495	0.500000
10.025850	6.323220	3.449568	0.500000
0.051553	6.193991	3.478316	0.500000
1.849638	7.246569	3.452185	0.500000
2.904886	7.217683	3.498893	0.500000
4.099653	7.268242	3.493006	0.500000
5.112274	7.140186	3.348751	0.500000
6.261036	7.177196	3.314150	0.500000
7.342429	7.228502	3.405416	0.500000
8.498157	7.296563	3.464364	0.500000
9.503931	7.302202	3.382478	0.500000
10.663125	7.151892	3.464833	0.500000
0.743439	7.118924	3.454002	0.500000
1.271231	8.065078	3.493806	0.500000
2.385162	8.154543	3.497357	0.500000
3.428258	8.312233	3.419073	0.500000
4.457513	8.218177	3.388533	0.500000
5.503524	8.107551	3.459293	0.500000
6.709642	8.072562	3.473587	0.500000
7.738218	8.168323	3.420270	0.500000
8.889316	8.256841	3.363485	0.500000
10.111103	8.201962	3.424597	0.500000
0.206970	8.059502	3.412572	0.500000
1.841872	9.151441	3.444064	0.500000
2.907689	9.194998	3.413676	0.500000
3.967240	9.161576	3.463756	0.500000
5.118570	9.101097	3.229739	0.500000
6.209392	9.002596	3.381279	0.500000
7.230929	9.061929	3.428253	0.500000
8.301187	9.120779	3.396351	0.500000
9.395352	9.146905	3.450642	0.500000
10.653992	9.099974	3.446743	0.500000
0.738771	9.037488	3.492931	0.500000
