400

9.795970	9.559184	0.553786	0.500000
10.221454	0.354384	0.527035	0.500000
1.176987	0.312344	0.554610	0.500000
2.335357	0.383299	0.563273	0.500000
3.404810	0.197262	0.573211	0.500000
4.590102	0.385834	0.654014	0.500000
5.595159	0.486042	0.503529	0.500000
6.962163	0.276551	0.510970	0.500000
8.076549	0.224909	0.595095	0.500000
9.182979	0.373587	0.614318	0.500000
0.699785	1.307939	0.662135	0.500000
1.699738	1.188308	0.580589	0.500000
2.803099	1.334035	0.619506	0.500000
3.373132	1.550546	1.470748	0.500000
4.073945	1.270549	0.684435	0.500000
5.074125	1.362751	0.629231	0.500000
6.300750	1.276867	0.531119	0.500000
7.348855	1.325844	0.743104	0.500000
8.425946	1.332841	0.560506	0.500000
9.738506	1.238020	0.519574	0.500000
10.183441	2.227926	0.671546	0.500000
1.143054	2.198327	0.530730	0.500000
2.215151	2.218945	0.557496	0.500000
3.473250	2.117603	0.626842	0.500000
4.534110	2.233306	0.624102	0.500000
5.033032	3.262789	0.617940	0.500000
5.669828	2.226019	0.501704	0.500000
6.682710	2.225794	0.510231	0.500000
7.810540	2.228522	0.534796	0.500000
8.898864	2.268958	0.592198	0.500000
0.690056	3.123860	0.543689	0.500000
1.802636	3.149072	0.682559	0.500000
2.865770	3.121599	0.500029	0.500000
4.048132	3.121215	0.505458	0.500000
4.465660	4.124340	0.555727	0.500000
5.615521	4.128798	0.597447	0.500000
6.203272	3.105813	0.653466	0.500000
7.207216	3.079286	0.609628	0.500000
8.262906	3.220962	0.580812	0.500000
9.645724	3.187411	0.520863	0.500000
10.063295	4.127292	0.526392	0.500000
0.934209	4.098195	0.654517	0.500000
2.371913	4.041540	0.532817	0.500000
3.375778	4.025510	0.501566	0.500000
3.765940	5.000505	0.544938	0.500000
5.017903	4.978403	0.523460	0.500000
6.159100	4.983912	0.505160	0.500000
6.626076	4.094639	0.535669	0.500000
7.772508	4.160496	0.650687	0.500000
8.897364	4.034570	0.521227	0.500000
0.439434	4.995516	0.602280	0.500000
1.561244	4.897550	0.681823	0.500000
2.652341	5.030686	0.546349	0.500000
3.279149	5.893017	0.598978	0.500000
4.322328	5.850819	0.604336	0.500000
5.549025	5.841431	0.512031	0.500000
6.636822	5.892151	0.638957	0.500000
7.182114	4.975335	0.571608	0.500000
8.517862	5.027034	0.527618	0.500000
9.527757	5.053924	0.541551	0.500000
10.144147	5.868013	0.617661	0.500000
1.016866	5.952440	0.519163	0.500000
2.030884	5.838807	0.529982	0.500000
2.663344	6.799442	0.569095	0.500000
3.939601	6.782931	0.568657	0.500000
4.932262	6.932617	0.584947	0.500000
5.965646	6.906078	0.501466	0.500000
7.081246	6.856822	0.600733	0.500000
7.781380	5.945506	0.502018	0.500000
9.030961	5.995425	0.528648	0.500000
0.491620	6.846487	0.616227	0.500000
1.596648	6.783844	0.567353	0.500000
2.084102	7.733397	0.563539	0.500000
3.252553	7.681450	0.540390	0.500000
4.298098	7.722390	0.668060	0.500000
5.488472	7.868210	0.501150	0.500000
6.495140	7.733910	0.719905	0.500000
7.524399	7.913900	0.551406	0.500000
8.283929	6.847972	0.512836	0.500000
9.681043	6.769909	0.511457	0.500000
10.081574	7.877223	0.557883	0.500000
0.999986	7.789095	0.513060	0.500000
1.444645	8.743958	0.521679	0.500000
2.702351	8.523164	0.570300	0.500000
3.789118	8.586908	0.528607	0.500000
4.833163	8.631549	0.501750	0.500000
5.823330	8.874462	0.543382	0.500000
6.854948	8.710408	0.587542	0.500000
8.295686	8.719295	0.512979	0.500000
8.982120	7.624755	0.749632	0.500000
0.445456	8.703896	0.578550	0.500000
0.559402	9.753329	0.505483	0.500000
1.791615	9.725804	0.535323	0.500000
3.079546	9.477031	0.504365	0.500000
4.120784	9.713157	0.518275	0.500000
5.137084	9.744418	0.636763	0.500000
6.151841	9.819317	0.642633	0.500000
7.590242	9.569832	0.576394	0.500000
8.753605	9.701679	0.571909	0.500000
9.328313	8.594988	0.544043	0.500000
0.102355	0.367232	2.348472	0.500000
0.511834	0.720734	1.455692	0.500000
1.955364	0.581151	1.545744	0.500000
3.038544	0.569634	1.441983	0.500000
4.055104	0.725185	1.611243	0.500000
5.344185	0.669919	1.459166	0.500000
6.350730	0.787039	1.498477	0.500000
7.624160	0.729956	1.517398	0.500000
8.628423	0.610918	1.555336	0.500000
9.724706	0.691383	1.472445	0.500000
0.641865	1.238145	2.470573	0.500000
1.224111	1.559036	1.552028	0.500000
1.742245	1.213341	2.462654	0.500000
4.006211	2.543785	1.443944	0.500000
4.543955	1.678464	1.477806	0.500000
5.699459	1.653731	1.361005	0.500000
6.769341	1.697984	1.555805	0.500000
8.216290	1.553103	1.542591	0.500000
9.236088	1.589118	1.480563	0.500000
0.123668	1.652679	1.542721	0.500000
0.358257	2.657648	1.566333	0.500000
1.673619	2.485590	1.472590	0.500000
2.267200	1.612181	1.446134	0.500000
2.935493	2.527551	1.432204	0.500000
4.511942	3.518155	1.604435	0.500000
5.078418	2.576786	1.501822	0.500000
6.127909	2.606930	1.531891	0.500000
7.346064	2.562289	1.647338	0.500000
8.370122	2.564056	1.489722	0.500000
9.563490	2.558839	1.451096	0.500000
0.913451	3.519944	1.559085	0.500000
2.232001	3.355275	1.579433	0.500000
3.490802	3.432513	1.525154	0.500000
3.895255	4.368844	1.408724	0.500000
5.031763	4.397789	1.392292	0.500000
6.059415	4.404737	1.483986	0.500000
6.626697	3.500393	1.519498	0.500000
7.743513	3.519165	1.545519	0.500000
8.854542	3.432893	1.370276	0.500000
9.889641	3.503859	1.600297	0.500000
0.314073	4.329641	1.593021	0.500000
1.666138	4.176719	1.469109	0.500000
2.809187	4.219673	1.526632	0.500000
3.389775	5.326916	1.524971	0.500000
4.482684	5.334822	1.560420	0.500000
5.527916	5.285238	1.573569	0.500000
6.549466	5.321648	1.556917	0.500000
7.133963	4.435139	1.574703	0.500000
8.363333	4.301053	1.477660	0.500000
9.503375	4.485494	1.444405	0.500000
0.960836	5.095598	1.468763	0.500000
2.157498	5.225327	1.492545	0.500000
2.572860	6.141624	1.458994	0.500000
3.901447	6.210012	1.508255	0.500000
4.978251	6.227634	1.327267	0.500000
6.006608	6.219799	1.484035	0.500000
7.344923	6.105477	1.396984	0.500000
7.871861	5.256925	1.493690	0.500000
8.931247	5.384130	1.466487	0.500000
10.163884	5.261257	1.622079	0.500000
0.388934	6.227593	1.538230	0.500000
1.414925	6.092507	1.437109	0.500000
2.209550	7.152314	1.472734	0.500000
3.223231	7.138633	1.448296	0.500000
4.286841	7.198350	1.697333	0.500000
5.400477	7.349476	1.500378	0.500000
6.632968	7.118428	1.568192	0.500000
7.806833	7.169917	1.512280	0.500000
8.441123	6.321522	1.373731	0.500000
9.617587	6.170906	1.539605	0.500000
0.897732	7.270787	1.563111	0.500000
1.542910	8.069734	1.336917	0.500000
2.781671	8.065847	1.539468	0.500000
3.814580	8.120448	1.547838	0.500000
4.810519	8.202045	1.446070	0.500000
6.050219	8.118933	1.623712	0.500000
7.138164	8.012382	1.558980	0.500000
8.339893	8.026975	1.491288	0.500000
8.955865	7.175613	1.644994	0.500000
10.085563	7.166184	1.501109	0.500000
0.279566	8.072660	1.588075	0.500000
0.856411	9.043385	1.426723	0.500000
2.136691	8.954488	1.426233	0.500000
3.194522	9.035764	1.645564	0.500000
4.180179	9.109022	1.414957	0.500000
5.350839	9.125019	1.434837	0.500000
6.461598	9.151365	1.627410	0.500000
7.654871	8.994554	1.570282	0.500000
8.693334	8.968253	1.402793	0.500000
9.352743	8.122899	1.590354	0.500000
0.021983	10.041744	1.405814	0.500000
1.565835	9.836605	1.523318	0.500000
2.615713	9.835066	1.366829	0.500000
3.687922	10.002511	1.556712	0.500000
4.811123	10.052610	1.684123	0.500000
5.944262	10.129592	1.744906	0.500000
7.037124	9.997137	1.448879	0.500000
8.090900	9.911553	1.513107	0.500000
9.232360	9.835418	1.500192	0.500000
9.916448	8.960144	1.420561	0.500000
9.853489	9.681975	2.514085	0.500000
0.716129	9.623392	2.377912	0.500000
1.788657	9.789279	2.530191	0.500000
2.469482	0.496063	2.432638	0.500000
3.509353	0.454889	2.633326	0.500000
4.562712	0.438184	2.499498	0.500000
5.564753	0.635817	2.513663	0.500000
7.056125	0.140551	2.437679	0.500000
8.052365	0.238340	2.357268	0.500000
9.232024	0.287311	2.413147	0.500000
0.548590	0.604507	3.441056	0.500000
1.103885	0.328429	2.225983	0.500000
3.334599	1.663984	3.346434	0.500000
2.898676	1.408700	2.468444	0.500000
4.056175	1.464629	2.593049	0.500000
5.055606	1.734565	2.431889	0.500000
6.546361	1.012305	2.457985	0.500000
7.619949	1.168740	2.496031	0.500000
8.736461	1.165476	2.408343	0.500000
9.742433	1.212933	2.516889	0.500000
0.131434	2.118330	2.528990	0.500000
1.215489	2.278760	2.500849	0.500000
2.320284	2.271487	2.294506	0.500000
3.433686	2.457581	2.395443	0.500000
4.476966	2.556252	2.467048	0.500000
5.510723	2.860798	2.374524	0.500000
6.073400	2.034691	2.496840	0.500000
7.153737	2.056519	2.561654	0.500000
8.185670	2.097294	2.446949	0.500000
9.252392	2.102542	2.594030	0.500000
0.619306	3.099988	2.485988	0.500000
1.687634	3.162394	2.444343	0.500000
2.784219	3.248321	2.496776	0.500000
4.009980	3.556648	2.477968	0.500000
5.087288	3.758564	2.519564	0.500000
5.534006	3.482759	1.539204	0.500000
6.119198	3.799624	2.467983	0.500000
7.685079	2.961605	2.549956	0.500000
8.751603	2.983952	2.320503	0.500000
9.834756	2.983262	2.525292	0.500000
0.018704	3.905339	2.471911	0.500000
1.046478	4.163019	2.323467	0.500000
2.277018	4.209938	2.373318	0.500000
3.456666	4.408526	2.309347	0.500000
4.516218	4.580415	2.314797	0.500000
5.528974	4.687328	2.491974	0.500000
6.546320	4.822292	2.480233	0.500000
7.196527	3.848848	2.566033	0.500000
8.210426	3.903999	2.392606	0.500000
9.249460	4.010445	2.311250	0.500000
0.578051	5.160073	2.464953	0.500000
1.704601	5.028750	2.583465	0.500000
2.758216	5.139894	2.339010	0.500000
3.840168	5.360244	2.563988	0.500000
4.858567	5.533354	2.524250	0.500000
5.858716	5.680413	2.436445	0.500000
6.942061	5.750712	2.372475	0.500000
7.630191	4.801341	2.436280	0.500000
8.719660	4.909842	2.444186	0.500000
9.808814	4.880790	2.521951	0.500000
10.083441	5.958386	2.603940	0.500000
1.102934	6.020515	2.474411	0.500000
2.113107	5.975744	2.348239	0.500000
3.104551	6.153469	2.352636	0.500000
4.305466	6.388340	2.671372	0.500000
5.197083	6.633003	2.245750	0.500000
6.163272	6.681627	2.520173	0.500000
7.181550	6.695303	2.639529	0.500000
7.971103	5.845816	2.374272	0.500000
9.004667	5.967286	2.340937	0.500000
0.349299	6.821900	2.514613	0.500000
1.484840	6.962340	2.647396	0.500000
2.500908	7.100721	2.508508	0.500000
3.548408	7.040756	2.536554	0.500000
4.157307	7.933778	2.541267	0.500000
5.463515	7.661849	2.558572	0.500000
6.665772	7.673157	2.522504	0.500000
7.702453	7.557338	2.449707	0.500000
8.362819	6.761929	2.562444	0.500000
9.513036	6.831058	2.417654	0.500000
9.975053	7.740850	2.421537	0.500000
0.823180	7.738381	2.461933	0.500000
1.859559	7.898657	2.532353	0.500000
3.051003	8.071798	2.551022	0.500000
3.675440	8.855173	2.567176	0.500000
4.738527	8.916039	2.358659	0.500000
5.910625	8.663496	2.565299	0.500000
7.213725	8.554518	2.421710	0.500000
8.242363	8.587879	2.370631	0.500000
8.817732	7.782178	2.528744	0.500000
0.208284	8.723847	2.361274	0.500000
1.213807	8.667163	2.537237	0.500000
2.446303	8.904050	2.509402	0.500000
3.087273	9.802358	2.392892	0.500000
4.120466	9.762273	2.639328	0.500000
5.232658	9.910750	2.590904	0.500000
6.408674	9.605499	2.530627	0.500000
7.725979	9.474515	2.490464	0.500000
8.746978	9.461567	2.339140	0.500000
9.433630	8.652252	2.496346	0.500000
9.817594	0.451425	3.213292	0.500000
1.234354	9.955516	3.467635	0.500000
1.753864	0.648863	3.304447	0.500000
2.783117	0.791126	3.430303	0.500000
3.942220	0.748803	3.489595	0.500000
5.058759	0.998705	3.478289	0.500000
6.586591	0.386513	3.316258	0.500000
7.693409	0.424263	3.446529	0.500000
8.801666	0.468389	3.474060	0.500000
9.317191	9.816302	3.484216	0.500000
1.089467	1.453248	3.355680	0.500000
2.146332	1.573882	3.330776	0.500000
4.423694	1.791886	3.477278	0.500000
5.434185	2.005347	3.324860	0.500000
6.596549	2.191324	3.489964	0.500000
6.096025	1.245426	3.471409	0.500000
7.106663	1.301039	3.460096	0.500000
8.161593	1.324858	3.490840	0.500000
9.275937	1.365402	3.496539	0.500000
0.036458	1.496122	3.386338	0.500000
0.689317	2.508372	3.358205	0.500000
1.724015	2.551858	3.489794	0.500000
2.820399	2.652521	3.474851	0.500000
3.855070	2.681885	3.460062	0.500000
4.851825	2.823077	3.465589	0.500000
5.986500	3.031249	3.317368	0.500000
6.634833	2.897195	2.370203	0.500000
7.619031	2.241182	3.495357	0.500000
8.649468	2.204237	3.457451	0.500000
9.862986	2.440302	3.488886	0.500000
1.191087	3.474484	3.422328	0.500000
2.226294	3.514593	3.444698	0.500000
3.323603	3.658545	3.250394	0.500000
4.300486	3.800268	3.431764	0.500000
5.403259	3.972197	3.486113	0.500000
6.590947	3.998277	3.490852	0.500000
7.180878	3.188231	3.450934	0.500000
8.197082	3.149697	3.401641	0.500000
9.195681	3.263401	3.408297	0.500000
0.175316	3.407316	3.439298	0.500000
0.707814	4.390085	3.267707	0.500000
1.695957	4.396749	3.464210	0.500000
2.764765	4.458548	3.495129	0.500000
3.820559	4.700860	3.326962	0.500000
4.887716	4.904898	3.400538	0.500000
5.891258	4.884599	3.429852	0.500000
7.048074	5.078659	3.374835	0.500000
7.748563	4.123397	3.483403	0.500000
8.738197	4.158945	3.251891	0.500000
9.706766	4.356082	3.480229	0.500000
1.078561	5.370144	3.433580	0.500000
2.162884	5.284749	3.438334	0.500000
3.157912	5.496871	3.417488	0.500000
4.204703	5.636443	3.490656	0.500000
5.280370	5.908084	3.415700	0.500000
6.426607	6.012347	3.374931	0.500000
7.448428	6.001850	3.443444	0.500000
8.278949	5.059878	3.411542	0.500000
9.262896	5.281513	3.262649	0.500000
0.033648	5.204229	3.371100	0.500000
0.435270	6.148119	3.395866	0.500000
1.652251	6.209500	3.351423	0.500000
2.642469	6.343294	3.231257	0.500000
3.631806	6.480691	3.496268	0.500000
4.307528	7.254940	3.262479	0.500000
5.391283	6.915222	3.375986	0.500000
6.416374	7.183753	3.424056	0.500000
7.646572	7.085753	3.444215	0.500000
8.482708	6.041736	3.449756	0.500000
9.599366	6.205094	3.498394	0.500000
0.796033	7.094739	3.381625	0.500000
1.976986	7.298161	3.472432	0.500000
3.016267	7.403725	3.319131	0.500000
3.710914	8.175378	3.424045	0.500000
4.735630	8.220384	3.399985	0.500000
5.845964	8.061758	3.463583	0.500000
7.015770	7.984771	3.414996	0.500000
8.277917	8.022915	3.457811	0.500000
8.846205	7.052528	3.423611	0.500000
9.849147	7.218932	3.373322	0.500000
0.252587	8.031836	3.376636	0.500000
1.342320	8.153777	3.445247	0.500000
2.397475	8.219137	3.435544	0.500000
2.992927	9.027896	3.416170	0.500000
4.190570	9.107800	3.431587	0.500000
5.185103	9.111775	3.248007	0.500000
6.260393	9.110435	3.449877	0.500000
7.685508	8.821856	3.318711	0.500000
8.749971	8.883951	3.209372	0.500000
9.285773	8.050803	3.433790	0.500000
0.687944	8.968984	3.390424	0.500000
1.824432	9.113671	3.308403	0.500000
2.473752	10.028294	3.482314	0.500000
3.541244	9.899060	3.473723	0.500000
4.746370	10.140684	3.465085	0.500000
5.744907	10.007306	3.486968	0.500000
7.081464	9.750061	3.333480	0.500000
8.154822	9.745296	3.459070	0.500000
9.828346	8.901603	3.425179	0.500000
0.101965	9.775196	3.481345	0.500000
