400

9.383360	9.899627	0.533024	0.500000
10.123888	0.444373	0.511645	0.500000
1.072121	0.540528	0.579398	0.500000
2.076241	0.453350	0.608252	0.500000
3.356775	0.340803	0.519139	0.500000
4.422751	0.431479	0.573769	0.500000
5.673929	0.358560	0.526464	0.500000
6.699513	0.422629	0.591248	0.500000
7.737147	0.555405	0.590317	0.500000
8.782171	0.505294	0.567861	0.500000
0.277083	1.458871	0.634226	0.500000
1.418362	1.479090	0.863799	0.500000
2.753547	1.243260	0.603825	0.500000
3.267121	1.695516	1.433540	0.500000
3.863813	1.290750	0.551105	0.500000
4.893523	1.388791	0.776359	0.500000
5.974318	1.434144	0.565872	0.500000
7.133564	1.420424	0.562969	0.500000
8.415345	1.444571	0.580057	0.500000
9.395557	1.511823	0.768267	0.500000
9.967600	2.359944	0.688414	0.500000
0.797658	2.317836	0.500130	0.500000
2.184290	2.100361	0.553254	0.500000
3.188587	2.218952	0.524516	0.500000
4.235538	2.237629	0.598268	0.500000
4.824110	3.366682	0.580973	0.500000
5.250448	2.434368	0.764842	0.500000
6.454304	2.417031	0.548600	0.500000
7.780598	2.302008	0.546325	0.500000
8.863876	2.377362	0.544161	0.500000
0.089927	3.305026	0.711095	0.500000
1.486684	3.032547	0.630334	0.500000
2.481910	3.151290	0.547936	0.500000
3.773793	3.146266	0.515015	0.500000
4.219119	4.335673	0.523867	0.500000
5.245731	4.312939	0.501627	0.500000
5.837820	3.398958	0.585454	0.500000
6.958140	3.294078	0.551716	0.500000
8.240929	3.254454	0.512927	0.500000
9.296433	3.342266	0.504657	0.500000
9.910318	4.199494	0.537840	0.500000
0.923172	3.935003	0.513422	0.500000
2.048563	4.063979	0.647454	0.500000
3.250458	4.067943	0.540619	0.500000
3.286028	5.131989	0.650834	0.500000
4.760629	5.217189	0.506915	0.500000
5.935094	5.015197	0.740688	0.500000
6.511095	4.194376	0.657991	0.500000
7.663436	4.269690	0.658975	0.500000
8.756363	4.247389	0.564823	0.500000
0.150384	5.103996	0.654094	0.500000
1.276588	5.011957	0.522409	0.500000
2.280283	5.076784	0.515408	0.500000
2.798783	6.010693	0.669546	0.500000
3.843019	5.962828	0.519880	0.500000
5.142873	6.168966	0.519616	0.500000
6.292309	5.958764	0.525975	0.500000
6.980607	5.096301	0.592898	0.500000
7.972618	5.242210	0.593688	0.500000
9.107091	5.256402	0.522007	0.500000
9.741929	6.036852	0.546232	0.500000
0.603967	6.209929	0.578238	0.500000
1.661518	6.085834	0.608938	0.500000
2.192202	6.972476	0.529370	0.500000
3.330068	6.858931	0.613147	0.500000
4.415414	6.886287	0.544583	0.500000
5.798091	6.951110	0.513246	0.500000
6.848058	6.968451	0.520943	0.500000
7.414235	6.102626	0.535454	0.500000
8.547624	6.204030	0.512947	0.500000
10.191135	7.125251	0.511850	0.500000
0.976996	7.170353	0.515593	0.500000
1.577285	7.987574	0.504182	0.500000
2.843187	7.918691	0.619432	0.500000
3.914871	7.872375	0.597141	0.500000
4.956998	7.824554	0.549482	0.500000
6.173696	7.903285	0.528591	0.500000
7.307878	7.859115	0.507310	0.500000
7.881548	6.990793	0.543159	0.500000
9.189709	6.995153	0.580937	0.500000
9.557348	7.924041	0.655837	0.500000
0.455014	8.063095	0.630768	0.500000
1.053139	8.927049	0.690610	0.500000
2.053239	8.953122	0.708096	0.500000
3.331707	8.825212	0.543792	0.500000
4.355087	8.781312	0.660382	0.500000
5.675944	8.891822	0.554029	0.500000
6.697830	8.799594	0.559328	0.500000
7.746650	8.798526	0.549467	0.500000
8.376267	7.922373	0.539050	0.500000
10.071046	8.950440	0.595293	0.500000
0.471185	9.801857	0.611279	0.500000
1.525839	9.798497	0.551497	0.500000
2.624758	9.853748	0.703347	0.500000
3.961602	9.744438	0.589826	0.500000
5.027575	9.811933	0.621617	0.500000
6.302435	9.737015	0.606447	0.500000
7.330626	9.784764	0.517594	0.500000
8.351233	9.622768	0.512926	0.500000
9.064793	8.905212	0.704431	0.500000
9.847237	0.563714	2.479438	0.500000
0.216449	0.856430	1.721215	0.500000
1.410281	0.677983	1.720639	0.500000
2.729783	0.602016	1.386535	0.500000
3.974704	0.734360	1.566182	0.500000
5.048607	0.584455	1.475025	0.500000
6.150214	0.798095	1.411510	0.500000
7.245946	0.772366	1.441609	0.500000
8.293062	0.787637	1.612389	0.500000
9.358913	0.646002	1.544311	0.500000
0.214293	1.511476	2.631230	0.500000
0.771319	1.717012	1.643119	0.500000
1.475085	1.450864	2.490525	0.500000
3.600146	2.698704	1.452658	0.500000
4.354006	1.702498	1.600024	0.500000
5.371271	1.513903	1.662889	0.500000
6.654834	1.663116	1.474081	0.500000
7.780153	1.635062	1.424957	0.500000
8.845531	1.850783	1.588748	0.500000
9.848153	1.693350	1.765392	0.500000
0.151961	2.572833	1.589170	0.500000
1.305164	2.632646	1.632714	0.500000
2.112557	1.602692	1.658899	0.500000
2.559207	2.522825	1.386069	0.500000
4.076500	3.642257	1.593690	0.500000
4.734718	2.705069	1.624930	0.500000
5.897476	2.422215	1.531092	0.500000
7.144622	2.607096	1.263373	0.500000
8.383946	2.744401	1.363151	0.500000
9.394373	2.703261	1.647484	0.500000
0.710850	3.547920	1.468068	0.500000
1.808835	3.546095	1.496762	0.500000
2.974909	3.498555	1.449020	0.500000
3.535016	4.512041	1.529069	0.500000
4.778812	4.362635	1.425580	0.500000
6.021885	4.358856	1.649591	0.500000
6.484086	3.462270	1.477659	0.500000
7.810258	3.547331	1.655965	0.500000
8.879102	3.638173	1.409130	0.500000
9.885473	3.609246	1.599410	0.500000
0.194358	4.653474	1.545979	0.500000
1.278827	4.476567	1.386882	0.500000
2.516867	4.456711	1.512615	0.500000
2.705238	5.444802	1.553062	0.500000
3.926732	5.445227	1.504696	0.500000
5.336151	5.282345	1.651881	0.500000
6.476545	5.380097	1.558318	0.500000
7.054058	4.498002	1.504956	0.500000
8.281644	4.517339	1.483671	0.500000
9.349266	4.526666	1.663771	0.500000
0.518011	5.605920	1.562882	0.500000
1.587755	5.457760	1.442251	0.500000
2.112194	6.339439	1.511150	0.500000
3.362472	6.338136	1.563344	0.500000
4.707305	6.195248	1.488536	0.500000
5.742376	6.228587	1.408895	0.500000
6.867300	6.383824	1.534953	0.500000
7.502875	5.446317	1.663613	0.500000
8.691390	5.438977	1.431060	0.500000
9.763524	5.479404	1.407787	0.500000
10.232223	6.453047	1.374592	0.500000
1.113266	6.429608	1.426940	0.500000
1.441389	7.401732	1.506747	0.500000
2.851700	7.240344	1.478880	0.500000
4.037625	7.171407	1.543815	0.500000
5.158795	7.180350	1.305398	0.500000
6.207461	7.220245	1.481792	0.500000
7.269349	7.305054	1.671291	0.500000
8.003191	6.306468	1.541092	0.500000
9.038857	6.399372	1.493556	0.500000
0.307663	7.348163	1.746707	0.500000
0.913453	8.282998	1.597815	0.500000
2.195329	8.082342	1.419348	0.500000
3.396279	8.091484	1.545245	0.500000
4.410316	8.104251	1.474385	0.500000
5.483096	8.212556	1.477851	0.500000
6.738187	8.129122	1.385860	0.500000
7.730307	8.233606	1.581825	0.500000
8.459616	7.236577	1.575630	0.500000
9.515139	7.371573	1.530034	0.500000
10.044095	8.251359	1.633913	0.500000
0.441907	9.184914	1.745312	0.500000
1.581175	9.028326	1.622972	0.500000
2.749167	9.172540	1.466440	0.500000
3.761531	9.080347	1.565396	0.500000
4.959046	9.138021	1.404914	0.500000
6.230072	9.080810	1.501463	0.500000
7.227750	9.186236	1.503759	0.500000
8.273118	9.092254	1.429459	0.500000
8.793246	8.216621	1.497524	0.500000
10.136164	10.186789	1.402434	0.500000
1.074294	9.928360	1.456160	0.500000
2.094743	10.055370	1.532470	0.500000
3.250662	10.020509	1.678857	0.500000
4.345338	10.001190	1.586771	0.500000
5.617233	9.942209	1.559391	0.500000
6.796704	10.096500	1.510399	0.500000
7.815195	10.011188	1.400189	0.500000
8.841878	10.014016	1.406845	0.500000
9.510029	9.273058	1.556936	0.500000
9.348164	9.791420	2.501651	0.500000
0.344163	10.005486	2.309111	0.500000
1.633851	0.024048	2.482323	0.500000
2.628802	0.163447	2.640991	0.500000
3.341986	0.837157	2.366623	0.500000
4.244201	0.370872	2.560907	0.500000
5.472793	0.395565	2.603283	0.500000
6.611684	0.360391	2.465363	0.500000
7.701867	0.440320	2.570101	0.500000
8.845706	0.444939	2.520607	0.500000
0.099238	0.865746	3.386837	0.500000
0.805969	0.577528	2.682924	0.500000
3.139333	1.643890	3.450632	0.500000
2.466783	1.319309	2.587535	0.500000
3.648439	1.800940	2.562523	0.500000
4.735569	1.376363	2.529433	0.500000
6.093193	1.214279	2.349511	0.500000
7.135674	1.275182	2.337159	0.500000
8.213313	1.351196	2.537210	0.500000
9.233479	1.424483	2.534078	0.500000
9.798430	2.439502	2.531540	0.500000
0.773573	2.332663	2.490806	0.500000
2.019551	2.444823	2.512633	0.500000
3.018753	2.557545	2.325586	0.500000
4.174407	2.648151	2.483318	0.500000
5.105659	2.988742	2.617525	0.500000
5.628283	2.138641	2.511697	0.500000
6.703298	2.243273	2.326821	0.500000
7.712521	2.198037	2.266756	0.500000
8.723845	2.415579	2.560181	0.500000
0.069290	3.326606	2.506552	0.500000
1.353453	3.268765	2.432868	0.500000
2.349680	3.394070	2.568183	0.500000
3.376722	3.527663	2.366696	0.500000
4.346779	3.947959	2.630982	0.500000
5.410387	3.528418	1.637264	0.500000
5.488692	4.045715	2.553285	0.500000
7.184832	3.122563	2.495664	0.500000
8.238049	3.291993	2.524925	0.500000
9.261684	3.420411	2.443566	0.500000
9.878457	4.233703	2.508183	0.500000
0.700992	4.132057	2.299912	0.500000
1.808281	4.235889	2.346326	0.500000
2.815207	4.424407	2.517507	0.500000
3.796601	4.789868	2.514595	0.500000
4.813562	4.901675	2.518223	0.500000
5.942486	4.956066	2.456089	0.500000
6.567655	4.167899	2.473855	0.500000
7.615794	4.291287	2.632549	0.500000
8.693070	4.364476	2.602519	0.500000
10.220901	5.174748	2.466359	0.500000
0.994008	5.264888	2.638748	0.500000
2.039084	5.236332	2.354890	0.500000
3.262899	5.658353	2.401967	0.500000
4.258716	5.905524	2.491372	0.500000
5.295615	5.948391	2.412729	0.500000
6.320526	5.962333	2.362397	0.500000
6.949189	5.100295	2.471171	0.500000
8.062688	5.192919	2.574594	0.500000
9.177062	5.247379	2.463190	0.500000
9.725411	6.102895	2.323826	0.500000
0.520440	6.354767	2.333157	0.500000
1.530703	6.326299	2.436292	0.500000
2.568869	6.394471	2.411281	0.500000
3.686422	6.772094	2.470128	0.500000
4.703428	6.863877	2.249330	0.500000
5.837436	6.896657	2.491981	0.500000
6.843319	6.878463	2.482247	0.500000
7.546747	6.071253	2.463228	0.500000
8.684537	6.121626	2.565827	0.500000
9.984937	7.182602	2.599088	0.500000
1.035619	7.213093	2.461598	0.500000
2.136669	7.402237	2.306340	0.500000
3.134001	7.608841	2.454810	0.500000
4.140738	7.672144	2.494180	0.500000
5.285194	7.728114	2.422532	0.500000
6.275251	7.843844	2.304866	0.500000
7.241030	7.946507	2.580816	0.500000
7.842451	7.031411	2.450160	0.500000
8.843558	7.122745	2.564700	0.500000
9.358630	7.998660	2.438616	0.500000
0.454698	8.068823	2.471174	0.500000
1.446527	8.202552	2.526770	0.500000
2.574972	8.442840	2.330776	0.500000
3.606795	8.525702	2.500135	0.500000
4.587047	8.641644	2.310533	0.500000
5.618433	8.712526	2.431800	0.500000
6.702194	8.851124	2.390655	0.500000
7.740133	8.871752	2.425328	0.500000
8.272164	8.017852	2.429299	0.500000
10.072578	8.908040	2.507699	0.500000
0.837759	9.099759	2.666873	0.500000
1.837204	9.193196	2.576298	0.500000
2.883137	9.393768	2.486292	0.500000
4.036934	9.594797	2.461447	0.500000
5.058586	9.680989	2.403819	0.500000
6.140507	9.641411	2.649175	0.500000
7.188375	9.719235	2.600381	0.500000
8.169610	9.778263	2.388870	0.500000
8.751238	8.948755	2.370359	0.500000
9.295875	0.817905	3.335409	0.500000
0.636022	10.229576	3.481865	0.500000
1.585140	0.467046	3.419690	0.500000
2.569705	0.817469	3.469140	0.500000
3.590403	0.596564	3.404051	0.500000
4.934233	0.562595	3.432293	0.500000
6.056600	0.727068	3.449718	0.500000
7.097968	0.850853	3.277771	0.500000
8.250823	0.813819	3.440344	0.500000
8.797458	10.153119	3.471089	0.500000
0.884893	1.525881	3.418039	0.500000
1.971052	1.662558	3.476659	0.500000
4.152870	1.428286	3.408279	0.500000
4.795164	2.327397	3.332113	0.500000
6.121867	2.609469	3.476958	0.500000
5.400591	1.507697	3.454733	0.500000
6.516173	1.661052	3.395722	0.500000
7.673718	1.687307	3.493066	0.500000
8.744391	1.788378	3.465187	0.500000
9.751804	1.722860	3.425134	0.500000
0.241868	2.653977	3.490128	0.500000
1.356323	2.501306	3.488069	0.500000
2.520247	2.564010	3.448268	0.500000
3.595194	2.743592	3.452564	0.500000
4.517326	3.288364	3.389565	0.500000
5.564938	3.445603	3.490228	0.500000
6.127472	3.266360	2.406260	0.500000
7.135878	2.525391	3.315771	0.500000
8.151038	2.659406	3.482465	0.500000
9.358541	2.649041	3.493439	0.500000
0.768761	3.557694	3.209048	0.500000
1.785541	3.602319	3.475633	0.500000
2.833390	3.618942	3.486031	0.500000
3.817956	4.014093	3.493079	0.500000
5.025033	4.412020	3.424337	0.500000
6.068230	4.396564	3.328072	0.500000
6.600046	3.504500	3.259738	0.500000
7.646185	3.535631	3.399034	0.500000
8.766519	3.484312	3.386502	0.500000
9.909139	3.670049	3.404607	0.500000
0.110774	4.588595	3.394745	0.500000
1.202693	4.502534	3.375887	0.500000
2.315365	4.641148	3.410152	0.500000
3.281897	4.923278	3.391479	0.500000
4.369368	5.259730	3.386214	0.500000
5.376698	5.370010	3.498469	0.500000
6.409702	5.477261	3.236322	0.500000
7.132991	4.532375	3.478772	0.500000
8.189114	4.433795	3.463686	0.500000
9.227658	4.400651	3.489014	0.500000
0.475157	5.644788	3.487160	0.500000
1.559696	5.481746	3.465770	0.500000
2.528447	5.639627	3.173468	0.500000
3.710851	6.031794	3.396966	0.500000
4.772494	6.190225	3.450640	0.500000
5.811018	6.298768	3.317095	0.500000
6.958436	6.409492	3.406482	0.500000
7.542696	5.454589	3.495632	0.500000
8.645277	5.446645	3.469491	0.500000
9.732202	5.391519	3.479107	0.500000
10.098811	6.409225	3.243430	0.500000
0.999200	6.597522	3.433159	0.500000
2.086202	6.548330	3.449572	0.500000
3.086788	6.867511	3.363538	0.500000
4.187938	7.036416	3.374872	0.500000
5.206675	7.115550	3.385583	0.500000
6.282139	7.349648	3.482259	0.500000
7.364031	7.360853	3.385215	0.500000
7.993691	6.387800	3.310769	0.500000
9.119204	6.357243	3.442764	0.500000
0.450857	7.435147	3.372294	0.500000
1.476851	7.608642	3.363208	0.500000
2.500062	7.691989	3.433653	0.500000
3.561181	7.835142	3.417118	0.500000
4.568284	8.032926	3.415120	0.500000
5.681857	8.187744	3.395038	0.500000
6.776796	8.233335	3.469836	0.500000
7.825116	8.285684	3.390358	0.500000
8.430726	7.334788	3.473538	0.500000
9.429403	7.432575	3.441425	0.500000
9.990649	8.316960	3.369908	0.500000
0.926396	8.454932	3.429997	0.500000
1.930142	8.678716	3.451977	0.500000
2.941100	8.727143	3.307003	0.500000
4.012533	8.917234	3.432405	0.500000
5.107161	9.037630	3.228936	0.500000
6.217967	9.067680	3.497644	0.500000
7.232425	9.137395	3.484187	0.500000
8.268667	9.202509	3.249874	0.500000
8.874782	8.289157	3.272324	0.500000
0.178367	9.260028	3.454586	0.500000
1.349205	9.492519	3.473809	0.500000
2.300456	9.917350	3.455786	0.500000
3.460130	9.799523	3.351191	0.500000
4.507023	9.850587	3.372208	0.500000
5.514622	9.959777	3.475364	0.500000
6.722226	10.094468	3.428064	0.500000
7.722749	10.058200	3.395063	0.500000
9.395215	9.272897	3.409412	0.500000
9.848781	10.224245	3.459790	0.500000
