400

9.401343	9.752666	0.877295	0.500000
10.034359	0.413750	0.563202	0.500000
1.133338	0.337059	0.515330	0.500000
2.215485	0.370813	0.656298	0.500000
3.480420	0.286970	0.560805	0.500000
4.511503	0.249495	0.619487	0.500000
5.512474	0.419788	0.557547	0.500000
6.749228	0.354643	0.603289	0.500000
7.838353	0.456304	0.559895	0.500000
9.018643	0.423303	0.539371	0.500000
0.461393	1.210019	0.510956	0.500000
1.533363	1.272409	0.502112	0.500000
2.613712	1.294802	0.538567	0.500000
3.235503	1.618038	1.386985	0.500000
3.699669	1.321830	0.526724	0.500000
4.751634	1.329576	0.524123	0.500000
6.058639	1.292887	0.563305	0.500000
7.325648	1.302945	0.721919	0.500000
8.408530	1.401748	0.633582	0.500000
9.528855	1.297308	0.562676	0.500000
9.963913	2.298431	0.618243	0.500000
0.890460	2.172485	0.696228	0.500000
1.969458	2.213642	0.693951	0.500000
2.979234	2.410359	0.593729	0.500000
4.046932	2.261808	0.624905	0.500000
4.688205	3.168158	0.599867	0.500000
5.440487	2.090864	0.584450	0.500000
6.592748	2.198909	0.646086	0.500000
7.652144	2.272892	0.629755	0.500000
8.873472	2.298566	0.637395	0.500000
0.256231	3.166435	0.545435	0.500000
1.322022	3.107864	0.545118	0.500000
2.344652	3.189660	0.701957	0.500000
3.450314	3.327021	0.552088	0.500000
4.239434	4.092598	0.638592	0.500000
5.270134	4.051637	0.549543	0.500000
5.770710	3.103701	0.579726	0.500000
6.830710	3.293606	0.711707	0.500000
8.213781	3.128830	0.695740	0.500000
9.417366	3.199483	0.577650	0.500000
9.722784	4.213301	0.502713	0.500000
0.504876	4.241840	0.557523	0.500000
1.691317	4.053071	0.572399	0.500000
2.774900	4.118191	0.562459	0.500000
3.514110	4.933113	0.521245	0.500000
4.518892	5.099304	0.548980	0.500000
5.667258	5.097563	0.504299	0.500000
6.315360	4.149774	0.513776	0.500000
7.481000	4.086483	0.658413	0.500000
8.623974	4.114152	0.565401	0.500000
10.161880	5.152756	0.603628	0.500000
1.230447	5.070176	0.675651	0.500000
2.235824	5.096347	0.600933	0.500000
2.819936	5.934299	0.532581	0.500000
3.835295	5.935451	0.673962	0.500000
5.062756	6.046129	0.727421	0.500000
6.253165	5.938424	0.535703	0.500000
6.788369	5.080206	0.501789	0.500000
8.081946	4.983626	0.553191	0.500000
9.083385	5.093997	0.651647	0.500000
9.573742	5.983665	0.526637	0.500000
0.359653	6.068034	0.511566	0.500000
1.779362	5.991531	0.525573	0.500000
2.108890	6.966621	0.552263	0.500000
3.336136	6.800443	0.613995	0.500000
4.379042	6.912092	0.716941	0.500000
5.632176	6.867583	0.679855	0.500000
6.712915	6.945895	0.507799	0.500000
7.472179	5.841900	0.511866	0.500000
8.491631	5.913045	0.593731	0.500000
9.975556	6.901779	0.541615	0.500000
1.099377	6.842432	0.664649	0.500000
1.446914	7.863525	0.596429	0.500000
2.588146	7.855444	0.535967	0.500000
3.832917	7.775231	0.619038	0.500000
5.101350	7.730443	0.757880	0.500000
6.171703	7.787001	0.603302	0.500000
7.176129	7.848291	0.530438	0.500000
7.913626	6.816657	0.525790	0.500000
8.920258	6.840952	0.549632	0.500000
9.647454	7.927226	0.524381	0.500000
0.421366	7.791740	0.515275	0.500000
0.885075	8.727188	0.623920	0.500000
2.041760	8.712318	0.690819	0.500000
3.390203	8.667262	0.506745	0.500000
4.496893	8.676172	0.667738	0.500000
5.585089	8.617185	0.535069	0.500000
6.706582	8.825912	0.588625	0.500000
7.787760	8.755150	0.552891	0.500000
8.364100	7.772356	0.580258	0.500000
10.021053	8.983449	0.591850	0.500000
0.530769	9.750138	0.587080	0.500000
1.565874	9.625960	0.629809	0.500000
2.729194	9.685425	0.520095	0.500000
3.909601	9.528341	0.511625	0.500000
5.104784	9.499214	0.695785	0.500000
6.153237	9.668733	0.643524	0.500000
7.368760	9.733406	0.506393	0.500000
8.432840	9.773313	0.556453	0.500000
8.975086	8.680250	0.731459	0.500000
10.031842	0.481390	2.515180	0.500000
0.267052	0.807492	1.482382	0.500000
1.387002	0.804088	1.617977	0.500000
2.765422	0.708949	1.472291	0.500000
3.898802	0.678933	1.390022	0.500000
4.907969	0.635998	1.534145	0.500000
6.134627	0.566324	1.390691	0.500000
7.264955	0.623507	1.615496	0.500000
8.294270	0.621945	1.525332	0.500000
9.478115	0.850667	1.466368	0.500000
0.393225	1.404255	2.586435	0.500000
0.751553	1.713300	1.653693	0.500000
1.432209	1.484634	2.565417	0.500000
3.654974	2.591549	1.540218	0.500000
4.340334	1.615299	1.609909	0.500000
5.347443	1.580366	1.545004	0.500000
6.524305	1.586607	1.515484	0.500000
7.529706	1.734101	1.612852	0.500000
8.753863	1.602749	1.563803	0.500000
9.980279	1.749357	1.517672	0.500000
0.252437	2.626569	1.638614	0.500000
1.447501	2.571549	1.477041	0.500000
1.987322	1.635655	1.619603	0.500000
2.592084	2.478747	1.548128	0.500000
4.010117	3.570546	1.479026	0.500000
4.659859	2.560018	1.528005	0.500000
5.799805	2.499220	1.523496	0.500000
6.917561	2.593021	1.648227	0.500000
8.179817	2.502147	1.487141	0.500000
9.361206	2.582353	1.496001	0.500000
0.885442	3.480441	1.412216	0.500000
1.899532	3.562144	1.607473	0.500000
2.917799	3.455245	1.668030	0.500000
3.253609	4.390016	1.463567	0.500000
4.796035	4.418263	1.485636	0.500000
5.884917	4.512400	1.569111	0.500000
6.246713	3.443418	1.721891	0.500000
7.489844	3.417125	1.653669	0.500000
8.861937	3.486249	1.467938	0.500000
9.899268	3.534367	1.427207	0.500000
0.060703	4.481273	1.568876	0.500000
1.219801	4.522360	1.580308	0.500000
2.248683	4.533728	1.483099	0.500000
2.776909	5.422341	1.440013	0.500000
3.998477	5.138715	1.457365	0.500000
5.102857	5.375658	1.621523	0.500000
6.379243	5.377851	1.474773	0.500000
6.921898	4.368933	1.468825	0.500000
8.070354	4.247414	1.564957	0.500000
9.238644	4.411694	1.420567	0.500000
0.568396	5.356421	1.599396	0.500000
1.576168	5.461630	1.632648	0.500000
2.112742	6.374542	1.505383	0.500000
3.314808	6.314639	1.517789	0.500000
4.426639	6.330616	1.548055	0.500000
5.841714	6.273104	1.493638	0.500000
6.984294	6.236479	1.580780	0.500000
7.622438	5.251494	1.486851	0.500000
8.649397	5.216341	1.571526	0.500000
9.695743	5.303189	1.501674	0.500000
10.093684	6.245108	1.521632	0.500000
0.891760	6.345128	1.585118	0.500000
1.474285	7.162619	1.585170	0.500000
2.761851	7.183267	1.360991	0.500000
3.842174	7.181895	1.784902	0.500000
5.145300	7.024288	1.679974	0.500000
6.287000	7.202253	1.551633	0.500000
7.327455	7.203446	1.371435	0.500000
8.045411	6.175005	1.676452	0.500000
9.094858	6.140933	1.512333	0.500000
0.326202	7.281263	1.471004	0.500000
0.976216	8.151029	1.441128	0.500000
1.976556	8.164066	1.578902	0.500000
3.281714	8.074387	1.406481	0.500000
4.276034	8.141674	1.653820	0.500000
5.609023	7.956383	1.653832	0.500000
6.738239	8.146690	1.528741	0.500000
7.778295	8.157491	1.434346	0.500000
8.319963	7.151763	1.489222	0.500000
9.481692	7.217752	1.462809	0.500000
10.084916	8.238263	1.523273	0.500000
0.324481	9.270865	1.441281	0.500000
1.466813	9.025562	1.481334	0.500000
2.490663	9.159475	1.502526	0.500000
3.797044	9.062409	1.437902	0.500000
4.891432	8.966888	1.608754	0.500000
6.000239	8.909361	1.454002	0.500000
7.276741	9.049352	1.414814	0.500000
8.405369	8.987809	1.555464	0.500000
8.878664	8.088129	1.565578	0.500000
9.965630	10.170670	1.619844	0.500000
0.809502	10.148992	1.492252	0.500000
2.052696	10.219488	1.585155	0.500000
3.286770	9.999376	1.418729	0.500000
4.373039	9.940913	1.506354	0.500000
5.458070	9.987555	1.683277	0.500000
6.651911	9.828116	1.554842	0.500000
7.723331	9.949787	1.486179	0.500000
8.758121	9.965469	1.677860	0.500000
9.495726	9.090038	1.663687	0.500000
9.430626	9.739811	2.484692	0.500000
0.309353	9.714156	2.563881	0.500000
1.413698	9.738619	2.374885	0.500000
1.983352	0.503194	2.464978	0.500000
3.120448	0.652725	2.656027	0.500000
4.210803	0.491433	2.496528	0.500000
5.525462	0.544713	2.357384	0.500000
6.645721	0.311550	2.428875	0.500000
7.834758	0.380964	2.437436	0.500000
8.982551	0.415316	2.566562	0.500000
0.299044	0.780009	3.403731	0.500000
0.899037	0.448850	2.464365	0.500000
2.970487	1.819045	3.447484	0.500000
2.433505	1.434811	2.555126	0.500000
3.657889	1.566385	2.450731	0.500000
4.845172	1.303996	2.520439	0.500000
6.205805	1.291248	2.427885	0.500000
7.225998	1.174348	2.605007	0.500000
8.337338	1.239019	2.552067	0.500000
9.489991	1.317604	2.423639	0.500000
9.971512	2.225770	2.430299	0.500000
0.798428	2.353675	2.460705	0.500000
1.877316	2.365282	2.367783	0.500000
2.979905	2.501938	2.538865	0.500000
4.038066	2.489829	2.537309	0.500000
4.992396	2.955268	2.459084	0.500000
5.536136	2.100479	2.440601	0.500000
6.685992	2.164639	2.542031	0.500000
7.712832	2.276291	2.502468	0.500000
8.930220	2.242925	2.596834	0.500000
0.092488	3.262722	2.402249	0.500000
1.344258	3.210701	2.435574	0.500000
2.390457	3.340364	2.544328	0.500000
3.554764	3.376098	2.510170	0.500000
4.572407	3.882465	2.503069	0.500000
5.245994	3.482012	1.450020	0.500000
5.600488	3.846765	2.438853	0.500000
7.107716	3.072892	2.541987	0.500000
8.306051	3.137704	2.314095	0.500000
9.295044	3.183551	2.479933	0.500000
9.766837	4.130396	2.438689	0.500000
0.662523	4.116419	2.433824	0.500000
1.739561	4.216815	2.413113	0.500000
2.735363	4.372683	2.547737	0.500000
3.754819	4.522029	2.428535	0.500000
5.076702	4.748594	2.518246	0.500000
6.079549	4.859342	2.506460	0.500000
6.629644	3.966844	2.499910	0.500000
7.707523	3.941799	2.553807	0.500000
8.743811	4.024854	2.513166	0.500000
10.223007	5.024015	2.448893	0.500000
1.001410	5.104111	2.498765	0.500000
2.086443	5.171177	2.565753	0.500000
3.304337	5.430259	2.406771	0.500000
4.344046	5.450546	2.452152	0.500000
5.426875	5.746916	2.492269	0.500000
6.417312	5.849366	2.373871	0.500000
7.110810	4.852964	2.565765	0.500000
8.129392	4.869418	2.414315	0.500000
9.156510	4.984979	2.429789	0.500000
9.633587	5.913004	2.391730	0.500000
0.446856	6.072944	2.470770	0.500000
1.572330	6.183000	2.336080	0.500000
2.574197	6.186817	2.511338	0.500000
3.821089	6.302180	2.562707	0.500000
4.797285	6.549956	2.574515	0.500000
5.801744	6.837950	2.484468	0.500000
6.836237	6.808954	2.423151	0.500000
7.481433	5.822441	2.559658	0.500000
8.565642	5.791556	2.489224	0.500000
10.001118	6.872806	2.462041	0.500000
0.915565	6.961784	2.491742	0.500000
1.993064	7.122359	2.479895	0.500000
3.070622	7.089525	2.555925	0.500000
3.794750	7.900656	2.673945	0.500000
4.985181	7.662237	2.670221	0.500000
6.199033	7.814423	2.531871	0.500000
7.356027	7.802966	2.309652	0.500000
8.008853	6.910721	2.524563	0.500000
8.998552	6.983927	2.376488	0.500000
9.552657	7.906788	2.547179	0.500000
0.324153	7.838452	2.399343	0.500000
1.324536	7.897715	2.423329	0.500000
2.598945	7.993471	2.609683	0.500000
3.214990	8.732911	2.251064	0.500000
4.384855	8.818119	2.497148	0.500000
5.450306	8.602872	2.436407	0.500000
6.692714	8.720537	2.407751	0.500000
7.913528	8.729549	2.583080	0.500000
8.422144	7.841849	2.501873	0.500000
9.948431	8.869532	2.529452	0.500000
0.866608	8.851536	2.319439	0.500000
2.085620	8.826653	2.369391	0.500000
2.514161	9.728831	2.475323	0.500000
3.579828	9.901836	2.381106	0.500000
4.842976	9.756242	2.512056	0.500000
5.929635	9.627720	2.528096	0.500000
7.290665	9.531301	2.441533	0.500000
8.440874	9.804364	2.660372	0.500000
8.936470	8.802281	2.550235	0.500000
9.495929	0.699361	3.473886	0.500000
0.954479	10.130459	3.420928	0.500000
1.472582	0.791424	3.332216	0.500000
2.557401	0.784945	3.474727	0.500000
3.933927	0.971671	3.372190	0.500000
4.938439	0.546102	3.186726	0.500000
6.069706	0.623572	3.207724	0.500000
7.117979	0.629270	3.496383	0.500000
8.408732	0.599887	3.436383	0.500000
8.979411	9.973074	3.489713	0.500000
0.796923	1.843510	3.473241	0.500000
1.893972	1.833569	3.494024	0.500000
4.033471	2.030390	3.477163	0.500000
4.981306	2.336560	3.331439	0.500000
6.099145	2.430672	3.466799	0.500000
5.460438	1.418305	3.486870	0.500000
6.579797	1.548874	3.495978	0.500000
7.592857	1.550287	3.480404	0.500000
8.986171	1.555534	3.352921	0.500000
10.004251	1.691684	3.354656	0.500000
0.199277	2.651805	3.257916	0.500000
1.348366	2.697651	3.349003	0.500000
2.465582	2.812668	3.435520	0.500000
3.478735	2.981498	3.454484	0.500000
4.499737	3.215982	3.325690	0.500000
5.501164	3.239418	3.439439	0.500000
6.064393	2.949872	2.607443	0.500000
7.163564	2.476141	3.474242	0.500000
8.287550	2.367865	3.446603	0.500000
9.426551	2.570101	3.439134	0.500000
0.680030	3.535922	3.349725	0.500000
1.771809	3.680644	3.393548	0.500000
2.820804	3.873444	3.493381	0.500000
3.834415	3.968224	3.408585	0.500000
4.958387	4.162985	3.390281	0.500000
5.988117	4.183222	3.390715	0.500000
6.643592	3.376023	3.389796	0.500000
7.733454	3.373633	3.430651	0.500000
8.731634	3.387646	3.291881	0.500000
9.862928	3.488418	3.276793	0.500000
0.080544	4.390922	3.358024	0.500000
1.116751	4.468335	3.343899	0.500000
2.161488	4.633170	3.490369	0.500000
3.226503	4.796046	3.336234	0.500000
4.229097	4.931851	3.420538	0.500000
5.473780	5.221458	3.449707	0.500000
6.523967	5.135920	3.435670	0.500000
7.116317	4.327748	3.446458	0.500000
8.208930	4.304140	3.434974	0.500000
9.251170	4.349974	3.430438	0.500000
0.499261	5.396808	3.354169	0.500000
1.510967	5.546148	3.426783	0.500000
2.537303	5.562929	3.486597	0.500000
3.600885	5.734791	3.403790	0.500000
4.691973	5.925833	3.431404	0.500000
5.838822	6.164339	3.489465	0.500000
6.925810	6.074196	3.469219	0.500000
7.630453	5.186388	3.441309	0.500000
8.695829	5.209671	3.404598	0.500000
9.703549	5.297600	3.465396	0.500000
10.161910	6.343771	3.322108	0.500000
0.936892	6.376202	3.404497	0.500000
1.936191	6.451817	3.486721	0.500000
3.369571	6.766185	3.489138	0.500000
4.276768	7.287202	3.341858	0.500000
5.251803	6.971537	3.386151	0.500000
6.250918	7.199016	3.465402	0.500000
7.416820	7.050536	3.332214	0.500000
8.108485	6.284488	3.444658	0.500000
9.154221	6.169705	3.445741	0.500000
0.387524	7.320041	3.317402	0.500000
1.504524	7.362984	3.331411	0.500000
2.498550	7.296841	3.455493	0.500000
3.164158	8.145956	3.421372	0.500000
4.321048	8.388667	3.425171	0.500000
5.634329	8.037163	3.379196	0.500000
6.828696	8.064649	3.406147	0.500000
7.861090	8.107604	3.402312	0.500000
8.564353	7.175334	3.313366	0.500000
9.589730	7.250607	3.402132	0.500000
10.049752	8.161493	3.405100	0.500000
0.899525	8.201224	3.412205	0.500000
2.045093	8.204963	3.424677	0.500000
2.451809	9.145304	3.409617	0.500000
3.584863	9.118836	3.166142	0.500000
5.050541	9.097132	3.467341	0.500000
6.084370	8.932671	3.455998	0.500000
7.244939	9.070427	3.365744	0.500000
8.381393	9.031946	3.447541	0.500000
9.011486	8.151201	3.384652	0.500000
0.314854	9.166332	3.483323	0.500000
1.307493	9.141307	3.215548	0.500000
2.081785	10.082806	3.349411	0.500000
3.159335	10.079017	3.336799	0.500000
4.221884	10.132594	3.461188	0.500000
5.629468	9.983860	3.481737	0.500000
6.712299	9.921655	3.253913	0.500000
7.854169	9.983288	3.492707	0.500000
9.480045	9.042734	3.416669	0.500000
10.106872	10.101433	3.474490	0.500000
