100

1.077237	9.271831	0.630516	0.500000
6.323849	1.257439	0.768809	0.500000
3.046561	0.724523	0.547918	0.500000
6.083695	2.224430	0.585595	0.500000
3.783628	9.535110	0.532198	0.500000
5.952564	9.748928	0.744550	0.500000
9.093360	7.424426	0.645533	0.500000
9.852349	0.939892	0.759961	0.500000
0.650001	6.987935	0.790436	0.500000
1.029495	8.266065	0.686845	0.500000
8.825235	8.399533	0.717952	0.500000
0.106676	1.305246	0.705705	0.500000
7.862423	8.860696	0.577104	0.500000
6.407365	6.444868	0.537652	0.500000
5.523719	0.289581	0.598078	0.500000
4.232375	6.668502	0.704432	0.500000
6.984000	5.590908	0.638611	0.500000
2.751498	4.869800	0.541812	0.500000
0.167214	0.282071	0.702946	0.500000
10.465225	4.925658	0.518927	0.500000
9.206521	5.405522	0.604061	0.500000
9.874961	8.214488	0.614541	0.500000
0.647986	2.904818	0.569333	0.500000
5.061145	2.345902	0.631998	0.500000
4.940867	1.255503	0.627818	0.500000
5.186869	3.391424	0.540518	0.500000
5.328999	6.374623	0.650899	0.500000
0.102441	3.940333	0.696504	0.500000
9.855120	10.510270	0.545743	0.500000
10.002934	9.304669	0.659797	0.500000
3.332293	5.984932	0.648850	0.500000
4.041254	2.847299	0.629953	0.500000
1.116487	0.651416	0.777300	0.500000
9.318206	4.221173	0.721748	0.500000
4.869219	7.538718	0.698797	0.500000
8.643717	1.158233	0.566596	0.500000
8.090890	5.568167	0.722226	0.500000
4.048074	4.008451	0.650928	0.500000
1.116958	10.316159	0.626725	0.500000
10.592190	2.280413	0.756494	0.500000
2.147029	5.726234	0.738239	0.500000
0.829040	5.956917	0.780051	0.500000
1.021012	1.895498	0.687228	0.500000
2.936072	1.809140	0.560625	0.500000
1.764822	4.765283	0.681899	0.500000
1.814987	2.856142	0.542667	0.500000
4.591549	5.652551	0.555079	0.500000
8.559971	3.158863	0.614231	0.500000
5.986311	5.476455	0.539233	0.500000
7.529175	1.278955	0.536142	0.500000
1.227071	3.792225	0.781866	0.500000
0.086268	7.819565	0.533869	0.500000
3.794353	5.033130	0.744744	0.500000
3.798874	7.581032	0.726643	0.500000
5.955880	4.120770	0.697076	0.500000
9.423717	6.443552	0.765155	0.500000
10.316646	6.929692	0.520376	0.500000
1.809107	7.628563	0.693453	0.500000
4.847362	9.421246	0.582774	0.500000
9.475929	2.112015	0.575664	0.500000
3.919959	1.597075	0.729891	0.500000
4.111484	8.586738	0.732140	0.500000
2.630047	6.770176	0.684083	0.500000
2.196343	0.073349	0.623755	0.500000
3.349893	10.464293	0.721820	0.500000
7.222887	2.311326	0.655020	0.500000
6.974187	9.596013	0.606236	0.500000
8.426299	6.631789	0.503729	0.500000
6.650114	8.522466	0.735564	0.500000
8.175134	4.323988	0.624642	0.500000
2.788435	7.863012	0.770479	0.500000
2.932172	2.878291	0.506409	0.500000
2.403155	3.806121	0.603610	0.500000
4.509442	10.408899	0.699661	0.500000
6.655452	10.638313	0.503704	0.500000
6.532252	3.116775	0.694414	0.500000
7.052929	7.621719	0.529378	0.500000
5.959631	7.545100	0.709753	0.500000
7.215984	4.601363	0.550601	0.500000
0.754275	4.912292	0.663909	0.500000
0.179996	9.917132	0.580758	0.500000
0.177294	8.799321	0.736260	0.500000
8.879992	10.710959	0.770073	0.500000
2.301494	9.569467	0.684004	0.500000
4.103117	0.621566	0.572161	0.500000
1.976502	8.624129	0.781601	0.500000
8.081098	7.653347	0.586859	0.500000
7.397687	6.649542	0.714258	0.500000
1.601354	6.582813	0.583522	0.500000
7.771084	0.268578	0.621156	0.500000
2.083559	1.116193	0.681158	0.500000
8.996456	9.491662	0.597546	0.500000
9.885163	3.345048	0.782673	0.500000
2.991626	8.850348	0.775928	0.500000
5.043884	4.762206	0.731442	0.500000
8.430660	2.166136	0.697118	0.500000
5.467184	8.502047	0.631883	0.500000
7.421830	3.621634	0.727042	0.500000
7.925433	9.988296	0.558292	0.500000
10.356692	5.909213	0.666332	0.500000
