300

8.795308	0.341077	0.576147	0.500000
0.965317	10.146823	0.581820	0.500000
2.016906	10.075186	0.657344	0.500000
3.076183	9.974964	0.676292	0.500000
4.253705	9.672371	0.570518	0.500000
4.992218	0.167546	0.609890	0.500000
6.734860	0.823842	0.503597	0.500000
6.489579	9.190834	0.555325	0.500000
8.320932	9.607546	0.507128	0.500000
7.776841	0.693985	0.537203	0.500000
9.538645	1.039562	0.628167	0.500000
0.487335	0.851587	0.597472	0.500000
1.985125	0.514004	1.459499	0.500000
2.621352	0.679240	0.535266	0.500000
3.975014	0.437836	0.501511	0.500000
5.730374	1.050682	0.575778	0.500000
5.721485	1.747362	1.578543	0.500000
7.423912	1.703581	0.621207	0.500000
7.033078	10.108189	0.610208	0.500000
8.492196	1.477021	0.630578	0.500000
10.070399	1.918129	0.696321	0.500000
1.118631	1.823712	0.655150	0.500000
1.659684	0.974155	0.612101	0.500000
3.423478	1.320188	0.533582	0.500000
4.186137	2.148630	0.542652	0.500000
4.661141	1.226369	0.535253	0.500000
5.347346	1.979745	0.603875	0.500000
7.506030	2.152884	1.555995	0.500000
8.126524	2.447565	0.556455	0.500000
9.130255	2.325400	0.534692	0.500000
9.950498	3.021552	0.608958	0.500000
0.726646	2.745312	0.575418	0.500000
2.341930	1.708549	0.517945	0.500000
3.188153	2.292535	0.519702	0.500000
3.740735	3.200497	0.532624	0.500000
5.026170	3.152853	0.518698	0.500000
6.414156	1.993709	0.509640	0.500000
7.148302	2.710922	0.506197	0.500000
7.766631	3.600188	0.731578	0.500000
8.806129	3.378927	0.566972	0.500000
0.485904	3.740779	0.582071	0.500000
1.537662	3.420583	0.725416	0.500000
2.294097	4.256187	0.522223	0.500000
2.406192	2.972356	0.509728	0.500000
3.464712	4.226336	0.517923	0.500000
4.577240	4.060468	0.516602	0.500000
5.738918	4.006616	0.505457	0.500000
6.795062	3.801555	0.531571	0.500000
7.597595	4.603491	0.569075	0.500000
8.583793	4.394432	0.537457	0.500000
0.252167	4.884992	0.789835	0.500000
1.180340	4.503816	0.526581	0.500000
1.920457	5.209995	0.532542	0.500000
3.066374	5.215738	0.547170	0.500000
4.090433	5.067992	0.519047	0.500000
5.260328	4.940944	0.575614	0.500000
6.657749	4.966686	0.547316	0.500000
7.464359	5.606633	0.543846	0.500000
8.490410	5.540025	0.614481	0.500000
9.730527	4.010601	0.656088	0.500000
0.610593	6.606375	0.500927	0.500000
0.940543	5.625664	0.618466	0.500000
1.624014	6.374255	0.529811	0.500000
2.657864	6.190538	0.601563	0.500000
3.698839	6.020271	0.608775	0.500000
4.778143	5.949488	0.625438	0.500000
5.968182	5.780481	0.528135	0.500000
6.754514	6.428904	0.547814	0.500000
9.719158	8.278592	0.549024	0.500000
9.380310	5.009555	0.529744	0.500000
0.495224	8.361083	0.534957	0.500000
1.071969	7.524277	0.620902	0.500000
2.282948	7.135421	0.725330	0.500000
3.381841	7.111165	0.546719	0.500000
4.359370	6.893445	0.606190	0.500000
5.757219	6.767380	0.553939	0.500000
8.035449	6.601214	0.526440	0.500000
8.508931	8.551617	0.513164	0.500000
9.263190	6.198536	0.549967	0.500000
10.191765	5.829671	0.505795	0.500000
0.250798	9.388199	0.605274	0.500000
1.132107	7.940526	1.613940	0.500000
1.908109	8.274898	0.505143	0.500000
2.865766	7.974938	0.504765	0.500000
4.055050	7.848036	0.693537	0.500000
5.131628	7.684672	0.558622	0.500000
6.806431	7.676820	0.622717	0.500000
7.933116	7.652919	0.566558	0.500000
9.574807	7.506756	1.468894	0.500000
10.082670	7.285715	0.569176	0.500000
10.066844	0.082718	0.556794	0.500000
1.330979	9.172647	0.520827	0.500000
2.456854	9.165298	0.580212	0.500000
3.692374	8.834282	0.707629	0.500000
4.709682	8.683378	0.586195	0.500000
5.398132	9.411990	0.534375	0.500000
6.032626	0.073099	0.533235	0.500000
7.499874	8.989015	0.552713	0.500000
8.988412	7.383899	0.663440	0.500000
9.335291	9.563414	0.588394	0.500000
1.006799	0.717684	1.535718	0.500000
1.743139	1.518550	1.457977	0.500000
2.446186	9.791822	1.561348	0.500000
3.885017	1.052646	1.440183	0.500000
4.323811	0.134034	1.479014	0.500000
5.818013	9.029284	1.490628	0.500000
5.439316	10.114049	1.558509	0.500000
6.551275	9.837286	1.531324	0.500000
8.266682	0.161053	1.432966	0.500000
9.351366	0.044121	1.426698	0.500000
10.229613	0.900378	1.620199	0.500000
0.587420	1.794103	1.566756	0.500000
3.260692	0.200401	1.610067	0.500000
2.706050	1.265349	1.554995	0.500000
3.540582	1.994941	1.503373	0.500000
5.071103	0.845067	1.615368	0.500000
6.134683	0.609340	1.442136	0.500000
6.783144	1.454483	1.436223	0.500000
7.155607	0.515447	1.368511	0.500000
8.918079	1.094663	1.457538	0.500000
9.585517	2.045076	1.623235	0.500000
1.346996	2.513118	1.563281	0.500000
2.094585	1.003404	2.457607	0.500000
2.508758	2.319966	1.432285	0.500000
3.199234	3.113811	1.384699	0.500000
4.652125	1.873808	1.449019	0.500000
5.250871	2.688309	1.482524	0.500000
6.058676	2.940523	0.605314	0.500000
7.921907	1.162933	1.533511	0.500000
8.588794	2.044825	1.467341	0.500000
0.119178	2.749459	1.574254	0.500000
0.893324	3.454037	1.509052	0.500000
2.061046	3.298288	1.611308	0.500000
2.772736	4.078264	1.520257	0.500000
4.218465	2.788980	1.464641	0.500000
5.033762	3.801529	1.396216	0.500000
6.478878	2.506367	1.496930	0.500000
7.155876	3.335667	1.543051	0.500000
8.267239	3.000340	1.700544	0.500000
9.233836	3.014705	1.433201	0.500000
10.129672	3.736083	1.557378	0.500000
0.638031	4.406616	1.709515	0.500000
1.747318	4.340949	1.437066	0.500000
2.415665	5.127765	1.414035	0.500000
3.955806	3.815891	1.475172	0.500000
4.538692	4.702089	1.448666	0.500000
6.079018	3.486636	1.506856	0.500000
6.743866	4.244890	1.479136	0.500000
7.850401	4.103961	1.673290	0.500000
8.876918	3.990344	1.585154	0.500000
9.700300	4.639104	1.520292	0.500000
0.068048	5.483325	1.572756	0.500000
1.236269	5.238580	1.513694	0.500000
1.835840	4.787541	2.373968	0.500000
3.416105	4.900707	1.447550	0.500000
4.187873	5.646952	1.452775	0.500000
5.248702	5.394085	1.670766	0.500000
6.228253	5.167961	1.466390	0.500000
7.458732	5.093701	1.489600	0.500000
8.483372	4.936930	1.514416	0.500000
9.943078	6.417107	1.559691	0.500000
0.922385	6.205940	1.580429	0.500000
1.937280	5.996869	1.557680	0.500000
3.008197	5.945884	1.574485	0.500000
3.786233	6.600843	1.604777	0.500000
4.793400	6.439393	1.604593	0.500000
5.894634	6.259542	1.422700	0.500000
7.011630	6.030869	1.502853	0.500000
8.092638	5.900306	1.506447	0.500000
9.267374	5.556207	1.422798	0.500000
10.199413	8.309273	1.583530	0.500000
0.444574	7.117557	1.395861	0.500000
1.586775	6.964151	1.510842	0.500000
2.689037	6.936908	1.629943	0.500000
3.466292	7.563570	1.472085	0.500000
4.482743	7.486520	1.544426	0.500000
5.454454	7.232810	1.407886	0.500000
6.650455	7.051689	1.469342	0.500000
7.665540	6.856119	1.584563	0.500000
8.944442	6.623250	1.499285	0.500000
0.729758	8.934600	1.390956	0.500000
0.258739	10.150650	1.566389	0.500000
2.151206	7.957240	1.533590	0.500000
2.942282	8.866929	1.493269	0.500000
4.030374	8.412177	1.581460	0.500000
5.068588	8.317649	1.464009	0.500000
6.100948	8.060265	1.572188	0.500000
7.407784	7.841381	1.474756	0.500000
8.509820	7.662250	1.616548	0.500000
9.053553	8.531175	1.507927	0.500000
9.793952	9.247347	1.630137	0.500000
1.418662	9.853211	1.444930	0.500000
2.299561	8.553255	2.487362	0.500000
1.866465	8.919841	1.584105	0.500000
3.688124	9.539947	1.436325	0.500000
4.849761	9.292757	1.407097	0.500000
5.851103	8.412811	0.645966	0.500000
6.853220	8.798535	1.403147	0.500000
7.615128	9.618322	1.369104	0.500000
8.674765	9.473165	1.481582	0.500000
9.209315	9.141004	2.443862	0.500000
0.913852	9.626366	2.280455	0.500000
0.395462	0.510983	2.482308	0.500000
2.581822	0.100924	2.458532	0.500000
3.287892	0.839227	2.428397	0.500000
4.483979	0.635800	2.431372	0.500000
5.591982	0.525981	2.421413	0.500000
6.694044	0.308746	2.379725	0.500000
7.678396	0.037839	2.367889	0.500000
8.738120	10.061316	2.398604	0.500000
9.530641	0.629644	2.435856	0.500000
9.996693	9.918826	2.444539	0.500000
1.056565	1.299276	2.389693	0.500000
1.442795	0.237668	2.451021	0.500000
2.973849	1.868729	2.365205	0.500000
4.112491	1.565845	2.399700	0.500000
5.123861	1.411635	2.471773	0.500000
6.312647	1.234803	2.381402	0.500000
7.396904	1.040687	2.432853	0.500000
8.379353	0.783464	2.388817	0.500000
9.949578	2.458490	2.488567	0.500000
0.054070	1.455100	2.492908	0.500000
0.781357	2.285187	2.463669	0.500000
1.942906	2.000707	2.396275	0.500000
3.640951	2.664957	2.315752	0.500000
4.683926	2.530035	2.367069	0.500000
5.790449	2.287177	2.428208	0.500000
6.937550	2.025404	2.472197	0.500000
8.037581	1.860542	2.373521	0.500000
9.121029	1.653465	2.452455	0.500000
9.399298	3.582578	2.391595	0.500000
0.442097	3.236034	2.443363	0.500000
1.514488	3.017324	2.494336	0.500000
2.580311	2.832350	2.420816	0.500000
3.261964	3.638988	2.284835	0.500000
4.261805	3.484509	2.433828	0.500000
5.793020	5.025652	2.473685	0.500000
6.597561	3.131798	2.423426	0.500000
7.645392	2.925640	2.499545	0.500000
8.965131	2.654695	2.369222	0.500000
9.141076	4.551626	2.374417	0.500000
10.136958	4.414287	2.396035	0.500000
1.190785	3.971927	2.452625	0.500000
2.210442	3.857068	2.466298	0.500000
4.010200	4.443635	2.280837	0.500000
5.024372	4.304766	2.384970	0.500000
5.422490	3.328232	2.329818	0.500000
7.266608	4.048561	2.492179	0.500000
8.097247	4.769897	2.454371	0.500000
8.397077	3.675969	2.430758	0.500000
9.752296	5.352754	2.410373	0.500000
0.625779	5.200586	2.427844	0.500000
1.455896	5.795645	2.487269	0.500000
2.858522	4.768777	2.290421	0.500000
3.706789	5.479287	2.356254	0.500000
4.691712	5.254638	2.498088	0.500000
6.268557	4.123592	2.471570	0.500000
6.861764	4.991764	2.371331	0.500000
7.517636	5.792840	2.433293	0.500000
8.789567	5.636854	2.403081	0.500000
9.417055	6.424418	2.428362	0.500000
0.257591	6.151392	2.386672	0.500000
2.092540	6.736262	2.491128	0.500000
2.443399	5.678684	2.375757	0.500000
4.205297	6.340858	2.490871	0.500000
5.379226	6.095291	2.492488	0.500000
6.021823	6.952825	2.259658	0.500000
6.419526	5.927026	2.438572	0.500000
6.999421	6.743750	2.470248	0.500000
8.335250	6.532039	2.363082	0.500000
10.190123	7.105195	2.373932	0.500000
1.041688	6.884924	2.456798	0.500000
1.632019	7.699696	2.470721	0.500000
3.169464	6.388656	2.484855	0.500000
4.021050	7.336989	2.431395	0.500000
5.014475	7.122849	2.403162	0.500000
5.638118	7.952731	2.469177	0.500000
6.705618	7.695638	2.321921	0.500000
7.846894	7.500702	2.377399	0.500000
8.929232	7.352323	2.492344	0.500000
9.634157	8.096022	2.442310	0.500000
0.474676	8.001776	2.403594	0.500000
2.733030	7.537325	2.445590	0.500000
3.364860	8.441694	2.400875	0.500000
4.203859	9.061385	2.325413	0.500000
4.645620	8.132532	2.391624	0.500000
5.335529	8.980353	2.383700	0.500000
6.328944	8.720232	2.445466	0.500000
7.403346	8.430484	2.383003	0.500000
8.030897	8.700935	1.380968	0.500000
0.116455	8.934108	2.455971	0.500000
1.282598	8.663311	2.409254	0.500000
1.949419	9.534375	2.484879	0.500000
2.950492	9.374705	2.408620	0.500000
3.760576	10.018469	2.370185	0.500000
4.845309	9.850796	2.329556	0.500000
5.937184	9.801882	2.394286	0.500000
6.910455	9.546227	2.456029	0.500000
8.001761	9.266780	2.231848	0.500000
8.535919	8.304628	2.494716	0.500000
