400

2.525611	11.241286	3.392309	0.500000
8.143028	9.263402	2.503823	0.500000
11.111939	8.210959	3.429861	0.500000
3.858809	10.919504	2.735231	0.500000
4.634077	0.681704	1.508728	0.500000
5.419855	11.577820	0.585245	0.500000
2.625667	10.705003	0.676081	0.500000
8.949391	7.445710	3.132958	0.500000
5.477764	4.717642	2.515220	0.500000
10.621405	9.966037	3.380553	0.500000
11.201000	0.277544	1.294715	0.500000
8.258758	4.143174	0.521417	0.500000
1.856184	6.291014	0.566283	0.500000
9.804130	3.592405	3.450382	0.500000
8.275149	0.233807	1.349744	0.500000
9.394246	4.669870	3.411475	0.500000
6.569896	0.562588	2.459082	0.500000
6.938897	2.711439	2.883347	0.500000
6.111300	2.206281	2.175703	0.500000
8.017601	1.825892	3.477793	0.500000
5.622572	11.576813	2.484298	0.500000
7.644376	9.875521	1.706093	0.500000
6.416715	3.691038	3.470292	0.500000
2.575781	6.171391	3.290058	0.500000
1.249113	10.889652	3.496333	0.500000
1.779597	8.930169	3.350664	0.500000
9.896093	2.010699	1.657558	0.500000
3.039213	11.197955	1.555143	0.500000
8.094963	10.624729	2.427743	0.500000
8.413917	4.722868	1.547137	0.500000
9.849443	11.558838	2.379985	0.500000
1.066839	6.870358	2.549588	0.500000
11.024345	8.682408	2.404445	0.500000
9.087895	10.481592	0.617989	0.500000
10.488507	4.822176	2.680652	0.500000
8.251273	7.065777	1.688390	0.500000
5.411924	7.648223	3.200753	0.500000
6.033919	6.412428	3.311347	0.500000
12.042562	0.445478	2.831209	0.500000
0.956102	7.498273	3.415862	0.500000
5.883758	9.285102	2.569121	0.500000
8.138476	3.715332	2.377594	0.500000
7.512835	4.314012	1.296642	0.500000
9.855822	5.876986	2.370972	0.500000
0.386006	5.158823	3.288790	0.500000
7.864815	2.287858	2.525055	0.500000
0.310743	9.650089	2.465314	0.500000
4.561972	7.768232	0.711435	0.500000
0.834866	3.278433	3.480844	0.500000
5.289210	5.249945	0.808279	0.500000
3.936446	3.710369	3.401882	0.500000
9.335379	8.482682	3.467657	0.500000
11.285494	6.774742	1.490524	0.500000
6.400675	11.872012	0.604669	0.500000
8.578926	1.600161	1.904519	0.500000
12.168293	10.359453	1.533526	0.500000
3.694995	11.772938	3.493655	0.500000
10.615600	7.790251	1.507966	0.500000
7.096203	5.342238	2.118458	0.500000
10.477168	10.563233	1.578778	0.500000
2.980001	11.692308	0.598903	0.500000
7.074754	3.609452	2.425861	0.500000
3.031005	5.758414	2.418129	0.500000
2.724403	6.805545	0.923719	0.500000
3.525916	0.738683	3.326461	0.500000
3.563553	9.816560	2.780441	0.500000
11.535285	11.431704	1.255690	0.500000
6.710983	11.782150	2.387381	0.500000
3.285283	10.555359	3.482632	0.500000
0.519091	11.496834	2.870289	0.500000
10.698511	3.134012	0.627380	0.500000
5.155786	8.986687	0.647835	0.500000
6.876724	5.572302	3.213887	0.500000
10.800305	1.248206	2.257235	0.500000
1.224104	4.519730	0.536567	0.500000
9.001647	5.335904	2.706630	0.500000
7.258291	4.526178	3.415604	0.500000
10.682056	4.193831	3.458120	0.500000
11.839688	11.749646	3.263985	0.500000
1.558038	6.631126	3.417848	0.500000
7.109201	7.977371	2.389044	0.500000
2.089576	2.399161	2.429394	0.500000
4.142979	1.658940	3.385255	0.500000
2.052188	11.234065	1.832343	0.500000
3.794668	10.700736	0.686079	0.500000
10.257343	0.229637	0.584141	0.500000
9.615307	1.366346	0.592407	0.500000
3.196119	3.031883	0.504053	0.500000
9.411993	6.264550	1.433924	0.500000
11.866307	6.800154	2.497991	0.500000
5.267123	2.718433	1.623260	0.500000
9.210897	0.147425	2.676833	0.500000
0.752089	5.101924	2.071471	0.500000
5.808610	8.823762	1.671295	0.500000
1.630925	3.445548	2.021371	0.500000
8.760950	6.466489	2.357715	0.500000
4.574062	4.628155	3.293522	0.500000
5.261530	6.529095	0.604500	0.500000
4.794304	7.427413	2.292410	0.500000
10.669795	11.051560	0.717533	0.500000
7.108786	6.456989	0.513118	0.500000
1.801986	4.575330	2.359001	0.500000
10.042594	8.163746	2.267414	0.500000
9.970913	3.085149	1.471688	0.500000
4.569800	3.257277	2.689069	0.500000
11.255124	7.140759	3.441207	0.500000
9.862301	0.416979	3.499317	0.500000
1.640199	11.621333	0.505118	0.500000
9.600224	9.428810	1.732906	0.500000
0.816151	9.434628	3.305414	0.500000
10.356178	0.140871	2.077001	0.500000
7.837102	11.597792	2.130949	0.500000
11.932699	6.174959	3.362352	0.500000
11.615422	7.932098	1.809753	0.500000
7.145235	8.200902	1.377699	0.500000
5.298242	3.662961	3.376749	0.500000
7.580701	1.166249	1.859734	0.500000
2.749672	4.217542	3.107139	0.500000
8.919388	9.669204	3.072999	0.500000
4.831745	5.890124	2.713667	0.500000
5.370621	0.991253	2.228032	0.500000
6.279508	4.737368	3.371571	0.500000
0.341678	8.462026	3.470449	0.500000
11.183337	1.403535	0.507490	0.500000
5.361205	8.358426	2.446564	0.500000
5.589461	6.585111	2.232488	0.500000
9.427547	7.340297	1.879308	0.500000
0.703760	2.330200	0.567795	0.500000
0.155410	1.113071	0.785732	0.500000
5.929739	8.657848	3.464736	0.500000
2.175308	0.378255	0.795067	0.500000
7.302308	6.590606	3.405428	0.500000
11.330131	3.618897	2.910896	0.500000
4.367406	0.903568	2.461778	0.500000
0.062955	4.081303	3.462819	0.500000
5.854521	2.805468	3.331221	0.500000
0.062977	0.262237	1.463402	0.500000
10.114722	10.037773	0.717865	0.500000
10.478211	4.847551	0.609960	0.500000
0.107886	11.497036	0.642699	0.500000
10.236545	5.563226	3.479464	0.500000
2.119800	7.960408	3.362666	0.500000
0.830928	8.804367	1.629822	0.500000
5.219537	3.855314	1.921965	0.500000
3.952422	8.183834	1.626320	0.500000
2.886755	5.565168	0.615127	0.500000
7.869305	5.451412	3.458652	0.500000
8.020859	5.141378	0.630237	0.500000
3.484276	6.602631	3.276109	0.500000
6.347599	8.472374	0.532577	0.500000
7.172360	1.495042	2.799209	0.500000
0.270091	6.848117	1.684604	0.500000
5.202871	5.955198	1.529102	0.500000
1.333281	6.283290	1.596329	0.500000
1.479313	10.358945	0.595361	0.500000
3.198460	7.564862	3.354723	0.500000
10.926222	7.252805	2.324990	0.500000
8.707211	9.900532	1.904037	0.500000
7.625015	6.074936	1.480430	0.500000
2.263171	4.123241	1.487227	0.500000
1.319621	5.669639	3.238030	0.500000
11.246862	4.123481	0.692744	0.500000
3.148007	3.531945	1.612869	0.500000
9.698629	10.380894	2.435094	0.500000
11.540268	10.516236	0.663701	0.500000
7.854067	7.317401	0.718400	0.500000
0.571469	1.196901	2.464218	0.500000
6.585389	1.444800	1.674948	0.500000
1.595123	9.364571	0.651976	0.500000
8.280942	0.515394	2.327012	0.500000
6.383040	9.892240	3.262815	0.500000
4.002490	8.582155	0.536377	0.500000
8.760114	7.826490	0.893733	0.500000
8.271971	8.401907	3.241250	0.500000
9.760012	7.745929	0.813291	0.500000
4.033688	4.066673	1.896484	0.500000
9.864166	8.877199	0.624231	0.500000
4.848590	10.417650	3.278279	0.500000
3.950985	2.738480	1.591974	0.500000
6.748286	10.383280	0.594522	0.500000
8.399913	4.470715	3.488744	0.500000
2.818099	9.571488	0.558018	0.500000
5.120482	9.257345	3.375135	0.500000
8.743337	9.089395	0.513162	0.500000
10.906812	8.015161	0.521406	0.500000
4.634287	2.160848	0.532443	0.500000
5.965216	1.421952	0.698623	0.500000
10.985867	0.270447	3.161188	0.500000
6.702730	7.573157	3.224593	0.500000
3.887306	4.533707	0.744094	0.500000
0.762440	9.808964	1.404571	0.500000
0.748521	0.222947	2.221776	0.500000
4.683577	4.833121	1.744176	0.500000
5.687539	9.932845	1.491916	0.500000
1.120458	7.416552	1.588098	0.500000
6.627228	6.867923	2.299934	0.500000
2.765170	9.243257	3.461706	0.500000
4.031135	9.184283	2.013749	0.500000
11.709774	2.312078	2.811977	0.500000
6.155579	7.894507	1.446214	0.500000
3.004257	6.791427	2.058455	0.500000
8.923835	11.673742	1.932028	0.500000
10.273370	9.007144	3.036826	0.500000
3.143834	9.051581	1.555394	0.500000
5.555234	7.723340	0.516302	0.500000
2.868451	7.962819	1.898952	0.500000
3.195206	2.872867	3.385564	0.500000
1.086142	0.624715	0.658019	0.500000
5.927536	3.258085	2.301731	0.500000
3.400663	8.518234	3.075693	0.500000
8.129462	8.642612	1.546086	0.500000
11.529250	5.009320	3.122196	0.500000
2.136442	7.056881	2.555044	0.500000
11.028764	2.065700	1.685859	0.500000
12.178441	1.680579	3.443759	0.500000
2.116339	8.492283	0.506569	0.500000
10.359873	2.158085	0.576371	0.500000
6.140831	3.553942	1.171699	0.500000
7.233590	7.022006	1.518266	0.500000
6.883454	9.033741	2.179963	0.500000
1.818747	3.443466	3.049228	0.500000
1.067832	4.100390	1.472038	0.500000
5.302238	12.190753	1.732329	0.500000
11.851079	0.276444	0.518850	0.500000
0.154025	5.717190	1.476514	0.500000
9.002118	1.433513	3.321958	0.500000
6.044691	10.546115	2.456469	0.500000
7.731311	3.632894	3.313762	0.500000
10.453770	9.708115	2.334628	0.500000
10.365063	3.892915	2.230441	0.500000
10.110191	7.581616	3.200211	0.500000
0.746536	3.159585	1.136029	0.500000
10.889129	9.370872	0.609103	0.500000
8.600395	6.221055	3.466688	0.500000
6.148364	5.759581	2.487830	0.500000
0.426357	3.333168	2.083632	0.500000
2.459788	6.024233	1.539866	0.500000
10.414264	5.946877	0.820572	0.500000
1.265397	1.194184	3.274441	0.500000
11.810942	8.717995	0.586200	0.500000
7.667130	0.819250	0.540975	0.500000
2.585557	11.924887	2.495578	0.500000
6.641771	7.337644	0.600931	0.500000
1.511037	2.223094	3.499918	0.500000
5.208372	1.414008	3.234391	0.500000
9.223920	6.782344	0.537114	0.500000
7.020429	0.272192	1.504262	0.500000
6.774398	2.973918	0.527123	0.500000
1.347759	10.329303	2.138938	0.500000
1.914728	5.227666	1.252595	0.500000
0.873585	0.285950	3.469759	0.500000
0.168202	5.007891	0.518518	0.500000
8.038756	10.022095	0.561022	0.500000
3.168362	7.973570	0.841772	0.500000
2.160297	5.040401	3.408104	0.500000
11.382760	10.750855	3.438253	0.500000
11.974012	3.070800	3.493686	0.500000
2.078558	9.633400	1.661489	0.500000
9.445112	10.550361	3.472953	0.500000
4.911618	10.866146	1.373121	0.500000
3.850758	6.234946	1.958910	0.500000
10.159245	11.630285	1.376185	0.500000
2.444786	0.821112	3.402721	0.500000
4.798012	9.722662	2.515641	0.500000
2.743000	3.175542	2.459316	0.500000
0.233710	6.394342	0.676324	0.500000
9.350188	8.465035	1.452519	0.500000
11.154250	3.081251	1.707052	0.500000
5.384378	5.351316	3.359457	0.500000
9.778035	6.598013	3.428244	0.500000
2.488112	2.001543	0.682456	0.500000
6.993738	10.857931	3.049386	0.500000
8.092847	4.909345	2.577815	0.500000
10.249950	6.750304	1.716095	0.500000
3.695222	1.129093	1.475431	0.500000
2.201137	2.692748	1.443218	0.500000
7.815303	3.139032	0.534227	0.500000
9.971909	1.681074	3.411247	0.500000
2.535522	1.201476	1.581836	0.500000
1.073819	7.379596	0.571303	0.500000
11.738947	11.903313	2.208714	0.500000
10.057864	3.940676	0.903230	0.500000
0.023744	4.639566	1.471077	0.500000
0.833613	11.192307	1.476223	0.500000
6.141331	1.750745	3.499578	0.500000
9.316945	2.325325	2.677763	0.500000
11.374045	6.377020	0.573981	0.500000
8.829474	3.076713	3.424376	0.500000
8.091181	2.012088	0.726500	0.500000
12.087159	8.760758	2.574018	0.500000
9.384745	4.411768	2.281226	0.500000
10.804549	6.062560	2.743391	0.500000
3.091988	10.137643	1.686628	0.500000
11.059785	1.588017	3.256613	0.500000
2.983970	4.484459	2.110711	0.500000
1.486826	1.614262	0.603761	0.500000
7.115617	2.304537	1.817640	0.500000
6.117394	4.505266	1.550456	0.500000
7.275508	9.311239	0.715860	0.500000
11.895294	10.913790	2.423625	0.500000
9.983140	11.462189	3.397108	0.500000
12.145262	4.190680	2.436436	0.500000
4.525033	12.033020	1.006353	0.500000
4.000964	7.180162	1.653579	0.500000
5.774753	10.787540	3.490360	0.500000
0.200093	9.821569	0.525693	0.500000
0.400340	10.480707	3.159950	0.500000
0.915109	8.327297	2.659418	0.500000
9.158766	11.811769	0.571206	0.500000
10.963485	11.377282	2.730328	0.500000
4.263680	0.813325	0.554384	0.500000
5.219996	7.256233	1.391505	0.500000
7.075929	1.873819	0.819411	0.500000
1.076188	2.572898	1.932866	0.500000
4.185141	5.670706	0.752157	0.500000
1.575149	1.044057	1.937351	0.500000
2.810641	4.560617	0.730223	0.500000
4.943312	11.578168	3.315851	0.500000
3.659224	6.927513	0.580258	0.500000
2.641963	9.221253	2.414003	0.500000
12.047089	7.334873	0.604786	0.500000
5.729039	2.787460	0.574607	0.500000
9.359315	8.901395	2.557066	0.500000
11.522353	5.559761	2.145486	0.500000
8.495799	11.030881	3.269310	0.500000
11.427684	10.021269	2.644945	0.500000
9.047721	3.696594	1.610619	0.500000
1.380988	9.321426	2.307298	0.500000
5.958986	10.849403	1.045771	0.500000
6.056019	5.944446	0.909714	0.500000
7.766014	11.711006	0.636694	0.500000
3.671967	11.887846	2.282608	0.500000
4.519124	6.852582	3.255244	0.500000
3.194768	5.380938	3.331454	0.500000
12.069496	9.020453	1.564851	0.500000
8.529924	10.799216	1.483017	0.500000
2.995868	0.152656	1.365959	0.500000
7.684488	11.608053	3.444559	0.500000
8.988957	2.506807	1.677423	0.500000
1.084537	8.483971	0.578878	0.500000
1.705380	0.415082	2.739072	0.500000
2.923323	1.835614	3.317084	0.500000
6.653050	0.656904	0.611768	0.500000
11.758407	2.616901	0.599666	0.500000
11.220292	9.748290	1.616386	0.500000
2.168776	10.198020	2.809332	0.500000
1.873077	8.597983	1.620272	0.500000
6.733848	4.917407	0.747071	0.500000
5.131292	2.276662	2.591343	0.500000
0.229601	3.843628	0.606786	0.500000
9.395550	0.929910	1.908671	0.500000
1.314746	4.419791	3.355478	0.500000
3.264808	0.653466	2.312805	0.500000
10.404725	5.092842	1.638553	0.500000
4.663553	2.534617	3.461044	0.500000
11.430351	9.348310	3.462397	0.500000
7.818165	8.456134	0.544554	0.500000
7.797560	7.523188	3.378707	0.500000
8.192900	0.401527	3.453741	0.500000
8.605700	1.152269	0.924653	0.500000
0.406740	6.060658	2.623228	0.500000
7.106417	0.434800	3.464899	0.500000
3.595906	1.846513	0.764517	0.500000
10.444562	2.704901	3.329688	0.500000
4.923534	10.178009	0.505540	0.500000
7.090168	11.247053	1.397712	0.500000
9.294486	3.420008	0.511509	0.500000
4.397586	8.021865	3.388096	0.500000
11.416387	5.169500	0.996601	0.500000
12.160665	2.347588	1.644090	0.500000
9.368389	2.360594	0.612319	0.500000
6.094589	11.881536	3.404010	0.500000
0.617503	2.259554	2.887428	0.500000
3.134208	2.078534	1.926678	0.500000
9.316957	4.569969	0.540606	0.500000
9.149998	5.557378	0.756093	0.500000
5.470279	4.258057	0.711474	0.500000
1.018266	5.645065	0.873848	0.500000
11.231252	4.519852	1.762985	0.500000
4.160840	5.618913	3.447471	0.500000
11.752387	1.007075	2.010397	0.500000
5.142363	0.298080	3.003923	0.500000
7.447779	9.060812	3.270078	0.500000
8.060845	3.090294	1.595652	0.500000
8.306443	7.964497	2.303289	0.500000
8.396364	6.250052	0.812222	0.500000
4.664165	11.384187	2.211380	0.500000
4.774828	1.726186	1.772792	0.500000
1.622413	3.602195	0.691687	0.500000
10.426642	8.890588	1.533233	0.500000
4.293379	3.518817	0.659949	0.500000
2.049372	5.571325	2.463787	0.500000
1.292168	12.092295	1.318796	0.500000
0.667409	1.629739	1.519650	0.500000
7.767346	6.060476	2.551208	0.500000
3.609843	5.215916	1.573927	0.500000
3.155050	0.832108	0.554473	0.500000
4.065884	9.683106	0.725216	0.500000
7.758302	10.182860	3.283727	0.500000
5.577873	0.524968	0.923369	0.500000
