100

5.445316	9.580932	0.558850	0.500000
12.126533	6.663676	0.535323	0.500000
0.708317	10.052042	0.585318	0.500000
13.322956	1.848110	0.593392	0.500000
10.149051	0.821858	0.529674	0.500000
6.653289	5.834115	0.591628	0.500000
0.996969	7.042714	0.582842	0.500000
0.410412	3.888268	0.529151	0.500000
6.787003	10.898566	0.527804	0.500000
2.114030	5.346579	0.594244	0.500000
5.562510	0.329836	0.591991	0.500000
8.043724	11.433650	0.555593	0.500000
8.818321	3.581195	0.545213	0.500000
8.016885	5.548353	0.571451	0.500000
3.896324	8.820874	0.507442	0.500000
12.563306	1.037443	0.520881	0.500000
9.495936	7.688659	0.597541	0.500000
11.482408	10.513577	0.552931	0.500000
5.737678	10.584180	0.567077	0.500000
4.515543	7.806454	0.555214	0.500000
9.407011	9.034988	0.532729	0.500000
3.104279	3.214894	0.561039	0.500000
8.517988	6.629184	0.553453	0.500000
10.924994	9.605904	0.545684	0.500000
0.415163	8.262620	0.556759	0.500000
1.746485	4.103401	0.503184	0.500000
4.445378	9.953391	0.512611	0.500000
2.880892	8.327205	0.587727	0.500000
4.585194	5.279528	0.560020	0.500000
6.071539	4.958972	0.580081	0.500000
0.477388	2.698808	0.565894	0.500000
6.571169	9.509473	0.523801	0.500000
1.892179	10.555198	0.565751	0.500000
2.312855	9.413349	0.558424	0.500000
6.863216	0.240346	0.507358	0.500000
8.709739	2.520081	0.565023	0.500000
3.119755	2.135981	0.573017	0.500000
7.589428	3.527597	0.523948	0.500000
11.533784	8.670675	0.532566	0.500000
11.613358	4.297310	0.512153	0.500000
4.568025	2.960805	0.523877	0.500000
5.638754	2.155000	0.562437	0.500000
9.499592	5.643132	0.558571	0.500000
3.211667	10.250833	0.577019	0.500000
10.088785	10.646422	0.571213	0.500000
7.438930	2.476040	0.568771	0.500000
3.378210	0.379380	0.525183	0.500000
4.299684	11.028701	0.535507	0.500000
2.710103	4.538545	0.576629	0.500000
11.406395	5.545914	0.551854	0.500000
1.797435	3.030485	0.516176	0.500000
9.055839	11.090348	0.506330	0.500000
7.983336	7.931908	0.511255	0.500000
2.971647	5.880454	0.501287	0.500000
7.039879	8.289024	0.535070	0.500000
9.407872	1.570873	0.567485	0.500000
12.602820	10.552299	0.503756	0.500000
5.403382	5.858550	0.505728	0.500000
4.374546	0.713312	0.506950	0.500000
11.794578	11.550464	0.504862	0.500000
10.639446	7.945230	0.520179	0.500000
5.193134	7.061002	0.516247	0.500000
3.943466	4.354566	0.521572	0.500000
2.119807	0.082226	0.530940	0.500000
10.776039	11.444471	0.583507	0.500000
7.736662	10.188312	0.554199	0.500000
10.281982	2.463239	0.500938	0.500000
8.708711	4.638399	0.512536	0.500000
7.483513	6.579074	0.536992	0.500000
13.418401	9.304378	0.555178	0.500000
4.684550	1.792698	0.561025	0.500000
10.364258	3.832220	0.510687	0.500000
7.066789	4.533185	0.546867	0.500000
2.200292	1.376280	0.584428	0.500000
8.833381	10.023133	0.582300	0.500000
2.405422	7.185554	0.572863	0.500000
12.749512	3.851850	0.577985	0.500000
13.261417	4.774317	0.542913	0.500000
11.166015	7.091767	0.538972	0.500000
13.417452	11.215157	0.546483	0.500000
1.753605	6.353574	0.529584	0.500000
0.822168	0.220673	0.570704	0.500000
1.093999	1.316839	0.526371	0.500000
13.194415	6.870890	0.521011	0.500000
6.024097	8.434330	0.593480	0.500000
6.601677	1.300116	0.557347	0.500000
11.814661	3.161739	0.519197	0.500000
1.539848	8.685611	0.553698	0.500000
5.041979	4.246773	0.534967	0.500000
8.292346	9.059023	0.525762	0.500000
10.243037	6.354574	0.556798	0.500000
11.179552	1.150388	0.525874	0.500000
3.474810	7.406355	0.533836	0.500000
12.113016	7.677278	0.553095	0.500000
12.778403	5.799186	0.531051	0.500000
4.273232	6.577772	0.523632	0.500000
12.762276	8.525770	0.564669	0.500000
11.641854	2.174496	0.580966	0.500000
5.785326	3.480822	0.569719	0.500000
0.851892	5.041746	0.579620	0.500000
