100

8.285259	1.522844	0.517603	0.500000
4.839139	3.234544	0.558872	0.500000
0.896624	3.638013	0.564616	0.500000
11.401724	4.895565	0.513142	0.500000
0.264548	0.875199	0.583397	0.500000
7.098681	8.559097	0.522707	0.500000
11.577956	1.279752	0.576779	0.500000
7.653088	11.001418	0.559863	0.500000
11.102162	8.560334	0.569058	0.500000
8.750718	3.751157	0.537519	0.500000
4.919544	2.143332	0.535037	0.500000
2.817226	9.473573	0.598857	0.500000
8.463130	2.792924	0.568498	0.500000
1.183187	12.420859	0.527992	0.500000
2.295089	11.761384	0.575037	0.500000
11.683920	2.462961	0.577364	0.500000
7.208729	1.396552	0.559781	0.500000
9.338112	6.870472	0.543534	0.500000
3.523858	6.417531	0.557778	0.500000
9.914675	8.761242	0.581904	0.500000
3.012259	0.531578	0.508364	0.500000
9.407034	0.946046	0.585776	0.500000
10.071139	3.935729	0.585536	0.500000
3.114526	8.318215	0.535252	0.500000
0.073760	12.365659	0.512876	0.500000
5.791457	5.191627	0.522466	0.500000
9.462078	2.327997	0.547434	0.500000
7.448306	2.478514	0.524523	0.500000
2.691389	5.826337	0.531072	0.500000
4.684390	8.854843	0.500375	0.500000
8.143604	8.779289	0.548328	0.500000
1.636925	4.373166	0.549792	0.500000
10.151629	10.681041	0.512521	0.500000
0.438907	9.952983	0.501484	0.500000
6.852870	11.924517	0.543505	0.500000
9.843015	12.028682	0.554128	0.500000
1.102407	7.259731	0.581128	0.500000
3.319271	4.852343	0.563069	0.500000
10.353349	1.745793	0.507501	0.500000
1.778657	9.768179	0.534407	0.500000
0.003362	4.310921	0.589281	0.500000
1.960673	10.771159	0.520878	0.500000
5.344586	9.834244	0.533593	0.500000
3.254970	3.850381	0.523921	0.500000
9.039964	10.911373	0.567673	0.500000
0.021524	5.392752	0.514010	0.500000
6.954769	3.583096	0.590281	0.500000
4.194335	1.416775	0.570711	0.500000
0.389662	2.112672	0.531821	0.500000
11.928548	6.893024	0.537051	0.500000
1.534350	2.644999	0.580121	0.500000
4.719691	11.651960	0.547352	0.500000
3.658892	12.265911	0.558877	0.500000
12.027809	3.482537	0.536130	0.500000
1.972059	8.358154	0.524600	0.500000
10.335532	5.002797	0.505330	0.500000
10.310617	6.384108	0.511864	0.500000
9.352809	4.681516	0.511573	0.500000
8.242441	12.108326	0.530191	0.500000
7.302452	5.088580	0.543469	0.500000
8.002956	6.195412	0.585045	0.500000
7.840922	9.911333	0.518695	0.500000
6.019881	4.076740	0.582192	0.500000
11.303691	11.576200	0.521773	0.500000
4.203506	4.372514	0.550397	0.500000
10.679893	9.768299	0.589598	0.500000
8.747903	7.887520	0.574209	0.500000
2.591769	7.348001	0.548816	0.500000
4.583992	7.545726	0.545686	0.500000
3.082824	10.934009	0.520016	0.500000
7.854846	4.251537	0.532000	0.500000
5.364087	6.404494	0.571801	0.500000
11.940246	9.174456	0.593196	0.500000
10.360831	7.830647	0.514620	0.500000
5.826036	7.304878	0.510675	0.500000
5.657851	8.603405	0.595223	0.500000
5.989405	2.815209	0.539201	0.500000
6.149464	1.412086	0.583338	0.500000
6.826936	9.671293	0.594518	0.500000
6.440142	0.329897	0.517460	0.500000
6.485129	10.638137	0.534123	0.500000
9.101052	9.449518	0.544554	0.500000
1.052431	5.411733	0.501455	0.500000
0.349432	6.522433	0.549217	0.500000
4.286811	10.658028	0.544273	0.500000
4.386719	5.910598	0.569990	0.500000
0.985883	9.029843	0.590653	0.500000
11.438292	10.490433	0.501219	0.500000
7.610503	7.476279	0.520668	0.500000
2.438759	3.256897	0.518184	0.500000
3.410570	2.836153	0.516505	0.500000
0.070864	7.654611	0.510121	0.500000
9.263549	5.702834	0.590548	0.500000
4.366334	0.393813	0.531694	0.500000
6.544859	6.605234	0.502863	0.500000
7.930895	0.492618	0.522040	0.500000
2.575770	1.866999	0.593425	0.500000
11.065323	0.267613	0.562144	0.500000
12.472219	11.357762	0.554843	0.500000
10.930934	3.349353	0.598610	0.500000
