100

8.637158	11.972588	0.533624	0.500000
1.595790	12.306240	0.579668	0.500000
2.620127	0.212968	0.502262	0.500000
2.245448	4.694723	0.545469	0.500000
0.270790	1.578565	0.529935	0.500000
7.548942	12.060339	0.520383	0.500000
9.065364	1.206398	0.542726	0.500000
6.347422	11.906566	0.531538	0.500000
11.087327	5.886713	0.598397	0.500000
8.294526	2.124732	0.570187	0.500000
3.892586	0.687928	0.537897	0.500000
5.614931	9.917850	0.596217	0.500000
9.742047	2.354746	0.507001	0.500000
12.530903	10.989643	0.595608	0.500000
2.108571	9.981282	0.584415	0.500000
10.946213	1.632709	0.556274	0.500000
5.028661	1.809455	0.579441	0.500000
9.462948	4.849397	0.567785	0.500000
3.391853	5.172323	0.558512	0.500000
10.360730	8.924051	0.598949	0.500000
0.170024	12.175821	0.550806	0.500000
10.490394	12.076432	0.543139	0.500000
12.405220	6.116919	0.513184	0.500000
3.510287	10.474817	0.563395	0.500000
11.787079	10.100439	0.577122	0.500000
3.882584	1.863894	0.551641	0.500000
8.013523	3.658342	0.574716	0.500000
7.491696	0.498001	0.599409	0.500000
12.064820	3.966630	0.523274	0.500000
6.070604	8.318429	0.504032	0.500000
8.730241	5.850836	0.587882	0.500000
3.004386	3.854161	0.505766	0.500000
8.454235	8.398902	0.546059	0.500000
3.033784	9.424110	0.574960	0.500000
6.181259	0.991783	0.517855	0.500000
9.747402	0.293746	0.551144	0.500000
11.410554	9.121110	0.579981	0.500000
2.908054	2.521165	0.593326	0.500000
11.233414	3.246575	0.548162	0.500000
2.454881	7.505623	0.521045	0.500000
0.870682	3.720628	0.564138	0.500000
2.169835	11.420426	0.571624	0.500000
5.614014	11.016499	0.533179	0.500000
3.885961	3.023601	0.504987	0.500000
8.595446	10.534104	0.568721	0.500000
1.308846	7.956728	0.566040	0.500000
7.205598	4.757839	0.521379	0.500000
1.423467	0.778762	0.580189	0.500000
1.961629	3.589238	0.550694	0.500000
11.004457	8.084577	0.574236	0.500000
1.447799	2.525120	0.581480	0.500000
5.643068	0.032482	0.584304	0.500000
3.494611	11.495022	0.534846	0.500000
10.626134	4.998970	0.549562	0.500000
3.642384	7.753532	0.540274	0.500000
9.760923	6.170974	0.564890	0.500000
1.336419	6.647983	0.505170	0.500000
10.090580	3.934779	0.588513	0.500000
7.245817	10.884642	0.580963	0.500000
5.925266	5.048523	0.568636	0.500000
7.034162	5.816634	0.521897	0.500000
7.049158	7.823125	0.585705	0.500000
7.304677	2.688203	0.551356	0.500000
11.111609	0.401239	0.590496	0.500000
5.113825	4.157593	0.542052	0.500000
10.768218	10.107643	0.525064	0.500000
0.085938	8.792572	0.589714	0.500000
2.520875	6.122802	0.536927	0.500000
7.663711	6.730815	0.584952	0.500000
4.694620	6.874581	0.549265	0.500000
6.180878	3.339109	0.526450	0.500000
7.323251	8.796845	0.507367	0.500000
9.684031	11.412129	0.553308	0.500000
9.650795	8.083271	0.555928	0.500000
4.124596	6.002381	0.530692	0.500000
9.236730	7.111006	0.535770	0.500000
8.990484	3.409653	0.596959	0.500000
5.225402	2.825655	0.516691	0.500000
5.796496	6.888561	0.590453	0.500000
6.756078	9.807948	0.575266	0.500000
4.069215	8.727869	0.564740	0.500000
9.595277	10.164938	0.571472	0.500000
0.534403	7.283449	0.535926	0.500000
3.408588	6.715733	0.574771	0.500000
4.518913	10.043812	0.596346	0.500000
4.561661	5.045345	0.519975	0.500000
0.563874	9.773282	0.555290	0.500000
1.165786	10.996270	0.538086	0.500000
8.858565	9.405776	0.562731	0.500000
2.858673	1.320389	0.508348	0.500000
4.050893	4.041754	0.509059	0.500000
2.098923	8.866328	0.587782	0.500000
5.459563	5.933769	0.581597	0.500000
4.567696	11.143823	0.521214	0.500000
8.465992	4.618174	0.552827	0.500000
7.139203	1.648584	0.574826	0.500000
0.609555	4.990241	0.566065	0.500000
12.005339	0.988249	0.575490	0.500000
11.510264	11.724618	0.542027	0.500000
12.233020	2.772178	0.521812	0.500000
