100

4.593644	11.429194	0.555134	0.500000
11.121168	11.289833	0.500623	0.500000
1.683628	10.058341	0.574765	0.500000
12.062273	9.316734	0.599781	0.500000
8.227848	8.540216	0.575776	0.500000
2.320372	1.940805	0.529474	0.500000
10.289797	0.128847	0.584558	0.500000
5.959637	4.395219	0.520963	0.500000
2.588619	9.413850	0.565314	0.500000
9.889946	8.898766	0.572312	0.500000
3.600783	7.510634	0.586311	0.500000
1.584185	1.203109	0.565539	0.500000
11.916788	10.614536	0.507544	0.500000
3.430068	5.444008	0.585289	0.500000
7.979044	0.269674	0.513472	0.500000
2.791801	8.399839	0.517285	0.500000
0.536895	1.944999	0.509266	0.500000
6.651699	7.819662	0.513102	0.500000
4.140749	9.608444	0.512922	0.500000
7.230721	5.101325	0.504117	0.500000
6.144178	11.717819	0.576467	0.500000
11.046372	9.608322	0.519304	0.500000
3.663649	2.216254	0.527065	0.500000
3.562570	0.909126	0.508285	0.500000
3.771348	10.834885	0.593874	0.500000
8.876271	1.709633	0.557606	0.500000
5.902879	3.253100	0.578396	0.500000
8.422539	9.662976	0.504014	0.500000
3.211752	6.499215	0.586559	0.500000
5.267132	10.671686	0.502798	0.500000
9.289660	4.850077	0.564249	0.500000
7.917371	3.292168	0.579274	0.500000
4.725488	2.107359	0.570572	0.500000
5.852658	2.107244	0.524619	0.500000
8.749755	10.675111	0.569931	0.500000
7.334205	9.285955	0.509682	0.500000
11.443725	0.370399	0.508490	0.500000
10.899722	8.604995	0.568348	0.500000
0.670764	7.643914	0.580848	0.500000
7.532525	10.517511	0.578660	0.500000
10.628310	4.085647	0.591058	0.500000
8.801699	2.755805	0.502347	0.500000
1.815165	7.951172	0.587883	0.500000
7.688893	7.504112	0.555799	0.500000
7.852883	2.265628	0.542561	0.500000
0.312248	0.588364	0.571322	0.500000
8.195772	5.651615	0.517032	0.500000
10.248737	7.574901	0.552000	0.500000
0.235649	5.012682	0.585813	0.500000
9.420533	3.545875	0.548591	0.500000
0.748745	3.646841	0.533843	0.500000
5.095851	9.083405	0.524166	0.500000
0.801692	12.237489	0.560843	0.500000
3.578163	12.440403	0.543213	0.500000
3.230396	3.343567	0.518979	0.500000
2.887891	4.473761	0.525757	0.500000
4.685905	3.378372	0.587890	0.500000
1.892926	2.884134	0.577903	0.500000
6.382291	10.515346	0.506411	0.500000
6.210966	6.763754	0.587238	0.500000
9.606569	6.472387	0.508291	0.500000
8.628283	6.909897	0.594410	0.500000
1.824763	12.491897	0.593325	0.500000
2.226585	6.912183	0.529957	0.500000
6.772148	3.809831	0.545008	0.500000
12.369389	6.305731	0.552375	0.500000
6.134429	5.723799	0.512813	0.500000
11.237120	3.076187	0.564088	0.500000
12.177055	1.593170	0.561844	0.500000
8.184609	4.276929	0.515330	0.500000
0.749409	5.973550	0.532931	0.500000
2.139542	5.863793	0.594990	0.500000
11.817911	3.949961	0.584653	0.500000
9.779290	10.326853	0.569345	0.500000
9.845933	2.478625	0.549088	0.500000
7.050284	1.631458	0.575163	0.500000
11.000884	6.550742	0.520643	0.500000
4.533977	0.303631	0.594560	0.500000
2.544276	0.882063	0.594575	0.500000
9.244413	0.766571	0.519002	0.500000
1.949637	4.078361	0.517178	0.500000
6.820716	2.787866	0.538683	0.500000
8.704393	12.089996	0.580801	0.500000
6.166745	9.469250	0.507676	0.500000
0.984921	9.130839	0.538296	0.500000
7.502968	6.402785	0.557840	0.500000
12.192402	11.686805	0.505027	0.500000
4.729460	6.818022	0.558177	0.500000
9.050173	7.864119	0.566127	0.500000
2.747808	10.938005	0.574816	0.500000
10.576828	1.656689	0.568982	0.500000
4.323379	4.352755	0.560699	0.500000
5.405396	7.773322	0.552933	0.500000
1.382059	11.113246	0.565962	0.500000
5.155252	5.146675	0.565986	0.500000
5.595122	0.029745	0.502345	0.500000
11.742412	8.022583	0.596833	0.500000
5.120210	1.184472	0.537050	0.500000
6.455742	0.734935	0.524299	0.500000
9.678781	11.404567	0.537443	0.500000
