100

8.598462	0.593951	0.594278	0.500000
12.558595	9.339223	0.557312	0.500000
1.694738	8.081896	0.580949	0.500000
11.238004	7.808019	0.506731	0.500000
9.545452	6.307155	0.532212	0.500000
1.476959	3.548870	0.515851	0.500000
10.573183	2.459394	0.521388	0.500000
3.845781	1.817324	0.579231	0.500000
3.731898	8.550552	0.599872	0.500000
7.780685	11.831183	0.598859	0.500000
2.410259	2.878083	0.584121	0.500000
12.345403	12.109880	0.513333	0.500000
10.373034	11.317852	0.518634	0.500000
11.782332	1.729499	0.584346	0.500000
5.876879	10.853439	0.563964	0.500000
10.670312	9.131173	0.527845	0.500000
2.402245	0.272083	0.568431	0.500000
7.872983	1.687035	0.544585	0.500000
4.973344	8.272706	0.583074	0.500000
7.913441	2.881824	0.536766	0.500000
8.923767	2.393979	0.563550	0.500000
11.563430	0.202112	0.538295	0.500000
1.105520	0.434331	0.500708	0.500000
6.444371	0.118398	0.512082	0.500000
1.524619	12.054123	0.597241	0.500000
7.045480	2.272040	0.506255	0.500000
4.573237	4.912707	0.579781	0.500000
8.805572	4.089530	0.576394	0.500000
1.079169	2.370450	0.522582	0.500000
5.702732	9.395013	0.588294	0.500000
5.303784	7.228052	0.502547	0.500000
3.757551	3.051643	0.505731	0.500000
9.038603	8.426967	0.540931	0.500000
2.957178	10.889578	0.541271	0.500000
7.807648	3.925458	0.583619	0.500000
8.060678	10.804534	0.568865	0.500000
9.683564	1.555536	0.579463	0.500000
12.431050	4.916436	0.511144	0.500000
9.376248	9.442764	0.568786	0.500000
0.467856	8.434694	0.599845	0.500000
5.259323	6.221216	0.562919	0.500000
3.876532	11.591700	0.577089	0.500000
7.154219	8.726263	0.518091	0.500000
3.888800	7.105238	0.513765	0.500000
7.451820	0.303071	0.513585	0.500000
8.894341	11.885796	0.572813	0.500000
10.547331	4.937404	0.585792	0.500000
0.471554	11.307829	0.574530	0.500000
1.308885	5.885810	0.567512	0.500000
1.182493	9.298717	0.564460	0.500000
12.426588	2.656244	0.508364	0.500000
6.616586	1.205622	0.514583	0.500000
3.915296	0.500959	0.587574	0.500000
0.585926	10.163585	0.505072	0.500000
1.606980	10.690156	0.585545	0.500000
10.754266	1.324240	0.586475	0.500000
4.735208	3.476965	0.580605	0.500000
11.551643	5.638857	0.509497	0.500000
2.894809	6.427762	0.545430	0.500000
7.152894	6.240446	0.581176	0.500000
7.186540	5.177832	0.590667	0.500000
8.394709	6.735791	0.576187	0.500000
8.213756	9.650435	0.509655	0.500000
0.408856	3.722400	0.565805	0.500000
5.638242	0.851474	0.572970	0.500000
7.055743	7.315940	0.501888	0.500000
4.531621	10.599047	0.537654	0.500000
2.785094	7.766585	0.574560	0.500000
10.763251	3.503837	0.581584	0.500000
9.343944	5.245239	0.570294	0.500000
2.211676	5.400144	0.583517	0.500000
9.202217	10.673016	0.564991	0.500000
5.855657	3.146755	0.569873	0.500000
10.020876	0.393487	0.517396	0.500000
9.638505	3.464094	0.548493	0.500000
11.860199	3.541780	0.557796	0.500000
0.412380	6.385156	0.549108	0.500000
11.184354	6.674197	0.529032	0.500000
2.950238	12.030298	0.555344	0.500000
5.163560	2.118431	0.517591	0.500000
9.422040	7.412257	0.548095	0.500000
8.220465	5.607627	0.540757	0.500000
2.529001	3.933715	0.560658	0.500000
6.243434	5.707538	0.522757	0.500000
2.164156	9.485910	0.513114	0.500000
4.700376	9.528707	0.563112	0.500000
2.179235	1.491034	0.594310	0.500000
3.714691	5.649569	0.599602	0.500000
8.012010	7.993447	0.555635	0.500000
6.391070	4.160906	0.566134	0.500000
11.719357	11.190212	0.576304	0.500000
3.156498	4.773253	0.564222	0.500000
5.036287	12.065597	0.590364	0.500000
0.000837	0.533087	0.503472	0.500000
12.387327	7.314387	0.535512	0.500000
10.267320	10.196879	0.551301	0.500000
3.173197	9.425912	0.506558	0.500000
6.770422	11.432755	0.553503	0.500000
6.724439	10.154129	0.577659	0.500000
0.677421	1.443208	0.571058	0.500000
