100

6.030041	9.624465	0.577792	0.500000
9.269529	11.315835	0.559216	0.500000
3.500587	9.983453	0.501771	0.500000
4.124664	8.654530	0.564666	0.500000
8.687517	10.461009	0.542206	0.500000
0.923417	11.860071	0.504329	0.500000
11.524655	2.011045	0.543974	0.500000
3.197842	6.124496	0.555619	0.500000
3.672906	7.713525	0.554853	0.500000
10.944675	10.109521	0.530926	0.500000
7.106349	8.773917	0.560577	0.500000
0.076645	12.585525	0.557869	0.500000
0.597890	10.123563	0.597825	0.500000
2.714198	2.721595	0.502740	0.500000
7.135208	1.252104	0.566071	0.500000
1.360265	5.989550	0.507951	0.500000
5.098033	2.143215	0.540331	0.500000
4.110275	6.707013	0.558619	0.500000
5.158747	11.671198	0.561120	0.500000
7.087797	5.227228	0.507279	0.500000
5.116184	8.325585	0.536487	0.500000
1.433533	10.881743	0.521297	0.500000
5.491811	6.074411	0.505644	0.500000
11.256177	0.749421	0.501877	0.500000
7.693232	7.945284	0.573274	0.500000
7.571957	11.336791	0.523427	0.500000
4.216904	1.581289	0.500511	0.500000
8.492906	8.765196	0.570005	0.500000
0.461066	8.472727	0.595771	0.500000
3.679778	11.887936	0.508077	0.500000
8.931933	7.376422	0.508698	0.500000
6.205467	2.709674	0.542538	0.500000
2.967066	0.072633	0.577972	0.500000
8.556361	12.059742	0.595767	0.500000
8.141366	1.638030	0.598049	0.500000
7.108218	9.806772	0.550668	0.500000
11.877116	9.556925	0.535208	0.500000
10.828663	5.511977	0.576522	0.500000
2.607084	10.661066	0.570058	0.500000
5.005007	9.586321	0.535262	0.500000
9.142490	3.741754	0.570374	0.500000
10.914909	3.274160	0.570619	0.500000
11.956435	5.120205	0.524865	0.500000
10.753829	6.920489	0.596730	0.500000
7.786704	3.731130	0.560294	0.500000
10.285817	12.225726	0.577351	0.500000
10.439433	9.188207	0.547574	0.500000
7.015886	7.209666	0.531613	0.500000
1.702738	8.656197	0.507054	0.500000
9.377800	0.120970	0.516874	0.500000
1.144315	3.917891	0.589168	0.500000
9.711076	9.994092	0.597145	0.500000
2.253954	11.650577	0.567418	0.500000
4.960240	0.512919	0.597356	0.500000
3.798005	3.924501	0.542698	0.500000
4.737313	3.472669	0.564299	0.500000
5.290705	4.337856	0.552198	0.500000
2.226487	1.463529	0.550563	0.500000
7.385617	12.475655	0.554547	0.500000
6.678979	6.166047	0.599679	0.500000
9.707794	6.691933	0.505742	0.500000
12.589632	4.252721	0.545011	0.500000
10.297268	4.611250	0.520563	0.500000
12.229488	7.268310	0.510667	0.500000
8.642995	5.362575	0.518516	0.500000
9.699742	5.424855	0.557209	0.500000
6.500573	3.882043	0.595010	0.500000
10.111716	2.269138	0.517436	0.500000
0.123997	2.124115	0.584226	0.500000
11.257437	4.278929	0.524725	0.500000
0.894442	5.077956	0.520071	0.500000
1.330069	7.308832	0.520777	0.500000
12.055624	3.282656	0.548929	0.500000
11.799522	6.305698	0.531981	0.500000
8.855801	2.411932	0.569964	0.500000
6.162553	1.498448	0.596898	0.500000
2.496110	6.837189	0.559975	0.500000
4.282312	10.708462	0.515744	0.500000
1.754370	9.883606	0.545832	0.500000
11.630827	12.229588	0.545715	0.500000
2.875384	8.791165	0.581946	0.500000
7.790134	2.653197	0.562824	0.500000
11.680702	11.161805	0.527362	0.500000
6.398219	0.402120	0.564655	0.500000
2.237434	5.082830	0.547765	0.500000
6.078031	10.856981	0.519792	0.500000
0.211381	11.110006	0.545616	0.500000
3.549618	5.117868	0.541501	0.500000
10.309034	7.886600	0.511313	0.500000
6.034448	7.651100	0.565788	0.500000
9.375568	1.468298	0.532617	0.500000
1.952846	0.467858	0.595664	0.500000
7.716605	6.072921	0.519210	0.500000
10.188794	10.887550	0.517290	0.500000
4.904716	7.315616	0.542038	0.500000
0.852437	0.995806	0.574503	0.500000
0.276076	6.200141	0.507630	0.500000
3.808375	2.748386	0.516358	0.500000
3.195088	1.084478	0.568401	0.500000
11.829440	8.326478	0.528754	0.500000
