100

8.313325	9.512516	0.516377	0.500000
11.094305	11.339555	0.586599	0.500000
2.151393	9.433670	0.543279	0.500000
10.911613	4.775976	0.537962	0.500000
11.367889	8.897405	0.565006	0.500000
2.255040	1.896330	0.561435	0.500000
10.336474	12.142874	0.548376	0.500000
4.568679	1.558378	0.522160	0.500000
2.800466	8.483296	0.587200	0.500000
9.624034	11.152047	0.589118	0.500000
3.249380	6.347650	0.565443	0.500000
1.334380	2.840230	0.526934	0.500000
11.499182	10.239185	0.572952	0.500000
4.447668	5.877529	0.536526	0.500000
3.784046	9.179333	0.562747	0.500000
1.037695	6.499176	0.578383	0.500000
0.204566	3.094580	0.579426	0.500000
5.644597	8.589009	0.538649	0.500000
3.876109	10.840428	0.508516	0.500000
4.693089	4.843433	0.591584	0.500000
7.637869	11.735766	0.525909	0.500000
12.124836	11.561336	0.537913	0.500000
3.230869	1.019338	0.514516	0.500000
4.743605	11.461859	0.519559	0.500000
3.045525	10.259362	0.503382	0.500000
11.437522	1.681174	0.566062	0.500000
4.095846	3.896735	0.562851	0.500000
10.317410	7.478172	0.562501	0.500000
2.612467	5.566156	0.513182	0.500000
3.572129	12.139293	0.597793	0.500000
6.018675	4.542263	0.519548	0.500000
8.035542	4.527101	0.541788	0.500000
5.550781	1.324326	0.540962	0.500000
5.224140	3.488394	0.538305	0.500000
7.671657	0.254844	0.525299	0.500000
7.768051	10.579941	0.555157	0.500000
10.814939	0.451033	0.557831	0.500000
9.409923	6.565813	0.573485	0.500000
11.390574	6.810177	0.552567	0.500000
8.631398	11.372102	0.564471	0.500000
7.621748	5.527087	0.521379	0.500000
8.345959	2.903350	0.593649	0.500000
2.055397	7.571309	0.548202	0.500000
7.280855	8.519433	0.514054	0.500000
8.845771	0.997428	0.584147	0.500000
2.020501	0.770745	0.536583	0.500000
8.396408	6.174047	0.527288	0.500000
11.534362	7.809670	0.575137	0.500000
0.624331	5.420618	0.508109	0.500000
10.235539	4.036228	0.525443	0.500000
0.032477	4.433069	0.551780	0.500000
4.414150	8.322982	0.517993	0.500000
2.407220	12.393713	0.578101	0.500000
0.735380	10.746644	0.518548	0.500000
3.689882	2.332072	0.567916	0.500000
1.625578	5.330153	0.596941	0.500000
4.413509	0.485969	0.568959	0.500000
11.895463	3.667251	0.525072	0.500000
5.158857	10.548559	0.544864	0.500000
5.750177	5.623489	0.508782	0.500000
8.944790	7.527524	0.558968	0.500000
7.641744	7.162695	0.508644	0.500000
11.905992	0.053597	0.560201	0.500000
2.116331	6.472854	0.540741	0.500000
6.963823	4.155887	0.568430	0.500000
8.815292	5.224364	0.580166	0.500000
6.248815	7.721686	0.548674	0.500000
1.037644	1.529459	0.578654	0.500000
10.854800	2.867740	0.530651	0.500000
6.638566	3.098393	0.563417	0.500000
1.646528	8.491751	0.567200	0.500000
12.559321	6.504861	0.591131	0.500000
9.151959	4.233712	0.520300	0.500000
9.865730	10.139953	0.537292	0.500000
9.645060	2.061541	0.543028	0.500000
9.643289	3.063327	0.565030	0.500000
9.929554	5.522963	0.534851	0.500000
2.786218	11.348529	0.577402	0.500000
2.571616	2.888758	0.558345	0.500000
7.165011	1.879992	0.578490	0.500000
1.249170	4.198580	0.570999	0.500000
5.976031	2.295941	0.525158	0.500000
9.877300	0.886095	0.554727	0.500000
5.431938	7.118504	0.556566	0.500000
12.393521	8.913419	0.526810	0.500000
6.502493	6.607239	0.513115	0.500000
0.811814	0.052907	0.540015	0.500000
4.318530	7.003117	0.580083	0.500000
9.306329	8.565209	0.580599	0.500000
1.858434	10.631759	0.576083	0.500000
11.844660	2.657625	0.518701	0.500000
2.900741	4.338082	0.532142	0.500000
3.233980	7.418206	0.568862	0.500000
0.901186	9.708531	0.521545	0.500000
3.678057	5.214751	0.522876	0.500000
6.128219	11.780488	0.596155	0.500000
0.331228	7.495739	0.548667	0.500000
6.628852	0.623794	0.588490	0.500000
5.345948	12.421013	0.514280	0.500000
8.607423	12.480963	0.501446	0.500000
