100

6.708521	4.272710	0.517172	0.500000
1.975939	2.459350	0.542860	0.500000
12.506218	0.823627	0.584307	0.500000
12.163274	3.761342	0.582910	0.500000
11.043982	11.872518	0.534163	0.500000
6.391680	9.191269	0.598944	0.500000
11.135270	0.354008	0.508626	0.500000
6.590362	2.258844	0.528333	0.500000
0.654505	9.773341	0.596631	0.500000
7.689871	2.443845	0.500815	0.500000
5.232371	2.389250	0.580762	0.500000
3.847607	11.416798	0.569641	0.500000
9.367801	2.713868	0.502251	0.500000
0.711800	1.533468	0.548526	0.500000
0.887089	0.274756	0.574051	0.500000
11.348501	2.876536	0.578217	0.500000
6.887993	3.248601	0.517519	0.500000
7.981918	6.625491	0.593953	0.500000
2.147799	7.771020	0.598804	0.500000
10.655077	10.707757	0.529512	0.500000
12.061262	12.422323	0.573938	0.500000
9.955325	0.709931	0.593269	0.500000
11.075609	4.162477	0.562516	0.500000
3.621317	10.345709	0.577328	0.500000
0.373974	11.831548	0.540568	0.500000
5.711873	7.434053	0.578363	0.500000
10.005664	3.796979	0.599154	0.500000
8.858969	1.206300	0.571270	0.500000
2.018038	4.586168	0.534261	0.500000
7.322219	9.757946	0.502860	0.500000
6.832842	8.081811	0.502867	0.500000
3.393708	6.187988	0.505459	0.500000
10.374265	9.392174	0.579089	0.500000
7.726540	11.613381	0.532658	0.500000
7.568261	1.400972	0.512188	0.500000
9.922887	12.191547	0.521994	0.500000
2.505119	6.829748	0.581787	0.500000
3.976913	5.306649	0.541541	0.500000
9.727243	1.707996	0.509840	0.500000
11.947931	9.485618	0.593561	0.500000
0.843954	3.749836	0.538377	0.500000
11.870867	11.281123	0.562835	0.500000
6.520667	10.634186	0.588948	0.500000
2.107680	3.474956	0.559957	0.500000
6.683075	12.479684	0.598125	0.500000
0.003776	7.133679	0.511383	0.500000
5.325499	3.696816	0.573283	0.500000
4.205626	2.185087	0.540337	0.500000
3.459868	1.442854	0.581657	0.500000
0.586371	8.123723	0.515633	0.500000
0.917917	2.517224	0.508128	0.500000
3.494989	12.591327	0.510817	0.500000
1.667139	10.013052	0.526286	0.500000
12.425520	2.217693	0.579370	0.500000
3.652362	8.217114	0.521627	0.500000
7.823001	4.414190	0.565093	0.500000
11.136546	6.917635	0.598660	0.500000
8.970003	4.763737	0.537546	0.500000
9.653195	11.161993	0.573407	0.500000
5.301934	4.803840	0.578570	0.500000
9.501766	6.956745	0.512819	0.500000
8.227514	10.416921	0.570185	0.500000
6.113037	5.474737	0.521606	0.500000
1.539677	11.420340	0.583874	0.500000
4.986928	8.517912	0.541381	0.500000
8.933893	8.841209	0.535611	0.500000
7.733845	8.695786	0.555427	0.500000
1.735112	6.123434	0.551374	0.500000
4.934145	9.989410	0.550251	0.500000
1.807885	0.963576	0.568170	0.500000
7.395857	5.765950	0.512694	0.500000
4.925913	5.745799	0.567212	0.500000
1.819782	8.955083	0.595438	0.500000
10.310901	5.891039	0.594738	0.500000
8.418886	5.645408	0.504060	0.500000
4.951176	6.778731	0.578389	0.500000
6.436615	1.083822	0.525743	0.500000
4.818449	12.169479	0.500786	0.500000
8.836544	11.737190	0.511146	0.500000
4.721723	1.020471	0.560841	0.500000
5.595765	0.349253	0.561539	0.500000
9.691617	10.133541	0.528767	0.500000
1.076256	7.253809	0.583787	0.500000
0.618727	4.809436	0.560014	0.500000
3.895951	9.319095	0.571883	0.500000
3.771991	7.134321	0.506148	0.500000
2.842453	9.282006	0.595358	0.500000
10.708839	7.959153	0.503074	0.500000
8.619377	7.877542	0.543910	0.500000
3.346197	3.874606	0.553508	0.500000
4.366018	4.317735	0.551535	0.500000
11.599405	8.437773	0.575024	0.500000
0.062146	6.125534	0.561498	0.500000
5.149659	11.187264	0.538365	0.500000
6.703298	6.739195	0.520699	0.500000
8.022680	3.420407	0.542550	0.500000
2.724035	10.881727	0.512919	0.500000
7.667016	0.214587	0.503503	0.500000
11.096404	1.796713	0.553980	0.500000
11.750408	5.238770	0.535569	0.500000
