100

7.661935	7.670982	0.980080	0.500000
10.177899	1.601039	0.531345	0.500000
3.058600	7.067380	0.915183	0.500000
1.965297	10.173871	0.609590	0.500000
7.031366	5.774542	0.506076	0.500000
2.708582	3.671200	0.932679	0.500000
7.779661	8.642397	0.521880	0.500000
7.111170	1.812344	0.566981	0.500000
2.530209	9.142810	0.808610	0.500000
5.641630	8.439220	0.597254	0.500000
5.268589	5.648804	0.875965	0.500000
8.449807	7.072795	0.604424	0.500000
9.373652	3.462537	0.705866	0.500000
1.073360	0.895794	0.767502	0.500000
9.274171	2.098813	0.532017	0.500000
3.996698	7.500400	0.687565	0.500000
6.427480	7.570391	0.832324	0.500000
2.078497	0.626221	0.987282	0.500000
9.557603	10.040053	0.776295	0.500000
5.259788	2.322399	0.899682	0.500000
0.344672	5.823600	0.968389	0.500000
0.458627	1.921478	0.981090	0.500000
0.278276	8.538576	0.595478	0.500000
1.994439	5.496490	0.571699	0.500000
3.178419	2.603242	0.507222	0.500000
6.266239	6.416686	0.647805	0.500000
5.757196	9.610081	0.995594	0.500000
3.762418	9.377902	0.630873	0.500000
6.543841	8.790947	0.849343	0.500000
9.842514	8.966904	0.534439	0.500000
4.637387	6.645574	0.616586	0.500000
4.440561	4.475974	0.843862	0.500000
0.319948	4.409904	0.540179	0.500000
4.904253	9.290811	0.546658	0.500000
6.307613	2.586522	0.528526	0.500000
10.457402	7.673878	0.682543	0.500000
3.647585	3.888101	0.579940	0.500000
1.279269	6.331832	0.809175	0.500000
4.271088	0.658124	0.678678	0.500000
1.973055	7.258324	0.897221	0.500000
8.146871	2.167916	0.516161	0.500000
0.538181	6.987711	0.983905	0.500000
7.039516	9.665968	0.880185	0.500000
1.209783	4.801572	0.820454	0.500000
9.090287	5.202119	0.958505	0.500000
5.423584	4.465382	0.580370	0.500000
4.235776	10.394222	0.876277	0.500000
1.789898	1.679557	0.660521	0.500000
8.871839	9.156870	0.823906	0.500000
8.774696	1.194317	0.814790	0.500000
10.525154	10.620871	0.900744	0.500000
10.405208	5.251418	0.536005	0.500000
6.363676	5.163464	0.972645	0.500000
0.971024	7.800934	0.506163	0.500000
4.088281	2.822183	0.915429	0.500000
10.651413	9.622581	0.850464	0.500000
7.106292	3.378137	0.797485	0.500000
8.657391	10.693200	0.554174	0.500000
5.003832	3.391581	0.524318	0.500000
10.516595	2.597571	0.775246	0.500000
7.916913	5.298111	0.500313	0.500000
4.173080	1.825213	0.600633	0.500000
8.418412	4.428494	0.601731	0.500000
6.214826	10.396499	0.520031	0.500000
4.272782	5.504365	0.747990	0.500000
8.041900	9.792869	0.872961	0.500000
9.745771	4.455038	0.683010	0.500000
1.069303	2.813803	0.852447	0.500000
2.366536	4.568881	0.637721	0.500000
6.371173	0.649540	0.664295	0.500000
9.581355	0.311541	0.768474	0.500000
8.173689	3.475242	0.865519	0.500000
8.639091	6.036746	0.579477	0.500000
2.084134	8.226836	0.546028	0.500000
8.784098	8.053397	0.671562	0.500000
7.307121	6.740205	0.883616	0.500000
2.869464	1.686950	0.945468	0.500000
9.481770	7.211561	0.842247	0.500000
7.772213	0.797114	0.581950	0.500000
0.025897	0.835425	0.939892	0.500000
7.473466	10.674782	0.874631	0.500000
5.391150	7.471635	0.759357	0.500000
2.903382	10.184515	0.999158	0.500000
5.390019	0.200735	0.652018	0.500000
4.571483	8.359902	0.833047	0.500000
3.159214	5.898001	0.627388	0.500000
3.385192	4.812981	0.988792	0.500000
10.479506	6.551455	0.519837	0.500000
6.086575	1.645153	0.851770	0.500000
9.801937	5.969003	0.984939	0.500000
3.528195	8.378019	0.512973	0.500000
5.126943	1.185335	0.916761	0.500000
6.160044	3.688797	0.509422	0.500000
0.018313	3.563595	0.992913	0.500000
3.035284	0.708201	0.549798	0.500000
7.146159	4.407391	0.783925	0.500000
1.702747	3.613067	0.952149	0.500000
2.091469	2.667033	0.939191	0.500000
0.904549	10.356564	0.739252	0.500000
1.468632	9.021739	0.825482	0.500000
