100

10.743796	4.677174	0.505290	0.500000
9.491983	4.943263	0.793303	0.500000
4.881972	8.173633	0.563268	0.500000
1.565427	7.339066	0.637725	0.500000
2.768270	2.595440	0.505012	0.500000
5.566270	6.225496	0.825134	0.500000
8.728682	1.615554	0.968583	0.500000
7.341719	7.899866	0.669721	0.500000
0.369588	10.173153	0.751471	0.500000
8.262429	8.810169	0.997162	0.500000
5.987912	9.752267	0.913974	0.500000
2.107134	6.372466	0.887185	0.500000
3.257452	0.493406	0.651931	0.500000
0.178785	3.620953	0.573765	0.500000
6.598108	3.870353	0.832724	0.500000
6.475351	7.426593	0.938162	0.500000
10.640735	8.517548	0.653850	0.500000
5.893939	1.953722	0.957899	0.500000
10.213654	2.023225	0.863310	0.500000
7.121184	2.378130	0.804130	0.500000
0.277890	1.472105	0.617564	0.500000
6.989638	10.168256	0.978232	0.500000
8.418653	7.857360	0.548880	0.500000
0.163294	0.373243	0.669384	0.500000
4.419129	4.201095	0.838861	0.500000
7.297810	5.098210	0.512043	0.500000
3.371224	10.291041	0.748574	0.500000
5.592066	0.985452	0.941481	0.500000
2.272405	10.555051	0.987524	0.500000
5.147123	9.382084	0.509834	0.500000
4.145917	1.114574	0.569378	0.500000
1.599692	5.449018	0.607789	0.500000
7.662818	0.259368	0.976939	0.500000
8.717163	6.711977	0.915167	0.500000
9.616835	6.125912	0.573958	0.500000
10.144584	9.677297	0.987704	0.500000
7.900071	10.067079	0.505023	0.500000
7.593960	4.241937	0.980132	0.500000
5.608586	4.192141	0.669168	0.500000
3.929869	9.051133	0.898150	0.500000
3.861670	2.387917	0.568109	0.500000
0.986868	4.421279	0.587363	0.500000
9.231449	9.308465	0.732099	0.500000
2.993924	1.504322	0.526772	0.500000
9.383089	8.299458	0.823602	0.500000
1.087613	6.378614	0.618420	0.500000
6.778076	1.250761	0.830928	0.500000
4.322319	10.053353	0.548998	0.500000
10.050845	0.941117	0.614074	0.500000
5.085707	5.383361	0.508624	0.500000
6.908737	9.188979	0.647018	0.500000
3.619588	4.816418	0.900991	0.500000
0.652574	5.378660	0.967270	0.500000
7.815981	1.252722	0.614074	0.500000
2.496280	3.775499	0.567208	0.500000
5.948220	2.862515	0.514094	0.500000
4.754209	0.291757	0.741424	0.500000
9.876228	3.994610	0.639266	0.500000
0.357368	7.527646	0.673183	0.500000
2.270443	0.775622	0.859358	0.500000
6.267609	5.469396	0.759518	0.500000
4.334050	6.870873	0.873383	0.500000
8.704015	5.570385	0.833553	0.500000
2.976579	7.587668	0.923309	0.500000
9.804105	7.177861	0.965302	0.500000
6.104353	10.749082	0.838076	0.500000
8.523542	4.444144	0.556195	0.500000
4.775160	2.998816	0.637443	0.500000
1.393292	10.033812	0.872358	0.500000
9.284192	2.350472	0.562947	0.500000
1.927335	4.510135	0.961828	0.500000
7.714636	3.349472	0.513185	0.500000
10.387077	5.550793	0.872044	0.500000
1.826383	8.945580	0.502475	0.500000
5.483957	7.310128	0.676053	0.500000
8.940475	0.544451	0.611039	0.500000
5.876341	8.446970	0.889417	0.500000
7.745847	6.956258	0.511771	0.500000
1.702152	2.247791	0.592689	0.500000
9.716739	10.461020	0.500377	0.500000
7.820121	6.049835	0.959124	0.500000
1.435521	3.495951	0.685438	0.500000
8.185044	2.563233	0.993454	0.500000
4.955407	1.886826	0.541157	0.500000
3.069746	6.156755	0.532589	0.500000
0.689568	9.232433	0.943949	0.500000
3.495310	3.307281	0.956495	0.500000
4.178899	5.813191	0.914846	0.500000
2.835773	9.468461	0.539726	0.500000
0.378414	2.402321	0.976091	0.500000
1.014282	8.256480	0.912228	0.500000
8.812054	3.556491	0.959414	0.500000
2.605266	5.220809	0.692042	0.500000
0.035534	6.486223	0.598696	0.500000
1.213265	0.198234	0.551558	0.500000
6.720114	6.391232	0.938238	0.500000
3.823991	8.077360	0.637235	0.500000
1.327431	1.320233	0.542833	0.500000
8.805940	10.224668	0.926519	0.500000
10.032097	3.023104	0.906786	0.500000
