100

8.456817	6.961018	0.977834	0.500000
10.052735	2.441437	0.914035	0.500000
4.437814	6.739851	0.705048	0.500000
0.952462	1.384368	0.697339	0.500000
5.586492	6.532584	0.563538	0.500000
0.341828	6.076638	0.802432	0.500000
9.974007	9.482758	0.950967	0.500000
5.776528	9.690404	0.639372	0.500000
0.185147	0.728478	0.679284	0.500000
7.911711	10.561204	0.878470	0.500000
5.494972	8.480189	0.802969	0.500000
0.905948	5.189068	0.827005	0.500000
0.298544	2.157114	0.633101	0.500000
10.302800	1.470475	0.626410	0.500000
9.480861	3.304342	0.703479	0.500000
6.267271	5.864053	0.925247	0.500000
3.376890	4.756141	0.823643	0.500000
5.045639	10.681373	0.550306	0.500000
9.091103	2.096142	0.603616	0.500000
8.936611	4.234766	0.984468	0.500000
0.969068	8.803531	0.892071	0.500000
3.734016	0.384064	0.566135	0.500000
6.435562	6.940437	0.972649	0.500000
9.139250	8.893531	0.904807	0.500000
4.345443	5.062859	0.657605	0.500000
9.457666	6.847064	0.808424	0.500000
2.574947	9.060307	0.570442	0.500000
3.572862	9.140981	0.964624	0.500000
8.394983	8.098050	0.614843	0.500000
7.112001	1.464897	0.820760	0.500000
3.127100	8.076317	0.502098	0.500000
3.616222	5.772979	0.599485	0.500000
8.078019	2.184438	0.521845	0.500000
6.958068	10.196762	0.654153	0.500000
4.800764	9.468331	0.710493	0.500000
0.119979	9.426568	0.518680	0.500000
5.960348	0.910103	0.803401	0.500000
9.959220	4.373889	0.505832	0.500000
2.423508	0.304664	0.574031	0.500000
1.880877	8.311025	0.759380	0.500000
5.676609	2.923498	0.588564	0.500000
1.635012	5.999994	0.918338	0.500000
6.971150	0.435463	0.737156	0.500000
1.271445	2.384933	0.942481	0.500000
2.595086	2.313230	0.509852	0.500000
8.762718	0.400949	0.685596	0.500000
0.711741	3.754147	0.849573	0.500000
2.088327	1.242684	0.940403	0.500000
9.002119	10.099962	0.916361	0.500000
4.899906	4.171676	0.609765	0.500000
7.483672	3.334395	0.958353	0.500000
1.582928	4.306729	0.522810	0.500000
8.366651	5.942271	0.821536	0.500000
9.758051	10.758198	0.645860	0.500000
5.453267	5.061020	0.554984	0.500000
10.568075	8.482586	0.876365	0.500000
6.145048	1.928396	0.530800	0.500000
7.882936	0.800155	0.971736	0.500000
3.451740	3.283184	0.996602	0.500000
4.753005	3.202295	0.908982	0.500000
7.339435	7.616891	0.890679	0.500000
4.382377	8.517896	0.847973	0.500000
7.471556	6.496040	0.565242	0.500000
2.616702	6.562798	0.861026	0.500000
2.639897	5.475115	0.949240	0.500000
8.476764	3.127417	0.727542	0.500000
10.042320	5.525079	0.865318	0.500000
4.174132	2.304509	0.978733	0.500000
0.736282	7.569859	0.581958	0.500000
5.102794	1.995597	0.595770	0.500000
10.704334	3.203010	0.512095	0.500000
8.128166	4.894586	0.919007	0.500000
9.114385	5.141131	0.506279	0.500000
9.682361	8.011444	0.782081	0.500000
6.459165	4.827990	0.941713	0.500000
6.730275	9.035077	0.818682	0.500000
2.129743	9.855767	0.989973	0.500000
6.134034	10.695150	0.934856	0.500000
3.081418	1.399493	0.948925	0.500000
1.040701	0.107565	0.845178	0.500000
6.964898	2.519930	0.535923	0.500000
1.250344	9.872172	0.510907	0.500000
8.106041	9.180948	0.630173	0.500000
3.087554	10.125961	0.657126	0.500000
5.169589	7.378059	0.993919	0.500000
10.463217	6.895709	0.821482	0.500000
6.447870	3.698246	0.758768	0.500000
1.755733	7.191251	0.537635	0.500000
4.862809	0.887843	0.973424	0.500000
1.930663	3.111500	0.535624	0.500000
3.514643	7.089784	0.908663	0.500000
7.322067	4.296902	0.637793	0.500000
6.289577	7.840029	0.554237	0.500000
2.556313	3.994675	0.922467	0.500000
4.101224	10.243403	0.893182	0.500000
7.347998	5.379652	0.505121	0.500000
4.943748	5.827119	0.965104	0.500000
3.984954	1.368340	0.517819	0.500000
9.393991	1.149167	0.996483	0.500000
10.716948	10.376605	0.954929	0.500000
