400

6.816714	8.989414	3.114528	0.500000
1.068229	8.356329	0.557278	0.500000
3.870837	3.305133	3.972267	0.500000
3.940788	4.898428	0.531730	0.500000
9.379796	1.617185	0.510031	0.500000
4.882076	0.306316	3.995084	0.500000
6.227618	9.068816	0.662566	0.500000
7.809600	0.052353	0.620727	0.500000
9.539783	6.869488	1.344107	0.500000
8.361580	7.350221	1.244607	0.500000
9.298981	7.610971	2.074301	0.500000
1.390831	0.240328	1.354064	0.500000
2.051806	0.690494	3.998069	0.500000
4.363839	0.914362	3.350161	0.500000
9.153204	4.383499	0.895426	0.500000
6.535240	1.806827	2.496651	0.500000
9.504222	3.521448	0.512652	0.500000
7.240239	1.990753	3.988660	0.500000
3.208216	0.872892	3.819465	0.500000
2.788312	4.715558	2.924841	0.500000
1.399743	3.198733	2.555405	0.500000
1.795974	4.800564	3.263012	0.500000
4.777767	8.650443	2.912972	0.500000
0.969336	2.525068	3.903674	0.500000
4.736239	1.854588	0.526277	0.500000
0.840642	0.745146	2.079807	0.500000
9.832578	2.235278	3.028043	0.500000
8.762908	2.236140	2.335779	0.500000
10.105481	9.362903	0.734634	0.500000
8.287507	9.176699	2.325748	0.500000
8.538243	1.391417	3.006206	0.500000
0.545168	4.637639	1.585451	0.500000
4.116620	3.558562	1.511264	0.500000
3.876417	0.138251	3.981172	0.500000
0.265434	1.651662	0.772619	0.500000
4.448336	2.121972	1.454014	0.500000
3.629637	1.898132	0.713112	0.500000
7.115156	2.991698	1.408493	0.500000
7.848241	9.258628	1.407193	0.500000
5.597921	5.525203	1.415317	0.500000
4.215915	9.830425	2.234862	0.500000
2.158862	7.821670	2.178291	0.500000
2.638157	1.645081	1.146604	0.500000
0.386782	1.648587	2.018836	0.500000
5.669127	3.515335	0.606259	0.500000
6.800469	0.776895	0.656678	0.500000
2.528832	3.470057	1.613497	0.500000
8.788024	6.169557	1.433911	0.500000
6.496545	7.805306	2.021718	0.500000
4.619771	7.775445	2.357281	0.500000
6.698373	6.506661	0.604685	0.500000
1.816732	6.248182	1.878747	0.500000
5.334395	4.985707	0.512338	0.500000
3.822021	7.900658	2.955748	0.500000
4.561167	2.877201	0.675459	0.500000
2.969654	6.193640	1.447711	0.500000
4.153247	5.975560	0.676781	0.500000
8.203087	4.484127	0.506506	0.500000
6.858924	8.556236	1.268931	0.500000
6.920284	6.236158	3.003148	0.500000
2.753298	3.481081	0.598048	0.500000
6.126299	5.611555	0.533881	0.500000
4.785526	2.324198	3.039716	0.500000
3.035062	6.358746	3.015601	0.500000
6.542407	4.496048	0.571203	0.500000
4.524329	7.056020	0.590557	0.500000
2.769665	7.920452	3.952879	0.500000
4.031210	6.922860	2.764808	0.500000
8.800339	6.745580	2.257550	0.500000
8.689511	6.638682	0.510354	0.500000
3.458137	6.738214	0.595934	0.500000
0.177986	5.691090	1.504238	0.500000
10.122915	3.359574	1.299469	0.500000
4.214455	7.838505	1.189940	0.500000
3.791846	0.711981	2.471255	0.500000
5.308477	9.566667	0.582913	0.500000
9.048110	3.378293	1.432095	0.500000
10.020753	7.272691	0.531579	0.500000
8.064141	5.477649	1.566971	0.500000
6.948344	5.785734	1.480353	0.500000
0.430595	6.094830	0.563349	0.500000
7.880336	6.566502	1.862314	0.500000
1.936870	0.917482	2.186196	0.500000
0.168938	7.346857	2.328732	0.500000
3.413015	8.238588	0.559030	0.500000
4.815282	8.674398	1.422612	0.500000
4.911925	8.222587	0.530256	0.500000
9.788987	4.015060	2.768966	0.500000
8.902119	10.032131	2.213423	0.500000
0.859849	6.108960	2.194358	0.500000
2.174788	0.737843	0.571349	0.500000
0.312840	10.164604	1.207917	0.500000
7.449828	9.710444	2.483859	0.500000
2.071148	9.899242	0.676293	0.500000
9.332324	9.552458	3.080465	0.500000
4.806970	0.511118	2.526110	0.500000
5.105899	0.531884	0.527141	0.500000
5.874194	1.326178	0.525102	0.500000
0.778887	9.711818	2.172399	0.500000
0.973287	4.797205	0.560164	0.500000
10.161588	5.239115	3.961683	0.500000
0.715449	7.602734	3.129755	0.500000
10.076905	8.317884	0.844158	0.500000
6.239492	7.129904	2.742313	0.500000
6.778920	1.891072	0.584482	0.500000
2.455144	9.384141	2.981670	0.500000
9.544411	10.127633	3.925980	0.500000
3.151167	8.907360	3.990497	0.500000
5.649811	0.998081	2.203097	0.500000
1.871568	7.231028	1.302648	0.500000
2.386726	6.433927	0.616835	0.500000
4.263062	10.044919	0.537022	0.500000
3.210923	9.967565	0.591883	0.500000
2.686004	9.638118	1.448611	0.500000
7.360756	2.364574	2.407593	0.500000
5.714042	3.692502	2.184339	0.500000
1.180436	5.510631	1.318718	0.500000
5.043221	3.115706	1.689971	0.500000
3.171609	0.882499	0.501919	0.500000
1.259236	10.017338	3.047858	0.500000
0.660886	3.214917	0.543385	0.500000
8.607039	5.400605	0.600098	0.500000
2.841002	1.048972	2.601275	0.500000
1.762787	2.859763	0.512433	0.500000
9.499312	1.537262	2.352517	0.500000
7.366718	8.427434	2.197618	0.500000
9.346008	5.268954	1.324358	0.500000
7.797477	6.079084	0.801479	0.500000
3.075033	5.648722	0.608278	0.500000
9.426102	4.977990	3.069687	0.500000
3.304209	7.937534	2.025091	0.500000
0.890122	0.299593	3.904150	0.500000
0.394377	3.249750	3.069505	0.500000
6.899382	0.560949	2.111275	0.500000
1.490227	3.567130	1.624901	0.500000
8.123780	2.816708	1.503832	0.500000
7.580854	7.117617	0.514331	0.500000
9.913343	2.585543	0.507604	0.500000
7.625917	5.763505	2.474500	0.500000
9.912327	0.180944	2.110529	0.500000
9.687392	3.100280	2.307011	0.500000
3.847679	5.982811	2.364184	0.500000
4.715777	4.144027	0.864781	0.500000
8.386892	3.421940	0.563301	0.500000
0.494764	4.776623	2.915086	0.500000
8.328266	1.576804	0.503265	0.500000
9.764050	0.494679	0.611752	0.500000
5.825174	7.925544	0.836328	0.500000
6.070795	3.088319	1.456402	0.500000
1.108658	5.618909	3.036473	0.500000
2.510277	4.474840	1.900890	0.500000
3.699709	1.670729	2.802294	0.500000
2.724688	2.472734	0.556725	0.500000
0.538184	6.599542	3.012005	0.500000
5.655767	2.099957	2.075063	0.500000
4.588913	4.169803	3.853928	0.500000
1.032981	0.742845	0.566397	0.500000
2.462151	4.614909	0.623647	0.500000
6.620847	5.767889	3.846539	0.500000
7.422132	3.764693	0.603046	0.500000
0.531536	3.691321	2.068033	0.500000
7.465724	7.268463	2.496832	0.500000
3.636613	4.639089	2.379658	0.500000
9.754042	2.352246	1.488293	0.500000
6.794288	7.951340	2.975103	0.500000
5.815405	9.651277	1.557558	0.500000
6.609847	9.171799	2.032971	0.500000
7.639772	1.039926	1.156126	0.500000
8.940324	9.252103	1.430232	0.500000
1.036846	9.007279	3.268791	0.500000
10.151564	6.281175	3.860968	0.500000
1.682381	4.534813	1.340156	0.500000
1.667024	1.766416	0.544056	0.500000
9.928546	5.096561	2.199800	0.500000
1.442556	3.875017	0.519300	0.500000
5.427706	6.877455	3.873664	0.500000
5.150665	6.005820	2.344767	0.500000
4.061190	8.639077	2.191799	0.500000
8.842417	5.621908	3.948689	0.500000
1.040883	4.294224	3.785184	0.500000
1.022955	9.363697	0.559773	0.500000
1.411145	1.826842	2.247949	0.500000
6.339295	0.174599	3.989345	0.500000
3.020099	10.137724	2.260004	0.500000
5.839516	9.171955	2.968755	0.500000
4.217186	8.959452	0.568824	0.500000
4.930767	7.633319	3.403884	0.500000
2.100825	8.015189	0.511346	0.500000
8.133731	0.180754	1.648493	0.500000
5.242234	6.998916	2.487829	0.500000
0.634076	8.817021	1.373155	0.500000
0.084285	10.037455	3.001174	0.500000
0.127899	0.956781	3.961073	0.500000
7.266733	7.381802	3.663772	0.500000
2.794968	7.446150	0.958404	0.500000
4.569952	9.715588	3.172357	0.500000
6.841931	9.895058	1.378058	0.500000
4.636303	1.602479	2.358913	0.500000
9.062079	7.613207	0.523110	0.500000
7.257394	9.364028	0.581343	0.500000
0.505397	7.829100	1.501992	0.500000
0.911067	8.348517	2.381330	0.500000
9.890434	9.334628	1.966976	0.500000
3.572635	9.900705	3.100777	0.500000
6.466907	2.854544	0.514912	0.500000
4.974985	1.180146	1.318498	0.500000
6.689191	3.137072	2.432713	0.500000
6.767085	1.089025	3.961479	0.500000
5.747834	2.787583	3.050073	0.500000
7.653022	1.234019	2.155785	0.500000
8.969920	1.732234	1.445838	0.500000
2.754714	9.054173	0.502516	0.500000
7.653569	2.735398	0.503633	0.500000
0.996741	8.269693	3.984138	0.500000
1.274633	4.192259	2.612024	0.500000
5.335076	1.371384	3.094699	0.500000
8.565687	9.524529	0.541497	0.500000
9.280668	7.743703	3.906520	0.500000
3.437935	2.613524	3.287664	0.500000
5.721619	0.967776	3.936155	0.500000
0.165100	4.101793	0.600783	0.500000
2.531123	6.787105	3.886377	0.500000
0.743120	2.301681	2.921831	0.500000
2.993269	2.706317	2.362753	0.500000
9.369892	1.566168	3.632797	0.500000
7.772389	4.489062	2.162038	0.500000
6.533779	4.606309	3.937424	0.500000
3.459887	7.157524	3.946164	0.500000
0.006739	2.051699	3.993496	0.500000
8.301741	4.083896	3.217760	0.500000
0.168536	7.590796	3.974954	0.500000
1.020936	2.405360	1.014988	0.500000
3.582073	1.393668	1.591781	0.500000
0.472068	2.670525	1.949863	0.500000
4.149524	0.838138	0.838012	0.500000
6.188576	1.906320	3.473580	0.500000
7.584673	4.281972	3.907460	0.500000
6.705207	4.834233	2.055062	0.500000
8.625987	3.543469	2.439022	0.500000
9.079513	8.604064	2.823749	0.500000
10.126877	5.095416	0.521307	0.500000
1.548385	9.284660	1.452736	0.500000
3.583901	5.276008	1.598578	0.500000
2.060510	1.408880	3.249266	0.500000
7.662729	3.351176	2.247083	0.500000
8.828815	5.346626	2.238015	0.500000
6.575188	4.003549	1.474583	0.500000
5.231251	7.523266	1.588851	0.500000
9.071947	4.582570	3.973204	0.500000
1.782495	5.453229	0.516536	0.500000
1.361552	6.412666	0.905662	0.500000
4.612474	5.074210	1.345070	0.500000
1.241937	6.252880	3.877860	0.500000
2.408555	1.909479	2.201733	0.500000
9.774274	7.889781	3.001235	0.500000
3.511028	8.897895	1.312960	0.500000
3.735210	3.683586	0.513629	0.500000
2.197652	3.808721	2.702486	0.500000
8.395300	5.218164	3.131812	0.500000
7.241971	3.781687	3.047761	0.500000
7.648042	6.479951	3.989541	0.500000
2.038627	2.553447	1.445152	0.500000
0.105292	8.932343	2.830156	0.500000
5.163679	6.007937	0.541367	0.500000
7.389189	4.869153	3.004157	0.500000
5.887773	7.801097	3.786300	0.500000
7.907623	0.404382	2.876088	0.500000
5.190412	3.649023	3.089581	0.500000
7.399688	7.717106	1.449308	0.500000
8.223366	7.855449	2.111984	0.500000
0.033094	5.683334	3.035869	0.500000
0.942305	7.269997	0.513867	0.500000
2.690601	6.832932	2.204298	0.500000
3.958371	8.199235	3.924121	0.500000
5.010875	8.515398	3.948065	0.500000
5.771407	6.939395	0.566617	0.500000
6.453970	6.881190	3.985080	0.500000
7.468900	4.682547	1.182238	0.500000
9.507816	6.059483	0.615606	0.500000
7.604651	8.288425	0.601914	0.500000
10.012607	8.339751	2.065869	0.500000
7.922165	8.968639	3.991218	0.500000
4.157881	9.238766	3.977144	0.500000
5.260426	4.907015	3.414529	0.500000
3.582843	6.150292	3.905834	0.500000
7.137547	5.365949	0.513013	0.500000
2.002473	8.662056	3.918789	0.500000
3.674265	6.960715	1.650215	0.500000
7.405178	1.335036	3.148324	0.500000
7.159205	9.643067	3.838794	0.500000
10.045956	8.780978	3.844878	0.500000
1.176419	0.982288	3.050725	0.500000
8.444400	8.358335	1.147184	0.500000
3.696602	8.887818	3.134450	0.500000
7.905189	8.460285	3.085083	0.500000
3.724090	0.278141	1.557804	0.500000
5.576404	7.934630	2.651016	0.500000
8.237013	9.819352	3.446236	0.500000
9.901084	1.064238	1.486368	0.500000
7.338655	2.002970	1.408689	0.500000
8.797602	0.767041	0.857581	0.500000
1.018630	1.430451	3.959144	0.500000
2.439584	5.334305	1.336620	0.500000
4.869653	0.057899	1.410375	0.500000
6.345899	3.000751	3.967470	0.500000
2.981582	1.978230	3.951722	0.500000
6.499839	10.004574	2.857927	0.500000
7.044764	8.311269	3.997584	0.500000
8.790874	0.684136	3.974097	0.500000
8.069648	3.857315	1.432691	0.500000
8.744831	6.728681	3.946005	0.500000
8.269903	1.715029	3.998837	0.500000
1.740866	9.752504	3.986085	0.500000
3.000184	3.741571	3.300687	0.500000
2.602142	8.402034	1.307087	0.500000
6.218045	10.072920	0.561081	0.500000
9.212741	8.723181	0.516832	0.500000
5.928452	0.474680	1.362770	0.500000
6.525451	0.857311	2.991786	0.500000
7.648284	0.561753	3.886285	0.500000
9.898561	3.018237	3.939908	0.500000
1.819820	8.909367	2.340365	0.500000
9.570151	6.919307	3.316599	0.500000
5.651559	4.041628	3.961074	0.500000
1.129829	1.411112	1.380241	0.500000
1.942352	10.068289	2.177785	0.500000
4.147308	2.228255	3.952146	0.500000
8.170267	2.494965	3.131610	0.500000
2.390792	4.323745	3.986023	0.500000
6.222012	3.787978	3.104206	0.500000
2.471573	5.607606	2.575974	0.500000
0.427803	6.774959	1.532205	0.500000
9.010715	8.820088	3.844624	0.500000
2.903605	7.443030	3.039749	0.500000
6.418126	1.552843	1.482824	0.500000
4.400847	6.748421	3.817164	0.500000
9.245231	0.667555	3.032624	0.500000
8.846135	2.546738	3.878812	0.500000
7.822117	3.251670	3.928143	0.500000
2.649088	2.971028	3.987887	0.500000
8.759464	0.889310	2.081565	0.500000
3.308204	4.793928	3.966411	0.500000
3.535503	2.766038	1.269742	0.500000
2.083840	2.595918	3.077519	0.500000
5.592879	4.764173	2.194272	0.500000
5.646135	4.319817	1.213399	0.500000
4.574751	5.871458	3.216899	0.500000
6.299800	4.817643	2.980269	0.500000
1.730492	3.379745	3.974259	0.500000
9.841322	4.188679	1.784686	0.500000
2.808851	8.445048	2.980642	0.500000
8.766904	2.495197	0.553445	0.500000
5.103843	2.978047	3.872989	0.500000
3.401056	3.624697	2.232986	0.500000
4.583975	4.928792	2.606349	0.500000
4.758657	4.028539	2.148044	0.500000
5.820027	5.932054	3.181976	0.500000
9.010513	3.600937	3.783232	0.500000
8.838725	4.362356	1.904104	0.500000
1.261358	7.371039	2.277082	0.500000
8.237204	6.471443	3.047597	0.500000
1.700546	5.066705	2.208353	0.500000
5.272329	9.776101	2.395322	0.500000
3.285649	4.365408	1.178554	0.500000
7.126964	2.760351	3.346071	0.500000
6.259085	5.766097	2.265782	0.500000
1.705215	8.173845	3.023925	0.500000
6.763749	7.754817	0.502951	0.500000
5.203090	5.832122	3.994044	0.500000
2.718934	0.575572	1.465785	0.500000
1.662292	7.367691	3.685900	0.500000
1.780102	6.572708	2.851603	0.500000
9.983665	6.326031	2.297068	0.500000
4.587545	6.581262	1.491896	0.500000
2.201844	0.389677	3.013843	0.500000
5.822184	8.516643	1.817927	0.500000
1.008783	5.281093	3.973679	0.500000
3.984703	2.600628	2.284600	0.500000
5.611299	6.562681	1.582945	0.500000
5.515548	2.343707	1.083328	0.500000
9.209587	6.034892	2.987585	0.500000
5.530181	0.210010	3.176148	0.500000
4.131514	3.401893	2.893973	0.500000
5.170126	1.850759	3.964066	0.500000
4.395889	5.179784	3.947187	0.500000
3.137755	9.058564	2.232009	0.500000
5.345977	9.593760	3.887290	0.500000
1.579331	8.255282	1.438020	0.500000
7.685955	5.463527	3.962166	0.500000
1.955790	2.133213	3.996249	0.500000
8.232412	7.643805	3.979900	0.500000
2.726634	10.091863	3.899007	0.500000
0.549402	9.528930	3.988544	0.500000
6.656711	6.847091	1.653751	0.500000
3.576273	5.427539	3.179430	0.500000
8.714543	7.645689	2.987328	0.500000
6.080214	8.870507	3.951659	0.500000
2.137527	5.750387	3.637322	0.500000
10.152270	4.239025	3.787967	0.500000
0.143166	0.938128	2.773551	0.500000
