400

7.066454	8.431484	3.125879	0.500000
9.787115	8.992602	0.605428	0.500000
5.210965	3.057399	3.044239	0.500000
1.924323	4.390138	0.549611	0.500000
1.057411	1.785191	2.376645	0.500000
5.660227	9.252058	3.954878	0.500000
7.187588	8.934059	2.240914	0.500000
8.331280	0.141272	1.134907	0.500000
7.787070	8.826763	1.415597	0.500000
8.739545	8.222822	1.535230	0.500000
9.345473	8.062768	0.514805	0.500000
0.163179	0.989341	0.652951	0.500000
1.823993	2.279361	3.066692	0.500000
5.162316	1.246680	3.996544	0.500000
8.185789	2.269394	0.546727	0.500000
6.282643	0.113049	3.040150	0.500000
9.088738	1.827822	0.505707	0.500000
7.305506	1.501677	2.421723	0.500000
3.469576	0.760871	3.127242	0.500000
3.016886	4.696189	3.638698	0.500000
0.783533	2.153239	1.417150	0.500000
2.353189	5.445216	2.989677	0.500000
4.117231	9.782589	1.330949	0.500000
1.497181	3.418514	3.904023	0.500000
3.405049	3.263895	0.504302	0.500000
9.436068	1.863980	2.188886	0.500000
0.089061	2.451665	2.211710	0.500000
9.002838	3.740074	3.147444	0.500000
9.181243	0.021093	1.695425	0.500000
9.765036	0.685722	2.364262	0.500000
9.577312	1.149027	1.497058	0.500000
0.950647	3.910766	0.689290	0.500000
5.335622	0.709004	2.915635	0.500000
3.905573	1.659347	3.976330	0.500000
0.590689	2.940175	0.555217	0.500000
4.283207	2.363684	2.230105	0.500000
2.295926	3.326350	0.542586	0.500000
7.741388	4.181146	2.576382	0.500000
9.360022	0.653956	0.529924	0.500000
6.708218	4.939117	2.594164	0.500000
2.691531	8.925453	1.226185	0.500000
2.014973	7.898222	1.561126	0.500000
2.200120	1.266861	0.537376	0.500000
3.337571	0.924512	1.697819	0.500000
5.781318	3.398144	0.561798	0.500000
8.489278	1.089945	0.845751	0.500000
2.163786	4.041360	3.227115	0.500000
7.927691	3.590781	0.521696	0.500000
6.521649	7.242332	3.031280	0.500000
1.802227	6.208637	0.575862	0.500000
7.170056	5.904916	0.552351	0.500000
0.197081	5.322131	1.473327	0.500000
3.377858	5.032783	0.513930	0.500000
4.638078	5.913779	2.740383	0.500000
4.721958	3.316423	0.533409	0.500000
3.255064	5.930154	1.416214	0.500000
2.834748	6.249918	0.536408	0.500000
7.038245	4.650372	0.546799	0.500000
5.557017	7.208937	0.635311	0.500000
9.055056	5.943386	3.150124	0.500000
2.030354	3.810988	1.379521	0.500000
6.189966	5.567644	0.668550	0.500000
5.944635	1.787532	3.067849	0.500000
3.709169	7.461300	2.324186	0.500000
4.989667	5.750622	0.698735	0.500000
3.407598	7.148047	0.563364	0.500000
2.261584	7.384927	3.781142	0.500000
4.980118	5.563516	1.856584	0.500000
8.090986	6.292422	2.005330	0.500000
7.377446	6.554933	1.299322	0.500000
2.440297	7.160272	0.891465	0.500000
9.024925	6.520368	2.309206	0.500000
0.373276	4.732441	0.509765	0.500000
3.279463	6.947198	1.539040	0.500000
5.305103	0.587126	1.178250	0.500000
4.614323	0.186184	0.550886	0.500000
9.301304	3.700472	1.357191	0.500000
8.357133	7.415426	0.683360	0.500000
7.706691	5.348663	2.222948	0.500000
6.605114	7.268672	1.336375	0.500000
9.417847	7.375720	1.632005	0.500000
7.632663	7.760917	1.418094	0.500000
1.825341	8.857087	1.902423	0.500000
1.452188	9.699054	2.403996	0.500000
5.999269	9.033657	0.982530	0.500000
3.775739	8.881600	0.525209	0.500000
6.325701	8.088672	0.518640	0.500000
0.392923	3.411655	1.459373	0.500000
7.097500	0.774252	1.526755	0.500000
10.124260	5.135528	3.112000	0.500000
0.415046	9.751853	0.515581	0.500000
9.686266	8.865113	1.759404	0.500000
6.297872	8.238691	2.512133	0.500000
2.232566	9.527028	0.534035	0.500000
0.138453	7.682523	3.996452	0.500000
5.105391	0.082741	2.118705	0.500000
6.008897	9.988071	0.545584	0.500000
4.797795	1.211036	0.551959	0.500000
9.113368	7.828679	2.509285	0.500000
8.807836	6.575578	1.227093	0.500000
9.924521	4.013866	3.826336	0.500000
0.749051	8.839291	0.834916	0.500000
9.160788	9.784717	0.720553	0.500000
4.039572	7.476465	3.920247	0.500000
6.035675	3.393561	3.987235	0.500000
3.531320	9.066630	2.208056	0.500000
9.292373	9.658368	3.032653	0.500000
4.457236	0.537444	3.995461	0.500000
6.180713	9.226298	2.025586	0.500000
1.323657	6.956189	1.661039	0.500000
0.404208	7.509002	0.522816	0.500000
2.418842	0.457380	1.271124	0.500000
2.775786	8.049176	0.513138	0.500000
1.798831	8.579111	0.737266	0.500000
8.522113	1.963143	1.437408	0.500000
6.093453	3.855357	1.415785	0.500000
10.168543	7.915061	2.136182	0.500000
5.108604	2.744018	1.286522	0.500000
1.617011	0.156910	0.500961	0.500000
10.026505	0.151443	3.213665	0.500000
1.442911	3.031803	1.093696	0.500000
8.797430	5.676489	0.512637	0.500000
4.282434	0.596953	1.409689	0.500000
1.784863	2.217978	1.625394	0.500000
1.951248	2.281120	0.530846	0.500000
6.950356	9.517587	1.303582	0.500000
9.993921	3.691549	2.249653	0.500000
8.875034	4.085461	0.509066	0.500000
0.132833	6.588645	1.297957	0.500000
0.435875	4.341886	2.709126	0.500000
4.151531	5.329498	1.096637	0.500000
9.634341	0.811414	3.888853	0.500000
1.050490	2.887965	2.156222	0.500000
8.767531	0.534168	2.604021	0.500000
1.338704	5.200312	0.610398	0.500000
6.758477	3.085436	1.831900	0.500000
8.672593	8.859146	0.525832	0.500000
10.062573	3.786775	0.608915	0.500000
7.993330	5.978899	2.949897	0.500000
8.173251	1.133339	1.985586	0.500000
9.540081	4.881694	0.534027	0.500000
2.822183	4.665160	1.413246	0.500000
4.546936	2.294920	0.564418	0.500000
7.017676	2.892489	0.643684	0.500000
3.389255	5.817443	3.155393	0.500000
6.162664	2.602304	1.184851	0.500000
8.418008	2.952400	1.253816	0.500000
5.317069	8.208587	0.542752	0.500000
8.118270	4.768526	0.544678	0.500000
1.672756	6.519185	3.940916	0.500000
1.330512	4.790065	3.133087	0.500000
2.085749	3.002345	2.280802	0.500000
3.691130	2.114399	1.389525	0.500000
2.525543	7.422366	2.301068	0.500000
4.158296	1.193890	2.487684	0.500000
4.808738	5.178925	3.906477	0.500000
7.997339	4.374578	1.540859	0.500000
4.251823	4.378772	0.517246	0.500000
7.176265	5.794270	3.896611	0.500000
7.116597	3.755446	1.144731	0.500000
0.575179	4.395663	1.578947	0.500000
4.462691	7.110824	3.035870	0.500000
2.852567	3.693035	2.188231	0.500000
0.907492	0.284550	1.205643	0.500000
6.812110	8.434795	1.428254	0.500000
7.471726	1.443306	0.705100	0.500000
7.809193	8.278562	0.518303	0.500000
7.727286	3.365996	1.918185	0.500000
7.316609	7.203817	0.501064	0.500000
2.297425	9.163884	2.812216	0.500000
9.632976	6.550242	3.884790	0.500000
1.622260	5.885128	2.258158	0.500000
3.106081	2.297326	0.504864	0.500000
8.382499	7.297174	1.937579	0.500000
2.349169	5.297322	0.552894	0.500000
4.751218	8.511546	3.910632	0.500000
5.535124	7.298957	2.179780	0.500000
3.365046	8.033900	1.402498	0.500000
8.802893	4.386392	3.952597	0.500000
0.764289	5.228867	2.314954	0.500000
0.981697	7.894880	1.464268	0.500000
0.551665	0.316265	2.482572	0.500000
8.160735	9.913279	2.812589	0.500000
4.469926	0.142562	3.059514	0.500000
5.519081	0.272076	3.975834	0.500000
4.739499	9.284208	0.645243	0.500000
5.183802	9.285562	1.543248	0.500000
4.341559	7.989795	0.689728	0.500000
6.216869	0.174817	1.555623	0.500000
6.994141	6.686539	2.236993	0.500000
0.538924	8.818748	2.175130	0.500000
1.267767	0.986449	3.041593	0.500000
8.791900	0.287505	3.739900	0.500000
7.129713	7.689317	2.331202	0.500000
2.277271	8.196423	3.124485	0.500000
4.081606	9.291502	3.195891	0.500000
7.065066	0.035723	0.568005	0.500000
6.546357	2.174184	2.307701	0.500000
8.068763	6.385126	0.575548	0.500000
6.991482	8.905401	0.513776	0.500000
10.132866	8.181324	1.165359	0.500000
1.512112	1.056812	1.478694	0.500000
0.302795	9.448805	2.971388	0.500000
4.455834	9.471606	2.272209	0.500000
5.658171	1.901127	0.592540	0.500000
5.475950	1.404979	2.109126	0.500000
7.645540	2.399389	3.078578	0.500000
8.162833	1.246035	3.053442	0.500000
7.000130	1.997434	3.849721	0.500000
6.356254	0.994968	2.362238	0.500000
8.340830	2.384656	2.359667	0.500000
1.587105	9.699506	1.370024	0.500000
5.624551	3.368459	2.169007	0.500000
3.169242	8.686175	3.084006	0.500000
1.372125	4.084157	2.308876	0.500000
4.568889	1.636084	1.556851	0.500000
8.010495	8.934505	3.004219	0.500000
0.564837	0.309083	3.918411	0.500000
4.039153	3.370663	3.947521	0.500000
7.913008	0.732119	3.929346	0.500000
9.176545	2.917707	0.543880	0.500000
0.776552	4.276965	3.909122	0.500000
0.808918	1.283919	3.954580	0.500000
2.621579	2.921164	1.406608	0.500000
8.916222	2.524579	3.168800	0.500000
6.633194	3.988737	2.260116	0.500000
8.815296	5.467652	2.105297	0.500000
1.176610	5.365880	3.943810	0.500000
0.468669	1.101894	1.672883	0.500000
9.476083	2.991422	3.963323	0.500000
1.230994	7.635365	3.949948	0.500000
0.966236	3.526873	3.046900	0.500000
3.864635	0.171191	2.262336	0.500000
9.198251	2.966205	2.252137	0.500000
3.064960	0.729660	0.547836	0.500000
5.664105	2.377700	3.999772	0.500000
6.803814	4.066152	3.458398	0.500000
6.048811	4.983775	1.554008	0.500000
8.135602	3.297646	2.869632	0.500000
9.851208	7.319133	3.176284	0.500000
9.446041	5.775562	1.360975	0.500000
2.633230	1.591636	1.392684	0.500000
2.518128	5.519206	1.967520	0.500000
1.899790	1.576552	3.786377	0.500000
7.101488	3.223163	2.797440	0.500000
7.035868	4.785766	1.653863	0.500000
5.073356	4.845599	1.150424	0.500000
6.782203	5.808673	1.625647	0.500000
6.300140	2.760278	3.238818	0.500000
0.105616	5.878188	0.553923	0.500000
0.864808	6.613775	0.556513	0.500000
2.906957	4.134803	0.538532	0.500000
0.629394	7.868506	2.916026	0.500000
4.093891	3.139347	1.413571	0.500000
0.700617	6.296237	2.152484	0.500000
2.717759	8.401066	2.099751	0.500000
3.830881	6.149084	0.541191	0.500000
2.871626	3.051371	2.962772	0.500000
8.400402	5.417668	3.948457	0.500000
7.535987	5.105647	3.200457	0.500000
7.312982	6.824695	3.631644	0.500000
1.205905	2.378448	3.883711	0.500000
0.370709	9.722645	1.759815	0.500000
4.239036	6.329631	1.536776	0.500000
5.837684	5.888329	2.391532	0.500000
5.824565	8.190830	3.996320	0.500000
6.771574	0.294115	3.916716	0.500000
4.053466	4.904788	3.057783	0.500000
5.528963	7.907954	3.072950	0.500000
7.942445	7.460398	2.870080	0.500000
1.015196	5.865265	3.060919	0.500000
1.501492	7.402943	0.515828	0.500000
3.178956	6.590573	2.498416	0.500000
5.113815	7.227427	3.970854	0.500000
4.025411	6.472401	3.931777	0.500000
4.585872	6.898365	0.716270	0.500000
6.881605	7.757985	3.992322	0.500000
5.402739	4.742621	2.320939	0.500000
7.983689	5.517500	1.239041	0.500000
7.819322	9.507125	0.580212	0.500000
9.949851	8.426055	2.990743	0.500000
10.009812	9.608849	3.923269	0.500000
3.589669	9.900138	3.999603	0.500000
3.767129	4.147162	1.367832	0.500000
2.265676	6.567142	2.907726	0.500000
6.019942	4.553110	0.552418	0.500000
2.838977	8.219515	3.991490	0.500000
4.580701	7.441689	1.691697	0.500000
6.964164	0.104867	2.289731	0.500000
9.724063	8.519048	3.988854	0.500000
1.177481	9.719707	3.631723	0.500000
2.813638	0.399926	2.371326	0.500000
9.983707	6.839013	2.300087	0.500000
3.256914	7.521393	3.261483	0.500000
8.894519	8.842108	2.435303	0.500000
2.477775	9.688372	1.942605	0.500000
5.123814	8.376289	2.025307	0.500000
7.766735	9.808777	1.861600	0.500000
1.036156	1.479164	0.695108	0.500000
8.687724	4.238446	2.254943	0.500000
10.030004	0.198720	1.187562	0.500000
0.550715	2.339682	3.097480	0.500000
3.415862	4.667776	2.321930	0.500000
3.779230	1.467426	0.556591	0.500000
5.327530	2.377126	2.296560	0.500000
2.948511	1.166863	3.900339	0.500000
6.757163	9.000943	3.943446	0.500000
7.740974	8.588121	3.936450	0.500000
8.888902	9.172282	3.976960	0.500000
8.898860	4.797661	1.334915	0.500000
9.218578	7.606720	3.998310	0.500000
7.669648	9.713026	3.982386	0.500000
2.583458	9.272006	3.839654	0.500000
3.020206	3.607199	3.891834	0.500000
4.127455	8.748334	1.457123	0.500000
6.356334	1.549698	1.520704	0.500000
8.760696	9.299139	1.528344	0.500000
6.124998	0.952442	0.673646	0.500000
7.176941	0.721101	3.050472	0.500000
9.254276	1.339679	3.037951	0.500000
0.271798	1.269181	2.926840	0.500000
1.779239	0.506660	2.320044	0.500000
1.778165	8.686269	3.957940	0.500000
5.017405	3.665185	3.988944	0.500000
2.755977	1.895770	3.184113	0.500000
2.074079	10.097532	3.099343	0.500000
4.656589	2.489194	3.881766	0.500000
9.059834	1.722790	3.997116	0.500000
0.322595	3.092896	3.931174	0.500000
5.902650	3.829672	3.081594	0.500000
2.282652	4.572337	2.311676	0.500000
0.111414	6.306072	3.141340	0.500000
1.612905	0.555907	3.975533	0.500000
0.609850	8.867846	3.837767	0.500000
4.326243	3.599502	2.320846	0.500000
5.003150	6.214232	3.881522	0.500000
7.410871	2.053410	1.501465	0.500000
7.146827	3.093981	3.826345	0.500000
8.110638	2.243358	3.968023	0.500000
2.286399	2.659502	3.921658	0.500000
9.640001	2.271018	1.296019	0.500000
1.990513	4.773222	3.890167	0.500000
3.894711	2.702780	3.087297	0.500000
3.338341	2.787905	2.091378	0.500000
5.571116	4.476907	3.770614	0.500000
4.440263	4.618754	1.954787	0.500000
5.675740	5.472903	3.328816	0.500000
6.519168	4.942151	3.867342	0.500000
9.846382	2.951416	3.020639	0.500000
9.750892	4.651333	2.086295	0.500000
2.963306	6.668540	3.954225	0.500000
0.057852	2.046368	0.504521	0.500000
2.510789	5.719946	3.970921	0.500000
3.347146	2.524002	3.940899	0.500000
4.929142	3.789805	1.460281	0.500000
4.818899	4.160419	3.009778	0.500000
5.696215	6.527713	3.159075	0.500000
8.484613	3.285086	3.873694	0.500000
8.977645	4.814381	3.026680	0.500000
9.614440	6.952415	0.589525	0.500000
7.955610	8.271645	2.253780	0.500000
9.940516	5.761791	2.303492	0.500000
5.177592	8.865515	3.030702	0.500000
1.638965	4.968400	1.652659	0.500000
7.673936	4.435642	3.993545	0.500000
6.352031	6.387494	3.912021	0.500000
1.302340	8.723343	3.043379	0.500000
6.382153	6.572460	0.560365	0.500000
6.702679	5.920099	2.947220	0.500000
1.508578	7.664376	2.469050	0.500000
1.197682	6.852573	2.989500	0.500000
1.069672	5.920138	1.281210	0.500000
8.854530	7.078514	3.143485	0.500000
2.414572	6.522659	1.821449	0.500000
3.306572	1.779848	2.349423	0.500000
6.208221	9.256755	3.098360	0.500000
0.218355	5.706684	3.981922	0.500000
4.787354	1.889068	3.014722	0.500000
5.831417	7.977744	1.402016	0.500000
6.237195	1.191610	3.816987	0.500000
8.375184	6.470111	3.947194	0.500000
5.374983	9.859964	3.121865	0.500000
3.645891	3.738640	3.083634	0.500000
4.006363	4.378390	3.919845	0.500000
3.808511	5.384958	3.981711	0.500000
4.422536	8.108682	2.928610	0.500000
4.748260	9.688476	3.911084	0.500000
3.242747	9.890953	0.715543	0.500000
8.635544	8.199395	3.309971	0.500000
3.156634	9.725278	3.091363	0.500000
0.646533	6.770066	3.899839	0.500000
3.580119	8.893825	3.989608	0.500000
2.676831	0.197255	3.867514	0.500000
5.262944	6.638670	1.473313	0.500000
3.817841	5.612125	2.247793	0.500000
7.163548	9.564599	3.020217	0.500000
8.069998	7.510206	3.861487	0.500000
9.563276	5.051172	3.971916	0.500000
10.067052	1.951708	3.959417	0.500000
2.256798	1.517678	2.362612	0.500000
