300

0.510467	0.860892	0.549055	0.500000
1.051220	6.793118	0.505129	0.500000
2.997927	7.810125	0.513224	0.500000
1.491553	8.417458	0.563450	0.500000
2.332453	1.475463	2.950942	0.500000
2.146509	0.523772	1.432636	0.500000
4.614114	9.497663	0.525079	0.500000
3.620621	9.249199	0.533104	0.500000
7.215519	0.551448	1.439816	0.500000
7.593874	9.412332	1.232926	0.500000
0.312982	8.568134	1.559321	0.500000
1.436564	9.194327	1.202474	0.500000
3.146726	2.105850	2.859068	0.500000
3.270546	8.731643	1.421006	0.500000
4.746850	0.292129	1.299391	0.500000
5.832173	2.719328	2.306696	0.500000
6.962100	1.700202	2.949688	0.500000
8.182335	1.115613	1.415788	0.500000
7.995331	1.625885	0.512637	0.500000
9.958082	9.765392	0.552883	0.500000
0.971241	1.093538	1.516650	0.500000
1.113551	1.725101	0.526594	0.500000
7.789236	0.501627	0.511701	0.500000
2.871383	2.225395	0.936642	0.500000
3.717563	1.672337	0.544694	0.500000
5.376410	4.897278	2.111982	0.500000
7.411976	1.407483	2.011531	0.500000
0.377379	2.801690	2.022435	0.500000
5.381915	2.984558	1.425682	0.500000
1.536784	8.608044	2.043287	0.500000
1.646470	5.844188	0.521823	0.500000
1.019904	6.859568	2.121671	0.500000
0.466532	0.480157	2.358290	0.500000
2.611450	3.743672	2.163058	0.500000
1.280518	4.002858	0.509219	0.500000
4.090605	2.434489	2.596090	0.500000
8.387347	2.028036	1.808767	0.500000
4.991892	2.203892	2.964243	0.500000
8.602646	5.045661	2.987354	0.500000
8.742321	0.980949	2.429274	0.500000
1.829892	2.764767	1.503772	0.500000
1.650969	0.773241	0.599700	0.500000
2.926606	3.102510	2.986572	0.500000
1.978883	3.515487	2.917051	0.500000
3.262363	4.886338	0.500196	0.500000
2.786259	3.895531	0.568339	0.500000
4.164988	1.402678	2.946261	0.500000
9.379271	4.243899	1.259423	0.500000
0.291149	4.288577	2.724333	0.500000
9.249049	1.172899	0.625199	0.500000
3.571355	5.102764	1.426459	0.500000
2.501086	6.390512	0.504416	0.500000
5.190879	5.425282	1.105773	0.500000
4.951126	5.400062	2.890735	0.500000
6.586437	2.811708	0.518426	0.500000
5.004480	4.528401	0.508687	0.500000
5.606080	2.460952	0.528785	0.500000
7.935071	2.945585	1.914994	0.500000
7.730174	4.771884	0.547489	0.500000
0.851214	3.768808	1.540372	0.500000
1.821359	6.546706	1.510225	0.500000
9.400322	4.763836	2.310680	0.500000
9.633400	5.386304	1.501173	0.500000
0.077354	3.810902	0.555840	0.500000
4.809976	6.405249	0.500968	0.500000
7.894235	7.353654	0.533999	0.500000
8.369299	5.599050	0.753511	0.500000
8.843322	3.474412	0.507433	0.500000
7.930140	5.153459	2.188991	0.500000
6.820793	4.280842	2.904003	0.500000
6.194292	3.762122	0.686791	0.500000
9.230524	6.336545	1.443472	0.500000
5.312284	6.500214	2.941719	0.500000
4.812551	7.782331	2.954853	0.500000
4.541146	7.418897	0.529832	0.500000
6.890160	7.069018	0.554271	0.500000
6.418883	7.368358	1.421002	0.500000
8.639396	4.915344	1.495788	0.500000
7.501067	6.230048	0.560401	0.500000
2.718249	5.984979	2.075401	0.500000
8.709658	4.534206	0.514594	0.500000
8.615170	6.562008	0.615102	0.500000
0.464435	5.164913	0.607740	0.500000
3.406259	5.901239	0.549115	0.500000
5.976434	5.672894	1.870103	0.500000
6.349213	9.823440	1.559080	0.500000
3.198266	0.218182	0.519503	0.500000
6.648801	0.696714	2.433283	0.500000
7.331598	6.899584	1.517501	0.500000
9.518598	7.034541	0.583808	0.500000
0.525458	8.832826	0.511563	0.500000
3.250008	5.930405	2.946242	0.500000
0.329704	7.101447	1.360772	0.500000
3.721084	7.415100	2.997322	0.500000
5.173703	1.020249	0.554420	0.500000
7.608725	8.553110	0.542845	0.500000
4.697821	7.897861	1.507780	0.500000
6.501157	8.003484	0.573751	0.500000
6.703993	8.782962	1.305718	0.500000
0.476185	1.726439	2.185886	0.500000
8.753121	0.240049	0.784201	0.500000
1.660936	0.874373	2.286962	0.500000
2.611077	9.596033	1.417482	0.500000
4.171224	0.626299	0.528071	0.500000
5.970821	9.186179	2.281636	0.500000
7.678002	9.174657	2.995200	0.500000
6.384524	9.847459	2.976807	0.500000
8.553757	9.212489	0.878679	0.500000
8.614815	7.175707	1.498708	0.500000
7.007079	9.401483	2.258534	0.500000
1.577927	1.894675	2.258135	0.500000
1.023844	3.023482	0.592821	0.500000
3.225600	0.848526	2.964373	0.500000
2.205515	2.848732	0.512718	0.500000
5.503025	1.641431	1.316101	0.500000
5.118295	8.564763	2.132879	0.500000
9.498159	1.260748	1.818064	0.500000
9.029007	2.205391	0.551146	0.500000
0.030448	1.822618	0.851645	0.500000
3.605670	3.078506	0.518833	0.500000
9.570098	2.289277	1.640033	0.500000
2.514216	5.519546	1.071840	0.500000
4.490804	2.302764	0.692924	0.500000
1.950702	4.790196	0.623770	0.500000
6.505891	0.603950	0.703654	0.500000
7.366114	0.169543	2.954774	0.500000
8.109743	2.756828	0.925726	0.500000
9.946166	2.240721	2.963703	0.500000
1.016944	2.442568	2.985817	0.500000
1.309607	4.742739	1.481580	0.500000
0.992031	6.063099	2.914363	0.500000
1.373415	4.185161	2.414946	0.500000
3.395582	6.790072	2.115556	0.500000
4.591358	4.628887	1.489229	0.500000
4.164145	3.960727	0.729365	0.500000
6.983918	2.523074	2.329462	0.500000
7.144839	3.218212	1.245583	0.500000
7.521438	5.502145	1.279523	0.500000
8.143037	4.146960	2.788471	0.500000
2.018178	2.440383	2.995880	0.500000
8.983151	3.116115	1.686250	0.500000
4.234049	5.151604	0.652035	0.500000
5.252596	6.855879	1.363581	0.500000
6.308659	2.498064	1.431560	0.500000
3.896908	4.404644	2.180767	0.500000
6.981088	4.340052	1.084637	0.500000
7.263653	3.934637	2.040697	0.500000
9.850589	3.728017	2.000873	0.500000
0.298686	4.626501	1.462019	0.500000
4.065370	5.739108	2.138590	0.500000
5.805136	6.113280	0.656657	0.500000
0.993438	2.180336	1.408911	0.500000
0.177196	6.219836	0.713704	0.500000
3.275330	4.096429	2.906143	0.500000
5.970861	5.074541	2.998001	0.500000
7.611201	3.771661	0.540847	0.500000
8.818871	7.851258	0.582840	0.500000
8.165575	3.945447	1.379495	0.500000
7.131045	6.652983	2.912960	0.500000
0.443353	7.333219	2.923822	0.500000
0.931199	5.698865	1.319037	0.500000
2.381731	8.164611	1.393020	0.500000
5.732482	4.113667	2.836297	0.500000
5.575930	4.148282	1.470351	0.500000
5.700045	8.171944	1.399557	0.500000
7.279488	7.887606	1.257706	0.500000
6.675010	6.167974	1.199499	0.500000
5.583801	0.163920	2.361370	0.500000
0.779606	5.267375	2.218718	0.500000
0.175596	6.275052	1.930773	0.500000
2.638736	8.846245	0.606716	0.500000
9.617835	7.843639	1.262750	0.500000
3.684197	7.657542	1.449810	0.500000
3.565598	9.308094	2.207254	0.500000
6.851810	5.424604	0.521307	0.500000
5.421929	9.357121	1.387878	0.500000
8.061726	6.012927	2.739550	0.500000
6.331675	8.151447	2.196508	0.500000
9.882016	8.501471	2.588350	0.500000
0.764063	7.876252	2.135808	0.500000
9.850176	0.494470	1.265565	0.500000
4.259811	6.487350	2.967680	0.500000
9.365026	5.623881	0.542825	0.500000
5.006088	6.075424	1.944606	0.500000
3.957579	0.747863	2.203331	0.500000
5.737627	9.918628	0.599726	0.500000
7.388489	2.151410	1.276108	0.500000
5.864086	7.143430	0.586842	0.500000
8.149773	6.251918	1.665145	0.500000
9.510426	8.791642	0.586814	0.500000
0.440125	7.809505	0.556760	0.500000
9.759459	1.245217	2.977217	0.500000
3.934146	8.267250	0.522210	0.500000
2.004677	7.550119	0.520812	0.500000
2.042410	9.771306	0.575282	0.500000
5.693484	8.377646	2.967690	0.500000
5.700073	0.642046	1.340050	0.500000
9.464703	7.137496	2.048841	0.500000
0.815075	0.090585	1.480388	0.500000
1.000288	9.805368	0.530709	0.500000
0.046509	9.644809	1.961897	0.500000
2.572529	1.395356	1.946119	0.500000
2.863429	0.263586	2.182428	0.500000
3.690683	0.057949	1.435709	0.500000
4.299677	1.476674	1.339066	0.500000
4.812434	0.623686	2.959607	0.500000
5.086165	1.184745	2.155021	0.500000
8.368692	8.265399	2.642453	0.500000
6.008593	8.926796	0.549778	0.500000
5.184211	9.391418	2.977434	0.500000
9.435260	0.154367	2.720555	0.500000
3.493811	3.230211	2.085891	0.500000
1.886390	9.783200	2.084090	0.500000
1.212614	9.959669	2.995899	0.500000
2.589998	2.605743	2.168878	0.500000
3.952631	0.095094	2.962930	0.500000
7.836010	1.055517	2.901425	0.500000
5.812117	0.920534	2.982300	0.500000
9.368641	8.889812	1.794964	0.500000
6.892818	9.649694	0.559586	0.500000
0.855129	8.404009	2.985453	0.500000
2.530428	1.356655	0.512917	0.500000
2.742699	7.115820	2.990610	0.500000
3.220929	4.153572	1.480144	0.500000
2.250558	0.390473	2.982214	0.500000
4.857230	2.158934	1.971492	0.500000
6.659775	1.752858	0.549914	0.500000
9.070890	0.010411	1.706184	0.500000
8.427414	8.345691	1.396814	0.500000
9.915030	2.821968	0.800934	0.500000
7.945378	0.423590	2.123337	0.500000
2.760484	3.173047	1.339182	0.500000
3.091816	5.075582	2.352850	0.500000
3.975686	5.095719	2.900082	0.500000
4.213542	3.040743	1.404264	0.500000
7.993985	2.163916	2.848258	0.500000
7.555929	3.144188	2.959521	0.500000
8.390317	0.073778	2.999703	0.500000
9.060011	9.108873	2.976809	0.500000
9.157918	3.977935	2.935350	0.500000
0.916049	1.198213	2.964745	0.500000
6.296730	1.620753	1.970406	0.500000
1.818548	1.543250	1.223265	0.500000
1.896314	3.827123	1.314122	0.500000
5.266786	3.187949	2.998300	0.500000
4.538615	7.121397	2.218762	0.500000
3.403143	1.991283	1.800759	0.500000
8.949459	1.880030	2.998795	0.500000
1.285078	3.144830	2.280121	0.500000
9.193222	2.921505	2.818626	0.500000
0.136052	3.284632	2.905590	0.500000
1.509342	5.118201	2.941404	0.500000
5.092849	3.427827	0.506848	0.500000
4.132173	3.535527	2.967089	0.500000
4.752842	4.406707	2.879355	0.500000
4.653243	3.631192	2.112086	0.500000
6.069994	4.821843	0.733909	0.500000
6.802621	5.016228	1.825332	0.500000
5.998219	1.972093	2.975737	0.500000
0.060586	5.272131	2.992809	0.500000
9.762956	6.516931	2.938289	0.500000
2.247058	4.889895	1.813848	0.500000
2.326281	4.482254	2.958541	0.500000
3.620589	6.949346	0.573258	0.500000
1.711057	5.722814	2.102580	0.500000
6.251756	6.068426	2.978713	0.500000
6.281868	3.477593	1.772251	0.500000
6.305094	7.324871	2.927332	0.500000
7.182599	5.486605	2.913567	0.500000
7.223742	6.063058	2.066127	0.500000
1.786457	9.019113	2.967442	0.500000
2.129150	6.140926	2.971956	0.500000
2.917995	7.747788	2.224855	0.500000
4.332422	8.786223	2.994705	0.500000
3.294574	8.506815	2.881286	0.500000
6.363056	6.636503	2.142205	0.500000
4.175413	6.417945	1.322630	0.500000
6.390837	3.221393	2.972949	0.500000
9.204690	7.685850	2.897088	0.500000
8.586133	6.879609	2.999364	0.500000
7.895410	7.146762	2.322180	0.500000
1.236311	7.524678	1.280612	0.500000
1.447707	7.159916	2.984906	0.500000
4.416706	9.059536	1.496772	0.500000
4.021550	8.370106	2.128847	0.500000
5.071334	8.291179	0.627656	0.500000
5.476351	7.486656	2.175186	0.500000
8.281709	9.205435	2.193090	0.500000
6.617377	8.817432	2.974035	0.500000
9.146654	5.738435	2.352548	0.500000
0.307617	9.507534	2.922198	0.500000
2.796075	7.176625	1.367442	0.500000
2.152994	7.976881	2.911785	0.500000
2.524154	8.978647	2.223453	0.500000
2.917985	9.516661	2.988809	0.500000
3.312445	1.061955	1.262185	0.500000
4.630471	9.855678	2.215717	0.500000
7.488221	8.557677	2.017018	0.500000
7.436597	7.999920	2.968133	0.500000
1.925656	7.462483	2.061928	0.500000
