300

0.065248	1.568288	0.521724	0.500000
0.721907	6.657459	0.546184	0.500000
2.816313	7.647757	0.637369	0.500000
1.252523	8.262377	0.500037	0.500000
1.695970	1.463365	2.954443	0.500000
2.398110	0.797115	1.431961	0.500000
4.884548	9.575813	0.553512	0.500000
3.469604	9.288922	0.590290	0.500000
7.612141	0.728848	1.935762	0.500000
7.627639	9.879482	1.346595	0.500000
0.576007	8.705857	1.480038	0.500000
1.765113	9.009821	0.989844	0.500000
2.741080	2.504195	2.929654	0.500000
3.196448	8.521360	1.431474	0.500000
5.028422	1.479404	2.210537	0.500000
5.361608	3.475191	1.456462	0.500000
6.430721	1.019949	2.105130	0.500000
9.260080	2.358799	0.501438	0.500000
7.493997	1.640174	0.500219	0.500000
8.505371	1.512915	0.517162	0.500000
1.928855	1.716088	1.388106	0.500000
1.979301	2.474966	0.516625	0.500000
7.921109	0.685840	0.505192	0.500000
3.067711	3.087964	0.534450	0.500000
4.712287	2.543056	0.548113	0.500000
4.383592	5.275752	1.369561	0.500000
7.142389	1.716736	1.962695	0.500000
0.589463	2.768366	2.150893	0.500000
5.119064	3.745083	0.501153	0.500000
0.793081	8.915811	2.934390	0.500000
1.520399	6.046342	0.534101	0.500000
9.855185	7.154230	1.312963	0.500000
0.515926	0.080906	1.974300	0.500000
3.383082	4.917560	1.397564	0.500000
0.812276	4.384729	0.574670	0.500000
3.851693	2.804140	2.862732	0.500000
6.877272	2.788548	2.393490	0.500000
5.266716	2.102581	2.976363	0.500000
8.803662	5.156733	2.943139	0.500000
9.247363	1.583044	1.392979	0.500000
1.218463	2.420010	1.432035	0.500000
1.905989	1.084563	0.591348	0.500000
1.495736	4.082638	2.941812	0.500000
1.570138	4.968541	2.187887	0.500000
2.887723	5.100623	0.517504	0.500000
2.709550	4.066791	0.516145	0.500000
4.282526	1.824578	2.975026	0.500000
8.522739	4.355611	1.995889	0.500000
9.972441	4.404193	2.966737	0.500000
0.143212	2.105091	1.411396	0.500000
2.746336	5.259911	2.205304	0.500000
1.835979	7.426263	0.614817	0.500000
3.971727	4.589306	0.593327	0.500000
4.861701	6.005663	1.968809	0.500000
7.581554	2.522920	1.533308	0.500000
5.542385	4.180014	2.910817	0.500000
5.636440	2.190496	0.747236	0.500000
8.657871	3.352443	2.347497	0.500000
6.783446	4.466197	0.538668	0.500000
0.698398	3.678430	1.425079	0.500000
0.990712	7.690171	1.396266	0.500000
9.448408	4.867132	2.159532	0.500000
8.641376	5.151877	1.386417	0.500000
0.116143	3.629064	0.511765	0.500000
5.044343	6.012984	0.892298	0.500000
6.884459	7.300419	0.508538	0.500000
7.999382	5.401140	0.611313	0.500000
8.504841	4.389951	0.522788	0.500000
8.060498	6.013139	1.416938	0.500000
6.801669	4.544158	2.032842	0.500000
6.839776	2.879772	0.525417	0.500000
9.536088	8.246602	1.359299	0.500000
5.249480	6.409613	2.919874	0.500000
5.089298	7.402337	2.936847	0.500000
4.635446	6.978723	0.524759	0.500000
5.964900	6.420247	0.577239	0.500000
6.136642	7.491225	1.438686	0.500000
7.715733	4.498606	1.152908	0.500000
7.236738	6.228039	0.530837	0.500000
0.899028	6.914037	2.311622	0.500000
9.443455	4.896131	0.587596	0.500000
7.908150	7.797674	0.560072	0.500000
0.457399	5.584318	0.543554	0.500000
2.588727	6.202801	0.541706	0.500000
6.168008	6.689542	2.291102	0.500000
5.676498	1.230473	1.477287	0.500000
3.043140	0.253071	0.631978	0.500000
6.397328	0.186753	1.498977	0.500000
7.536642	7.202328	1.305691	0.500000
9.066703	7.538510	0.530270	0.500000
0.735748	9.363645	0.569907	0.500000
3.394644	6.015003	2.968003	0.500000
9.622335	6.590622	0.503969	0.500000
4.115070	7.702581	2.918553	0.500000
4.496540	1.873926	1.342729	0.500000
8.742254	8.576270	0.515515	0.500000
4.816235	7.736086	1.179729	0.500000
6.260876	8.282250	0.572298	0.500000
7.329800	9.294381	2.141068	0.500000
0.898233	1.813194	2.223961	0.500000
8.471072	0.720221	1.387453	0.500000
1.541561	0.832193	2.170979	0.500000
2.839042	9.530812	1.333618	0.500000
3.886873	0.910364	0.529314	0.500000
6.113414	9.289561	2.164324	0.500000
8.035247	8.972246	2.823256	0.500000
6.538042	0.099218	2.898774	0.500000
8.389556	9.742564	0.654295	0.500000
8.941075	6.717294	1.330780	0.500000
7.656845	9.950101	2.912386	0.500000
2.175932	2.638808	2.081050	0.500000
0.521301	2.677454	0.526518	0.500000
3.231021	0.968024	2.831963	0.500000
1.327571	3.415279	0.510405	0.500000
3.804400	1.926885	0.549772	0.500000
5.140835	8.980997	2.121505	0.500000
0.940179	1.236736	1.380019	0.500000
8.627041	2.609420	1.503596	0.500000
1.092391	1.824971	0.543255	0.500000
4.038093	3.577540	0.507298	0.500000
9.518857	2.513193	2.174016	0.500000
1.439749	6.661225	1.453752	0.500000
4.951264	1.224168	0.511308	0.500000
1.772675	5.038725	0.572402	0.500000
6.949423	0.109322	0.620384	0.500000
8.614884	0.421758	2.935163	0.500000
8.217539	2.759631	0.561629	0.500000
0.348657	2.186392	2.984880	0.500000
1.574946	2.559313	2.900599	0.500000
1.083555	5.279036	1.267063	0.500000
0.623255	6.154342	2.980119	0.500000
0.745550	4.383803	2.168984	0.500000
3.442950	6.787475	2.011182	0.500000
3.066881	5.885793	1.421040	0.500000
4.754957	4.324908	1.447509	0.500000
7.461456	2.162760	2.981429	0.500000
6.990037	3.777117	1.399862	0.500000
7.099838	5.567290	1.325125	0.500000
7.921134	4.426230	2.807388	0.500000
2.286872	3.426754	2.988261	0.500000
9.462300	4.043251	1.163506	0.500000
3.814890	5.591413	0.604229	0.500000
5.453646	6.748311	1.593297	0.500000
6.360386	2.896987	1.455228	0.500000
3.976036	4.495983	2.123065	0.500000
5.724057	4.591839	1.539683	0.500000
8.006928	5.245014	2.222208	0.500000
9.650691	3.826539	2.168791	0.500000
0.193523	4.800206	1.338848	0.500000
3.816177	5.696410	2.090849	0.500000
5.926110	5.853666	1.410818	0.500000
9.686598	2.982887	1.182892	0.500000
9.633648	5.700720	1.241205	0.500000
2.425962	4.456544	2.957378	0.500000
6.332881	4.792731	2.943448	0.500000
7.585709	3.555041	0.576318	0.500000
9.122022	9.646680	1.334041	0.500000
8.318928	3.612145	1.342264	0.500000
7.857621	7.353196	2.985714	0.500000
0.127639	7.286225	2.994780	0.500000
0.498373	6.228895	1.440062	0.500000
1.502618	8.399307	2.294644	0.500000
5.006990	4.858081	2.266726	0.500000
6.292816	3.668094	2.156812	0.500000
5.682750	8.574483	1.381332	0.500000
8.541179	7.941449	1.506033	0.500000
6.747280	6.586919	1.425240	0.500000
5.478364	0.473300	2.174408	0.500000
0.359915	5.419582	2.130381	0.500000
9.900044	6.442162	2.330222	0.500000
2.674016	8.647364	0.544538	0.500000
9.925659	9.228495	2.169757	0.500000
3.808182	7.608139	1.311419	0.500000
3.533668	9.331717	2.188326	0.500000
6.403687	5.474321	0.597571	0.500000
5.459867	9.706583	1.447538	0.500000
7.886347	6.314389	2.976833	0.500000
6.310708	8.230062	2.175975	0.500000
9.348859	0.129523	2.221061	0.500000
9.649758	8.549975	2.869596	0.500000
9.888702	0.011937	0.527963	0.500000
4.174373	6.653901	2.978238	0.500000
8.879948	5.905785	0.501125	0.500000
4.126362	6.487725	1.258763	0.500000
4.115140	0.931764	2.211290	0.500000
5.584299	0.358223	0.562012	0.500000
8.176214	1.698587	1.521858	0.500000
5.652131	7.392435	0.540744	0.500000
8.079303	6.809840	0.557991	0.500000
9.102180	0.673623	0.589701	0.500000
9.750977	8.908868	0.598936	0.500000
9.920503	1.443235	2.248583	0.500000
3.963967	8.381001	0.533531	0.500000
2.166787	8.209219	1.470192	0.500000
2.073908	9.982411	0.515587	0.500000
5.570841	8.549141	2.979839	0.500000
6.958935	1.067571	1.175535	0.500000
9.340809	7.587108	2.433680	0.500000
1.345568	0.223045	1.234134	0.500000
0.702653	0.620256	0.532369	0.500000
1.340002	9.498672	2.074976	0.500000
2.524960	1.652235	2.322594	0.500000
3.249943	0.351843	1.826475	0.500000
4.798994	0.455752	1.253417	0.500000
3.599554	1.959487	2.246978	0.500000
4.818726	0.772809	2.998701	0.500000
5.664305	2.269510	1.891238	0.500000
7.677751	8.038094	2.142625	0.500000
5.981354	9.366408	0.615000	0.500000
5.319108	9.615063	2.879701	0.500000
9.544061	0.862817	2.972701	0.500000
2.476204	4.249801	1.861374	0.500000
2.317316	9.977969	2.075287	0.500000
1.166724	0.102505	2.946196	0.500000
2.190634	3.354595	1.039217	0.500000
3.764119	0.064159	2.934028	0.500000
8.207195	1.354052	2.953673	0.500000
5.870924	0.967729	2.952698	0.500000
8.054087	8.821556	1.513210	0.500000
6.716953	9.102857	1.337662	0.500000
0.131724	9.828489	2.973499	0.500000
2.922617	1.353084	0.627847	0.500000
2.897923	6.992792	2.994902	0.500000
3.485165	3.919512	1.321746	0.500000
2.299349	0.583981	2.901286	0.500000
4.640458	2.430881	2.214705	0.500000
6.198081	1.284837	0.517430	0.500000
9.979657	0.857615	1.341207	0.500000
8.939186	8.817769	2.056334	0.500000
8.940506	3.452554	0.547307	0.500000
7.035897	1.230531	2.992891	0.500000
3.846109	2.702883	1.355459	0.500000
2.395927	6.247347	2.254170	0.500000
3.425430	4.892396	2.861719	0.500000
4.452975	3.440187	1.904802	0.500000
7.840681	3.116357	2.960990	0.500000
7.685275	3.732598	2.119911	0.500000
9.271025	1.867128	2.963459	0.500000
8.360229	9.750225	2.102240	0.500000
8.888802	4.096839	2.998658	0.500000
0.612035	0.944991	2.937815	0.500000
6.746721	2.043536	1.087006	0.500000
2.886515	2.139747	1.511446	0.500000
1.596321	4.124063	1.357740	0.500000
4.850010	3.068127	2.995289	0.500000
4.565533	7.127457	1.989372	0.500000
3.172930	3.162265	1.958159	0.500000
8.404061	2.323053	2.450507	0.500000
1.415729	3.399165	2.082743	0.500000
9.484669	3.237129	2.978458	0.500000
0.467186	3.532511	2.788986	0.500000
0.972647	5.209065	2.979474	0.500000
6.083133	3.572282	0.712497	0.500000
3.250259	3.871765	2.922243	0.500000
4.365549	5.666586	2.930403	0.500000
4.495092	4.383713	2.991423	0.500000
5.196867	4.934200	0.696828	0.500000
6.315986	5.636944	2.306431	0.500000
6.277379	1.923790	2.674877	0.500000
9.803545	5.543625	2.970747	0.500000
9.053254	6.627864	2.968613	0.500000
2.014727	5.712095	1.386436	0.500000
2.110545	5.569713	2.976334	0.500000
3.499535	6.858298	0.509247	0.500000
1.231586	5.966447	2.148463	0.500000
6.914261	6.799825	2.994515	0.500000
7.048958	3.772611	2.946630	0.500000
6.163947	7.510198	2.994937	0.500000
7.222467	5.469649	2.954903	0.500000
7.351910	6.081663	2.152532	0.500000
1.819305	9.294285	2.955868	0.500000
1.653697	6.713297	2.984586	0.500000
3.002069	7.693369	2.194621	0.500000
4.325165	9.062954	2.892492	0.500000
3.251068	8.645979	2.924069	0.500000
6.876265	7.400464	2.120708	0.500000
2.654972	6.906234	1.316592	0.500000
5.873485	2.994791	2.875064	0.500000
9.067002	9.451338	2.984834	0.500000
8.672098	8.188535	2.891389	0.500000
8.232324	6.743759	2.131736	0.500000
0.376093	7.609533	0.542828	0.500000
1.123401	7.707400	2.926419	0.500000
4.146332	9.267262	1.360136	0.500000
4.351713	8.347457	2.000922	0.500000
5.110678	8.579986	0.507758	0.500000
5.335830	7.948148	2.135318	0.500000
7.781353	8.951990	0.526470	0.500000
6.783652	9.025064	2.971953	0.500000
8.950806	6.029806	2.145741	0.500000
8.905683	1.149619	2.242489	0.500000
1.928359	7.266588	2.127521	0.500000
2.225781	8.217630	2.972536	0.500000
2.396954	8.862042	2.205236	0.500000
2.819964	9.558209	2.883682	0.500000
3.504286	1.270387	1.446241	0.500000
4.535233	9.899982	2.187287	0.500000
7.100423	8.125392	1.118436	0.500000
7.076732	8.042658	2.996504	0.500000
0.289555	8.006466	2.152675	0.500000
