300

0.138908	0.820126	0.503594	0.500000
9.253652	7.276803	1.377577	0.500000
3.371118	5.950405	2.079126	0.500000
2.713326	8.192066	0.570685	0.500000
3.141991	2.539915	2.986868	0.500000
4.619476	0.028022	1.477231	0.500000
4.465578	9.063479	2.095493	0.500000
3.714621	7.995205	0.569299	0.500000
8.492863	1.719647	2.985618	0.500000
5.147577	0.890556	0.583178	0.500000
0.392571	8.671957	0.544575	0.500000
0.664226	0.903491	1.906391	0.500000
2.276341	1.143095	2.169087	0.500000
3.198914	6.965941	2.113141	0.500000
5.705998	0.437790	1.319889	0.500000
3.302836	1.223748	2.060927	0.500000
6.105836	0.070595	2.914925	0.500000
1.250200	2.381174	2.219066	0.500000
6.271916	1.364275	1.793361	0.500000
7.950808	1.372549	0.510550	0.500000
1.079629	0.675937	0.886838	0.500000
1.636784	0.460721	1.692342	0.500000
8.612901	8.561084	1.209231	0.500000
9.613556	2.424259	1.407342	0.500000
4.712938	3.501416	0.513287	0.500000
2.333572	3.543533	1.424974	0.500000
5.776172	1.910727	0.585957	0.500000
9.790263	3.583587	2.970489	0.500000
5.760515	3.823071	0.566666	0.500000
0.777598	8.519009	2.986567	0.500000
2.323282	7.224874	0.654026	0.500000
1.149972	7.546156	2.268361	0.500000
1.889872	8.807061	0.618554	0.500000
6.215886	3.601859	1.525453	0.500000
1.277445	4.939576	1.825824	0.500000
2.938445	0.192007	2.936873	0.500000
7.422531	2.587434	2.953406	0.500000
6.085805	2.504745	2.912332	0.500000
6.845279	5.427997	1.527360	0.500000
8.665155	2.335073	1.980798	0.500000
7.103812	2.922164	1.300694	0.500000
4.425894	9.249062	0.559386	0.500000
0.157073	6.087428	2.916322	0.500000
1.843481	5.405669	0.558034	0.500000
2.456243	4.224447	2.216033	0.500000
1.743100	3.410902	0.512941	0.500000
4.011891	0.325876	2.335309	0.500000
9.811589	4.648687	0.527752	0.500000
0.418390	2.915183	1.969418	0.500000
9.162158	3.194011	2.126543	0.500000
5.374435	2.260297	2.148701	0.500000
0.143723	7.673965	0.617943	0.500000
3.793828	5.009126	1.760005	0.500000
2.117152	4.663278	1.243079	0.500000
7.811990	2.035624	1.249595	0.500000
5.455018	2.855137	1.062014	0.500000
5.210150	4.710020	0.532461	0.500000
9.678625	3.921409	1.352230	0.500000
7.734667	6.196629	2.086014	0.500000
0.616374	2.745777	0.595813	0.500000
0.208020	7.933946	2.383914	0.500000
0.466866	4.636225	1.314960	0.500000
7.581828	6.667930	1.189896	0.500000
9.262468	6.600100	0.590119	0.500000
3.186365	5.064510	0.512526	0.500000
5.827817	6.467946	1.583657	0.500000
9.492334	5.082755	1.432095	0.500000
7.773950	2.883947	0.501100	0.500000
7.901407	5.517295	1.371361	0.500000
7.213927	4.753515	0.698236	0.500000
6.407338	2.890638	0.531904	0.500000
9.766128	8.616715	2.980464	0.500000
6.333025	4.911854	2.887847	0.500000
7.868282	8.597139	1.983605	0.500000
4.589569	8.350326	1.172062	0.500000
3.084425	4.318039	1.412972	0.500000
7.215981	8.162503	1.322272	0.500000
6.822812	4.279121	2.193742	0.500000
7.349900	5.834705	0.558234	0.500000
2.544679	9.088650	1.438801	0.500000
9.043500	3.904032	0.518300	0.500000
6.520635	8.218606	0.530565	0.500000
0.418164	6.583576	0.633636	0.500000
0.672828	9.758069	0.523855	0.500000
4.678286	6.151614	1.337565	0.500000
5.181116	1.344049	1.483362	0.500000
4.211703	1.311790	0.553222	0.500000
6.998711	2.028708	0.616904	0.500000
7.258251	7.462896	2.174827	0.500000
9.399326	7.644396	2.993528	0.500000
1.749639	9.808985	0.506837	0.500000
4.162592	7.306895	2.975707	0.500000
0.927022	5.552831	1.055657	0.500000
5.653798	7.879676	2.903893	0.500000
4.098892	0.924490	1.482168	0.500000
7.942440	8.020162	0.518173	0.500000
5.030061	8.049501	2.107082	0.500000
5.470049	8.501334	0.615662	0.500000
5.952826	9.651502	1.960508	0.500000
0.997253	1.336400	2.757250	0.500000
8.604346	9.594223	0.670660	0.500000
3.185880	1.200269	0.962207	0.500000
1.147894	9.116966	1.220469	0.500000
5.377411	9.558521	0.821794	0.500000
5.423832	8.826995	1.568712	0.500000
7.496084	0.283951	2.116247	0.500000
7.093485	9.900750	2.960539	0.500000
7.500381	8.909689	0.638640	0.500000
6.524772	7.347539	1.367218	0.500000
8.356281	2.964865	2.846428	0.500000
2.082270	0.768373	0.673583	0.500000
8.654136	2.188523	0.538328	0.500000
1.758763	2.903625	2.960353	0.500000
9.523584	1.660771	0.656744	0.500000
4.805976	0.720692	2.914223	0.500000
6.452013	8.964294	2.962685	0.500000
0.465745	2.506924	2.901131	0.500000
8.581273	3.007489	1.175086	0.500000
0.440382	1.700806	1.111616	0.500000
3.584506	3.485516	0.537449	0.500000
1.645280	4.459010	2.935026	0.500000
0.243330	7.269055	1.604950	0.500000
3.650341	2.479804	0.518587	0.500000
1.123569	4.416997	0.525770	0.500000
7.183886	0.078853	0.521255	0.500000
0.867559	0.326375	2.987932	0.500000
9.194936	1.371590	2.223421	0.500000
1.900464	1.890686	2.954033	0.500000
0.249688	4.725059	2.937139	0.500000
0.824666	6.306488	2.097783	0.500000
1.833931	5.856794	2.612158	0.500000
2.494046	2.798763	2.148117	0.500000
3.594906	6.469463	2.908892	0.500000
3.727540	5.313531	2.781170	0.500000
6.252903	2.303263	1.372660	0.500000
7.724916	1.648780	2.253462	0.500000
6.340169	4.600678	1.218739	0.500000
8.423660	6.965827	2.214048	0.500000
7.313265	4.681681	2.999820	0.500000
2.585800	3.528497	2.959853	0.500000
0.284074	3.756015	0.534860	0.500000
2.674134	5.963593	0.531029	0.500000
5.171347	7.046638	2.492378	0.500000
3.623951	2.227202	2.131211	0.500000
5.191807	3.718401	1.506327	0.500000
6.534855	6.467664	0.745257	0.500000
8.684460	6.319816	1.368128	0.500000
8.747689	4.084174	1.684455	0.500000
9.850831	5.751564	0.688405	0.500000
2.534957	4.080563	0.526607	0.500000
4.274880	6.690150	2.172102	0.500000
7.865271	3.044326	1.961809	0.500000
8.790634	5.632764	2.141573	0.500000
0.466618	4.056871	2.151735	0.500000
5.153685	3.926859	2.975293	0.500000
5.525140	6.403308	0.591467	0.500000
9.035615	8.041622	2.036158	0.500000
7.316135	3.943342	1.373362	0.500000
8.400761	6.227054	2.919204	0.500000
0.875528	8.146144	1.327169	0.500000
9.317586	6.645009	2.534141	0.500000
1.459464	8.500089	2.080275	0.500000
5.708080	3.357624	2.359500	0.500000
4.010113	4.399178	0.545265	0.500000
5.008836	9.867872	2.393905	0.500000
9.019892	7.922321	0.526082	0.500000
6.470478	7.285834	2.882478	0.500000
5.402125	9.072964	2.947750	0.500000
0.971110	3.670372	1.280982	0.500000
0.473011	7.102867	2.988256	0.500000
3.288939	6.872975	0.620897	0.500000
0.427225	8.930624	1.948020	0.500000
3.962973	3.335825	2.998448	0.500000
2.024352	9.544669	2.184436	0.500000
5.963188	7.307488	0.501222	0.500000
5.625496	0.798299	2.319704	0.500000
7.951163	4.713276	2.035201	0.500000
6.546317	9.085408	1.109882	0.500000
0.168681	9.803686	1.491978	0.500000
9.115588	0.147243	1.817517	0.500000
9.349288	8.866613	0.569638	0.500000
5.468512	5.433637	2.972884	0.500000
0.242707	5.465104	2.080006	0.500000
4.651810	5.510350	2.182970	0.500000
2.415274	9.038169	2.996415	0.500000
6.349685	1.047653	0.774950	0.500000
7.204530	1.055805	1.484105	0.500000
4.961479	7.283313	0.716100	0.500000
8.341629	7.065822	0.639911	0.500000
9.709039	0.908373	1.417688	0.500000
1.274410	7.462746	0.543815	0.500000
9.967663	1.216094	2.918212	0.500000
4.028313	7.286239	1.211315	0.500000
3.072079	7.603022	1.314664	0.500000
3.210977	9.093144	0.619072	0.500000
7.092800	8.146693	2.943442	0.500000
6.555523	1.174066	2.888148	0.500000
7.066133	7.341625	0.511511	0.500000
9.606735	9.850402	0.650853	0.500000
0.339806	1.832671	2.116720	0.500000
0.968966	9.819472	2.102609	0.500000
2.858799	1.463633	2.925315	0.500000
2.876317	0.295957	1.841918	0.500000
3.374532	9.488088	2.291307	0.500000
2.645756	1.948850	0.522832	0.500000
4.211836	0.293845	0.531700	0.500000
4.405238	3.035246	2.094978	0.500000
8.144633	7.696322	1.531891	0.500000
7.547150	0.936736	2.958384	0.500000
4.129887	9.484388	2.974043	0.500000
9.160139	9.692666	2.738461	0.500000
2.639388	2.949551	0.553426	0.500000
1.879265	0.369923	2.970644	0.500000
9.907090	0.323344	2.409751	0.500000
1.511049	3.398926	2.089836	0.500000
2.678506	8.429959	2.214593	0.500000
6.806850	2.099896	2.300353	0.500000
5.497399	1.662556	2.956272	0.500000
8.402231	9.458560	2.121190	0.500000
6.697165	0.158053	1.432995	0.500000
9.375876	2.565026	2.911325	0.500000
2.808830	0.037311	0.673794	0.500000
4.216102	6.506304	0.515226	0.500000
1.532596	2.617393	1.163887	0.500000
1.422948	1.417391	1.472423	0.500000
5.041439	2.912111	2.988374	0.500000
6.770512	3.874545	0.511805	0.500000
8.347658	0.791533	2.253686	0.500000
9.864353	8.262447	1.425859	0.500000
9.461527	2.947967	0.529450	0.500000
8.154602	0.041100	2.973172	0.500000
4.656359	2.263502	0.512486	0.500000
1.530257	6.803832	2.972206	0.500000
2.593262	6.534574	1.428626	0.500000
4.514183	1.461608	2.246338	0.500000
9.457696	4.374562	2.408160	0.500000
6.431902	5.432183	0.612007	0.500000
7.571382	3.747510	2.633331	0.500000
8.000152	0.397203	1.015411	0.500000
8.639499	5.699931	0.534211	0.500000
9.033019	0.737426	2.990003	0.500000
4.426067	2.158718	1.506361	0.500000
1.426743	1.746321	0.512292	0.500000
3.398189	4.376839	2.954434	0.500000
3.359488	3.651127	2.194860	0.500000
2.627537	5.501520	1.571212	0.500000
3.245216	2.945426	1.439728	0.500000
8.902710	0.779854	0.659075	0.500000
2.800525	1.946940	1.551451	0.500000
8.485387	4.011602	2.978884	0.500000
0.934934	3.578985	2.898250	0.500000
8.346108	5.081647	2.913160	0.500000
4.043083	3.844537	1.443929	0.500000
4.587187	4.783793	2.994257	0.500000
4.715046	4.729639	1.476599	0.500000
4.332652	2.200531	2.980118	0.500000
4.464199	5.385384	0.617119	0.500000
5.547423	5.442143	1.156277	0.500000
6.818307	3.102893	2.307844	0.500000
7.129626	5.641720	2.742448	0.500000
7.999765	3.951545	0.582911	0.500000
0.969204	5.433146	2.986762	0.500000
2.564831	6.463538	2.953062	0.500000
3.728537	5.854813	1.119066	0.500000
2.669720	5.164997	2.676591	0.500000
5.999933	6.305646	2.999164	0.500000
8.551353	4.731516	0.929441	0.500000
6.966503	9.143805	2.116045	0.500000
5.749047	4.478524	2.021135	0.500000
5.982123	5.553859	2.104359	0.500000
3.419883	8.600541	2.990857	0.500000
1.421833	6.966725	1.480417	0.500000
2.251723	7.275474	2.218536	0.500000
4.623292	8.444512	2.941264	0.500000
3.802694	7.802070	2.090853	0.500000
6.760375	6.560333	2.079745	0.500000
1.647937	6.450020	0.651553	0.500000
6.390919	3.736059	2.994190	0.500000
8.793496	8.726390	2.744497	0.500000
9.385352	5.324022	2.948145	0.500000
7.353350	6.762816	2.904570	0.500000
2.039018	7.904621	1.411937	0.500000
0.256648	9.517194	2.986283	0.500000
3.558708	8.754789	1.498076	0.500000
4.753312	6.169407	2.985986	0.500000
6.183785	0.081024	0.505612	0.500000
6.430070	8.058508	2.184235	0.500000
5.608719	7.760357	1.326908	0.500000
7.737837	9.103370	2.860264	0.500000
9.750997	6.293827	1.542334	0.500000
8.583652	1.394865	1.403298	0.500000
1.705343	5.921497	1.593848	0.500000
3.000365	7.659032	2.832066	0.500000
2.034571	7.908295	2.972357	0.500000
1.397768	9.324051	2.959649	0.500000
3.869973	1.100258	2.963994	0.500000
3.637909	9.822956	1.378285	0.500000
7.618074	9.526736	1.427944	0.500000
8.081787	7.972741	2.920352	0.500000
9.297367	9.004322	1.813918	0.500000
