300

9.735469	8.482937	0.556281	0.500000
1.696954	6.707818	0.542726	0.500000
3.940818	5.807110	1.681353	0.500000
3.463442	8.498401	0.516351	0.500000
1.405747	3.664064	2.950866	0.500000
5.854782	0.613579	0.525504	0.500000
2.978120	7.277002	1.999862	0.500000
4.129763	6.561410	0.504838	0.500000
0.366389	3.261387	2.986690	0.500000
8.188099	1.219536	1.418904	0.500000
0.275119	9.941353	0.516188	0.500000
0.467665	1.558433	2.882344	0.500000
1.562791	8.502800	2.916131	0.500000
3.891313	6.898745	2.207991	0.500000
5.294733	1.228427	1.296016	0.500000
4.012898	9.714163	2.273687	0.500000
4.951899	9.240475	2.182793	0.500000
0.976673	3.287906	2.122531	0.500000
5.601051	9.465015	2.975329	0.500000
7.358937	1.333440	2.022649	0.500000
9.890907	2.645654	0.569579	0.500000
0.862330	0.789002	2.111873	0.500000
8.158232	8.702911	1.319943	0.500000
0.128422	0.435881	1.521339	0.500000
6.961865	2.574384	0.507279	0.500000
4.168769	4.887586	0.972719	0.500000
4.964168	2.110803	0.527522	0.500000
0.555694	4.092171	1.383845	0.500000
7.000927	3.897503	0.541305	0.500000
9.848823	8.750709	2.151010	0.500000
2.792409	7.622706	0.519045	0.500000
1.403860	7.462661	1.466301	0.500000
2.321836	8.801640	0.517940	0.500000
7.213297	3.779708	2.197784	0.500000
1.118611	2.504246	2.919197	0.500000
3.064049	9.466888	2.984278	0.500000
8.287643	2.112414	2.989130	0.500000
6.445051	1.923826	2.338083	0.500000
6.682372	4.924024	0.559080	0.500000
9.312428	1.936764	2.927958	0.500000
7.445471	3.209729	1.405342	0.500000
3.511900	7.757023	1.262072	0.500000
8.703150	7.324166	2.993715	0.500000
3.134804	4.741546	0.546762	0.500000
2.356917	4.014380	1.990421	0.500000
1.858768	2.857180	2.333915	0.500000
4.179807	8.758928	1.478056	0.500000
8.825379	2.751532	0.603846	0.500000
0.963548	2.622157	1.367227	0.500000
9.832893	3.786492	2.210016	0.500000
4.810892	0.759081	0.518159	0.500000
2.060214	0.556346	0.511926	0.500000
4.302395	4.409943	2.010011	0.500000
1.128344	5.086590	1.482260	0.500000
8.282181	2.348629	1.352210	0.500000
7.614800	1.817448	0.604029	0.500000
5.973688	4.191101	0.621664	0.500000
0.036240	3.032241	1.528192	0.500000
8.971501	6.249494	2.923745	0.500000
0.029990	1.189660	0.534854	0.500000
1.611770	8.539394	1.295782	0.500000
2.000722	5.444291	0.664285	0.500000
8.304877	5.751415	2.174166	0.500000
1.346365	9.221219	0.551938	0.500000
3.581752	5.669293	0.537930	0.500000
5.748060	5.731025	1.958907	0.500000
9.529460	4.585300	1.324241	0.500000
6.814672	1.960906	1.365976	0.500000
8.602393	5.184069	2.947349	0.500000
7.441791	5.576141	1.290454	0.500000
9.059245	1.479051	0.561178	0.500000
0.514489	7.071121	2.243751	0.500000
6.468727	5.859169	2.907457	0.500000
8.052492	7.509896	1.450772	0.500000
4.423223	8.044619	0.815976	0.500000
4.571706	4.027577	0.506111	0.500000
6.671354	9.361887	1.392318	0.500000
6.233643	4.233551	1.980381	0.500000
8.143807	5.853963	0.525548	0.500000
2.244515	9.709552	1.323711	0.500000
9.850246	3.976530	0.544981	0.500000
6.846671	8.317231	1.253790	0.500000
0.050810	6.324026	0.501917	0.500000
1.024586	0.650377	0.580234	0.500000
5.608932	6.551404	1.348057	0.500000
4.293425	1.277871	1.239428	0.500000
4.665822	0.203395	1.513755	0.500000
6.641097	1.055606	2.974133	0.500000
6.855738	7.114874	1.405394	0.500000
9.489813	7.432285	2.175050	0.500000
2.871607	9.949977	0.564188	0.500000
4.932417	7.952614	2.998277	0.500000
1.662927	6.185491	1.460429	0.500000
6.875071	6.806635	2.971373	0.500000
5.069033	8.181756	1.662250	0.500000
6.282753	7.827361	0.557942	0.500000
5.855365	7.582156	1.462756	0.500000
5.388985	8.387620	0.555599	0.500000
5.686199	9.591256	1.563719	0.500000
2.698052	3.183929	2.934386	0.500000
8.826893	9.059625	0.549313	0.500000
4.774451	1.125446	2.350504	0.500000
1.004579	9.920713	1.409176	0.500000
6.691228	0.058473	0.517370	0.500000
5.790680	7.276431	2.999993	0.500000
6.559327	0.202591	2.135045	0.500000
9.230048	8.210400	2.940043	0.500000
6.315281	8.946311	0.504904	0.500000
6.553754	7.567261	2.284814	0.500000
9.162433	3.438621	2.964747	0.500000
1.991154	1.599274	0.619167	0.500000
9.286185	0.313122	0.551610	0.500000
2.484341	1.454520	2.105073	0.500000
0.929744	1.933625	0.548667	0.500000
4.494202	2.048480	2.922823	0.500000
7.456743	0.531824	1.424294	0.500000
1.244661	1.824553	2.129682	0.500000
6.467119	3.348062	1.193784	0.500000
0.840801	3.638601	0.531450	0.500000
3.487820	3.633693	0.545836	0.500000
0.537666	4.258980	2.888671	0.500000
0.504903	6.623027	1.344401	0.500000
2.803623	2.438046	0.502812	0.500000
1.491039	3.628826	1.306019	0.500000
6.803311	1.160717	0.651781	0.500000
0.007123	0.430731	2.942804	0.500000
8.716519	1.836373	2.109444	0.500000
3.397407	1.762382	2.894260	0.500000
0.975579	6.524660	2.966404	0.500000
1.928402	6.068352	2.862148	0.500000
3.015038	5.607384	2.965784	0.500000
3.171006	1.773953	1.418393	0.500000
4.572362	6.798253	2.987010	0.500000
3.969493	6.001567	2.778123	0.500000
5.959538	2.529983	1.500214	0.500000
0.294015	2.379348	2.316538	0.500000
5.998686	4.991747	1.305740	0.500000
8.860675	5.986840	1.258420	0.500000
7.121690	4.636185	2.999212	0.500000
2.956760	4.223060	2.853945	0.500000
0.943644	5.752790	0.613967	0.500000
3.134034	4.971154	2.197309	0.500000
5.525816	6.212435	2.974031	0.500000
4.912369	2.795846	1.379525	0.500000
7.212104	4.468988	1.453513	0.500000
7.752480	6.536731	1.350475	0.500000
9.254915	5.295530	2.108398	0.500000
8.058287	3.426950	0.557574	0.500000
0.229202	4.932129	0.527326	0.500000
1.230990	4.621613	0.533148	0.500000
5.015824	7.288854	2.170899	0.500000
8.936275	2.950473	1.984995	0.500000
8.601786	4.971744	1.383707	0.500000
0.232671	4.787279	2.036558	0.500000
5.268943	4.047191	2.929665	0.500000
5.930929	5.607587	0.500857	0.500000
0.173853	7.815543	1.222897	0.500000
7.242156	3.018871	2.958656	0.500000
8.443551	6.770519	2.133060	0.500000
0.816648	8.321640	0.552588	0.500000
9.752344	6.341669	2.108286	0.500000
1.027412	0.243908	2.989672	0.500000
5.953923	1.892739	0.627189	0.500000
5.768077	3.008408	0.547521	0.500000
5.785029	8.458510	2.742500	0.500000
8.520454	6.814728	0.503487	0.500000
6.179175	6.639782	2.235583	0.500000
5.618842	0.541823	2.629985	0.500000
2.140985	3.654309	0.537450	0.500000
1.610364	6.810023	2.239671	0.500000
2.715725	6.404426	0.586182	0.500000
9.605709	9.444614	1.176606	0.500000
3.814887	4.944555	2.965164	0.500000
1.958022	9.595206	2.937422	0.500000
6.193472	6.606530	0.517771	0.500000
5.692022	1.509623	2.954418	0.500000
8.094109	3.264331	2.490078	0.500000
7.444591	8.711207	0.513889	0.500000
0.522485	9.038003	1.386085	0.500000
8.388999	8.069350	0.540685	0.500000
0.648308	7.259939	0.537093	0.500000
5.214860	4.814917	1.910748	0.500000
9.762900	6.899042	2.995200	0.500000
4.956594	5.602706	1.342213	0.500000
1.267003	7.549097	2.835693	0.500000
4.714900	0.196296	2.985593	0.500000
8.562430	9.778943	2.894981	0.500000
5.117332	7.278606	0.509730	0.500000
7.871447	4.737303	2.213701	0.500000
0.440875	1.438606	1.424790	0.500000
1.763809	7.733431	0.556526	0.500000
9.012342	0.964313	2.882431	0.500000
4.522188	6.844724	1.413332	0.500000
1.996618	7.930669	2.165528	0.500000
3.796392	0.473500	0.727875	0.500000
6.841438	9.331573	2.623081	0.500000
7.637384	2.432368	2.162998	0.500000
7.460608	7.312536	0.612242	0.500000
9.297404	7.539900	0.508889	0.500000
3.828587	0.695212	1.964457	0.500000
2.007263	0.369548	2.081600	0.500000
4.014145	2.030556	1.919640	0.500000
3.722138	0.492730	2.961122	0.500000
2.992379	9.976117	2.003732	0.500000
2.685332	0.666083	1.313701	0.500000
3.817241	9.451653	0.658936	0.500000
5.763299	3.331944	2.335572	0.500000
7.782552	9.755300	0.783108	0.500000
8.022006	8.863783	2.857703	0.500000
3.855273	8.784958	2.977546	0.500000
8.781697	9.061034	2.081565	0.500000
2.496563	3.205881	1.402327	0.500000
2.349685	2.089268	2.922699	0.500000
9.355551	0.000021	2.172199	0.500000
2.229378	4.519842	1.091410	0.500000
2.568003	8.380053	2.912456	0.500000
7.915980	1.050435	2.922126	0.500000
4.981989	2.946487	2.959032	0.500000
7.730716	9.526255	1.848536	0.500000
9.098240	0.794277	1.563166	0.500000
9.510363	4.394840	2.979300	0.500000
1.609966	1.032301	1.356206	0.500000
5.100097	6.263459	0.526265	0.500000
2.915866	2.510003	2.068560	0.500000
2.014779	2.215888	1.499407	0.500000
7.288166	1.905439	2.962258	0.500000
8.099477	3.943019	1.607191	0.500000
9.147634	8.257063	1.399978	0.500000
9.441370	6.894457	1.277005	0.500000
9.518833	2.128921	1.397370	0.500000
7.576143	0.008978	2.948185	0.500000
4.372474	3.047715	0.520128	0.500000
0.719729	6.004709	2.135115	0.500000
3.427771	6.655595	1.266129	0.500000
2.736311	0.908666	2.951847	0.500000
8.986558	3.559686	1.182638	0.500000
7.204205	6.313438	0.510160	0.500000
8.132913	4.129966	2.999354	0.500000
6.245000	1.041569	1.614274	0.500000
9.194727	5.274015	0.632688	0.500000
0.335022	9.667201	2.365938	0.500000
5.245745	2.184743	2.186963	0.500000
1.671997	2.769491	0.664356	0.500000
4.789503	3.484238	2.112711	0.500000
3.881535	2.867591	2.880951	0.500000
2.679237	5.426538	1.406420	0.500000
3.739424	3.435834	2.052148	0.500000
8.213562	0.412476	2.155787	0.500000
3.448830	2.874338	1.222404	0.500000
8.871925	4.355087	2.154097	0.500000
1.314253	4.291361	2.157930	0.500000
1.041814	5.131118	2.684615	0.500000
3.264614	4.150533	1.439636	0.500000
4.845887	5.353089	2.885612	0.500000
5.395354	3.815251	1.381463	0.500000
3.909184	3.909536	2.960242	0.500000
5.223415	4.854302	0.561117	0.500000
6.500905	5.994394	1.325214	0.500000
6.289241	3.938973	2.982586	0.500000
7.599901	5.529292	2.950317	0.500000
7.688711	4.834912	0.626063	0.500000
2.110594	5.255111	2.239858	0.500000
2.251637	7.099162	2.962986	0.500000
4.742178	6.229023	2.170948	0.500000
1.986772	4.490401	2.931457	0.500000
6.717585	5.162581	2.012180	0.500000
8.777171	4.343968	0.564135	0.500000
8.311037	0.742227	0.524605	0.500000
6.693156	2.878743	2.083920	0.500000
7.291363	6.217142	2.179891	0.500000
3.255186	8.364614	2.093975	0.500000
2.727556	6.171708	2.123114	0.500000
2.375004	9.025351	2.082515	0.500000
6.033369	8.651886	1.780633	0.500000
2.555129	8.166296	1.325819	0.500000
7.667620	7.362193	2.495408	0.500000
2.311858	7.059521	1.265663	0.500000
6.148459	2.649862	2.959656	0.500000
0.184252	7.856263	2.948336	0.500000
0.110113	5.710520	2.888675	0.500000
7.928246	6.493387	2.984027	0.500000
0.621841	8.873662	2.956776	0.500000
1.578620	1.310155	2.973976	0.500000
3.089210	9.118623	1.379589	0.500000
5.824990	5.073898	2.906722	0.500000
4.856625	9.358861	0.544057	0.500000
6.851185	8.385423	2.963549	0.500000
4.216001	7.940443	2.204840	0.500000
8.607389	9.744041	1.363508	0.500000
0.116339	5.606246	1.319842	0.500000
9.753433	1.413789	2.177653	0.500000
3.153117	6.620399	2.934963	0.500000
3.559594	7.539162	2.930532	0.500000
0.838777	8.221927	1.943098	0.500000
1.356964	9.131567	2.140531	0.500000
3.875340	2.102666	0.552126	0.500000
2.961828	1.222142	0.527055	0.500000
8.507525	8.059172	2.166166	0.500000
7.461305	8.321390	2.106745	0.500000
9.546974	9.403797	2.999746	0.500000
