300

8.858077	8.816569	1.024273	0.500000
1.215725	6.754694	0.593707	0.500000
3.785501	5.905630	1.434615	0.500000
2.852768	8.489820	0.523038	0.500000
2.719447	4.229824	2.768535	0.500000
5.693040	1.053206	0.578632	0.500000
4.341144	9.127079	2.253479	0.500000
3.265082	6.974222	0.512668	0.500000
0.170395	2.882276	2.961057	0.500000
7.815853	1.596878	1.489992	0.500000
9.900965	9.632412	0.599873	0.500000
0.782067	1.977212	2.994962	0.500000
1.778859	9.475662	2.848031	0.500000
3.408159	7.018020	2.411578	0.500000
5.428047	1.725433	1.332801	0.500000
4.352426	0.593590	2.011439	0.500000
5.252530	0.023900	2.140637	0.500000
0.678186	3.196058	2.113548	0.500000
5.976237	0.187019	2.881229	0.500000
7.038946	1.363078	2.332410	0.500000
0.068949	2.184738	0.520388	0.500000
0.911662	0.478084	2.978480	0.500000
7.521150	8.446941	2.184354	0.500000
9.620719	0.609810	1.346061	0.500000
5.914068	3.282889	0.508258	0.500000
3.054949	3.932393	1.341421	0.500000
5.368837	2.434789	0.558778	0.500000
0.582677	4.012394	1.334859	0.500000
7.025598	3.861208	0.526558	0.500000
0.233086	8.620374	2.300445	0.500000
2.226433	7.544244	0.538060	0.500000
1.181119	7.239409	1.599398	0.500000
2.318512	8.572834	1.405023	0.500000
7.105808	3.949615	2.200618	0.500000
1.752140	4.006193	2.971309	0.500000
3.122221	9.549837	2.991824	0.500000
8.404270	2.620864	2.957349	0.500000
6.167994	1.821015	2.055885	0.500000
6.373263	5.407198	0.518831	0.500000
9.416733	2.013193	2.857829	0.500000
7.389553	3.189596	1.364406	0.500000
3.828930	8.114342	0.547586	0.500000
9.741577	6.985409	2.993507	0.500000
2.942458	4.932073	0.627442	0.500000
2.242187	4.472653	1.689561	0.500000
1.932588	3.509831	2.076375	0.500000
4.259769	9.763122	1.290497	0.500000
9.113060	2.931568	0.559872	0.500000
0.802729	2.544338	1.302932	0.500000
9.703869	3.743686	2.041042	0.500000
4.722229	1.415092	0.517849	0.500000
1.065900	9.722220	0.574932	0.500000
4.082731	5.237010	2.186518	0.500000
0.896343	5.176825	1.134385	0.500000
8.286263	2.686244	1.461711	0.500000
6.861414	2.865028	0.577402	0.500000
6.060576	4.454096	0.525513	0.500000
9.795992	2.917968	1.298642	0.500000
8.845742	6.519260	2.971486	0.500000
9.483414	1.157903	0.515216	0.500000
0.868655	8.268366	1.401074	0.500000
1.553770	5.684499	0.500624	0.500000
8.127493	5.938427	2.062289	0.500000
1.710254	8.633565	0.570982	0.500000
3.939914	5.223359	0.539691	0.500000
5.454239	5.818434	2.096404	0.500000
9.248174	4.515297	1.208868	0.500000
6.960800	2.148543	1.488924	0.500000
7.950799	5.188414	2.938358	0.500000
7.293398	5.834579	1.475415	0.500000
8.475917	1.701696	0.567266	0.500000
0.091590	7.613511	2.028402	0.500000
5.949292	5.971859	2.974436	0.500000
7.575597	7.681465	1.496909	0.500000
4.123165	9.135549	0.503837	0.500000
3.789275	4.105071	0.551584	0.500000
6.936251	9.406918	1.326879	0.500000
5.913287	4.264347	1.943706	0.500000
8.180304	5.979165	0.566021	0.500000
1.790168	9.418337	1.251969	0.500000
9.761775	3.784169	0.603161	0.500000
5.509128	7.567645	1.160012	0.500000
9.481789	6.502140	0.565780	0.500000
0.740093	0.779992	0.541524	0.500000
5.125331	6.561482	1.469969	0.500000
4.833698	2.531645	1.476873	0.500000
5.146849	0.752482	1.373285	0.500000
6.303086	1.190601	2.998757	0.500000
6.695591	7.082767	1.200625	0.500000
9.219366	7.742510	2.571443	0.500000
2.115404	0.124721	0.553993	0.500000
4.957260	8.336686	2.897663	0.500000
1.260738	6.147095	1.412795	0.500000
6.635957	6.717741	2.946298	0.500000
5.210923	9.347466	1.382759	0.500000
6.279972	7.857786	0.505147	0.500000
4.690805	8.148536	1.374325	0.500000
5.259145	8.618372	0.569984	0.500000
5.943272	0.115324	1.412654	0.500000
2.236341	3.112134	2.949015	0.500000
7.722566	9.509269	0.573505	0.500000
4.213541	1.471899	1.456980	0.500000
0.845699	0.544220	1.544597	0.500000
6.435819	9.953239	0.534875	0.500000
5.835928	7.376837	2.978206	0.500000
6.891619	0.190522	1.991794	0.500000
9.403020	8.682238	2.893463	0.500000
6.196955	8.944457	0.738337	0.500000
6.500391	7.634992	2.072490	0.500000
8.825654	3.569320	2.749431	0.500000
0.997925	1.801473	0.576061	0.500000
8.842716	9.761827	0.525734	0.500000
1.343480	2.376607	2.209570	0.500000
0.354701	1.491570	1.314149	0.500000
3.740273	0.798335	2.942824	0.500000
7.297231	0.333618	1.086954	0.500000
1.211641	3.099182	2.976019	0.500000
6.420391	3.636027	1.309223	0.500000
0.689471	3.356746	0.581938	0.500000
3.224079	3.127633	0.522142	0.500000
0.760772	4.014458	2.824910	0.500000
0.226712	6.608666	1.595289	0.500000
2.705263	2.258645	0.525983	0.500000
1.535455	3.653200	1.158357	0.500000
7.219757	1.332922	0.591393	0.500000
0.153369	1.174496	2.998482	0.500000
8.583079	1.872295	2.173058	0.500000
2.851209	1.659786	2.995734	0.500000
0.803613	5.641771	2.175659	0.500000
1.557520	5.957678	2.980644	0.500000
2.985321	5.968829	2.218634	0.500000
2.764111	1.591931	1.326033	0.500000
4.187194	7.585951	2.943543	0.500000
3.756249	5.981873	2.925848	0.500000
6.023530	2.659888	1.348514	0.500000
0.147934	2.214034	2.139869	0.500000
5.671738	5.045538	1.327968	0.500000
8.938556	6.297335	1.478059	0.500000
6.826348	4.687574	2.945889	0.500000
3.566095	4.204914	2.194987	0.500000
0.436876	6.016401	0.558213	0.500000
3.236956	4.961643	1.627462	0.500000
5.126648	6.634052	2.826135	0.500000
3.746932	2.272817	2.183534	0.500000
6.665991	4.702245	1.345386	0.500000
7.959754	6.775588	1.307129	0.500000
9.034388	5.350036	1.948364	0.500000
7.886798	2.838225	0.503029	0.500000
0.044830	4.983907	0.530375	0.500000
1.018299	4.379955	0.507212	0.500000
4.793892	7.361511	2.019868	0.500000
9.171561	2.792917	2.138602	0.500000
8.284718	5.035056	1.297381	0.500000
9.965522	4.793717	2.159540	0.500000
5.320564	3.877460	2.970280	0.500000
5.294084	5.728849	0.534730	0.500000
9.858646	8.509904	1.162724	0.500000
7.455705	3.130583	2.968991	0.500000
8.646503	7.069660	2.092550	0.500000
0.711133	8.774863	0.505257	0.500000
9.769147	6.065809	2.332254	0.500000
1.114201	8.556080	2.997710	0.500000
6.280941	1.919679	0.569359	0.500000
4.820106	3.499056	0.528056	0.500000
5.392167	9.230057	2.772513	0.500000
8.612909	7.035254	0.520624	0.500000
6.020509	6.721486	2.107291	0.500000
5.919586	0.850542	2.133121	0.500000
2.372337	3.828810	0.526407	0.500000
1.186551	7.353135	2.983436	0.500000
3.162999	5.918793	0.620415	0.500000
9.660780	9.383715	1.882581	0.500000
4.300704	4.390253	2.930083	0.500000
2.453400	0.416903	1.489422	0.500000
5.864728	6.655279	0.517958	0.500000
5.357879	1.620229	2.884728	0.500000
7.985463	3.464452	2.148105	0.500000
6.694317	8.401759	1.457588	0.500000
0.587875	9.556724	1.452114	0.500000
8.277274	8.136166	0.558561	0.500000
0.281963	7.449813	0.814633	0.500000
4.996205	4.741764	2.108692	0.500000
0.647098	6.465770	2.998883	0.500000
4.706323	5.335960	1.288723	0.500000
2.212097	8.573570	2.893373	0.500000
4.843447	0.735983	2.989624	0.500000
7.912832	0.749076	2.025258	0.500000
4.549994	7.406369	0.510930	0.500000
7.461221	5.015685	2.065559	0.500000
1.066000	1.272170	2.330598	0.500000
1.227899	7.756864	0.512041	0.500000
9.178218	0.716188	2.997095	0.500000
4.062976	6.979410	1.403921	0.500000
3.192311	7.882349	1.350503	0.500000
3.233510	9.924070	0.539136	0.500000
7.066849	9.591585	2.866273	0.500000
7.610719	2.313393	2.306353	0.500000
7.394527	7.341487	0.505126	0.500000
9.371207	7.916076	0.508266	0.500000
2.235896	1.192121	2.157710	0.500000
1.648100	0.142492	2.065992	0.500000
3.336401	1.335252	2.172139	0.500000
2.844314	0.442740	2.449574	0.500000
3.550955	9.787862	2.043508	0.500000
2.780957	0.879057	0.571907	0.500000
4.297911	0.492061	0.559304	0.500000
5.428367	3.478491	1.479714	0.500000
7.151413	8.579496	0.550521	0.500000
8.143146	9.095473	2.911427	0.500000
4.146000	9.817175	2.956801	0.500000
8.254878	0.203622	2.965039	0.500000
2.471301	3.108979	1.302553	0.500000
1.782377	1.703250	2.998116	0.500000
9.003514	0.250543	2.053812	0.500000
1.928072	4.774369	0.696079	0.500000
3.135063	8.878125	2.191390	0.500000
8.074810	1.274057	2.930131	0.500000
4.576090	2.659159	2.667563	0.500000
7.773327	9.653953	2.152365	0.500000
8.701797	1.102783	1.384350	0.500000
9.673477	4.236576	2.957498	0.500000
1.635645	0.922360	1.043727	0.500000
4.464881	6.333450	0.621679	0.500000
2.398451	2.183411	2.243189	0.500000
1.663019	1.952131	1.347976	0.500000
6.571966	2.176443	2.997627	0.500000
7.622720	4.235583	1.381555	0.500000
8.610650	9.079706	1.995394	0.500000
9.416348	7.179740	1.360963	0.500000
9.159587	2.027703	1.279165	0.500000
7.297583	0.608643	2.998723	0.500000
4.166248	2.722178	0.556042	0.500000
1.809041	5.432215	2.041906	0.500000
3.053504	6.635706	1.473096	0.500000
2.007192	0.630332	2.968261	0.500000
8.896236	3.581610	1.311985	0.500000
7.198811	6.233883	0.508687	0.500000
7.949664	4.134157	2.932723	0.500000
6.518744	1.134785	1.279492	0.500000
9.070753	5.463088	0.548783	0.500000
9.976738	0.369181	2.351373	0.500000
4.428701	1.521031	2.443649	0.500000
1.774417	2.739644	0.635668	0.500000
4.631986	3.711100	2.245133	0.500000
3.234088	2.650953	2.957664	0.500000
2.473344	5.770749	1.336953	0.500000
2.970758	3.365540	2.222540	0.500000
8.246539	0.074398	1.365906	0.500000
3.338662	2.466050	1.282915	0.500000
8.695088	4.360462	2.107238	0.500000
1.175938	4.500906	1.990882	0.500000
0.248124	5.348598	2.973547	0.500000
3.993800	3.400287	1.286198	0.500000
4.785326	5.617058	2.910159	0.500000
4.220338	4.441512	1.458075	0.500000
3.698891	3.538342	2.943353	0.500000
5.045051	4.480024	0.640435	0.500000
6.218268	6.016429	1.324642	0.500000
6.477407	3.656655	2.955074	0.500000
7.003093	5.673961	2.909628	0.500000
7.457598	5.240640	0.587064	0.500000
1.177794	4.948108	2.938419	0.500000
2.567326	6.533542	2.946525	0.500000
4.337365	6.382191	2.212690	0.500000
3.457953	4.979983	2.938084	0.500000
6.406214	5.383018	2.146063	0.500000
8.193214	4.211859	0.500331	0.500000
8.068406	0.685554	0.523280	0.500000
6.739485	2.986486	2.199346	0.500000
7.218001	6.629095	2.084782	0.500000
3.922112	8.573147	2.975940	0.500000
1.723805	6.672527	2.279752	0.500000
2.394082	7.335108	1.882407	0.500000
6.219226	9.362251	2.177524	0.500000
3.891962	8.224486	2.005982	0.500000
7.174786	7.745681	2.997577	0.500000
2.284497	6.523369	0.688984	0.500000
5.761864	2.758971	2.787486	0.500000
0.294143	7.843144	2.989289	0.500000
9.213272	5.246503	2.983438	0.500000
7.928516	6.954178	2.835157	0.500000
1.511387	8.027405	2.129760	0.500000
0.591419	9.415704	2.866312	0.500000
3.227376	9.155366	1.227911	0.500000
5.795910	4.793799	2.858349	0.500000
5.313495	0.000591	0.572133	0.500000
6.188274	8.317671	2.974834	0.500000
5.567432	8.221914	1.934224	0.500000
7.887451	8.728691	1.285836	0.500000
9.910548	5.541768	1.395725	0.500000
9.473995	1.351657	2.074548	0.500000
2.464512	5.334513	2.837228	0.500000
3.171353	7.903037	2.930136	0.500000
2.190477	7.546346	2.919834	0.500000
1.257280	9.023055	2.033032	0.500000
3.555215	1.544881	0.520299	0.500000
3.469185	0.739272	1.327893	0.500000
8.782566	7.948436	1.564301	0.500000
8.231044	8.051588	2.815406	0.500000
9.405787	9.694288	2.933585	0.500000
