300

9.850502	1.288790	0.503825	0.500000
0.759589	6.932437	0.522271	0.500000
2.767968	7.798104	0.571389	0.500000
1.408573	8.563671	0.502150	0.500000
1.959110	1.340960	2.967500	0.500000
2.410435	0.716597	1.364526	0.500000
4.242504	0.077408	0.519721	0.500000
3.355323	9.437272	0.512276	0.500000
7.609801	0.689050	1.935932	0.500000
7.110374	9.827591	1.619740	0.500000
0.898531	8.988364	1.497155	0.500000
1.895651	9.088257	1.616943	0.500000
2.433368	2.323469	2.991031	0.500000
2.974139	8.455825	1.328466	0.500000
5.157899	1.514676	2.387726	0.500000
5.150230	3.349486	1.550869	0.500000
6.054511	1.176133	1.851865	0.500000
9.383905	2.300661	0.567774	0.500000
7.066840	1.908578	0.508769	0.500000
8.227460	1.898695	0.522657	0.500000
1.646686	1.632982	1.300859	0.500000
1.989312	2.349775	0.529145	0.500000
7.710109	0.960406	0.510945	0.500000
3.220929	3.101771	0.520123	0.500000
4.737298	2.792618	0.656777	0.500000
4.465921	5.262489	1.408791	0.500000
7.154847	1.757106	2.277631	0.500000
0.724745	3.088829	1.989077	0.500000
5.366308	4.049608	0.858370	0.500000
0.712994	8.832595	2.956283	0.500000
1.381704	5.904621	0.572926	0.500000
9.928432	7.207154	1.411231	0.500000
0.302945	9.882941	1.369281	0.500000
2.969782	4.864404	1.364860	0.500000
0.992714	4.696039	0.535262	0.500000
3.472606	2.754017	2.981899	0.500000
6.920075	2.786706	2.087949	0.500000
5.479028	2.339162	2.975839	0.500000
8.230618	5.369524	2.934412	0.500000
9.244979	1.695781	1.361593	0.500000
1.317508	2.599904	1.288259	0.500000
1.897277	0.894667	0.503376	0.500000
1.487116	4.091784	2.980889	0.500000
1.934965	4.759184	2.368273	0.500000
3.115136	5.539289	0.566629	0.500000
2.727124	4.353838	0.510598	0.500000
4.395583	2.078147	2.980239	0.500000
8.206626	4.214653	2.067727	0.500000
9.917930	4.452333	2.995424	0.500000
0.222128	2.113625	1.243673	0.500000
2.707733	5.455340	2.276841	0.500000
1.628695	7.556075	0.546845	0.500000
3.817359	4.653522	0.867549	0.500000
4.768322	6.358651	2.184120	0.500000
7.500697	2.120403	1.395401	0.500000
5.385690	4.780119	2.857602	0.500000
5.798114	2.522906	0.521099	0.500000
8.823586	3.383405	2.083342	0.500000
6.631716	4.439060	0.823815	0.500000
0.863493	3.862205	1.286303	0.500000
1.006897	7.725763	1.435377	0.500000
9.064757	5.030093	2.379784	0.500000
8.594886	5.090498	1.266606	0.500000
0.109478	4.041482	0.557158	0.500000
5.040098	6.443892	0.609491	0.500000
6.964067	7.506946	0.508752	0.500000
7.545670	5.472820	0.511114	0.500000
8.561573	4.243298	0.536958	0.500000
7.856515	6.054585	1.326116	0.500000
6.973761	4.569784	1.969501	0.500000
6.923577	2.831113	0.884757	0.500000
9.711813	8.201021	1.343548	0.500000
5.665018	6.204889	2.937339	0.500000
5.014620	7.147387	2.795769	0.500000
4.390590	7.312295	0.592110	0.500000
6.139558	6.461908	0.506026	0.500000
6.167291	7.260997	1.232705	0.500000
7.746913	4.553035	1.189680	0.500000
7.297284	6.468215	0.503301	0.500000
0.773640	7.076392	2.162252	0.500000
9.430897	4.922291	0.671928	0.500000
7.837996	8.077088	0.558539	0.500000
0.285718	5.587080	0.573657	0.500000
2.305085	6.312998	0.563676	0.500000
6.142194	6.727758	2.087646	0.500000
5.154568	1.082052	1.421926	0.500000
3.225593	0.447760	0.602677	0.500000
6.134631	0.384590	1.159548	0.500000
7.508834	7.333683	1.355404	0.500000
9.429643	7.425295	0.553111	0.500000
0.876259	9.409146	0.572544	0.500000
2.981220	6.155091	2.990743	0.500000
9.685875	6.454462	0.638694	0.500000
4.105452	7.710227	2.882345	0.500000
4.389083	1.799860	1.391184	0.500000
8.930128	8.350261	0.702962	0.500000
4.879081	8.071860	1.066492	0.500000
5.985840	8.409872	0.614204	0.500000
7.006316	8.900214	2.030603	0.500000
1.205680	1.898430	2.179668	0.500000
8.604414	0.371001	1.527363	0.500000
1.593973	0.888506	2.035089	0.500000
2.850817	9.557541	1.416587	0.500000
4.252949	1.086414	0.564882	0.500000
6.135469	9.625756	1.912697	0.500000
7.865877	8.975018	2.846074	0.500000
6.462634	0.177826	2.726636	0.500000
7.937507	9.802202	0.998586	0.500000
8.891822	6.604008	1.318284	0.500000
7.670639	0.022085	2.995773	0.500000
2.171664	2.711075	2.092117	0.500000
0.785944	3.137547	0.550217	0.500000
3.546241	1.536557	2.948004	0.500000
1.679468	3.723364	0.560707	0.500000
3.639721	2.039048	0.752810	0.500000
5.029026	8.912502	2.249696	0.500000
0.554973	1.073413	1.925235	0.500000
8.676080	2.564217	1.244431	0.500000
0.988025	1.770687	0.519384	0.500000
4.281852	3.811733	0.523581	0.500000
9.816358	2.588239	2.099430	0.500000
1.696862	6.768973	1.361815	0.500000
5.006036	1.777244	0.580032	0.500000
2.037652	5.091784	0.520591	0.500000
7.059382	0.133723	0.596895	0.500000
8.611508	0.606186	2.857699	0.500000
7.896611	2.848628	0.575014	0.500000
0.270851	2.183690	2.962702	0.500000
1.380600	2.762754	2.727844	0.500000
1.105100	5.213034	1.686866	0.500000
0.306114	6.282989	2.747031	0.500000
0.747757	4.210234	2.257808	0.500000
3.474585	7.017066	2.126889	0.500000
3.109177	6.163599	1.356403	0.500000
4.994545	4.301026	1.903192	0.500000
7.510991	2.477257	2.944658	0.500000
6.754092	3.661339	1.576984	0.500000
6.777297	5.472281	1.431416	0.500000
7.650944	4.488761	2.941177	0.500000
2.356193	3.377455	2.911148	0.500000
9.214566	4.191160	1.398665	0.500000
4.171967	5.763292	0.561596	0.500000
5.245479	6.896831	1.487506	0.500000
5.860462	2.902224	2.234785	0.500000
3.726599	4.679814	2.040433	0.500000
5.858911	4.876567	1.515991	0.500000
7.781686	5.196062	2.037549	0.500000
9.859969	3.621628	2.082344	0.500000
0.059073	4.749801	1.526974	0.500000
3.733325	5.859823	2.100155	0.500000
5.735698	5.907609	1.326161	0.500000
9.901457	3.120193	1.099906	0.500000
9.694794	5.726228	1.392277	0.500000
2.774592	4.503745	2.996768	0.500000
6.551087	4.374722	2.930459	0.500000
7.393566	3.831186	0.549630	0.500000
9.092723	9.313677	1.436213	0.500000
8.082956	3.537545	1.299673	0.500000
7.572173	7.309034	2.934105	0.500000
0.097305	7.269904	2.926782	0.500000
0.635020	6.215454	1.388709	0.500000
1.430315	8.431655	2.231185	0.500000
5.203642	5.443400	2.119474	0.500000
5.951142	4.051591	2.089420	0.500000
5.660484	8.846325	1.460316	0.500000
8.634338	7.759552	1.554301	0.500000
6.867939	6.487840	1.435927	0.500000
5.528040	0.403829	2.390636	0.500000
0.051253	5.329936	2.352212	0.500000
9.532345	6.464336	2.110034	0.500000
2.437263	8.837486	0.561590	0.500000
9.942222	8.995642	2.029688	0.500000
3.751768	7.652012	1.306279	0.500000
3.482896	9.243190	2.137179	0.500000
6.049395	5.351066	0.552548	0.500000
5.239388	0.024939	1.485935	0.500000
8.062332	6.394846	2.952146	0.500000
6.071976	8.717536	2.576809	0.500000
9.348649	0.121821	2.261187	0.500000
9.661326	8.309455	2.880513	0.500000
9.366391	9.907585	0.562647	0.500000
4.039687	6.661757	2.952642	0.500000
8.908476	5.818788	0.656226	0.500000
4.125060	6.396869	1.346659	0.500000
4.166000	1.154525	2.206504	0.500000
5.236683	0.530766	0.575261	0.500000
8.144805	1.330415	1.370607	0.500000
5.459741	7.450096	0.526786	0.500000
8.381259	7.211828	0.630945	0.500000
8.752403	0.870386	0.549183	0.500000
9.896073	9.033291	0.521946	0.500000
9.751989	1.605441	2.288175	0.500000
3.674922	8.402888	0.565000	0.500000
1.954632	8.117517	1.360589	0.500000
2.184299	9.851490	0.502693	0.500000
5.209546	8.129807	2.875705	0.500000
6.993558	1.039118	1.219835	0.500000
9.400100	7.577727	2.197825	0.500000
1.420024	0.064849	1.355994	0.500000
0.782214	0.735038	0.862313	0.500000
0.995520	9.921201	2.284890	0.500000
2.545659	1.690748	2.189514	0.500000
3.298853	0.356917	1.944656	0.500000
4.320786	0.493922	1.465919	0.500000
3.520347	2.159116	1.878912	0.500000
4.732659	0.702880	2.995181	0.500000
5.440113	2.077549	1.436075	0.500000
7.876555	8.075002	2.329728	0.500000
5.417924	9.531150	0.580892	0.500000
5.654520	9.541517	2.980359	0.500000
9.641328	0.764996	2.988753	0.500000
2.689097	4.158854	2.021612	0.500000
2.176429	9.960850	2.040845	0.500000
1.716336	0.335923	2.998656	0.500000
2.357199	3.219133	1.242285	0.500000
3.860896	0.079017	2.973085	0.500000
8.091158	1.459447	2.961570	0.500000
6.053719	1.141822	2.968540	0.500000
7.894043	8.715293	1.352094	0.500000
6.429788	9.434407	0.968707	0.500000
9.915725	9.524914	2.959626	0.500000
2.773419	1.424657	0.516259	0.500000
3.021488	7.261581	2.996455	0.500000
3.254343	3.864126	1.227587	0.500000
2.718731	0.689370	2.908607	0.500000
4.600825	2.585215	1.996026	0.500000
5.967297	1.406274	0.857927	0.500000
9.620618	0.710857	1.309263	0.500000
9.017163	8.549465	2.079975	0.500000
8.951990	3.298307	0.556752	0.500000
7.129885	0.967014	2.956106	0.500000
3.907845	2.891777	1.216045	0.500000
2.381335	6.493116	2.114010	0.500000
3.578265	5.157817	2.962695	0.500000
4.301517	3.572456	2.120149	0.500000
8.196639	3.260641	2.995080	0.500000
7.327943	3.677606	2.411199	0.500000
8.720077	2.353742	2.733233	0.500000
8.288197	9.537853	2.032698	0.500000
8.664378	4.297436	2.989419	0.500000
0.915541	1.154972	2.885490	0.500000
6.440971	2.074829	1.545326	0.500000
2.660344	2.142041	1.278796	0.500000
1.787547	4.506338	1.322308	0.500000
4.538023	3.112186	2.988857	0.500000
4.570788	7.586851	1.941884	0.500000
3.221125	3.240973	2.057610	0.500000
7.996316	2.753054	2.030413	0.500000
1.671532	3.718464	2.038378	0.500000
9.277145	3.238652	2.976117	0.500000
0.496142	3.501828	2.945434	0.500000
0.780041	4.981562	2.965050	0.500000
6.188811	3.493901	0.611583	0.500000
3.615028	3.904032	2.812314	0.500000
4.554735	5.364944	2.881121	0.500000
4.600722	4.121573	2.903293	0.500000
4.986581	4.935395	0.588659	0.500000
6.193265	5.529808	2.355547	0.500000
6.481096	2.138513	2.995296	0.500000
9.354616	5.802759	2.974086	0.500000
9.062805	6.867508	2.963667	0.500000
2.041722	5.753962	1.446955	0.500000
1.715459	5.592613	2.941667	0.500000
3.295323	6.696333	0.521373	0.500000
1.368972	6.135919	2.147653	0.500000
6.676620	6.378005	2.926985	0.500000
6.569459	3.227413	2.939783	0.500000
6.229400	7.316813	2.944154	0.500000
7.164822	5.367398	2.902257	0.500000
7.386399	6.138708	2.258837	0.500000
1.613296	9.312526	2.804259	0.500000
1.646468	6.705267	2.947687	0.500000
2.812217	7.810638	2.155657	0.500000
4.331975	8.806961	2.967584	0.500000
3.350427	8.435203	2.996106	0.500000
6.707443	7.693787	2.039194	0.500000
2.652245	7.158315	1.388967	0.500000
5.510765	3.693971	2.983600	0.500000
8.737648	9.521220	2.951376	0.500000
8.739100	7.922730	2.907031	0.500000
8.415228	7.021800	2.213248	0.500000
0.320332	8.018224	0.529305	0.500000
1.039597	7.790030	2.978648	0.500000
4.385358	9.192061	1.478281	0.500000
3.898762	8.334374	2.101757	0.500000
4.596937	8.901570	0.516426	0.500000
5.640599	7.943241	1.930110	0.500000
7.319576	9.070499	0.577693	0.500000
6.872780	9.234669	2.975109	0.500000
8.539370	5.934604	2.105394	0.500000
8.787661	1.313873	2.171127	0.500000
1.843570	7.461043	2.205393	0.500000
2.049615	8.081770	2.965389	0.500000
2.590235	8.813253	2.304420	0.500000
2.901482	9.556946	2.986087	0.500000
3.450583	1.229627	1.412465	0.500000
4.571742	9.850898	2.286184	0.500000
6.854408	8.340441	1.178187	0.500000
7.033530	8.156562	2.968346	0.500000
0.420980	8.055889	2.218478	0.500000
