300

0.340629	1.057263	0.543625	0.500000
0.816080	6.921000	0.590455	0.500000
2.070115	7.291879	0.515393	0.500000
1.958838	8.361102	0.517009	0.500000
2.284653	2.409840	2.977731	0.500000
2.793283	0.774639	1.234356	0.500000
4.981263	9.194029	0.584149	0.500000
3.822958	8.840778	0.524249	0.500000
8.847280	0.242687	0.529716	0.500000
8.020298	1.040089	0.558182	0.500000
0.610055	9.064404	0.500361	0.500000
1.580483	9.088439	1.192507	0.500000
3.297292	2.159213	2.951288	0.500000
2.913647	8.761415	1.852494	0.500000
5.240814	0.275500	1.387041	0.500000
5.750407	2.201811	2.012930	0.500000
6.806154	1.770751	2.784265	0.500000
7.629584	2.474267	1.343820	0.500000
8.395111	2.034610	0.532867	0.500000
9.817495	0.208589	0.775062	0.500000
0.739335	1.754058	1.450063	0.500000
1.141574	2.113941	0.555443	0.500000
9.973003	1.056076	1.653811	0.500000
2.381410	2.406328	0.863306	0.500000
3.511127	1.011623	0.500035	0.500000
4.156765	4.737495	1.556098	0.500000
6.687121	2.027626	1.590678	0.500000
9.249708	2.971011	2.072833	0.500000
4.931403	2.889161	1.564664	0.500000
2.006665	8.391012	2.121827	0.500000
1.338691	4.889381	0.521408	0.500000
1.367307	6.891542	1.428811	0.500000
1.853963	0.228153	1.431256	0.500000
2.587689	2.556326	2.026064	0.500000
2.513801	3.546133	0.524739	0.500000
4.791186	1.761322	2.758348	0.500000
7.919009	3.191167	2.098640	0.500000
5.792289	1.670204	2.951002	0.500000
8.532797	4.633683	2.981713	0.500000
8.435407	2.321869	2.150688	0.500000
1.523292	2.742652	1.421181	0.500000
1.589521	0.939189	0.772521	0.500000
1.586460	3.157580	2.457746	0.500000
1.719979	4.228140	2.616889	0.500000
3.025091	5.949750	0.527930	0.500000
4.136322	3.702511	1.343796	0.500000
4.128923	0.957586	2.964391	0.500000
8.690624	3.895411	0.586443	0.500000
0.794601	4.040509	0.766686	0.500000
9.228699	3.023385	0.510603	0.500000
2.082620	5.485452	1.323612	0.500000
1.715587	6.014288	0.500566	0.500000
4.546228	4.878922	0.643096	0.500000
3.834211	5.965690	2.778007	0.500000
6.474790	3.742877	0.598854	0.500000
5.587693	4.296334	0.553181	0.500000
5.628784	3.097283	0.710227	0.500000
7.070199	4.207258	2.100259	0.500000
7.193964	5.613808	1.194516	0.500000
1.725995	3.943360	1.156254	0.500000
1.110411	5.779777	1.425748	0.500000
8.657463	4.782393	1.813297	0.500000
0.139226	5.256197	2.173382	0.500000
9.809236	4.174079	0.511350	0.500000
4.104949	5.810414	0.638348	0.500000
6.864666	6.546013	0.724399	0.500000
7.899384	6.074525	0.513768	0.500000
7.479691	3.995002	0.508144	0.500000
8.039967	4.051379	1.444723	0.500000
7.463737	4.682984	2.921597	0.500000
7.702029	4.973657	0.512393	0.500000
9.495740	6.501679	2.108822	0.500000
4.758307	6.579260	2.871424	0.500000
5.207477	7.991411	2.961022	0.500000
5.134821	7.281109	0.544402	0.500000
5.867930	6.532464	0.522866	0.500000
6.864301	7.199989	1.673487	0.500000
8.354764	5.729890	1.417959	0.500000
7.741213	6.699267	1.301282	0.500000
2.244027	6.553164	2.954971	0.500000
8.758984	4.921147	0.699177	0.500000
8.814438	6.717268	0.932442	0.500000
0.659475	5.861905	0.515133	0.500000
3.589826	6.284253	1.405212	0.500000
5.471857	6.099829	2.138988	0.500000
6.510865	0.301362	1.237719	0.500000
3.574283	9.924689	0.502276	0.500000
7.420725	1.021369	1.366191	0.500000
7.769552	7.375316	2.116424	0.500000
9.068210	7.696848	0.534680	0.500000
0.427773	8.072908	0.582517	0.500000
3.261229	6.822791	2.920603	0.500000
9.797992	6.751825	0.607695	0.500000
4.002212	7.643479	2.912093	0.500000
5.053302	1.184985	0.637817	0.500000
6.357194	7.540948	0.614098	0.500000
5.118927	8.410934	1.205461	0.500000
6.754960	8.394518	0.987567	0.500000
7.996481	8.263328	0.606449	0.500000
0.841563	0.456697	1.544081	0.500000
9.553481	0.966009	2.591098	0.500000
1.639973	0.978563	2.084776	0.500000
2.908370	9.757302	1.471073	0.500000
4.512638	0.334727	0.703452	0.500000
6.705016	9.108476	1.991237	0.500000
7.741085	9.880352	2.952538	0.500000
7.354975	0.019066	2.024079	0.500000
8.359789	9.302452	0.544204	0.500000
8.431118	7.577948	1.346668	0.500000
8.234994	0.155946	1.434220	0.500000
1.638868	2.088310	2.181099	0.500000
1.408061	3.207806	0.514370	0.500000
3.169094	0.661294	2.974408	0.500000
3.551027	3.577625	0.515036	0.500000
4.979910	1.542018	1.762526	0.500000
5.730714	9.391952	2.942735	0.500000
9.320493	1.182561	0.600631	0.500000
8.551566	2.956921	1.302628	0.500000
0.121698	2.115243	0.518745	0.500000
3.579992	2.460748	0.597104	0.500000
9.237913	2.125466	1.140064	0.500000
2.822785	4.280963	1.269301	0.500000
4.883188	2.292553	0.534779	0.500000
2.503201	5.017465	0.524853	0.500000
6.596314	0.999064	0.501678	0.500000
5.961231	9.911143	2.103805	0.500000
7.895280	2.971346	0.516102	0.500000
9.094910	1.846508	2.905796	0.500000
9.845828	2.096820	2.031822	0.500000
1.250811	4.727990	1.803439	0.500000
0.895324	5.953523	2.977213	0.500000
2.362988	4.894344	2.094381	0.500000
2.327180	6.587046	1.312901	0.500000
5.120233	4.299247	1.488940	0.500000
3.512121	4.702421	0.534712	0.500000
6.199928	3.254064	1.637108	0.500000
7.189024	3.455427	1.395952	0.500000
7.617251	5.268355	2.036090	0.500000
7.993363	3.760137	2.999412	0.500000
0.884508	2.575339	2.901545	0.500000
9.590858	3.744565	2.986867	0.500000
3.210723	5.296534	1.482215	0.500000
5.137227	6.459574	1.266080	0.500000
5.918351	2.128981	0.588547	0.500000
4.413369	4.118148	2.300803	0.500000
6.436427	5.375464	2.020819	0.500000
6.974275	3.500034	2.989622	0.500000
9.259786	3.705397	1.394163	0.500000
0.445924	4.997468	1.126650	0.500000
2.842215	6.074546	2.130110	0.500000
5.150033	5.708087	0.518008	0.500000
0.352636	2.917045	1.733717	0.500000
0.090787	6.133027	1.347273	0.500000
3.717307	3.295915	2.180809	0.500000
4.847444	5.506302	2.903335	0.500000
6.772740	4.565783	1.109558	0.500000
7.408354	7.393030	0.628145	0.500000
8.668986	3.855963	2.264153	0.500000
7.998243	5.887690	2.971468	0.500000
9.951507	6.947010	2.968961	0.500000
0.597824	6.620813	2.177537	0.500000
2.555775	7.867390	1.377203	0.500000
5.381808	5.034449	2.186145	0.500000
6.070794	4.353543	1.886294	0.500000
5.816531	7.198443	1.532719	0.500000
7.588973	8.224673	1.564637	0.500000
6.200317	6.251481	1.441217	0.500000
5.700883	8.355820	2.027710	0.500000
0.056645	4.266450	1.786051	0.500000
9.731997	5.928074	2.899801	0.500000
2.692854	9.197973	0.624389	0.500000
9.624029	8.129930	1.249435	0.500000
3.050328	8.136043	0.521775	0.500000
3.843373	9.139690	2.298050	0.500000
6.418122	5.465099	0.501487	0.500000
5.791175	9.234827	1.334410	0.500000
8.891159	5.537688	2.491470	0.500000
6.763815	8.076452	2.193173	0.500000
9.293410	8.737257	2.141954	0.500000
0.464311	8.309568	1.872666	0.500000
0.447538	9.244607	1.502301	0.500000
3.993503	6.828525	2.174229	0.500000
9.404052	5.803657	0.512774	0.500000
4.772191	5.564727	1.580227	0.500000
4.398563	0.427556	2.150881	0.500000
5.759631	0.093578	0.533194	0.500000
7.291071	1.892622	0.531309	0.500000
5.869969	8.427085	0.517128	0.500000
8.469736	6.600884	2.000532	0.500000
9.542286	9.156408	0.564283	0.500000
0.241607	7.282049	1.343331	0.500000
0.854706	0.656656	2.891757	0.500000
4.205485	6.850911	0.740268	0.500000
2.146561	7.304790	2.257919	0.500000
2.308555	0.165824	0.512146	0.500000
6.538552	8.767129	2.990921	0.500000
6.709263	1.004607	2.140522	0.500000
9.177661	7.457895	2.056788	0.500000
1.179249	9.760637	2.299772	0.500000
1.138156	9.910566	0.652149	0.500000
0.030226	0.142717	2.082059	0.500000
2.923415	1.389161	2.295758	0.500000
2.529388	0.419913	2.199713	0.500000
4.204369	9.524170	1.311955	0.500000
4.170575	1.479755	1.099355	0.500000
4.940693	0.098883	2.945909	0.500000
5.514825	0.837652	2.245916	0.500000
8.488111	8.862027	2.955852	0.500000
6.523029	9.262112	0.504523	0.500000
6.736306	9.834638	2.961123	0.500000
8.650854	0.521466	2.958214	0.500000
2.961963	3.196915	2.982613	0.500000
2.149280	9.386886	2.024748	0.500000
2.058770	9.915776	2.993471	0.500000
3.173138	1.835912	1.264896	0.500000
3.900281	9.907237	2.965120	0.500000
7.281260	0.787879	2.986326	0.500000
6.214352	0.700956	2.956344	0.500000
9.271948	9.603377	1.501563	0.500000
7.496223	0.075511	0.704596	0.500000
9.951959	8.840726	2.965497	0.500000
2.571455	1.467920	0.525209	0.500000
2.643905	7.766240	2.993211	0.500000
3.384307	4.523637	2.185769	0.500000
1.300519	1.616226	2.996409	0.500000
3.944367	1.452943	2.082616	0.500000
6.795647	2.782220	0.749406	0.500000
9.022904	0.726986	1.721244	0.500000
8.615422	8.638959	1.298362	0.500000
0.265117	3.137040	0.551211	0.500000
8.401590	1.564663	1.422375	0.500000
3.073717	3.194278	1.365761	0.500000
2.734707	5.395409	2.960485	0.500000
3.677282	3.933162	2.972270	0.500000
4.192014	2.642795	2.772434	0.500000
7.534725	1.729694	2.072654	0.500000
7.695209	2.362073	2.878860	0.500000
8.008636	0.838023	2.185130	0.500000
9.329776	9.670529	2.899666	0.500000
9.784284	2.729300	2.883929	0.500000
0.250693	1.674042	2.999650	0.500000
5.951041	1.327556	1.360305	0.500000
2.205514	1.589708	1.510902	0.500000
2.430071	3.639641	2.157484	0.500000
5.174319	2.881267	2.972766	0.500000
5.584220	7.108706	2.575460	0.500000
3.976840	2.488256	1.586545	0.500000
8.167373	1.464291	2.972869	0.500000
1.020172	3.739422	1.857080	0.500000
8.676126	2.937640	2.927213	0.500000
0.630392	3.793490	2.892553	0.500000
0.704855	4.798624	2.881034	0.500000
4.677605	3.381244	0.536404	0.500000
5.149475	4.369676	2.964524	0.500000
3.902248	4.982262	2.960800	0.500000
5.295589	3.553568	2.225496	0.500000
5.644552	5.123846	1.195988	0.500000
6.395794	4.742064	2.836468	0.500000
6.225472	2.674593	2.935775	0.500000
9.584318	4.748606	2.996287	0.500000
8.772445	6.567268	2.999680	0.500000
1.681771	5.285701	2.832942	0.500000
2.653862	4.340892	2.962397	0.500000
3.099039	7.077148	0.585214	0.500000
1.620317	6.125894	2.257306	0.500000
5.923376	5.644388	2.930772	0.500000
6.961861	2.831601	2.187514	0.500000
7.264285	6.953469	2.992375	0.500000
7.002586	5.589729	2.878972	0.500000
7.426384	6.239988	2.188861	0.500000
1.053137	8.836992	2.700684	0.500000
1.128768	7.074434	2.964975	0.500000
3.474638	7.498876	1.521576	0.500000
4.685810	9.041174	2.994888	0.500000
3.346008	8.472702	2.885411	0.500000
6.416987	6.540496	2.520971	0.500000
4.751383	7.539849	1.614448	0.500000
5.964496	3.766752	2.942919	0.500000
9.231913	8.076842	2.895566	0.500000
8.401296	7.505890	2.970122	0.500000
8.385864	8.171436	2.202832	0.500000
1.363937	7.883848	1.168917	0.500000
1.136834	7.599274	2.105056	0.500000
3.862922	8.446464	1.503774	0.500000
4.645688	8.380696	2.179388	0.500000
4.176184	7.845354	0.553464	0.500000
6.391661	7.573010	2.989299	0.500000
8.503270	9.504126	2.156278	0.500000
7.629314	8.950395	2.342905	0.500000
9.411445	5.364780	1.454455	0.500000
0.380771	9.751870	2.948504	0.500000
1.659279	7.977514	2.966634	0.500000
2.369155	8.728483	2.990883	0.500000
2.975487	9.547369	2.803668	0.500000
2.193481	1.102699	2.969946	0.500000
3.732790	0.453125	1.392095	0.500000
5.093359	9.385012	2.097771	0.500000
7.456938	9.138041	1.121812	0.500000
7.453553	8.045170	2.938655	0.500000
0.482563	7.978174	2.940973	0.500000
