300

9.825660	1.288577	0.553142	0.500000
9.141041	7.047678	1.902697	0.500000
3.998339	6.198555	1.359574	0.500000
2.493850	7.675564	0.520678	0.500000
2.950201	3.285137	2.862140	0.500000
4.406065	0.798399	1.845043	0.500000
4.266015	9.055485	2.270805	0.500000
3.952739	8.278808	0.534898	0.500000
8.432702	1.051375	2.950687	0.500000
5.842639	1.435376	0.511001	0.500000
0.750303	8.726269	0.509421	0.500000
0.736103	0.906194	1.167726	0.500000
2.223260	1.010192	2.185150	0.500000
3.517547	6.953206	2.191268	0.500000
5.696437	0.448465	1.319043	0.500000
3.319268	1.237513	2.055124	0.500000
6.092456	0.593604	2.953464	0.500000
1.230987	2.275339	2.150241	0.500000
6.198897	1.481875	1.736666	0.500000
7.951929	0.726108	0.590290	0.500000
1.542291	1.097123	0.565454	0.500000
1.823570	0.189002	1.191670	0.500000
8.631766	8.576790	1.336540	0.500000
0.290990	2.389707	1.200111	0.500000
4.662860	3.497877	0.599142	0.500000
2.679981	3.337956	1.530772	0.500000
6.147492	2.411859	0.547448	0.500000
9.663476	3.107270	2.891525	0.500000
5.657139	3.357208	0.506473	0.500000
0.550514	8.448104	2.957082	0.500000
2.263220	6.594372	0.524343	0.500000
0.882285	7.649514	2.380893	0.500000
1.821972	8.535721	0.524414	0.500000
6.296664	3.518838	1.292559	0.500000
0.917849	4.897649	1.486257	0.500000
2.835031	0.805782	2.959050	0.500000
7.782991	1.973921	2.974202	0.500000
6.609663	1.763767	2.952550	0.500000
6.913072	5.569056	1.563555	0.500000
8.523633	1.806771	2.219027	0.500000
7.692279	2.527559	2.124129	0.500000
3.846755	9.428983	0.502057	0.500000
0.214808	5.461631	2.994191	0.500000
2.323222	4.424203	1.514243	0.500000
3.163958	4.555177	2.149936	0.500000
1.831935	3.626116	0.614071	0.500000
3.912728	9.788223	2.882818	0.500000
9.256212	4.054442	0.504937	0.500000
0.398645	2.971444	2.092072	0.500000
9.469744	2.431294	2.156063	0.500000
5.292862	2.034882	2.146308	0.500000
0.340748	7.727924	0.503519	0.500000
3.930212	5.165466	1.289563	0.500000
1.575146	4.498556	2.194824	0.500000
7.827104	1.776467	1.266630	0.500000
5.627853	2.719779	1.383594	0.500000
5.711127	4.723983	0.551250	0.500000
9.493341	3.877332	2.052991	0.500000
7.643794	6.493641	1.396446	0.500000
1.267827	2.680722	0.501191	0.500000
9.834841	7.703350	2.314608	0.500000
9.909023	4.547938	1.328952	0.500000
6.981781	6.305189	0.542314	0.500000
8.923276	6.593396	0.513304	0.500000
3.573985	4.590709	0.517073	0.500000
6.119847	6.356445	1.335938	0.500000
8.989760	5.092068	1.801565	0.500000
7.965306	2.545148	0.541547	0.500000
7.883266	5.509701	1.862793	0.500000
7.535515	4.428265	1.844587	0.500000
7.086015	2.520364	1.250925	0.500000
9.447943	8.351874	2.987601	0.500000
6.553937	4.921984	2.705062	0.500000
7.827005	8.321884	2.048221	0.500000
4.709518	8.435013	1.232818	0.500000
2.896844	5.349438	1.393580	0.500000
7.036830	8.238265	1.377921	0.500000
7.089451	3.481519	2.070107	0.500000
7.378306	5.329609	0.665471	0.500000
2.560391	8.617311	1.357520	0.500000
8.333302	3.520867	0.503331	0.500000
6.299004	8.005361	0.526056	0.500000
9.975617	6.550790	0.546617	0.500000
1.078750	9.721358	0.571348	0.500000
5.171429	6.866383	1.237783	0.500000
5.100496	1.495903	1.272403	0.500000
4.219931	1.688669	0.582986	0.500000
7.121729	1.640738	0.545401	0.500000
7.535915	7.317702	2.070561	0.500000
9.142327	7.154341	2.957495	0.500000
2.274338	9.499626	0.529108	0.500000
4.383310	7.374908	2.932843	0.500000
1.529299	4.804578	0.584143	0.500000
5.518190	7.787305	2.952372	0.500000
4.266827	1.896575	1.662378	0.500000
8.107785	8.324989	0.512739	0.500000
5.023387	7.832497	2.046242	0.500000
5.391228	8.530073	0.506869	0.500000
5.937416	9.770851	2.198024	0.500000
1.071389	0.859157	2.268210	0.500000
8.503033	9.302049	0.514112	0.500000
3.769650	0.889993	1.011096	0.500000
1.546768	9.041808	1.390322	0.500000
4.988814	9.453868	0.503932	0.500000
5.368683	8.870216	2.146322	0.500000
7.411151	9.893422	2.296246	0.500000
6.560700	9.621825	2.982575	0.500000
6.858077	8.896269	0.517857	0.500000
6.701444	7.226606	1.287712	0.500000
8.683612	2.583082	2.877046	0.500000
2.530848	0.818620	0.524606	0.500000
8.632987	1.704062	0.560308	0.500000
1.732099	2.752469	2.872874	0.500000
9.441533	1.806632	1.352710	0.500000
5.095751	0.512084	2.989963	0.500000
5.976183	8.801773	2.942045	0.500000
0.482834	2.205413	2.846375	0.500000
8.566678	2.495710	1.437317	0.500000
0.793820	1.772207	0.547315	0.500000
3.316855	3.586503	0.533468	0.500000
1.522958	3.792373	2.974180	0.500000
0.234845	6.971706	1.458301	0.500000
3.930245	2.661028	0.515779	0.500000
0.577336	4.316032	0.604625	0.500000
7.417990	9.834498	0.506410	0.500000
0.841303	0.064950	2.936135	0.500000
9.325330	1.155888	2.167849	0.500000
1.858017	1.762778	2.991602	0.500000
0.955471	4.758027	2.970134	0.500000
1.005736	6.329862	2.998309	0.500000
2.296621	5.868636	2.073815	0.500000
2.481131	2.581906	2.165401	0.500000
3.959363	6.466413	2.988810	0.500000
3.036258	5.326810	2.976830	0.500000
6.460345	2.534356	2.038562	0.500000
7.823911	0.846503	2.100839	0.500000
6.376547	4.697984	1.549150	0.500000
8.606747	6.227692	1.488616	0.500000
7.396812	4.430063	2.986090	0.500000
2.562017	4.205194	2.974566	0.500000
0.131059	3.401929	0.795655	0.500000
2.415236	5.405914	0.516324	0.500000
5.731389	7.078366	2.096488	0.500000
3.674913	2.289759	2.445061	0.500000
5.336914	3.989940	1.259761	0.500000
6.351440	5.520437	0.644514	0.500000
8.294973	5.755889	0.658165	0.500000
9.096240	3.337404	1.195598	0.500000
0.689810	5.495283	0.585234	0.500000
2.566494	4.397952	0.537624	0.500000
4.612947	6.748939	2.140838	0.500000
8.543691	3.333266	2.119866	0.500000
9.564301	5.987744	1.304423	0.500000
0.625307	3.987886	2.011800	0.500000
5.025426	4.009562	2.936101	0.500000
5.452758	6.004198	0.616678	0.500000
8.811589	7.991841	2.194799	0.500000
7.765297	3.361109	1.334396	0.500000
8.373286	6.365609	2.939606	0.500000
0.759184	7.912798	1.400396	0.500000
0.179444	6.291977	2.260622	0.500000
1.715710	8.147066	1.912519	0.500000
5.772260	3.399740	2.162249	0.500000
4.701711	4.558845	0.607134	0.500000
4.950176	9.834232	1.985850	0.500000
9.067675	7.640892	0.512208	0.500000
6.510726	7.285565	2.961965	0.500000
4.928660	9.409037	2.989895	0.500000
1.090057	3.436463	1.281724	0.500000
0.271778	7.013389	2.960106	0.500000
3.354103	6.869881	0.524170	0.500000
0.441523	8.690401	1.991085	0.500000
4.453523	3.759631	2.052654	0.500000
2.205183	9.787835	2.061729	0.500000
5.945774	6.939934	0.515710	0.500000
5.459707	0.946997	2.163535	0.500000
8.370557	4.460662	2.402104	0.500000
6.137484	8.785738	1.286879	0.500000
0.053908	9.280723	1.258458	0.500000
9.032578	9.600953	1.369747	0.500000
9.477079	8.884556	0.527541	0.500000
5.147002	5.089423	2.886547	0.500000
0.116233	5.323713	1.955633	0.500000
4.771315	5.736565	2.156249	0.500000
2.886605	9.796816	2.851862	0.500000
6.558993	0.548392	0.529324	0.500000
7.217141	0.939467	1.283440	0.500000
5.023256	7.555888	0.519431	0.500000
7.919880	6.850341	0.501869	0.500000
9.560934	0.573631	1.381125	0.500000
1.342394	7.595961	0.503549	0.500000
0.202200	1.140877	2.886831	0.500000
4.258298	7.434425	1.173994	0.500000
3.264192	7.863251	1.147564	0.500000
3.048502	8.825188	0.506768	0.500000
6.906814	8.233267	2.876680	0.500000
6.669889	0.574788	2.090482	0.500000
7.273360	7.637548	0.502807	0.500000
9.924679	0.083214	0.526529	0.500000
0.306376	1.649020	1.985875	0.500000
1.080544	9.836269	1.797351	0.500000
2.939784	1.852190	2.994548	0.500000
3.164093	0.196193	1.899141	0.500000
3.049600	9.190512	2.026441	0.500000
3.211439	1.789413	0.513989	0.500000
4.672156	0.435328	0.830517	0.500000
4.424822	2.924568	1.460594	0.500000
8.140981	7.513306	1.249985	0.500000
7.140710	0.896965	2.952062	0.500000
3.499661	8.720669	2.834310	0.500000
8.901599	9.215719	2.939743	0.500000
2.577477	2.890072	0.503144	0.500000
1.923183	0.242062	2.944555	0.500000
0.182270	0.097453	2.180610	0.500000
1.738331	3.296986	2.033529	0.500000
2.689108	8.158441	2.301308	0.500000
7.152120	1.631048	2.046984	0.500000
5.613009	1.491117	2.991051	0.500000
8.210023	9.341149	2.055842	0.500000
6.775961	9.928674	1.308540	0.500000
9.404822	1.769218	2.959961	0.500000
3.110644	0.051755	0.827235	0.500000
4.389814	6.648192	0.528545	0.500000
1.972792	2.583380	1.296299	0.500000
1.557357	1.645719	1.410698	0.500000
5.889880	2.511587	2.944749	0.500000
7.022963	3.267520	0.581295	0.500000
8.680861	0.309738	2.167701	0.500000
9.715081	8.134277	1.312851	0.500000
9.480073	2.485039	0.545193	0.500000
8.216930	9.967209	2.999090	0.500000
4.988843	2.365919	0.565082	0.500000
1.766483	7.132215	2.972954	0.500000
2.895936	6.416520	1.448143	0.500000
4.523364	1.724476	2.793063	0.500000
9.523945	4.763028	2.643883	0.500000
6.691296	4.284731	0.691001	0.500000
7.765688	3.387030	2.839747	0.500000
7.979424	0.134382	1.400620	0.500000
9.274932	5.169786	0.581226	0.500000
9.500591	0.320910	2.928269	0.500000
4.913620	2.885366	2.557200	0.500000
2.132659	1.948818	0.515453	0.500000
3.934211	4.236026	2.808750	0.500000
3.550687	3.195335	2.015040	0.500000
3.571108	5.695106	2.174903	0.500000
3.411128	2.423181	1.338009	0.500000
8.860995	0.273113	0.591859	0.500000
2.677478	1.428524	1.306678	0.500000
8.857467	3.769153	2.972215	0.500000
0.343334	3.932675	2.990726	0.500000
8.682713	5.373327	2.923535	0.500000
3.878282	4.003282	1.268936	0.500000
4.169093	5.477679	2.971368	0.500000
4.456666	4.779927	2.106809	0.500000
4.073111	3.209795	2.995444	0.500000
4.466448	5.613230	0.504699	0.500000
5.168875	5.260625	1.222871	0.500000
6.973502	2.762981	2.928949	0.500000
7.360422	5.541370	2.966985	0.500000
7.872834	4.460053	0.540899	0.500000
1.274793	5.575250	2.238623	0.500000
2.700957	6.372942	2.965834	0.500000
3.364143	5.817536	0.549995	0.500000
1.950910	5.307049	2.987602	0.500000
6.254382	6.116363	2.967467	0.500000
8.616185	4.226104	1.341831	0.500000
6.948167	9.109340	1.882205	0.500000
5.593027	4.527873	2.159026	0.500000
5.859847	5.612842	2.049742	0.500000
2.316783	8.899988	2.877763	0.500000
1.253537	6.659608	2.028210	0.500000
2.472093	7.037158	2.157349	0.500000
4.550692	8.363082	2.998023	0.500000
3.820504	7.978577	2.065845	0.500000
6.774102	6.492157	2.116174	0.500000
1.052706	6.545939	0.652601	0.500000
6.166850	3.938065	2.910820	0.500000
8.306870	8.410473	2.990921	0.500000
9.178376	6.115910	2.302091	0.500000
7.414518	6.725712	2.933570	0.500000
1.877778	7.106717	1.331794	0.500000
0.046929	9.415557	2.916684	0.500000
3.767061	8.789312	1.407419	0.500000
5.277592	6.423079	2.929191	0.500000
6.038506	9.593051	0.612344	0.500000
6.300278	8.005573	2.033201	0.500000
5.693015	7.736194	1.280817	0.500000
7.468144	9.139598	2.978462	0.500000
0.706577	6.036619	1.448755	0.500000
8.684430	1.123412	1.375320	0.500000
1.687680	5.890161	1.189496	0.500000
2.964999	7.386463	2.993793	0.500000
1.520677	8.139069	2.978715	0.500000
1.262137	9.138180	2.565038	0.500000
3.872413	0.970546	2.884737	0.500000
4.034162	9.851912	1.521138	0.500000
7.744555	9.005037	1.162283	0.500000
8.167061	7.397685	2.950661	0.500000
9.394123	8.880115	1.991885	0.500000
