300

9.970577	0.401946	0.516220	0.500000
1.041985	6.389342	0.540036	0.500000
3.054869	7.450457	0.515137	0.500000
1.584725	8.424791	0.665701	0.500000
2.043844	1.563794	2.954562	0.500000
2.246749	0.548917	1.477079	0.500000
4.440988	9.870384	0.642723	0.500000
3.560920	9.180661	0.586837	0.500000
6.760603	1.210654	1.334120	0.500000
7.413715	0.256766	1.067248	0.500000
0.751282	8.835386	1.531071	0.500000
1.826725	9.008003	1.480193	0.500000
2.987213	1.887635	2.871994	0.500000
3.305576	8.502445	1.409148	0.500000
4.724534	0.506400	1.447490	0.500000
5.652314	2.438244	2.271500	0.500000
7.125081	1.395837	2.982178	0.500000
8.194945	1.750505	0.930689	0.500000
7.469527	1.124690	0.551311	0.500000
9.095680	9.812110	0.546160	0.500000
1.088196	1.380366	1.102412	0.500000
1.517371	2.139009	0.521082	0.500000
8.379960	0.569273	0.524939	0.500000
2.483163	2.486556	0.520755	0.500000
3.575972	2.008996	0.817629	0.500000
5.722966	4.798702	1.896614	0.500000
8.113737	1.873972	2.045297	0.500000
0.473082	2.954172	2.275184	0.500000
5.206794	3.129248	1.685852	0.500000
1.483700	8.492619	2.320923	0.500000
1.725069	5.492960	0.524788	0.500000
0.923005	7.102506	2.116274	0.500000
0.337165	0.534134	1.981237	0.500000
2.473160	3.541779	1.603435	0.500000
0.826745	4.261340	0.503418	0.500000
3.638221	2.704001	2.998626	0.500000
8.459298	2.687774	1.494245	0.500000
5.043803	2.101868	2.993666	0.500000
9.071706	5.298606	2.931240	0.500000
8.900205	1.192139	1.705414	0.500000
1.183273	2.649424	1.560537	0.500000
1.889790	0.971618	0.513261	0.500000
2.175266	3.652602	2.957148	0.500000
2.083370	4.361614	2.148870	0.500000
3.540249	4.692205	0.542806	0.500000
3.154995	3.556925	0.500003	0.500000
4.099167	1.690917	2.861811	0.500000
9.230243	4.280167	1.583437	0.500000
0.138045	4.504297	2.978084	0.500000
9.199566	1.171180	0.612665	0.500000
3.670726	5.262742	1.391900	0.500000
2.257223	6.333941	0.793514	0.500000
5.550995	5.151328	0.748732	0.500000
4.936489	5.326501	2.315235	0.500000
7.073106	2.672119	0.565106	0.500000
5.324250	4.179356	0.917859	0.500000
5.634152	2.203912	0.553497	0.500000
8.548216	2.957524	2.625655	0.500000
7.220879	4.568709	0.512282	0.500000
0.560588	3.543942	1.317350	0.500000
1.525550	6.935467	1.251689	0.500000
9.647141	5.031680	2.100283	0.500000
8.867439	5.195345	1.395956	0.500000
9.868500	3.873521	0.584115	0.500000
4.774097	6.366950	0.547644	0.500000
7.323680	7.440813	0.539026	0.500000
8.267363	5.390822	0.531791	0.500000
8.762155	3.762679	0.699536	0.500000
8.256104	5.178453	2.218242	0.500000
6.843768	4.615194	2.978161	0.500000
6.069895	3.203305	0.703413	0.500000
9.675235	6.662657	0.994743	0.500000
5.478573	6.151540	2.955864	0.500000
4.725171	7.546777	2.993526	0.500000
4.206151	7.199506	0.663678	0.500000
6.255909	7.105227	0.505800	0.500000
6.463879	7.594894	1.428101	0.500000
8.158557	4.501782	1.055931	0.500000
7.693255	6.320037	0.519658	0.500000
1.958886	6.493189	2.191628	0.500000
9.138505	4.700489	0.537122	0.500000
8.302367	7.123648	0.548066	0.500000
0.773626	5.422361	0.872840	0.500000
2.860777	5.476525	0.615580	0.500000
6.039887	5.879011	1.995985	0.500000
6.394156	9.977479	1.372523	0.500000
2.888390	0.100952	0.534034	0.500000
6.674313	0.563420	2.185466	0.500000
7.407924	7.270224	1.526271	0.500000
9.192991	7.576556	0.624476	0.500000
0.861820	9.302939	0.603197	0.500000
3.479462	6.132365	2.967740	0.500000
0.489408	7.275581	0.833382	0.500000
3.686743	7.542526	2.985049	0.500000
4.898120	1.038363	0.556200	0.500000
7.567831	8.431117	0.504615	0.500000
4.634657	7.940316	1.335738	0.500000
6.494650	8.161460	0.572679	0.500000
6.876664	8.716952	1.344855	0.500000
0.633724	1.734453	2.000177	0.500000
8.344587	0.269436	1.521402	0.500000
1.362472	0.667318	2.149709	0.500000
2.747488	9.415927	1.377131	0.500000
3.870576	0.950162	0.534135	0.500000
6.049104	9.097797	1.781609	0.500000
7.535541	9.297519	2.962859	0.500000
6.339799	9.727673	2.784364	0.500000
8.039883	9.557441	0.610111	0.500000
8.510734	7.096608	1.570585	0.500000
7.022998	9.523938	2.075208	0.500000
1.709773	1.952096	2.085066	0.500000
0.811062	2.853140	0.566707	0.500000
3.285785	0.907526	2.993475	0.500000
2.002511	3.375015	0.519347	0.500000
5.252598	1.968589	1.455775	0.500000
4.975642	8.630870	2.034461	0.500000
0.074078	1.269090	1.283915	0.500000
9.243620	2.095816	1.136567	0.500000
0.372245	1.898703	0.542232	0.500000
3.951537	2.954981	0.581600	0.500000
9.300446	2.227091	2.135444	0.500000
2.330900	5.658243	1.542408	0.500000
4.646721	2.034805	0.525599	0.500000
2.196135	4.470845	0.544782	0.500000
6.516223	0.559086	0.555646	0.500000
7.276142	0.288201	2.974987	0.500000
8.078140	2.683027	0.503533	0.500000
0.153848	2.173395	2.924189	0.500000
1.145493	2.669101	2.971458	0.500000
1.529879	5.017685	1.454827	0.500000
1.382307	6.283854	2.981743	0.500000
0.994079	4.284772	1.980540	0.500000
3.656896	6.811061	2.247570	0.500000
4.614682	4.843281	1.450247	0.500000
4.285887	3.939746	0.683963	0.500000
6.818205	2.620099	2.432935	0.500000
7.642561	3.226778	1.976152	0.500000
7.605015	5.344609	1.420067	0.500000
7.953764	4.494252	2.925066	0.500000
2.273917	2.635131	2.952637	0.500000
9.420707	3.263602	1.466981	0.500000
4.248189	5.475287	0.526080	0.500000
5.652548	6.674875	1.388209	0.500000
6.214936	2.480330	1.384999	0.500000
3.877476	4.537758	2.064803	0.500000
6.935944	3.794023	1.159435	0.500000
7.370623	4.426993	2.025021	0.500000
9.937231	3.806462	2.159530	0.500000
0.116741	4.698248	1.198531	0.500000
4.019593	5.860530	2.165660	0.500000
5.942644	6.115788	0.574966	0.500000
0.195931	2.551058	1.380061	0.500000
9.775315	5.668911	0.891949	0.500000
3.132996	4.257596	2.742732	0.500000
5.809983	5.181000	2.929934	0.500000
7.692946	3.626480	0.515112	0.500000
8.723885	8.718119	0.528814	0.500000
8.343772	3.957118	1.959205	0.500000
7.499734	6.684030	2.977258	0.500000
0.102650	7.377360	2.789474	0.500000
1.253725	6.007559	1.559931	0.500000
2.324326	8.125893	1.431044	0.500000
5.884525	4.134872	2.979457	0.500000
6.022505	3.878907	1.581828	0.500000
5.704456	8.321091	1.234544	0.500000
8.160783	8.452965	1.333954	0.500000
6.761887	6.446812	1.087158	0.500000
5.539897	0.057934	2.089469	0.500000
0.667064	5.283173	2.003004	0.500000
0.276718	6.324769	2.217779	0.500000
2.721950	8.530876	0.563829	0.500000
9.471300	8.325986	1.229729	0.500000
3.670301	7.544245	1.522859	0.500000
3.617785	9.197992	2.230614	0.500000
6.791437	5.529042	0.514058	0.500000
5.189171	9.406356	1.332615	0.500000
8.452554	6.360272	2.635908	0.500000
6.167257	7.943139	2.358640	0.500000
9.831917	8.744921	2.152559	0.500000
0.242301	7.864431	1.832327	0.500000
0.224596	9.771624	1.305250	0.500000
4.466805	6.545724	2.852015	0.500000
8.875866	6.294121	0.507206	0.500000
4.924072	5.942041	1.477395	0.500000
4.073697	0.828891	2.330440	0.500000
5.536217	0.255113	0.550537	0.500000
7.155867	2.151517	1.497542	0.500000
5.284487	7.462903	0.705866	0.500000
8.316516	6.111860	1.509721	0.500000
9.832620	9.029454	0.519008	0.500000
0.562988	8.288465	0.534959	0.500000
9.721837	1.345933	2.406853	0.500000
3.777731	8.171717	0.501922	0.500000
1.973866	7.450660	0.518974	0.500000
1.874482	9.604398	0.525832	0.500000
5.428977	8.369242	2.957410	0.500000
5.772093	0.886797	1.380463	0.500000
9.551323	7.003611	1.932337	0.500000
1.259896	9.898826	1.469771	0.500000
1.032445	0.353757	0.522301	0.500000
0.689911	9.582958	2.253609	0.500000
2.603666	1.243865	2.104310	0.500000
3.152190	0.335857	2.178109	0.500000
3.741931	0.006292	1.407394	0.500000
4.310133	1.460276	1.418084	0.500000
4.858856	0.448867	2.861494	0.500000
5.078029	1.213367	2.167162	0.500000
8.211442	8.344465	2.983020	0.500000
5.914548	9.132754	0.606964	0.500000
5.381329	9.413394	2.998782	0.500000
9.242902	0.628055	2.945543	0.500000
3.279954	3.352477	2.311018	0.500000
2.050171	9.788941	2.126448	0.500000
0.412598	0.379655	2.983714	0.500000
2.548619	2.578218	1.922467	0.500000
3.959384	9.782346	2.987762	0.500000
8.055130	1.000381	2.973849	0.500000
5.865006	0.699722	2.989310	0.500000
8.860930	9.304129	1.422439	0.500000
7.041709	9.406120	0.596171	0.500000
0.519520	8.305125	2.987942	0.500000
2.896792	1.190387	0.523000	0.500000
2.619877	6.929024	2.983493	0.500000
3.484701	3.847393	1.403782	0.500000
2.284473	0.479709	2.970158	0.500000
4.607044	2.429865	2.154475	0.500000
6.602820	1.773756	0.510163	0.500000
9.518820	9.809528	2.098829	0.500000
8.833687	8.105151	2.097517	0.500000
9.625299	2.853968	0.577778	0.500000
7.657944	0.957998	1.968532	0.500000
3.348641	2.845778	1.378405	0.500000
3.156255	5.375448	2.392431	0.500000
3.912279	5.062344	2.976252	0.500000
4.239946	3.344250	1.852215	0.500000
7.714656	2.456008	2.869853	0.500000
7.553748	3.482419	2.990883	0.500000
8.341290	0.062358	2.665119	0.500000
8.796577	9.184440	2.880020	0.500000
9.000196	4.262802	2.834945	0.500000
0.922509	1.470484	2.990614	0.500000
6.033425	1.508461	2.121825	0.500000
2.256139	1.641363	1.193593	0.500000
1.593501	3.968540	1.238773	0.500000
4.933455	3.151864	2.896601	0.500000
4.544325	6.913360	1.685759	0.500000
3.520212	2.092588	2.023825	0.500000
8.764297	1.776135	2.877736	0.500000
1.673712	3.289063	2.155808	0.500000
9.507807	3.307425	2.967882	0.500000
0.918618	3.670185	2.944340	0.500000
1.453952	4.601972	2.969522	0.500000
5.027517	3.132236	0.615883	0.500000
3.989100	3.766854	2.997001	0.500000
4.746996	4.497405	2.979237	0.500000
4.959563	4.096730	2.045572	0.500000
6.260591	4.254320	0.504122	0.500000
6.604782	5.055643	1.452053	0.500000
6.203179	1.981431	2.991110	0.500000
0.131715	5.545480	2.907435	0.500000
9.559206	6.513290	2.918836	0.500000
2.710048	4.706021	1.389730	0.500000
2.407583	4.909772	2.983376	0.500000
3.320241	6.400032	0.500725	0.500000
1.672651	5.529110	2.383282	0.500000
6.540700	5.947903	2.979897	0.500000
6.683293	3.664377	2.314773	0.500000
5.875675	7.136266	2.889791	0.500000
7.735048	5.632967	2.971504	0.500000
7.333969	6.194089	1.934883	0.500000
1.399602	9.667611	2.982189	0.500000
2.486184	5.907839	2.921742	0.500000
3.044616	7.895402	2.286118	0.500000
4.524439	8.803531	2.912081	0.500000
3.429738	8.544834	2.975150	0.500000
6.499831	6.770437	2.153524	0.500000
3.236418	6.171366	1.555154	0.500000
6.062232	3.143529	2.904475	0.500000
9.290049	8.296570	2.968763	0.500000
8.786847	7.417687	2.999660	0.500000
7.970883	7.572530	2.348960	0.500000
1.160343	7.881034	1.421089	0.500000
1.337817	7.549467	2.997971	0.500000
4.212373	9.107439	1.427697	0.500000
4.034203	8.250761	2.166817	0.500000
4.678585	8.655663	0.584563	0.500000
5.338743	7.389430	2.079445	0.500000
8.036091	9.336412	1.987945	0.500000
6.723383	8.644643	2.846688	0.500000
9.291834	5.986892	1.863814	0.500000
9.921403	9.405294	2.959254	0.500000
2.710996	7.129040	1.529203	0.500000
2.283922	7.963788	2.947484	0.500000
2.579333	8.786469	2.356162	0.500000
2.967274	9.654342	2.960033	0.500000
3.371742	0.994834	1.457449	0.500000
4.656231	9.582504	2.273619	0.500000
7.480416	8.450670	2.181819	0.500000
7.124569	7.660141	2.918390	0.500000
1.851460	7.482493	2.086001	0.500000
