300

9.575455	1.485817	0.532312	0.500000
9.034408	5.972607	0.572548	0.500000
3.695198	6.940150	0.523906	0.500000
1.287107	8.218587	0.568581	0.500000
1.929608	1.561138	2.943023	0.500000
1.963117	0.421577	1.521056	0.500000
4.499332	9.339884	0.585040	0.500000
3.337591	9.164557	0.689924	0.500000
9.299598	0.397541	2.373665	0.500000
6.253003	0.768840	0.558111	0.500000
0.622448	8.261270	1.341729	0.500000
1.525468	9.084772	1.281819	0.500000
3.010211	1.825638	2.925618	0.500000
3.153129	8.234609	1.545344	0.500000
4.953577	1.333907	2.154185	0.500000
4.578504	2.127077	0.520708	0.500000
6.397973	1.110154	2.969382	0.500000
9.558027	2.509397	0.534217	0.500000
6.580209	2.505556	1.211457	0.500000
7.316995	0.913573	0.539501	0.500000
1.700216	2.065724	0.514379	0.500000
0.935747	2.357645	1.377390	0.500000
8.823347	9.194664	0.515062	0.500000
2.626837	2.681209	0.521086	0.500000
3.685421	2.666032	0.526505	0.500000
4.052863	4.747270	2.077414	0.500000
7.011733	2.372489	2.126432	0.500000
0.266822	2.668089	2.083651	0.500000
5.465172	2.809313	0.596467	0.500000
0.564165	8.733371	2.945040	0.500000
1.626070	5.645888	0.600677	0.500000
0.174732	6.823567	1.212694	0.500000
0.574783	9.081618	0.676086	0.500000
4.239733	3.527665	0.978162	0.500000
0.844813	4.965874	0.567471	0.500000
2.986654	2.872224	2.910761	0.500000
7.656480	3.160595	1.988580	0.500000
6.196203	2.147615	2.966838	0.500000
6.834907	5.757940	2.947513	0.500000
9.059336	1.373054	2.068538	0.500000
1.219682	1.787351	2.205596	0.500000
2.740847	0.031527	0.502139	0.500000
1.860078	3.757760	2.950553	0.500000
2.431197	4.641493	1.915893	0.500000
3.324214	4.894930	1.242668	0.500000
2.242347	3.674379	0.543977	0.500000
4.107030	1.292583	2.998047	0.500000
8.318534	3.971608	1.999431	0.500000
0.099684	4.505794	2.970010	0.500000
9.949061	2.021371	1.357720	0.500000
3.260129	4.080182	1.934361	0.500000
0.983603	6.445978	0.557063	0.500000
4.056338	4.799964	0.525030	0.500000
4.370916	5.403445	1.383115	0.500000
7.691908	2.082377	1.154403	0.500000
5.038876	3.152414	2.992695	0.500000
5.215908	3.925387	0.538125	0.500000
8.521468	3.070459	1.486505	0.500000
7.026438	5.071723	0.735503	0.500000
0.678078	3.574059	1.332379	0.500000
1.142327	7.375381	1.183961	0.500000
9.679228	5.465465	1.507963	0.500000
8.554992	5.281607	1.262092	0.500000
0.197287	4.100355	0.504028	0.500000
3.899686	5.850298	0.521132	0.500000
6.742042	7.293387	0.581959	0.500000
7.978191	5.833632	0.597677	0.500000
8.272426	2.616158	0.534441	0.500000
7.581012	7.097315	1.403975	0.500000
6.966709	3.878121	2.428078	0.500000
7.311844	2.925737	0.641193	0.500000
9.726167	8.064322	2.981550	0.500000
5.402574	5.920110	2.999053	0.500000
6.177561	7.799931	2.992576	0.500000
4.871577	7.027560	0.539331	0.500000
5.928847	6.620481	0.509462	0.500000
7.021346	8.021181	1.540380	0.500000
7.381578	4.172525	1.531903	0.500000
6.986594	6.134309	0.527755	0.500000
1.084381	6.800679	2.084935	0.500000
7.954883	4.718347	0.565674	0.500000
7.640935	7.743227	0.620199	0.500000
9.590270	5.039499	0.543975	0.500000
1.973164	7.477035	0.536695	0.500000
5.061102	6.217080	2.058630	0.500000
5.363176	1.060586	1.184722	0.500000
3.743574	0.362880	0.530833	0.500000
6.684421	1.775654	0.508298	0.500000
7.179675	6.441759	2.191602	0.500000
9.352866	7.472240	2.207729	0.500000
1.641470	9.956280	0.574907	0.500000
3.068950	6.364492	2.940900	0.500000
0.046990	5.974397	0.650579	0.500000
4.091326	7.443387	2.887862	0.500000
4.271957	1.535632	1.333201	0.500000
8.611963	7.975798	0.506025	0.500000
4.775199	8.085868	1.366936	0.500000
6.193748	9.396428	0.523064	0.500000
7.352156	0.411073	1.657959	0.500000
0.747635	1.199415	1.369526	0.500000
9.741322	9.657493	0.711741	0.500000
1.326110	0.931179	0.526607	0.500000
2.539690	9.388355	1.453383	0.500000
4.497602	0.326810	1.341836	0.500000
5.391399	9.207747	2.985074	0.500000
7.504663	8.793766	2.066726	0.500000
6.101201	9.986423	2.939667	0.500000
7.714051	8.768404	0.510729	0.500000
8.639560	7.276972	1.460443	0.500000
8.342818	1.103411	2.865971	0.500000
1.855064	1.415488	1.333305	0.500000
0.508467	2.917989	0.510694	0.500000
3.177012	0.750713	2.928611	0.500000
1.519958	3.006418	0.837321	0.500000
3.349721	0.921640	1.515388	0.500000
4.998980	8.750431	2.106063	0.500000
0.178358	1.532256	2.248941	0.500000
8.943590	1.935059	1.236671	0.500000
0.737627	1.776551	0.507067	0.500000
3.250142	4.141551	0.534501	0.500000
9.158316	2.623730	2.192279	0.500000
1.770006	6.593470	1.228385	0.500000
5.546985	1.797546	0.517531	0.500000
1.276390	3.996619	0.536895	0.500000
7.219973	9.851316	0.502177	0.500000
0.114574	9.759665	2.955099	0.500000
8.440244	1.396260	0.529368	0.500000
9.871747	2.239676	2.968245	0.500000
1.000584	2.470497	2.991973	0.500000
1.328107	4.887134	1.488598	0.500000
0.608932	5.927747	2.996285	0.500000
0.943250	4.175730	2.154022	0.500000
3.840643	6.494180	2.172851	0.500000
3.962893	5.539339	2.899566	0.500000
5.211644	3.281132	1.623675	0.500000
8.102884	2.280374	2.186137	0.500000
6.155573	3.751152	1.608411	0.500000
7.046452	5.510956	1.669310	0.500000
7.128457	4.780837	2.966820	0.500000
2.027747	2.582899	2.785027	0.500000
9.265274	4.231461	1.175200	0.500000
2.329153	4.757105	0.903126	0.500000
5.534767	6.927391	1.432980	0.500000
5.188973	1.929219	2.967731	0.500000
4.383531	3.711253	2.104677	0.500000
6.313238	4.782061	1.505371	0.500000
7.920344	4.973712	1.980574	0.500000
9.890948	3.827812	2.117492	0.500000
0.270815	4.589692	1.421186	0.500000
2.875962	5.559435	0.506764	0.500000
5.269010	5.241205	1.913664	0.500000
9.729587	3.208889	1.229590	0.500000
9.260781	6.402301	1.450955	0.500000
3.150032	5.659140	2.084978	0.500000
5.937866	3.761971	2.958772	0.500000
6.147369	4.553062	0.535931	0.500000
9.204989	8.860364	1.402557	0.500000
8.024665	3.623214	0.723366	0.500000
7.260211	7.186836	2.922816	0.500000
0.205161	6.940445	2.916735	0.500000
0.908005	5.823033	1.337347	0.500000
1.407886	8.352420	1.994078	0.500000
5.248667	4.234309	2.183723	0.500000
4.681746	4.418171	1.260986	0.500000
6.076184	8.688641	1.438561	0.500000
9.319586	6.996724	0.586224	0.500000
5.289508	6.980257	2.840826	0.500000
5.298861	0.090908	1.919682	0.500000
0.533897	5.310227	2.194049	0.500000
0.131551	6.261861	2.153409	0.500000
3.004647	8.021174	0.508485	0.500000
9.944168	8.514243	2.088377	0.500000
4.397877	6.574234	1.345194	0.500000
3.303247	9.093941	2.181298	0.500000
6.008904	5.609459	0.579188	0.500000
5.305489	9.340287	1.234700	0.500000
8.104712	5.895783	2.987543	0.500000
6.210877	9.635004	1.849089	0.500000
9.804904	9.581267	1.936435	0.500000
9.400928	9.010656	2.830959	0.500000
9.659270	8.512764	0.501407	0.500000
4.460590	6.410525	2.955255	0.500000
7.943879	6.140543	1.550515	0.500000
3.234777	6.241826	1.275490	0.500000
4.060902	0.657521	2.211182	0.500000
5.304333	0.249487	0.595468	0.500000
6.816127	1.499463	1.559758	0.500000
5.753831	7.835016	0.877957	0.500000
8.324716	6.783079	0.510293	0.500000
8.172382	0.270122	0.556748	0.500000
9.651602	7.852213	1.313458	0.500000
8.825730	2.053117	2.978827	0.500000
4.077712	8.031695	0.522129	0.500000
2.123642	8.215977	1.301959	0.500000
2.292510	8.832927	0.523437	0.500000
5.059895	7.991127	2.852402	0.500000
6.477535	0.638586	2.090555	0.500000
9.194911	6.673408	2.985519	0.500000
0.912460	0.032372	1.263219	0.500000
0.328974	0.573711	0.548037	0.500000
0.833161	9.308591	1.985500	0.500000
3.620621	1.789768	2.051328	0.500000
2.748308	0.039922	2.225592	0.500000
3.468309	9.830694	1.426001	0.500000
3.455387	1.476930	0.652619	0.500000
3.665229	9.788349	2.942366	0.500000
5.383848	2.283125	1.501236	0.500000
8.830842	8.364225	2.193331	0.500000
7.272781	0.514147	2.911898	0.500000
4.694164	0.027205	2.975357	0.500000
9.534536	1.173621	2.976948	0.500000
2.396046	3.253907	1.979937	0.500000
1.840082	9.490727	2.291838	0.500000
1.304329	0.730037	2.227034	0.500000
1.963566	2.363763	1.639257	0.500000
2.667895	9.229170	2.956474	0.500000
7.448965	1.779149	2.842635	0.500000
5.397842	0.745881	2.935535	0.500000
8.164662	8.319400	1.431637	0.500000
7.030270	9.176549	1.222487	0.500000
0.337605	0.442231	2.068517	0.500000
2.478433	1.175422	0.584742	0.500000
3.256015	7.379967	2.319240	0.500000
3.074227	3.395992	1.204559	0.500000
2.152056	0.380934	2.976020	0.500000
4.326994	2.385874	2.577937	0.500000
6.226573	3.533951	0.561713	0.500000
9.711395	0.805483	1.342348	0.500000
8.809740	9.466115	2.099734	0.500000
8.990765	3.425299	0.509398	0.500000
7.960709	9.774327	2.649513	0.500000
4.558847	0.945515	0.519884	0.500000
2.561067	6.530006	1.988044	0.500000
2.914250	5.009483	2.857697	0.500000
4.378770	2.572208	1.508719	0.500000
9.034448	3.996588	2.819254	0.500000
7.124179	4.021483	0.513758	0.500000
8.594023	3.032023	2.975397	0.500000
8.062924	9.383225	1.322652	0.500000
9.421597	4.721986	2.159955	0.500000
0.562564	0.906042	2.985887	0.500000
5.989694	1.537863	2.156215	0.500000
2.988916	2.086139	1.300083	0.500000
1.811013	3.962600	1.440146	0.500000
3.931532	3.331421	2.960427	0.500000
4.706228	7.354023	2.080615	0.500000
3.533278	2.869609	1.964821	0.500000
8.060429	1.287277	1.737505	0.500000
1.285321	3.099425	2.099557	0.500000
9.684518	3.232639	2.912834	0.500000
0.706564	3.434386	2.869802	0.500000
1.313845	4.779687	2.950950	0.500000
5.095471	4.989693	0.514219	0.500000
2.939139	3.957888	2.908979	0.500000
5.193138	4.925880	2.915202	0.500000
4.314749	4.256361	2.941545	0.500000
4.991166	5.977771	0.770847	0.500000
6.097930	5.792900	2.191289	0.500000
7.270511	2.969995	2.912350	0.500000
9.574142	5.581763	2.948030	0.500000
8.360477	4.873755	2.928984	0.500000
2.324576	5.665623	1.344566	0.500000
2.019113	5.487963	2.987189	0.500000
2.552128	6.553520	0.544455	0.500000
1.587505	5.851615	2.125352	0.500000
6.218704	6.565475	2.955336	0.500000
7.951780	3.857504	2.996631	0.500000
6.189327	8.754007	2.561319	0.500000
6.137635	4.674034	2.597189	0.500000
6.495598	6.438351	1.454763	0.500000
1.123012	9.975287	2.880775	0.500000
1.797088	6.506619	2.858849	0.500000
3.871586	7.466908	1.409226	0.500000
4.112951	8.873487	2.998825	0.500000
3.358982	8.167707	2.957964	0.500000
6.544481	7.270003	2.196609	0.500000
2.815257	7.331779	1.236487	0.500000
6.106773	2.927675	2.301596	0.500000
8.371981	8.918811	2.987607	0.500000
8.405574	7.766359	2.949863	0.500000
8.266462	6.866964	2.296497	0.500000
0.308407	7.605125	0.531922	0.500000
1.274082	7.709220	2.964153	0.500000
4.031042	8.905306	1.418723	0.500000
4.033178	8.206281	2.182156	0.500000
5.130101	8.542219	0.535174	0.500000
5.719728	7.881693	2.086225	0.500000
6.680018	8.297643	0.614609	0.500000
7.046697	9.404226	2.908379	0.500000
8.676952	5.794226	2.161683	0.500000
8.453895	0.333450	1.651149	0.500000
1.988741	7.452989	2.116369	0.500000
2.347088	7.867123	2.984388	0.500000
2.362676	8.586464	2.216430	0.500000
1.583958	8.792128	2.977346	0.500000
2.473603	1.044295	2.190038	0.500000
4.416901	9.569381	2.092431	0.500000
7.772568	7.750276	2.169304	0.500000
7.553186	8.335770	2.969845	0.500000
0.383343	7.547951	2.045764	0.500000
