300

0.089503	0.960942	0.522134	0.500000
9.185572	6.931976	1.679986	0.500000
3.589549	6.417947	1.350738	0.500000
2.876053	8.108024	0.502458	0.500000
3.090430	2.982158	2.995448	0.500000
3.891031	0.296679	2.023510	0.500000
4.467230	8.861157	2.237874	0.500000
4.034140	8.162516	0.565944	0.500000
8.710778	1.043550	2.895351	0.500000
5.686344	1.470910	0.835116	0.500000
0.287037	8.225382	0.556230	0.500000
0.823976	0.402149	0.988059	0.500000
1.959792	1.485051	2.218548	0.500000
3.211357	6.917374	2.138804	0.500000
5.288615	0.542545	0.513486	0.500000
3.201341	1.335671	2.380325	0.500000
5.952383	0.393096	2.972672	0.500000
1.079356	2.461614	2.218417	0.500000
6.453728	1.829418	1.468555	0.500000
7.760839	0.949209	0.593106	0.500000
1.537759	1.092290	0.513082	0.500000
1.762294	0.710530	1.435320	0.500000
8.571624	8.538837	1.418726	0.500000
0.214464	2.541138	1.145307	0.500000
4.381458	3.688803	0.539342	0.500000
2.582978	3.425574	1.336234	0.500000
6.248391	2.388102	0.539147	0.500000
9.398788	2.890642	2.884135	0.500000
5.745549	3.533085	0.522773	0.500000
0.537237	8.546666	2.889134	0.500000
2.310597	6.539523	0.609614	0.500000
1.062498	7.390523	2.970811	0.500000
1.334695	8.438283	0.622201	0.500000
6.453815	3.853454	1.160456	0.500000
0.903653	4.892168	1.377799	0.500000
2.553972	0.855809	2.996109	0.500000
7.827794	1.724586	2.985961	0.500000
6.289536	1.840376	2.972003	0.500000
6.708111	5.538955	2.143430	0.500000
8.329061	1.922210	2.088016	0.500000
7.765551	2.756603	2.167465	0.500000
3.783774	9.167712	0.538022	0.500000
0.284000	5.326242	2.949163	0.500000
1.694374	3.944198	1.412605	0.500000
2.641486	4.265971	1.905487	0.500000
1.943129	3.337598	0.531691	0.500000
4.180330	9.668784	2.955330	0.500000
9.349050	4.073565	0.514339	0.500000
0.303748	3.147479	2.250476	0.500000
9.447020	2.407887	1.994626	0.500000
5.477034	1.864870	1.866068	0.500000
9.812858	7.330093	0.552106	0.500000
3.931857	4.848578	1.798411	0.500000
1.760960	4.905271	1.995321	0.500000
7.765631	1.691253	1.273688	0.500000
5.438413	3.204753	1.734550	0.500000
5.959614	4.515371	0.577442	0.500000
9.577535	4.172432	2.158157	0.500000
7.649779	6.460579	1.791018	0.500000
1.134171	2.730648	0.546477	0.500000
9.808765	7.619128	2.269641	0.500000
0.109724	4.229415	1.236307	0.500000
7.642946	5.918975	0.570990	0.500000
9.105878	5.891245	0.507936	0.500000
3.664600	4.677483	0.537773	0.500000
6.047094	6.164943	1.333255	0.500000
8.921786	5.110058	1.856439	0.500000
7.840176	2.513635	0.579275	0.500000
7.742583	5.403257	2.017498	0.500000
7.786725	4.358457	1.639084	0.500000
6.724865	2.788162	1.364970	0.500000
9.460329	8.407761	2.995342	0.500000
5.984650	4.858751	2.828036	0.500000
7.861404	8.354394	2.133244	0.500000
4.844619	8.587452	1.253076	0.500000
2.932918	5.012165	1.178405	0.500000
7.138315	8.257962	1.311369	0.500000
6.881984	3.533675	2.038517	0.500000
7.203755	5.149098	1.163944	0.500000
2.675635	8.502038	1.495521	0.500000
8.242243	3.773248	0.584236	0.500000
6.652299	7.761514	0.524026	0.500000
0.200389	6.369001	0.561777	0.500000
1.414364	9.437039	0.535797	0.500000
5.079041	6.787973	1.231165	0.500000
4.601604	0.941471	1.407557	0.500000
4.696614	1.548855	0.589453	0.500000
6.973222	1.685848	0.549689	0.500000
7.318776	7.497291	2.052243	0.500000
9.049402	7.060250	2.967085	0.500000
2.203922	0.083630	0.510494	0.500000
4.290889	7.877491	2.985834	0.500000
1.324386	5.133681	0.503182	0.500000
5.255417	7.467697	2.973612	0.500000
3.738850	1.687582	1.590429	0.500000
8.039583	8.547731	0.532153	0.500000
4.825764	7.874373	2.095428	0.500000
5.631791	8.327911	0.502638	0.500000
6.059374	9.726856	1.970066	0.500000
0.702653	0.715483	1.972332	0.500000
8.424193	9.472105	0.501806	0.500000
3.660883	0.972988	0.836881	0.500000
1.441065	8.637593	1.640865	0.500000
4.808723	9.326519	0.545715	0.500000
5.536251	8.819091	2.068447	0.500000
7.353877	0.041486	2.212146	0.500000
6.702071	9.698714	2.895860	0.500000
7.066512	8.983003	0.558250	0.500000
6.796792	6.750415	0.862333	0.500000
8.424293	2.562445	2.989245	0.500000
2.613541	1.012208	0.580928	0.500000
8.561159	1.777410	0.519423	0.500000
1.847499	2.468832	2.926400	0.500000
9.473141	1.776666	1.076174	0.500000
4.856458	0.369466	2.458802	0.500000
6.217544	8.754963	2.847558	0.500000
0.363392	2.382372	2.950719	0.500000
8.613528	2.731797	1.207437	0.500000
0.721402	1.797246	0.537788	0.500000
3.325621	3.620733	0.523030	0.500000
1.096715	3.395229	2.808495	0.500000
0.289275	6.975847	1.442901	0.500000
4.167907	2.710693	0.733183	0.500000
0.980164	4.141808	0.697323	0.500000
7.522612	9.943583	0.538111	0.500000
0.821458	0.360135	2.933583	0.500000
9.438372	1.290202	2.049661	0.500000
1.257180	1.578689	2.932682	0.500000
1.002353	4.501528	2.970808	0.500000
1.484886	6.400980	2.986106	0.500000
2.201694	5.764520	2.255986	0.500000
2.447742	2.349918	2.061485	0.500000
3.866792	6.431077	2.968847	0.500000
2.749825	5.051847	2.713546	0.500000
6.310881	2.684069	2.410691	0.500000
7.891125	1.002544	2.172525	0.500000
5.987586	5.137631	1.473025	0.500000
8.545712	6.021994	2.050374	0.500000
7.145605	4.608876	2.414172	0.500000
1.937876	4.052015	2.896353	0.500000
0.244147	3.411943	0.513367	0.500000
2.262327	5.505252	0.547120	0.500000
5.496945	6.891935	2.170577	0.500000
3.910181	2.206524	2.925546	0.500000
5.286789	4.134924	1.301248	0.500000
6.206850	5.508414	0.546805	0.500000
8.391989	5.589361	1.151529	0.500000
9.558572	3.257575	1.476180	0.500000
0.272603	5.354229	0.548588	0.500000
2.409055	4.358112	0.525971	0.500000
4.276252	6.935824	2.156108	0.500000
8.736761	3.143321	2.164744	0.500000
9.574195	5.891664	1.400068	0.500000
0.939674	4.112559	2.048867	0.500000
4.926423	4.228508	2.981484	0.500000
5.348228	6.125691	0.526316	0.500000
8.772723	7.743014	2.257682	0.500000
7.666811	3.281595	1.311825	0.500000
8.183804	6.482343	2.983825	0.500000
0.583060	7.937725	1.484820	0.500000
0.243740	6.229995	2.220714	0.500000
1.709775	7.676635	2.025225	0.500000
5.965624	4.116558	2.133682	0.500000
4.642020	4.808275	0.807339	0.500000
5.084430	9.952173	1.341950	0.500000
8.663582	7.526260	0.511285	0.500000
6.275738	7.428037	2.996801	0.500000
5.435923	9.529297	2.797576	0.500000
0.907493	3.285009	1.365736	0.500000
0.085293	6.927128	2.969842	0.500000
3.269043	6.951449	0.525229	0.500000
0.520359	8.917926	1.951395	0.500000
4.571583	3.682115	1.967636	0.500000
2.115655	9.363840	1.475098	0.500000
5.884637	7.097876	0.572763	0.500000
5.577664	0.832728	1.631033	0.500000
8.240899	4.470912	2.564253	0.500000
6.275974	8.965289	1.348486	0.500000
0.460610	9.185624	0.921324	0.500000
8.913707	9.600510	1.387245	0.500000
9.282079	8.736720	0.511987	0.500000
5.055622	5.367649	2.977970	0.500000
0.122340	5.190798	1.963236	0.500000
4.486056	5.819699	2.265570	0.500000
3.053616	9.799081	2.936932	0.500000
6.357780	0.692132	0.709563	0.500000
7.011609	0.803467	1.556344	0.500000
4.900362	7.649948	0.692518	0.500000
8.406636	6.568775	0.801997	0.500000
9.489791	0.576973	1.290348	0.500000
0.912516	7.275870	0.626479	0.500000
0.178119	1.317850	2.994121	0.500000
3.885191	7.496624	1.425968	0.500000
2.655918	7.501726	1.441985	0.500000
2.608859	9.078821	0.590671	0.500000
7.032635	8.126779	2.839244	0.500000
6.313011	1.105138	2.281586	0.500000
7.605389	7.344591	0.501653	0.500000
9.760453	9.917268	0.546094	0.500000
0.344053	1.681471	1.722848	0.500000
1.267626	9.833644	1.759230	0.500000
2.776607	2.015200	2.987586	0.500000
2.648463	0.507519	2.008813	0.500000
3.094638	9.326299	1.952488	0.500000
3.562515	1.932400	0.518650	0.500000
4.302861	0.257129	0.549383	0.500000
4.483462	2.610587	1.707309	0.500000
8.146905	7.490756	1.443464	0.500000
7.183319	0.831885	2.973762	0.500000
3.581151	8.863565	2.865075	0.500000
9.048824	9.323815	2.904267	0.500000
2.826262	2.726358	0.511766	0.500000
1.784587	0.306560	2.515479	0.500000
9.967854	9.842514	1.902314	0.500000
1.978455	3.322000	2.209936	0.500000
2.653049	8.136653	2.577105	0.500000
7.129386	1.969760	2.298299	0.500000
5.368733	1.210604	2.849072	0.500000
8.283361	9.307337	2.223020	0.500000
6.900561	9.751974	1.324436	0.500000
9.275130	1.877835	2.975220	0.500000
3.169681	0.061635	1.159674	0.500000
4.356982	6.820604	0.531036	0.500000
1.809374	2.784391	1.366142	0.500000
1.291665	1.848959	1.449660	0.500000
5.432309	3.358453	2.805488	0.500000
7.077106	3.355255	0.500706	0.500000
8.874038	0.181113	2.273666	0.500000
9.547111	8.038276	1.286135	0.500000
9.369318	2.843178	0.522984	0.500000
8.131266	0.181846	2.952894	0.500000
5.202983	2.488632	0.792116	0.500000
2.149184	7.330861	2.968961	0.500000
2.657463	6.012695	1.396697	0.500000
4.318536	1.340621	2.368049	0.500000
9.193347	4.928017	2.924905	0.500000
7.439549	4.380772	0.547675	0.500000
7.744513	3.672973	2.933682	0.500000
7.946619	0.359452	1.401303	0.500000
9.390437	5.008898	0.941053	0.500000
9.614239	0.430015	2.937265	0.500000
4.967259	2.237073	2.885242	0.500000
1.923871	2.057459	0.514225	0.500000
2.960656	3.959200	2.823552	0.500000
3.618196	3.158927	2.156948	0.500000
3.328769	5.714178	2.130272	0.500000
3.225281	2.566496	1.448732	0.500000
8.767044	0.512494	0.576740	0.500000
2.721156	1.677341	1.348566	0.500000
8.984402	3.844110	2.933405	0.500000
0.131094	3.844803	2.954458	0.500000
8.296451	5.453335	2.934064	0.500000
3.709064	3.931757	1.442955	0.500000
3.758086	5.194637	2.882508	0.500000
3.973336	4.218371	2.672228	0.500000
4.380286	3.191550	2.834227	0.500000
4.222810	5.840603	0.745763	0.500000
4.971083	5.591921	1.375581	0.500000
7.151503	2.827806	2.953785	0.500000
7.251217	5.627345	2.978662	0.500000
8.508970	4.801315	0.510722	0.500000
1.103580	5.660055	2.242992	0.500000
2.724936	6.389772	2.926825	0.500000
3.195726	5.901214	0.514755	0.500000
1.729378	5.213413	2.979584	0.500000
6.304199	5.990517	2.992599	0.500000
8.776263	4.125803	1.514153	0.500000
7.023236	8.970963	2.153465	0.500000
5.117145	4.807258	2.053865	0.500000
5.605181	5.856844	2.195585	0.500000
2.162326	9.249222	2.834824	0.500000
1.240126	6.649218	1.910684	0.500000
2.224673	6.769057	2.039000	0.500000
5.217029	8.474039	2.954484	0.500000
3.629761	8.029595	2.235059	0.500000
6.584370	6.798590	2.049244	0.500000
1.257478	6.228770	0.617474	0.500000
6.573186	3.825600	2.946725	0.500000
8.407851	8.539113	2.987120	0.500000
9.349526	6.087554	2.962932	0.500000
7.206020	6.679345	2.859434	0.500000
1.891480	7.508794	0.772546	0.500000
0.091031	9.444291	2.930618	0.500000
3.679714	8.642651	1.401854	0.500000
4.984927	6.459481	2.943661	0.500000
5.784449	9.640265	0.675034	0.500000
6.364971	8.151146	1.993336	0.500000
5.626399	7.682935	1.392078	0.500000
7.640528	9.248803	2.989771	0.500000
0.624189	5.852680	1.353870	0.500000
8.604828	1.173181	1.446337	0.500000
1.652194	5.736764	1.405189	0.500000
3.259142	7.448117	2.989023	0.500000
1.667641	8.359976	2.994005	0.500000
1.166127	9.312364	2.618878	0.500000
3.659103	0.642568	2.951361	0.500000
4.150278	9.545860	1.394019	0.500000
7.756055	9.212875	1.360467	0.500000
7.884548	7.516067	2.945394	0.500000
9.477786	8.804189	1.957574	0.500000
