300

8.982459	1.115315	0.511973	0.500000
9.627896	6.618662	1.267068	0.500000
3.871727	6.651999	0.553691	0.500000
1.554206	8.636881	0.525692	0.500000
1.445446	3.311957	2.969435	0.500000
2.199856	0.897485	1.451075	0.500000
4.604753	8.505695	0.538747	0.500000
3.627851	8.834213	0.550441	0.500000
7.994797	1.008816	2.969655	0.500000
6.241651	0.511130	0.510075	0.500000
0.631698	8.896880	1.268813	0.500000
1.652394	9.219865	1.352147	0.500000
2.677639	1.929098	2.958249	0.500000
3.103954	8.284450	1.297723	0.500000
4.363475	0.265878	1.246422	0.500000
4.415349	2.143535	2.048655	0.500000
6.466547	1.622453	2.879727	0.500000
9.659513	1.584688	1.121547	0.500000
6.086482	2.350022	1.322701	0.500000
7.193754	0.995824	0.589712	0.500000
1.941342	1.344175	0.548137	0.500000
1.497141	1.456607	1.985790	0.500000
8.759146	9.371922	0.556890	0.500000
2.146346	2.463407	0.506665	0.500000
4.150702	2.922196	0.548535	0.500000
3.961983	4.388522	1.977935	0.500000
7.063503	2.848655	1.319417	0.500000
1.192641	3.382433	1.902099	0.500000
5.109765	2.515375	0.617811	0.500000
0.544662	8.975022	2.969134	0.500000
1.677199	5.551690	0.507671	0.500000
9.980467	7.292463	2.192489	0.500000
1.031324	9.531065	0.580829	0.500000
5.573303	3.258218	1.213783	0.500000
0.737327	5.159531	0.611078	0.500000
3.151550	2.987106	2.961710	0.500000
8.432473	1.896998	2.607929	0.500000
5.640681	2.409652	2.965450	0.500000
6.504549	5.079725	2.983589	0.500000
9.590881	1.985765	2.259974	0.500000
0.247298	2.910078	2.118085	0.500000
3.436759	9.902682	0.506501	0.500000
1.187868	5.832295	2.926091	0.500000
1.835566	5.313113	1.972155	0.500000
3.212828	4.537965	1.286981	0.500000
2.786208	3.862151	0.663579	0.500000
4.179465	0.986039	2.991897	0.500000
9.344413	4.009656	2.013953	0.500000
0.063679	4.589175	2.986483	0.500000
1.423427	2.151700	1.160617	0.500000
4.498583	3.541369	1.394161	0.500000
0.178234	7.227822	0.553219	0.500000
4.960139	3.650892	0.502375	0.500000
2.839144	5.391403	2.139577	0.500000
7.640107	1.700939	1.466421	0.500000
5.928083	3.511150	2.989937	0.500000
5.916011	4.026135	0.528917	0.500000
8.933438	3.031489	2.173648	0.500000
7.444953	5.750284	0.526076	0.500000
0.889672	2.944279	0.748574	0.500000
0.747512	7.840294	1.483297	0.500000
0.018392	4.508804	1.378642	0.500000
8.312081	5.067552	0.505363	0.500000
0.852161	4.001119	0.555186	0.500000
3.609671	5.188342	0.521538	0.500000
7.089059	6.706027	0.545365	0.500000
9.054832	6.021253	0.545409	0.500000
8.107663	1.609214	0.562599	0.500000
7.227214	5.890059	2.251679	0.500000
7.002383	4.773159	2.115778	0.500000
7.730854	2.887900	0.503619	0.500000
9.424671	7.974125	2.935285	0.500000
5.614117	5.640298	2.987126	0.500000
6.517593	7.212805	2.875048	0.500000
4.919484	6.715376	0.537758	0.500000
6.026885	6.661705	0.508411	0.500000
6.911680	8.293248	2.107185	0.500000
7.483752	2.810175	2.404317	0.500000
6.590554	6.031188	1.203618	0.500000
1.452254	7.360024	2.161357	0.500000
8.076767	3.976640	0.522087	0.500000
7.673285	7.720987	0.573335	0.500000
9.600042	5.049487	0.504351	0.500000
1.437518	7.629913	0.763560	0.500000
5.443212	5.628599	1.328390	0.500000
5.627046	0.894239	1.239905	0.500000
3.758318	0.879125	0.639203	0.500000
6.889239	2.004793	0.776734	0.500000
7.659009	6.627219	1.399625	0.500000
8.939568	7.052131	2.092043	0.500000
1.984280	9.912824	0.557989	0.500000
3.403091	5.877055	2.934045	0.500000
0.429936	6.143766	0.554739	0.500000
4.110580	7.466205	2.859898	0.500000
3.921846	1.424538	1.513740	0.500000
8.621115	8.275697	0.546061	0.500000
4.879615	7.849719	1.351821	0.500000
5.973024	9.492299	0.554513	0.500000
6.064667	9.692154	1.625112	0.500000
0.861116	1.226859	0.990063	0.500000
9.796017	9.536282	0.772716	0.500000
2.715988	0.710815	0.590229	0.500000
2.396113	8.938005	2.052267	0.500000
4.413665	9.492977	0.511309	0.500000
5.235033	9.250038	2.867498	0.500000
7.102038	9.921907	2.094496	0.500000
6.028314	9.855009	2.994891	0.500000
7.811755	8.955560	0.523244	0.500000
8.396870	7.463898	1.288496	0.500000
9.185009	1.252980	2.976149	0.500000
2.353425	1.908433	1.509837	0.500000
8.796024	2.344088	0.517710	0.500000
2.298050	0.967287	2.615427	0.500000
9.760394	2.965392	0.528634	0.500000
3.898386	0.293091	2.228576	0.500000
5.114772	8.473695	2.103323	0.500000
0.542061	1.948281	1.849266	0.500000
8.220311	2.514124	1.560355	0.500000
0.327930	2.115221	0.553088	0.500000
3.892845	3.913142	0.634928	0.500000
9.707233	2.834585	2.980034	0.500000
1.066614	6.794727	1.316071	0.500000
5.751353	1.699129	0.568418	0.500000
1.883003	3.458245	0.502843	0.500000
7.363194	9.974378	0.589637	0.500000
1.275629	0.273242	2.894783	0.500000
8.647172	1.610333	1.524456	0.500000
0.706906	2.430415	2.977520	0.500000
1.092622	4.410441	2.813947	0.500000
1.008703	5.744561	1.458982	0.500000
0.855737	6.843362	2.863199	0.500000
1.960157	4.268492	1.861371	0.500000
3.846348	6.674707	2.201694	0.500000
3.760543	4.878942	2.953486	0.500000
5.327050	2.593591	1.964379	0.500000
7.468497	1.936536	2.980079	0.500000
7.244089	3.812507	1.747646	0.500000
8.221713	5.750743	1.232262	0.500000
7.080109	3.916268	2.954009	0.500000
2.605806	3.366904	2.212352	0.500000
9.741955	4.038165	0.522367	0.500000
1.826478	4.454767	0.821148	0.500000
5.522874	6.963920	1.391206	0.500000
4.909178	1.695864	2.945336	0.500000
5.089539	3.623307	2.322070	0.500000
6.802359	4.721189	0.504558	0.500000
7.579458	4.883610	1.285876	0.500000
0.168251	3.507032	1.283689	0.500000
1.034106	4.523932	1.514700	0.500000
2.613386	5.246870	0.859130	0.500000
5.220640	5.109060	2.171245	0.500000
9.376345	2.531254	1.382080	0.500000
9.139215	5.955690	1.888904	0.500000
2.998479	4.412048	2.376852	0.500000
5.627998	4.563670	2.992965	0.500000
6.112632	4.758964	1.244138	0.500000
9.276240	8.891944	1.440744	0.500000
8.269831	3.822589	1.724182	0.500000
7.496140	6.670301	2.996453	0.500000
0.734593	7.917952	2.721336	0.500000
0.337882	6.300176	2.167737	0.500000
1.287025	8.570550	2.051137	0.500000
6.039069	4.204275	2.140581	0.500000
5.248553	4.252319	1.529870	0.500000
6.020454	8.430997	1.499095	0.500000
9.136384	7.263012	0.602083	0.500000
5.720902	6.641357	2.481335	0.500000
5.203500	0.224342	1.887508	0.500000
0.666777	5.221691	2.327517	0.500000
9.592562	6.618158	2.899918	0.500000
2.660896	7.669482	0.612920	0.500000
9.783614	9.564323	2.202370	0.500000
4.566029	5.853498	1.912120	0.500000
3.119045	9.656692	2.381033	0.500000
5.117409	4.849169	0.510796	0.500000
5.163979	9.073063	1.210387	0.500000
7.595008	5.194630	2.971135	0.500000
6.080294	8.992365	2.392779	0.500000
0.208478	0.223563	1.468657	0.500000
9.486871	9.020554	2.991832	0.500000
9.649982	8.513120	0.540517	0.500000
4.851995	6.663093	2.979668	0.500000
8.183631	4.832794	2.081483	0.500000
3.489727	5.965497	1.397574	0.500000
3.264423	0.450277	2.998330	0.500000
5.190310	0.141317	0.623603	0.500000
6.582775	1.187612	1.403570	0.500000
6.602664	7.719208	0.572851	0.500000
8.167109	6.815442	0.526677	0.500000
9.102238	0.233529	1.127351	0.500000
9.697736	7.766276	1.277112	0.500000
0.319595	1.361679	2.955286	0.500000
3.669793	7.635651	0.580575	0.500000
2.056186	8.218943	1.394284	0.500000
2.464457	8.950759	0.820200	0.500000
5.414067	7.956176	2.983539	0.500000
6.275203	0.494764	2.229857	0.500000
8.203980	6.240868	2.256778	0.500000
1.201505	0.254675	1.291136	0.500000
0.220791	0.526868	0.513930	0.500000
0.870016	9.719665	2.088995	0.500000
3.973827	2.160580	2.948555	0.500000
2.589409	9.820109	1.429869	0.500000
3.596753	9.631021	1.485254	0.500000
4.240253	1.915992	0.542599	0.500000
4.190011	9.467073	2.966656	0.500000
4.958830	1.715797	1.302650	0.500000
8.768006	8.091958	2.043818	0.500000
6.988525	0.566227	2.956989	0.500000
4.890010	0.225754	2.895133	0.500000
8.889951	0.024791	2.934696	0.500000
3.251808	2.421061	1.729402	0.500000
1.881680	0.157750	2.080465	0.500000
0.781686	0.731388	2.138440	0.500000
1.953119	2.540824	2.457062	0.500000
2.737734	8.669539	2.988078	0.500000
6.864592	2.101809	1.971788	0.500000
5.699736	0.886890	2.983550	0.500000
7.878509	8.856796	2.357835	0.500000
6.921957	9.098499	1.498374	0.500000
9.416493	0.760741	2.066977	0.500000
3.267834	0.629552	1.503190	0.500000
3.858113	7.660439	1.891789	0.500000
3.152083	2.901049	0.708587	0.500000
1.355460	1.598492	2.981840	0.500000
4.706909	2.900445	2.923197	0.500000
6.393908	3.051352	0.533207	0.500000
8.343142	0.449996	2.158240	0.500000
8.815005	9.260960	2.277236	0.500000
8.890669	3.480781	0.829380	0.500000
7.808996	9.907322	2.865751	0.500000
4.766228	1.054857	0.545700	0.500000
2.647602	6.676146	2.083396	0.500000
1.973008	5.104946	2.999389	0.500000
4.717412	1.070365	2.137698	0.500000
8.915737	4.825802	2.783251	0.500000
7.122921	3.747689	0.731098	0.500000
8.369539	2.918131	2.994613	0.500000
8.106557	9.392818	1.374810	0.500000
9.637537	5.076739	2.136151	0.500000
0.042659	0.394755	2.883786	0.500000
5.629785	1.577891	2.176321	0.500000
3.244527	1.786533	0.650180	0.500000
3.342735	3.552998	1.499124	0.500000
3.761260	3.853187	2.913031	0.500000
4.458642	6.918570	1.418000	0.500000
3.997356	3.168366	2.178175	0.500000
8.060018	0.680619	1.159179	0.500000
2.114242	2.946884	1.436763	0.500000
9.187677	3.705121	2.992474	0.500000
0.375793	3.590916	2.889145	0.500000
0.019634	5.684366	2.933462	0.500000
4.324478	4.996059	1.217944	0.500000
2.266192	3.971102	2.995773	0.500000
4.493525	5.578911	2.874273	0.500000
4.664806	4.293587	2.968027	0.500000
4.483160	5.749589	0.568717	0.500000
6.022312	5.475134	0.517757	0.500000
6.627030	2.650329	2.956764	0.500000
8.840390	5.842600	2.964384	0.500000
8.885438	5.001520	1.388705	0.500000
2.211483	6.100731	1.280663	0.500000
2.195444	6.112647	2.873579	0.500000
2.847942	6.350534	0.530822	0.500000
1.502493	6.339144	2.098849	0.500000
6.516146	6.183300	2.917229	0.500000
8.087128	3.925277	2.730980	0.500000
6.433670	8.268694	2.992304	0.500000
6.196962	5.442657	2.019579	0.500000
6.697129	6.780728	1.911092	0.500000
2.281445	9.968854	2.996982	0.500000
1.989218	7.085099	2.986837	0.500000
3.209499	6.961827	1.245101	0.500000
4.449392	8.409774	2.856483	0.500000
3.391204	8.513158	2.231246	0.500000
7.172841	7.535419	1.451289	0.500000
1.758533	6.684820	0.564465	0.500000
6.353123	3.116756	1.977185	0.500000
8.397714	8.161413	2.979545	0.500000
8.495232	7.124873	2.992249	0.500000
7.927868	7.373451	2.185858	0.500000
0.626094	8.194350	0.511804	0.500000
1.821918	8.130475	2.837888	0.500000
4.067590	8.654735	1.441006	0.500000
4.961693	7.357870	2.266880	0.500000
5.618746	8.462284	0.545183	0.500000
5.988496	7.558929	2.093216	0.500000
6.782721	8.821683	0.535529	0.500000
6.957192	9.277590	2.989765	0.500000
9.951835	5.624774	1.334856	0.500000
7.439289	0.886913	2.096512	0.500000
2.145269	7.185128	1.339769	0.500000
3.072308	6.988307	2.943637	0.500000
2.676142	7.729739	2.121178	0.500000
1.588379	9.293657	2.706338	0.500000
3.092704	1.477026	2.096175	0.500000
4.488400	9.449104	2.000125	0.500000
7.860651	8.325442	1.366223	0.500000
7.401519	7.841288	2.983332	0.500000
9.851556	8.464184	2.164350	0.500000
