100

9.691190	2.616218	0.761127	0.500000
5.396466	10.681146	0.500135	0.500000
1.703631	5.642491	0.532073	0.500000
10.571028	9.953217	0.747734	0.500000
5.450642	6.770964	0.536939	0.500000
1.473271	8.127959	0.560069	0.500000
1.056957	4.902079	0.727446	0.500000
10.965707	7.245176	0.678198	0.500000
6.211914	11.242597	0.731800	0.500000
9.934294	7.017159	0.564324	0.500000
8.256168	9.120558	0.578416	0.500000
4.365257	2.123369	0.707236	0.500000
6.127326	7.501043	0.793007	0.500000
6.259457	9.838223	0.545001	0.500000
11.040385	0.995540	0.635336	0.500000
3.506583	1.599986	0.704402	0.500000
3.665416	7.179230	0.793117	0.500000
7.738851	6.535464	0.741210	0.500000
9.967270	5.366457	0.776839	0.500000
6.319299	8.587386	0.529555	0.500000
9.066423	0.467360	0.529585	0.500000
0.109067	10.110163	0.573649	0.500000
2.089442	9.285308	0.738372	0.500000
10.282780	8.528404	0.580149	0.500000
5.333942	1.755166	0.736098	0.500000
9.488514	1.455929	0.742744	0.500000
4.711574	11.410749	0.654784	0.500000
3.350840	0.116163	0.651076	0.500000
9.865853	10.871428	0.745215	0.500000
0.584112	0.316640	0.511424	0.500000
2.771838	10.062340	0.787540	0.500000
9.257322	4.444310	0.660206	0.500000
10.602434	6.217933	0.775124	0.500000
7.641491	0.157975	0.672389	0.500000
8.288221	7.789664	0.714009	0.500000
2.574877	3.558481	0.595189	0.500000
1.597459	2.896494	0.605479	0.500000
4.450316	6.395756	0.564680	0.500000
6.963208	10.553251	0.711464	0.500000
4.700611	7.428926	0.611029	0.500000
8.877327	6.942485	0.672867	0.500000
0.316471	7.798890	0.787906	0.500000
2.441407	11.273674	0.764309	0.500000
3.881571	4.476306	0.791603	0.500000
11.356245	4.114725	0.784712	0.500000
1.046704	9.504001	0.563918	0.500000
1.717483	6.938446	0.711275	0.500000
10.354868	4.224278	0.636034	0.500000
1.248908	10.663161	0.780507	0.500000
6.227964	2.330077	0.789989	0.500000
9.227563	8.823672	0.726566	0.500000
0.589176	3.224994	0.636719	0.500000
3.824529	9.397890	0.526621	0.500000
8.781031	5.409065	0.789383	0.500000
2.457076	4.633798	0.585368	0.500000
2.628674	2.257737	0.743716	0.500000
5.441457	0.603471	0.758562	0.500000
10.955405	3.140792	0.678939	0.500000
7.619473	5.288654	0.587466	0.500000
1.390558	1.794756	0.521911	0.500000
9.360560	9.993356	0.536870	0.500000
2.786611	5.595785	0.772773	0.500000
2.762607	7.930196	0.602242	0.500000
7.313706	1.278044	0.647288	0.500000
0.735534	5.849570	0.710296	0.500000
10.649320	1.915747	0.611458	0.500000
5.424766	5.684371	0.627467	0.500000
8.695632	3.585768	0.552534	0.500000
6.695842	3.903853	0.750345	0.500000
5.182383	8.328791	0.785910	0.500000
8.444265	2.025043	0.797499	0.500000
7.236046	9.002362	0.657371	0.500000
3.690100	3.237609	0.638165	0.500000
1.633513	3.921537	0.525416	0.500000
3.681849	10.736569	0.606955	0.500000
0.250327	6.736728	0.734301	0.500000
8.348170	10.110177	0.724529	0.500000
4.664868	3.782448	0.694147	0.500000
11.325123	11.326265	0.647377	0.500000
5.495195	4.408820	0.757095	0.500000
0.149459	9.047026	0.730033	0.500000
0.506314	1.296589	0.750001	0.500000
7.225810	7.958561	0.680190	0.500000
4.097728	8.343998	0.544345	0.500000
6.527320	5.393008	0.757027	0.500000
7.890016	4.249066	0.720610	0.500000
9.331196	7.840723	0.510684	0.500000
2.705163	6.721088	0.516862	0.500000
5.222400	2.958723	0.501927	0.500000
6.432908	6.543694	0.771757	0.500000
4.234697	0.802465	0.777596	0.500000
8.665052	11.117248	0.726233	0.500000
11.413427	5.381525	0.653096	0.500000
1.621214	0.688956	0.511847	0.500000
10.068011	0.493525	0.566206	0.500000
3.821263	5.474952	0.534674	0.500000
6.216674	1.206370	0.530679	0.500000
2.563458	1.086944	0.638660	0.500000
5.100043	9.466809	0.758483	0.500000
7.525649	3.268315	0.771948	0.500000
