300

5.829343	1.496582	2.988339	0.500000
3.730509	6.336252	2.083665	0.500000
11.181505	11.306335	1.814360	0.500000
8.719734	0.758633	1.818296	0.500000
2.422428	9.781813	1.895855	0.500000
0.681063	12.030264	1.832643	0.500000
11.269742	1.570802	2.015823	0.500000
11.568964	5.316318	1.303139	0.500000
8.472647	6.318718	1.525439	0.500000
9.577581	11.985523	0.919634	0.500000
2.644634	10.409973	0.834892	0.500000
1.768519	7.814007	2.895383	0.500000
3.390515	0.301404	0.683239	0.500000
5.422542	4.124559	2.949937	0.500000
9.055947	5.253264	1.028129	0.500000
11.403847	0.805900	1.225945	0.500000
8.785705	1.444656	2.961261	0.500000
0.127502	8.302458	2.761602	0.500000
9.191996	8.059996	0.745404	0.500000
11.569294	8.819087	0.615409	0.500000
9.752286	0.841183	2.877909	0.500000
5.258122	6.732019	1.881917	0.500000
0.431298	8.117369	0.514323	0.500000
0.313296	10.284590	0.742750	0.500000
11.653724	6.057830	0.542533	0.500000
0.874402	10.113213	2.928400	0.500000
7.407670	12.009419	1.302876	0.500000
7.468800	0.812463	0.756021	0.500000
0.999087	3.686857	1.282486	0.500000
2.359567	0.557252	1.570917	0.500000
0.417853	4.654753	1.044034	0.500000
8.642504	0.822373	0.538818	0.500000
4.249003	0.604803	1.316489	0.500000
10.368130	2.210889	2.642348	0.500000
0.255591	5.707570	2.800584	0.500000
9.612796	10.807860	2.755888	0.500000
10.723840	0.029952	1.615052	0.500000
5.931005	3.344708	2.469250	0.500000
11.809148	0.171132	1.965820	0.500000
1.933946	3.814775	1.883787	0.500000
10.719723	9.360091	0.884298	0.500000
6.329532	7.130868	2.464946	0.500000
7.821663	1.074878	2.895547	0.500000
11.092086	10.766695	0.705300	0.500000
5.991055	10.768532	1.231413	0.500000
0.194746	3.807784	2.177851	0.500000
7.265949	11.073553	2.088898	0.500000
9.236201	2.556816	0.927812	0.500000
1.265708	2.454536	1.296092	0.500000
6.005736	1.363709	0.635776	0.500000
11.541021	4.441919	0.600335	0.500000
12.220073	2.701238	2.932495	0.500000
9.793268	6.078137	1.476507	0.500000
7.059200	10.441194	2.881506	0.500000
8.371488	10.174890	0.513128	0.500000
6.011964	2.241715	1.557460	0.500000
11.338637	4.325900	1.607466	0.500000
1.270424	6.074455	2.849792	0.500000
4.824268	3.709701	1.821855	0.500000
4.440234	9.882879	1.864628	0.500000
3.329080	1.853628	0.833105	0.500000
9.330792	11.781815	1.870523	0.500000
3.291720	2.959352	0.555631	0.500000
1.702642	11.902883	2.874694	0.500000
5.045720	1.625619	1.746818	0.500000
10.831315	0.910616	2.657019	0.500000
3.108190	7.619033	0.709553	0.500000
5.646229	0.790447	1.399903	0.500000
3.465561	2.726919	2.947584	0.500000
11.135565	3.197283	0.526339	0.500000
7.417829	2.070192	1.482013	0.500000
5.403180	4.669379	1.887547	0.500000
12.015889	7.182667	1.409094	0.500000
8.649532	10.991369	2.066014	0.500000
3.277906	4.643505	2.751337	0.500000
7.671072	9.138169	0.557470	0.500000
10.932407	0.095867	0.524797	0.500000
2.986078	11.412820	2.989402	0.500000
9.712173	8.563010	2.943914	0.500000
4.351741	7.058815	1.561722	0.500000
10.530842	5.545573	2.135454	0.500000
7.878494	1.788658	0.621733	0.500000
8.295072	6.991761	2.749523	0.500000
2.155839	1.672333	1.899907	0.500000
8.345354	8.464116	2.843651	0.500000
0.629661	7.198112	2.979396	0.500000
2.674520	8.667094	2.975707	0.500000
9.707199	4.543029	1.681120	0.500000
5.116660	1.960403	0.621100	0.500000
1.679206	5.080330	2.958332	0.500000
3.693518	10.195569	0.985670	0.500000
2.246905	0.483875	2.596252	0.500000
3.659935	8.312378	1.554348	0.500000
2.777856	3.339312	1.398062	0.500000
4.183015	7.436666	0.501049	0.500000
3.294764	9.263972	1.699424	0.500000
6.709081	1.261828	1.625274	0.500000
8.594640	1.724130	1.582587	0.500000
5.207732	0.327842	0.566537	0.500000
11.351445	2.194500	2.996679	0.500000
6.111363	6.405316	0.699900	0.500000
1.793337	8.507114	2.129508	0.500000
5.431889	0.370319	2.682495	0.500000
1.613827	5.323695	1.838533	0.500000
5.140301	12.216816	1.719910	0.500000
10.156119	10.156843	0.514265	0.500000
3.965293	10.615364	2.944319	0.500000
2.062565	2.743271	1.887221	0.500000
0.912293	5.527105	0.681049	0.500000
0.467207	10.182930	1.833530	0.500000
7.634592	9.890330	1.307962	0.500000
3.616528	5.272198	1.517550	0.500000
4.085049	8.879669	0.529717	0.500000
4.638120	11.243567	2.032953	0.500000
4.803830	1.196537	2.677457	0.500000
9.402358	3.301546	2.160056	0.500000
6.200001	6.050266	2.202846	0.500000
10.237036	2.416011	0.537349	0.500000
10.860072	5.043413	2.964368	0.500000
4.037304	8.820322	2.748919	0.500000
2.727685	7.563614	2.431193	0.500000
4.151099	2.141002	1.622544	0.500000
4.373850	6.991481	2.703461	0.500000
2.444251	1.300103	0.664049	0.500000
0.233597	1.971211	0.755795	0.500000
5.382487	8.309981	0.679376	0.500000
3.535350	4.263048	1.807365	0.500000
4.797000	10.556159	1.126506	0.500000
7.761728	5.399859	2.945563	0.500000
2.557828	4.658548	1.872225	0.500000
12.115834	11.336436	1.361647	0.500000
8.043096	11.089236	2.887955	0.500000
5.155762	11.557073	0.704957	0.500000
4.668737	6.129811	0.542678	0.500000
2.165266	2.555823	0.591454	0.500000
0.865901	8.214157	1.611095	0.500000
10.454339	7.448906	2.813870	0.500000
10.679799	3.384737	2.415363	0.500000
2.050254	6.331117	0.635547	0.500000
8.711176	7.756703	2.221597	0.500000
3.377843	12.137119	1.978965	0.500000
10.133131	9.847056	1.963466	0.500000
8.655543	9.798943	1.638759	0.500000
9.564105	1.338290	0.616426	0.500000
10.893097	7.564002	0.613340	0.500000
6.504816	3.806070	0.581732	0.500000
6.594233	7.616654	0.793952	0.500000
8.227896	11.904904	2.153322	0.500000
10.465635	11.343159	2.990588	0.500000
7.403969	6.321934	2.637409	0.500000
1.151327	4.092083	2.754838	0.500000
7.014283	7.763363	2.930562	0.500000
7.091295	5.709982	1.194245	0.500000
12.020735	5.007821	2.172056	0.500000
10.926912	8.468441	2.929700	0.500000
6.129157	5.360194	1.217253	0.500000
8.022586	5.656770	0.825396	0.500000
11.526495	2.754122	1.856735	0.500000
2.406379	2.261550	2.866318	0.500000
3.136412	2.394432	1.855334	0.500000
8.038903	2.840562	0.876897	0.500000
1.288553	0.859153	2.338906	0.500000
9.703121	3.493133	0.825187	0.500000
0.659466	6.951242	1.885226	0.500000
9.676473	4.586529	0.590533	0.500000
9.338223	7.262306	2.990723	0.500000
0.841244	2.957698	0.511809	0.500000
6.829836	11.490552	0.654487	0.500000
1.037949	1.872851	2.954719	0.500000
9.134386	6.164009	0.539491	0.500000
2.593199	4.638322	0.753106	0.500000
9.219109	9.503598	0.680282	0.500000
6.157930	9.953160	2.910474	0.500000
9.226998	3.972154	2.917627	0.500000
0.346530	4.686991	2.984668	0.500000
9.262141	10.897835	1.096604	0.500000
8.954099	9.575112	2.931261	0.500000
1.464608	1.601793	0.744336	0.500000
12.217635	1.496337	1.676284	0.500000
9.094052	11.885470	2.988728	0.500000
8.661912	5.975662	2.899903	0.500000
4.773618	5.574820	1.406503	0.500000
6.154339	8.944965	2.443371	0.500000
2.679928	3.567631	2.983448	0.500000
4.704885	11.721081	2.925160	0.500000
4.722174	8.463938	2.082409	0.500000
5.976234	2.668644	0.534960	0.500000
0.975752	3.052943	2.925073	0.500000
5.247522	7.822185	2.934841	0.500000
10.156456	11.165429	0.564652	0.500000
8.837934	8.898616	2.052393	0.500000
2.085705	6.810894	2.904020	0.500000
0.760091	0.058573	2.870727	0.500000
7.766629	5.032435	1.828212	0.500000
11.851892	11.991071	2.887573	0.500000
6.814916	2.540590	2.919162	0.500000
2.795819	5.715461	1.101331	0.500000
10.338094	5.155885	1.117957	0.500000
11.933145	3.588030	1.198892	0.500000
0.412072	0.941868	0.730593	0.500000
11.769467	6.063022	2.177217	0.500000
2.577706	7.930483	1.499056	0.500000
1.401904	4.389364	0.524577	0.500000
6.206512	4.663939	2.567803	0.500000
7.938298	11.143030	1.315901	0.500000
0.337749	11.787198	0.520707	0.500000
7.058085	2.767625	0.556977	0.500000
2.138572	3.556931	0.541078	0.500000
10.069502	6.936607	1.029466	0.500000
8.607604	4.360866	1.459086	0.500000
8.433450	2.650936	2.969315	0.500000
3.767036	4.975634	0.560880	0.500000
3.781743	1.682470	2.837324	0.500000
5.713418	3.649908	1.272832	0.500000
11.183691	2.093848	0.912413	0.500000
5.254471	5.173408	0.565967	0.500000
1.033168	9.191991	1.848162	0.500000
12.110171	1.018793	2.922173	0.500000
0.678961	2.445222	2.174464	0.500000
5.360895	10.425130	1.995790	0.500000
6.697326	7.889255	1.898211	0.500000
3.146232	1.246856	2.178003	0.500000
1.047100	9.565904	0.617258	0.500000
11.735159	8.198451	1.382485	0.500000
9.246398	2.252547	2.434316	0.500000
6.614888	8.693719	1.095706	0.500000
10.244095	8.734704	2.070420	0.500000
10.858113	9.583439	2.826853	0.500000
4.325798	1.326654	0.528703	0.500000
7.052023	2.925711	1.998039	0.500000
5.403446	7.784985	1.744664	0.500000
0.029279	9.242935	1.610243	0.500000
1.597995	8.423164	0.731613	0.500000
4.210565	4.975250	2.343466	0.500000
4.873141	3.026071	1.070154	0.500000
3.493083	6.388652	0.813010	0.500000
4.679553	4.521444	1.160821	0.500000
6.847320	3.770055	2.624193	0.500000
12.067628	9.340852	2.819838	0.500000
3.594684	7.921498	2.990846	0.500000
9.572098	5.192973	2.556707	0.500000
10.242786	2.790266	1.643991	0.500000
7.456581	6.591244	0.584858	0.500000
3.692608	5.805750	2.990869	0.500000
7.388028	0.551696	2.132775	0.500000
1.158894	8.969915	2.952526	0.500000
3.151937	10.358939	2.370413	0.500000
11.567811	7.388530	2.659902	0.500000
1.680783	11.009548	0.577026	0.500000
7.570203	4.296096	0.714474	0.500000
1.765546	11.992342	1.864123	0.500000
2.749151	6.835101	1.741384	0.500000
6.105213	11.855100	1.260732	0.500000
0.615053	5.711990	1.718625	0.500000
9.984131	10.987619	1.835804	0.500000
8.647881	7.080645	0.709033	0.500000
10.434312	3.795687	1.469083	0.500000
4.410389	3.943535	2.827230	0.500000
6.843398	1.536069	2.853181	0.500000
7.855890	9.307546	2.139017	0.500000
7.752036	8.256084	2.013028	0.500000
7.219234	6.901778	1.657211	0.500000
2.878588	8.765800	0.746178	0.500000
9.844248	1.795177	1.472747	0.500000
4.123518	0.311600	2.609139	0.500000
0.839251	11.244924	2.878295	0.500000
11.912330	10.456030	2.660294	0.500000
2.596578	5.913215	2.773022	0.500000
6.378173	9.879185	1.660189	0.500000
11.209937	10.104581	1.922278	0.500000
4.058286	11.633062	1.293485	0.500000
7.958296	4.047698	2.582460	0.500000
10.243760	0.825032	1.239897	0.500000
8.614433	4.914044	2.415954	0.500000
3.745481	3.205628	1.727715	0.500000
1.071900	7.380494	0.878659	0.500000
1.313305	0.241198	0.702873	0.500000
6.981484	0.076619	2.965934	0.500000
1.784660	10.982039	1.924020	0.500000
8.467311	8.723928	1.042527	0.500000
5.298092	5.920128	2.750904	0.500000
8.479274	2.893196	1.988788	0.500000
2.816765	11.100006	1.538128	0.500000
2.073264	9.469964	0.715433	0.500000
7.727165	8.060772	0.817878	0.500000
1.562373	6.350735	1.657503	0.500000
7.993238	10.024080	2.909400	0.500000
7.598327	3.565576	1.449613	0.500000
5.434444	2.487085	2.644926	0.500000
1.970488	10.685528	2.991241	0.500000
2.403183	0.139586	0.566474	0.500000
6.149054	11.020119	2.419656	0.500000
4.484771	2.935474	2.687380	0.500000
6.235003	9.784216	0.665250	0.500000
4.936014	9.152149	1.065654	0.500000
8.475950	12.154570	0.965492	0.500000
2.727384	11.416819	0.567497	0.500000
5.095410	9.269078	2.771531	0.500000
10.213395	6.096410	2.920828	0.500000
4.097609	3.767064	0.733061	0.500000
