300

7.741171	9.178126	1.998468	0.500000
7.123643	9.064506	2.952109	0.500000
9.636813	8.699229	1.073035	0.500000
7.988878	1.552319	2.989920	0.500000
1.060842	9.783343	1.024783	0.500000
11.827244	2.575457	2.605549	0.500000
11.827139	10.084953	1.601186	0.500000
3.097836	8.722204	0.645259	0.500000
8.241480	6.865950	0.867297	0.500000
10.013860	9.923419	1.262685	0.500000
4.616745	9.455956	1.072985	0.500000
12.106836	9.259340	0.702479	0.500000
1.891727	3.830202	2.051926	0.500000
3.521895	2.153017	2.749499	0.500000
8.331707	5.228498	0.654707	0.500000
7.521004	2.523637	2.937170	0.500000
11.149059	2.618005	1.846612	0.500000
9.873444	5.831917	2.108266	0.500000
11.781642	6.313811	2.691327	0.500000
3.410550	5.366873	1.060745	0.500000
7.514577	5.916687	0.724267	0.500000
10.543831	5.999838	2.977682	0.500000
8.307932	10.255640	2.911883	0.500000
9.906819	3.199880	0.546939	0.500000
10.801809	2.474134	2.895000	0.500000
2.565758	10.120478	1.738442	0.500000
2.870465	0.640275	1.910450	0.500000
8.933838	11.335196	2.940104	0.500000
3.807694	3.681950	2.563907	0.500000
3.365258	12.089239	2.430338	0.500000
11.743203	1.728701	0.901015	0.500000
1.393539	4.426465	2.924434	0.500000
5.772603	2.956786	0.536609	0.500000
11.966802	4.948014	0.805794	0.500000
1.497419	6.292711	2.789267	0.500000
11.721096	11.418764	0.655159	0.500000
0.118685	3.245841	0.528060	0.500000
8.435269	5.702707	2.874158	0.500000
0.404761	0.825613	0.511409	0.500000
0.254990	11.838664	1.327913	0.500000
0.155678	10.912841	1.801647	0.500000
5.841080	4.325145	2.677945	0.500000
3.472000	4.125645	0.839803	0.500000
2.605406	7.859079	1.602083	0.500000
4.843510	4.358880	1.381685	0.500000
9.233947	1.579505	1.147845	0.500000
9.919367	11.069425	2.856940	0.500000
10.305528	2.139938	0.702504	0.500000
1.369544	4.788056	1.253056	0.500000
8.799961	12.151715	1.987292	0.500000
10.263676	3.990137	1.361888	0.500000
5.883413	4.666762	1.624993	0.500000
10.814798	4.786544	1.735053	0.500000
9.640151	0.294112	2.650206	0.500000
4.434866	10.880719	0.577384	0.500000
12.224022	6.065022	1.625211	0.500000
6.278913	6.823630	0.826803	0.500000
3.110804	2.424499	1.832705	0.500000
6.947671	6.431538	1.519203	0.500000
2.515007	10.173094	2.936884	0.500000
4.521122	0.532574	2.045750	0.500000
10.316839	0.099634	0.515265	0.500000
4.268656	5.703062	2.857294	0.500000
5.246692	10.253938	2.061624	0.500000
7.805309	5.408021	1.747636	0.500000
10.179681	11.738256	2.026890	0.500000
11.210505	3.675503	2.701524	0.500000
11.693756	0.421269	1.087104	0.500000
10.775641	4.738852	2.889162	0.500000
5.298776	5.275638	2.680415	0.500000
9.051063	3.666090	2.633965	0.500000
2.835115	6.726962	2.195824	0.500000
10.779626	10.974448	0.947640	0.500000
7.969325	1.803608	0.623514	0.500000
2.789824	3.167122	2.774430	0.500000
9.231319	7.675822	0.575613	0.500000
7.807065	11.431005	2.820446	0.500000
3.517009	9.553047	1.508211	0.500000
1.583861	7.687093	2.222008	0.500000
3.666439	6.227331	0.521618	0.500000
9.300390	9.599386	0.523009	0.500000
6.663831	5.170720	2.470996	0.500000
10.821024	5.441694	0.802140	0.500000
1.047035	3.530295	1.443713	0.500000
9.062346	7.830467	2.866213	0.500000
9.892036	6.584272	0.882072	0.500000
11.899347	8.703070	1.562022	0.500000
0.581687	6.083602	2.434601	0.500000
6.783074	9.538138	0.570161	0.500000
5.820713	1.232155	0.857253	0.500000
0.639386	1.127069	2.961254	0.500000
1.181469	11.059953	2.725117	0.500000
8.198235	10.935241	1.940792	0.500000
0.892977	5.795465	0.911908	0.500000
9.502235	9.667986	2.347913	0.500000
6.116983	2.706004	2.707601	0.500000
1.864574	7.973353	0.844698	0.500000
6.679953	4.828923	0.583171	0.500000
2.113386	12.194840	1.738428	0.500000
1.291452	6.830496	0.641627	0.500000
8.911990	2.515749	1.312110	0.500000
11.439412	7.165206	1.154897	0.500000
6.324678	2.108220	0.544807	0.500000
11.079773	3.250325	0.675333	0.500000
5.220010	2.702351	2.159569	0.500000
12.053534	0.473150	2.035238	0.500000
6.674095	8.387618	1.747622	0.500000
10.623910	1.310303	2.791680	0.500000
1.525164	11.893887	0.575380	0.500000
9.157651	6.130759	1.412017	0.500000
3.622244	6.676322	2.866732	0.500000
1.855128	2.723889	1.447293	0.500000
2.186853	11.076947	0.725170	0.500000
3.798762	11.689422	0.517097	0.500000
6.838003	11.709754	0.598016	0.500000
5.414910	3.487843	1.458487	0.500000
4.050461	6.230840	1.563129	0.500000
8.737778	1.006649	1.841044	0.500000
11.139505	4.380206	0.541700	0.500000
7.783424	0.406940	2.260179	0.500000
10.455389	9.339966	1.964760	0.500000
4.557505	12.190163	2.894760	0.500000
11.720329	7.802651	1.999238	0.500000
11.630321	10.535464	2.720120	0.500000
3.395166	5.752164	2.240168	0.500000
6.059602	5.708797	0.537856	0.500000
3.456471	3.271430	1.363996	0.500000
4.339881	10.473099	1.491810	0.500000
0.724818	7.750642	0.876521	0.500000
3.027004	2.636400	0.520881	0.500000
9.906682	11.332281	0.614812	0.500000
5.430807	10.315972	0.940656	0.500000
6.307091	3.913077	0.959119	0.500000
3.988168	7.791074	2.585566	0.500000
3.324867	1.817898	1.064271	0.500000
1.797047	8.508349	1.689891	0.500000
0.019581	6.533911	0.577449	0.500000
10.119656	0.755445	1.645716	0.500000
4.664808	7.481304	1.333543	0.500000
5.991288	6.237915	1.846479	0.500000
2.403523	11.336573	2.744978	0.500000
0.145695	11.689730	2.863182	0.500000
9.782326	5.202451	2.953788	0.500000
8.947779	3.594584	1.636863	0.500000
1.566933	9.951492	2.475323	0.500000
8.101512	1.886276	1.693964	0.500000
8.886512	4.807362	2.738062	0.500000
2.410060	9.004980	2.731177	0.500000
9.650825	10.760652	1.908718	0.500000
7.723705	3.601208	2.708716	0.500000
4.048659	2.773559	2.135232	0.500000
6.011475	7.932230	2.593252	0.500000
10.732935	8.444688	1.537377	0.500000
12.029358	4.363971	2.702470	0.500000
10.587686	8.392536	2.706781	0.500000
4.074541	8.167980	0.528793	0.500000
7.261228	3.416571	0.542574	0.500000
9.256147	4.458889	0.658049	0.500000
2.125088	0.107369	2.975534	0.500000
6.888935	10.768006	1.514511	0.500000
9.651896	4.958537	1.557207	0.500000
3.071484	4.312093	2.001100	0.500000
9.572043	7.925544	1.987602	0.500000
9.982637	7.119184	2.828285	0.500000
0.365596	3.445795	2.609784	0.500000
7.181457	8.520634	0.568228	0.500000
0.812455	8.764430	0.645918	0.500000
2.102118	9.542513	0.549756	0.500000
6.272346	0.408039	1.773017	0.500000
6.422197	9.795858	1.872164	0.500000
1.766311	6.674687	1.809599	0.500000
11.060418	9.411945	2.801164	0.500000
8.606165	2.426961	2.392866	0.500000
5.685341	11.255196	2.711433	0.500000
0.645818	1.665902	1.128501	0.500000
8.441759	0.900016	0.573521	0.500000
5.854824	1.762485	1.789414	0.500000
0.901631	3.934608	0.533024	0.500000
9.500230	0.676307	0.670546	0.500000
2.159143	5.567242	1.447984	0.500000
9.168393	1.506740	2.998309	0.500000
6.148674	10.355208	2.763490	0.500000
4.461702	8.852065	2.383969	0.500000
1.620790	10.906452	1.642211	0.500000
7.949254	9.307253	0.622703	0.500000
3.766755	10.661180	2.951936	0.500000
6.708758	0.306244	2.972655	0.500000
1.082662	12.127898	2.257528	0.500000
5.258376	2.020749	0.513890	0.500000
6.688190	1.263481	2.434588	0.500000
11.306524	3.786843	1.588792	0.500000
2.568473	4.850154	0.606967	0.500000
1.783174	0.803445	1.211811	0.500000
2.468060	5.879873	2.842996	0.500000
11.178935	9.762039	0.544985	0.500000
0.728914	7.053057	2.906975	0.500000
4.454089	5.174636	0.782181	0.500000
6.857168	11.073768	2.608998	0.500000
11.787298	7.288785	2.917895	0.500000
4.035776	11.956004	1.471488	0.500000
0.492101	7.437322	1.897633	0.500000
7.193243	7.428319	0.785041	0.500000
4.140527	5.113079	1.751586	0.500000
7.318799	0.475822	0.757437	0.500000
9.046031	12.020580	0.878736	0.500000
2.623048	0.334093	0.889679	0.500000
10.744012	1.058946	0.656151	0.500000
3.873365	4.754421	2.868960	0.500000
1.121353	2.566905	0.656072	0.500000
8.523201	9.096932	2.822374	0.500000
8.056931	11.861048	0.797277	0.500000
2.438807	1.642746	1.775956	0.500000
2.541343	1.094599	2.855080	0.500000
4.967078	7.690649	2.910319	0.500000
7.335636	10.195270	2.424375	0.500000
2.996873	10.164950	0.800301	0.500000
8.005263	7.682034	2.608742	0.500000
0.422216	5.004641	1.592069	0.500000
8.442807	8.398843	0.903174	0.500000
3.334263	11.043893	1.696084	0.500000
4.729702	1.586916	1.895757	0.500000
5.977154	11.565627	1.721149	0.500000
8.551732	0.315183	2.982038	0.500000
12.171066	8.265567	2.810129	0.500000
9.676800	2.421930	2.992449	0.500000
4.661555	6.773542	2.511928	0.500000
7.694149	10.172484	1.287162	0.500000
1.193990	10.881405	0.680670	0.500000
4.400855	1.437049	0.578074	0.500000
9.656273	1.822993	2.120176	0.500000
5.761282	7.450507	1.410346	0.500000
1.413768	1.557536	1.789993	0.500000
11.561885	5.290805	2.354944	0.500000
2.614337	6.734579	0.944004	0.500000
2.205417	2.380839	2.565299	0.500000
4.815585	6.260042	0.719999	0.500000
7.193792	6.682590	2.585629	0.500000
4.738237	4.087832	2.521113	0.500000
4.634591	11.055821	2.521163	0.500000
6.076487	6.054926	2.875530	0.500000
7.470395	4.268540	1.802571	0.500000
7.762423	4.691469	2.815808	0.500000
4.566066	10.034215	2.832943	0.500000
5.464147	1.413778	2.727814	0.500000
6.468843	10.553684	0.547212	0.500000
11.846264	1.717015	1.980862	0.500000
10.549841	10.326221	2.117899	0.500000
3.630854	0.784668	0.794330	0.500000
5.222206	5.580400	1.417433	0.500000
7.530320	3.257825	1.611736	0.500000
10.543842	8.963435	0.623646	0.500000
1.514110	1.787267	2.988191	0.500000
5.921360	0.195929	0.599683	0.500000
11.221054	6.432421	1.854220	0.500000
10.446051	7.462236	0.539459	0.500000
9.671449	8.833917	2.926783	0.500000
0.486599	10.250177	2.809948	0.500000
6.633494	2.410360	1.590940	0.500000
4.505187	2.487015	0.989133	0.500000
5.380110	8.424877	1.754659	0.500000
8.928064	8.714502	1.816772	0.500000
10.660163	0.149129	2.750897	0.500000
7.538139	10.984749	0.557043	0.500000
10.957674	1.561730	1.528021	0.500000
5.804126	11.419571	0.711297	0.500000
11.412128	11.765547	2.379954	0.500000
11.399960	8.375423	0.570468	0.500000
6.659767	3.648319	2.297920	0.500000
10.982020	11.967424	1.434020	0.500000
8.658426	9.906934	1.805250	0.500000
6.083718	9.142078	2.890784	0.500000
9.506690	6.902862	1.959726	0.500000
9.936598	2.998650	2.150767	0.500000
8.528720	6.563862	2.191006	0.500000
3.744461	1.363966	1.995406	0.500000
9.736535	5.545282	0.518272	0.500000
10.485785	7.201726	1.614880	0.500000
5.598347	4.561597	0.528639	0.500000
2.458961	3.617955	0.763874	0.500000
5.166606	8.056573	0.536712	0.500000
3.573441	7.144933	1.299111	0.500000
11.629852	1.112141	2.808050	0.500000
2.860977	7.465684	2.881674	0.500000
0.530764	9.208826	2.913420	0.500000
8.484798	7.658031	1.665134	0.500000
1.164280	5.219811	2.229189	0.500000
6.178020	8.209886	0.795528	0.500000
4.864664	0.264899	1.059033	0.500000
8.447851	3.834290	0.804278	0.500000
3.396475	9.406987	2.554863	0.500000
12.167278	2.801936	1.658183	0.500000
5.547475	8.993054	0.880014	0.500000
10.043629	3.975766	2.461186	0.500000
8.908331	10.561789	0.849291	0.500000
2.649684	4.560636	2.984857	0.500000
4.072913	1.029934	2.988430	0.500000
4.558226	2.005144	2.851360	0.500000
3.735690	8.217626	1.481514	0.500000
0.619765	8.901427	1.940158	0.500000
4.839936	3.633394	0.573482	0.500000
