100

9.934488	8.208767	0.526837	0.500000
0.499675	2.588423	0.519875	0.500000
7.598246	0.894802	0.541088	0.500000
4.645608	4.099761	0.537202	0.500000
2.481591	9.164550	0.578953	0.500000
9.490826	9.453960	0.534251	0.500000
7.078345	4.281044	0.529942	0.500000
9.235044	2.153934	0.587235	0.500000
4.476271	2.752585	0.592743	0.500000
11.250606	2.628065	0.517620	0.500000
2.080880	3.705426	0.509331	0.500000
3.021118	4.244225	0.519768	0.500000
4.362068	10.133767	0.502296	0.500000
9.858141	4.314797	0.533833	0.500000
5.093310	11.497017	0.560498	0.500000
9.972227	0.304129	0.551688	0.500000
1.327786	12.351555	0.507635	0.500000
6.440102	9.932050	0.584985	0.500000
12.161338	9.521526	0.593671	0.500000
11.011993	9.734743	0.570174	0.500000
5.120374	6.661574	0.589381	0.500000
12.230882	1.905803	0.598294	0.500000
3.435760	0.051951	0.589845	0.500000
6.333952	1.255626	0.505660	0.500000
1.076906	6.386457	0.539011	0.500000
7.938466	10.440030	0.575619	0.500000
5.154176	0.971893	0.597887	0.500000
9.903881	11.664564	0.522085	0.500000
0.370754	10.533708	0.559031	0.500000
4.004534	6.827382	0.509292	0.500000
3.527571	2.291093	0.595886	0.500000
11.096838	12.098966	0.596086	0.500000
3.239091	1.288695	0.518606	0.500000
1.307746	10.972149	0.585919	0.500000
7.019866	10.992336	0.575755	0.500000
8.706944	11.195900	0.530133	0.500000
9.844242	3.285563	0.558060	0.500000
6.854252	8.821773	0.552067	0.500000
0.814443	7.608758	0.574066	0.500000
3.018860	3.226102	0.577648	0.500000
5.843324	4.527869	0.532703	0.500000
12.415861	6.780572	0.567853	0.500000
3.500720	5.706969	0.558752	0.500000
6.007691	12.577520	0.511314	0.500000
8.600735	3.537808	0.549216	0.500000
8.886760	5.553911	0.568290	0.500000
0.022111	3.534262	0.568675	0.500000
12.461104	0.337552	0.542696	0.500000
9.976492	6.278563	0.532431	0.500000
4.527482	9.005074	0.507721	0.500000
8.108083	1.882890	0.589558	0.500000
5.416358	2.212214	0.583685	0.500000
1.494397	2.772686	0.559243	0.500000
4.361278	1.736665	0.520817	0.500000
12.402600	7.989288	0.513414	0.500000
10.997054	6.544380	0.567771	0.500000
10.997887	3.965176	0.597688	0.500000
3.528796	9.526075	0.522713	0.500000
0.481106	4.578630	0.538470	0.500000
1.811175	10.024837	0.587877	0.500000
2.889739	10.341664	0.584158	0.500000
3.827417	11.114356	0.510144	0.500000
3.036857	7.192383	0.585215	0.500000
5.447185	10.144398	0.533120	0.500000
3.690060	8.338930	0.548814	0.500000
12.442012	11.464652	0.554901	0.500000
7.408042	6.701217	0.560765	0.500000
5.624936	3.488310	0.547594	0.500000
8.046404	9.014579	0.549330	0.500000
2.429922	2.285207	0.534377	0.500000
11.109003	7.666458	0.594043	0.500000
2.075555	4.738765	0.579692	0.500000
2.619289	8.104997	0.596481	0.500000
1.798818	7.087882	0.532759	0.500000
6.374294	6.415667	0.557890	0.500000
2.809386	11.732027	0.555754	0.500000
10.395898	10.768241	0.502014	0.500000
5.227822	8.052085	0.569360	0.500000
2.096023	5.759020	0.550878	0.500000
5.725973	8.963676	0.573346	0.500000
11.724951	10.463026	0.537831	0.500000
8.065965	4.506885	0.514982	0.500000
10.514849	1.784182	0.511619	0.500000
7.790452	5.519116	0.587085	0.500000
0.724230	0.896423	0.554317	0.500000
4.604520	0.046204	0.589445	0.500000
4.425915	5.236033	0.521727	0.500000
12.124453	5.570947	0.571479	0.500000
10.994293	5.094752	0.505268	0.500000
8.950970	7.805609	0.581207	0.500000
7.578719	12.366082	0.560342	0.500000
8.626665	12.535181	0.530814	0.500000
8.407173	6.934559	0.537556	0.500000
8.688084	1.041194	0.588389	0.500000
2.241434	0.916929	0.535894	0.500000
11.652272	1.059635	0.583860	0.500000
7.648596	3.203421	0.537976	0.500000
6.419198	7.534883	0.578086	0.500000
6.491071	2.269584	0.553567	0.500000
0.999126	9.290138	0.526477	0.500000
