500

8.204108	0.169916	1.335659	0.500000
12.250643	7.781445	4.492190	0.500000
9.263586	12.424225	4.371145	0.500000
1.399002	9.665106	0.676360	0.500000
9.832767	4.622565	0.557053	0.500000
3.394418	10.944025	0.544068	0.500000
11.002310	6.803787	3.004679	0.500000
3.032471	6.315720	0.700287	0.500000
3.533827	11.649119	2.051527	0.500000
12.367589	4.062070	2.212625	0.500000
6.117405	5.396137	2.243994	0.500000
8.733884	9.317249	0.609358	0.500000
1.800336	2.631238	0.576744	0.500000
1.030527	9.878183	2.646933	0.500000
5.344495	2.112205	0.507045	0.500000
11.129860	10.666030	1.687788	0.500000
8.609846	8.293273	4.440919	0.500000
9.027454	3.651277	2.876442	0.500000
10.042585	3.357620	2.466390	0.500000
7.565754	10.194937	4.406782	0.500000
11.305820	9.741049	0.885476	0.500000
13.183651	8.426677	2.691537	0.500000
8.603302	1.387676	4.267962	0.500000
8.485574	7.199487	2.555170	0.500000
9.570229	7.967242	4.457706	0.500000
6.890014	6.130114	2.738340	0.500000
1.775557	11.172647	0.659393	0.500000
3.559451	4.262084	1.249525	0.500000
5.920794	2.568658	1.233753	0.500000
7.587940	9.689249	1.234917	0.500000
6.504585	6.345723	4.274868	0.500000
7.650987	10.000082	2.480966	0.500000
11.899456	2.555874	4.270784	0.500000
9.538755	6.321392	4.190099	0.500000
0.921164	11.010658	3.873860	0.500000
7.389133	5.243400	1.083377	0.500000
2.147954	8.300261	3.963268	0.500000
10.399745	8.419040	1.697161	0.500000
0.654410	3.259667	2.574183	0.500000
8.455686	10.188384	1.531635	0.500000
7.127729	13.056961	3.272746	0.500000
0.614525	12.615274	2.778953	0.500000
12.411849	0.860147	2.724158	0.500000
7.404424	1.173360	1.569680	0.500000
6.008667	1.360018	3.256093	0.500000
13.147310	9.964081	2.525876	0.500000
13.076574	0.761496	0.569164	0.500000
12.316452	7.203530	3.432679	0.500000
3.186927	8.455837	1.720651	0.500000
10.871709	2.448504	2.740707	0.500000
0.484736	8.121364	1.200084	0.500000
7.585919	12.606038	1.164390	0.500000
12.059605	8.991230	0.577622	0.500000
11.878878	12.374718	1.384867	0.500000
1.986127	9.241710	3.521021	0.500000
1.705723	2.315461	3.271519	0.500000
6.925203	5.997722	1.657219	0.500000
8.526908	1.886127	1.701124	0.500000
13.044248	6.935067	4.237353	0.500000
1.467292	11.942368	4.318585	0.500000
0.166870	11.183729	1.216480	0.500000
1.648052	12.369755	2.543539	0.500000
2.888998	9.239145	0.993043	0.500000
4.818683	4.496231	4.270567	0.500000
4.828275	8.364281	0.682113	0.500000
4.001179	4.621267	3.370517	0.500000
2.790416	2.686572	0.931523	0.500000
9.597192	1.306119	1.398495	0.500000
5.766867	0.983903	1.957363	0.500000
7.426170	2.371711	2.768700	0.500000
5.368698	9.828419	4.483587	0.500000
2.234965	4.513006	1.889676	0.500000
1.018983	1.784005	4.230375	0.500000
12.356816	1.214789	3.769324	0.500000
5.946561	11.226212	0.509507	0.500000
3.725104	1.029236	1.276528	0.500000
12.554553	12.009546	2.762520	0.500000
6.079079	11.042554	1.793325	0.500000
11.464048	4.026537	1.417889	0.500000
7.656785	6.173956	0.740134	0.500000
7.549687	7.418640	4.405546	0.500000
3.241309	11.659404	3.524784	0.500000
9.868111	6.775028	2.492315	0.500000
10.116245	4.031016	3.762321	0.500000
3.780071	11.767763	1.064268	0.500000
13.115248	6.316752	2.722567	0.500000
9.900173	1.096922	3.522580	0.500000
2.576138	3.311652	1.692017	0.500000
10.023721	3.134004	0.581720	0.500000
8.665952	4.783875	4.494055	0.500000
12.914702	1.832387	4.353224	0.500000
0.869361	11.997097	1.808684	0.500000
3.876798	7.234115	4.328883	0.500000
8.301561	10.689373	0.671194	0.500000
5.769156	12.758329	3.544767	0.500000
3.661008	7.869694	0.559190	0.500000
6.635508	3.549021	0.906754	0.500000
8.291057	11.724571	0.675019	0.500000
1.110405	5.156042	3.057469	0.500000
9.343657	11.809433	0.709818	0.500000
4.084979	7.229565	1.252520	0.500000
3.535588	3.531455	3.000250	0.500000
5.020005	4.557382	3.227618	0.500000
6.669834	1.973756	2.019202	0.500000
10.357168	13.205560	4.359933	0.500000
6.977669	8.578715	0.544796	0.500000
8.741323	0.334779	4.112937	0.500000
12.721491	10.983654	2.243259	0.500000
12.579000	12.029749	4.222140	0.500000
3.820509	2.542254	3.231410	0.500000
5.182639	7.073086	1.269529	0.500000
4.179873	12.002400	3.283383	0.500000
2.776316	6.476690	4.474005	0.500000
11.818857	10.947621	0.548456	0.500000
1.843082	9.865436	1.617588	0.500000
8.971394	1.577433	3.069610	0.500000
7.102310	11.794375	4.151244	0.500000
0.046593	10.579898	3.411825	0.500000
10.476388	12.208368	4.377840	0.500000
9.158097	0.213236	2.782088	0.500000
2.971591	11.027014	2.662809	0.500000
0.919948	6.810503	4.428670	0.500000
3.557658	5.141017	0.621947	0.500000
0.730141	3.580075	1.484925	0.500000
0.167475	3.965664	0.533428	0.500000
6.102860	6.628256	1.798334	0.500000
1.689174	10.047336	4.067437	0.500000
8.358642	11.328804	2.548180	0.500000
2.594405	11.989634	2.352877	0.500000
11.177067	8.970192	3.671289	0.500000
12.985907	3.134537	3.475891	0.500000
7.819986	12.705514	4.214914	0.500000
13.180241	8.658102	4.483191	0.500000
0.270585	1.310024	3.540066	0.500000
4.954736	6.333984	0.553728	0.500000
8.825492	9.571543	4.484025	0.500000
8.353825	12.790805	3.301587	0.500000
8.880495	8.112967	0.725469	0.500000
5.979977	5.088855	3.355982	0.500000
7.647096	5.078562	2.596695	0.500000
10.259276	8.393240	3.851920	0.500000
3.052838	7.414286	1.303592	0.500000
9.354323	0.158948	0.978693	0.500000
10.739062	0.716031	3.001036	0.500000
4.973311	9.280245	3.575485	0.500000
0.580552	0.005943	1.808251	0.500000
7.295012	11.113861	0.955737	0.500000
7.376066	7.235713	2.769894	0.500000
11.047250	7.292228	1.946364	0.500000
0.631299	12.613433	4.302366	0.500000
10.011356	10.288272	1.537572	0.500000
11.002137	3.384758	0.718130	0.500000
2.839854	3.630330	3.730813	0.500000
2.707690	8.447538	2.631086	0.500000
8.681657	10.544908	4.032663	0.500000
0.108961	5.587595	1.095397	0.500000
11.742445	11.403134	2.054692	0.500000
12.291191	3.850391	0.562565	0.500000
10.905283	12.841689	2.232825	0.500000
2.778774	10.158858	4.341140	0.500000
2.718066	12.092865	4.431574	0.500000
7.104908	8.935948	2.470284	0.500000
2.366768	6.433695	1.983297	0.500000
12.143663	12.959669	2.995182	0.500000
13.050737	5.301353	2.693784	0.500000
10.672741	5.664807	2.327350	0.500000
4.646949	12.753029	0.608874	0.500000
5.604970	11.296888	2.981091	0.500000
2.907337	0.202837	3.015706	0.500000
10.814036	9.324434	1.985168	0.500000
10.151557	11.877362	1.684556	0.500000
11.864018	5.356798	4.478190	0.500000
2.253840	3.322572	2.685495	0.500000
12.168397	9.295048	4.477321	0.500000
4.952117	9.802771	0.586126	0.500000
3.772925	5.365836	4.380013	0.500000
8.372799	12.093386	1.818573	0.500000
6.625480	3.318984	1.920303	0.500000
8.902034	2.274095	3.847250	0.500000
3.201891	1.158574	4.052833	0.500000
7.481201	8.930365	4.405040	0.500000
5.357458	10.438916	1.335040	0.500000
9.509782	2.776936	1.364192	0.500000
7.202615	0.215496	0.628619	0.500000
11.338662	1.584424	2.299877	0.500000
5.370839	5.367250	4.494994	0.500000
9.748628	9.354952	1.035655	0.500000
5.522519	0.068011	0.978085	0.500000
9.075500	6.868304	0.585618	0.500000
7.608734	0.870287	3.497766	0.500000
4.202768	8.994849	2.510771	0.500000
5.039922	11.640578	1.499732	0.500000
11.900914	10.813967	3.884633	0.500000
10.211472	5.743225	0.525731	0.500000
3.431225	12.391148	2.740057	0.500000
7.451490	2.910797	1.465362	0.500000
6.228438	2.617629	4.362555	0.500000
0.356891	7.142816	1.555507	0.500000
13.046883	10.839464	4.488774	0.500000
9.878949	4.410456	2.387568	0.500000
11.667103	6.278871	2.338964	0.500000
6.578511	9.683682	4.166023	0.500000
6.729463	1.861533	0.559548	0.500000
4.892661	4.279056	2.154738	0.500000
5.336639	9.437633	1.517145	0.500000
12.312431	7.902419	2.624342	0.500000
12.459945	8.351505	3.568865	0.500000
4.389198	10.349086	4.353133	0.500000
2.563808	5.281863	4.307319	0.500000
1.564794	13.126858	1.441131	0.500000
6.657753	11.990225	0.800416	0.500000
8.966339	0.585403	1.850098	0.500000
0.127413	4.098280	2.909078	0.500000
1.450551	6.565816	1.440780	0.500000
10.486516	0.800799	1.994735	0.500000
10.349787	7.216831	3.725700	0.500000
10.250998	7.397520	1.302476	0.500000
7.886105	11.823211	3.435855	0.500000
6.109375	11.816685	3.881219	0.500000
2.103502	1.798305	1.916298	0.500000
12.453138	1.727773	0.589852	0.500000
0.498939	10.033564	1.357289	0.500000
10.488754	10.811640	0.747058	0.500000
10.537558	0.911601	0.945090	0.500000
3.216261	12.748196	3.794284	0.500000
0.821104	6.599673	2.379851	0.500000
6.314988	3.484541	3.609556	0.500000
3.123180	4.952187	2.672703	0.500000
2.640132	4.136686	0.536265	0.500000
7.127010	4.409921	0.591478	0.500000
11.692747	7.783586	0.682021	0.500000
8.032697	4.672667	1.732164	0.500000
1.376374	5.186410	4.044066	0.500000
11.249139	1.700970	0.520183	0.500000
6.025367	9.637364	2.248916	0.500000
7.897568	3.430847	0.593201	0.500000
3.137296	4.057075	2.142412	0.500000
10.328658	12.303035	3.049367	0.500000
2.287074	7.413879	2.375423	0.500000
3.189473	5.774877	2.060758	0.500000
5.776919	10.002997	3.204801	0.500000
6.042452	5.165620	1.087610	0.500000
1.926101	12.422033	0.736957	0.500000
11.335387	8.163531	3.042271	0.500000
8.000879	5.778657	1.898964	0.500000
1.245636	4.208839	2.081117	0.500000
3.755343	8.915223	0.536604	0.500000
8.484110	1.250167	0.556856	0.500000
5.464223	12.391006	4.496946	0.500000
11.994838	2.785537	0.537494	0.500000
7.029785	7.689314	1.541066	0.500000
11.499345	0.396096	3.576868	0.500000
5.714786	3.802094	1.652972	0.500000
4.503415	8.201407	3.281132	0.500000
11.416915	12.329789	3.795506	0.500000
8.942576	9.140444	3.500842	0.500000
5.790836	3.973653	2.698008	0.500000
11.229630	2.486828	1.437271	0.500000
1.529638	2.903785	1.641769	0.500000
6.481377	12.672164	4.448309	0.500000
12.385600	6.082850	3.366463	0.500000
1.048579	8.567819	2.598270	0.500000
6.887528	2.371714	3.638075	0.500000
4.982105	0.936961	0.943733	0.500000
4.232820	3.589371	1.668963	0.500000
6.589472	1.330750	4.287042	0.500000
10.947059	3.582133	3.423249	0.500000
13.040706	5.676155	4.408547	0.500000
3.958169	6.361644	1.740706	0.500000
12.147303	8.640119	1.862370	0.500000
1.307830	5.984989	0.626763	0.500000
6.740808	7.161987	3.580064	0.500000
10.149079	6.253412	1.657157	0.500000
9.524870	5.284208	4.316308	0.500000
10.565422	8.958800	0.523973	0.500000
4.570325	10.196449	3.306168	0.500000
9.278865	7.714071	3.085023	0.500000
4.247554	7.416037	2.246138	0.500000
11.314336	6.282518	0.994513	0.500000
8.347038	2.611636	0.960719	0.500000
3.744758	0.235225	0.530240	0.500000
7.682750	0.871379	4.498902	0.500000
1.404335	7.573101	1.618108	0.500000
11.088315	3.191501	4.377094	0.500000
1.357155	4.161279	4.360858	0.500000
10.978916	11.860945	0.591423	0.500000
5.061739	11.454471	4.488917	0.500000
12.719380	7.865073	1.578358	0.500000
4.801843	2.469652	2.055091	0.500000
4.609479	1.010904	4.145315	0.500000
5.676003	2.600112	3.264871	0.500000
3.144157	5.891468	3.511523	0.500000
0.221381	2.034657	2.693644	0.500000
0.178635	6.551520	0.642224	0.500000
2.876203	7.473517	4.293156	0.500000
1.635538	4.247921	3.147009	0.500000
10.430776	7.920343	2.571525	0.500000
11.412694	6.381640	4.053335	0.500000
3.543068	7.321411	3.301302	0.500000
12.480074	6.976660	1.167996	0.500000
1.282269	0.147953	2.844632	0.500000
8.733589	7.205353	3.790671	0.500000
2.344479	0.740331	1.707625	0.500000
4.694634	6.931742	3.575530	0.500000
0.205929	1.363703	1.885161	0.500000
9.910119	2.027157	0.674161	0.500000
1.052534	3.380206	3.609987	0.500000
0.116172	0.300392	2.823568	0.500000
4.192841	13.009289	1.998141	0.500000
10.466224	12.781873	0.997629	0.500000
9.123980	4.010396	1.734118	0.500000
10.955940	4.658287	2.555961	0.500000
10.167825	6.743176	0.529461	0.500000
4.608144	5.283622	0.604840	0.500000
5.573676	12.231842	0.824317	0.500000
6.703805	0.724272	2.905280	0.500000
5.243750	7.199543	2.591614	0.500000
2.941181	12.709988	0.657693	0.500000
9.055950	11.364734	1.671522	0.500000
0.374867	11.615513	2.607489	0.500000
1.291120	7.370190	3.362038	0.500000
12.080095	3.237800	1.652859	0.500000
6.814970	4.501460	3.068325	0.500000
1.482106	5.293591	1.873175	0.500000
1.414103	2.850980	4.444782	0.500000
11.143668	4.877252	0.722670	0.500000
9.274538	12.372877	2.941913	0.500000
8.757963	4.350411	0.815812	0.500000
10.139561	9.727442	4.311002	0.500000
0.127555	9.403917	3.421217	0.500000
12.867789	4.123966	4.473610	0.500000
2.068574	5.487065	2.886779	0.500000
0.654268	9.990161	4.155621	0.500000
2.794221	0.266184	4.496261	0.500000
13.078999	12.685785	3.481412	0.500000
1.056016	6.019597	3.579719	0.500000
8.301724	8.769988	2.667486	0.500000
0.489660	1.749741	0.853539	0.500000
4.906613	8.662455	4.419471	0.500000
12.496731	12.977522	0.500578	0.500000
9.774090	8.824085	2.672910	0.500000
1.807599	8.666079	1.843358	0.500000
4.814764	5.899849	3.663746	0.500000
7.961041	1.388959	2.665223	0.500000
4.322647	1.877799	0.647794	0.500000
4.901150	2.810482	1.084776	0.500000
0.595593	7.782525	4.399548	0.500000
2.036937	0.476443	3.584893	0.500000
3.015887	9.959285	1.762540	0.500000
10.151423	2.034182	2.023785	0.500000
12.415299	5.877150	1.618040	0.500000
12.199275	5.051925	2.189352	0.500000
3.103325	2.796572	4.434217	0.500000
12.889811	2.983895	2.476232	0.500000
7.567827	7.220903	0.653124	0.500000
7.834000	2.045543	4.470199	0.500000
10.882292	0.993206	4.453308	0.500000
4.108897	1.185495	3.092252	0.500000
8.988251	9.506914	2.075182	0.500000
6.263917	6.477376	0.653771	0.500000
5.527508	0.249272	4.337948	0.500000
6.800203	4.291819	1.716469	0.500000
5.424218	3.208321	4.439095	0.500000
6.409383	9.381637	1.131596	0.500000
2.158098	7.162507	0.673020	0.500000
7.929830	6.009013	3.017046	0.500000
3.961867	10.765975	1.452413	0.500000
0.414109	12.355027	0.640263	0.500000
1.992087	6.536113	3.157994	0.500000
0.857059	0.405131	0.558872	0.500000
6.955870	12.435453	1.972989	0.500000
8.993514	6.862217	1.713961	0.500000
8.783592	5.611724	0.577863	0.500000
6.526342	11.639200	2.644722	0.500000
10.496641	5.150484	3.474032	0.500000
8.927353	4.655575	3.211076	0.500000
9.465273	3.107242	4.397035	0.500000
4.487246	13.211057	4.293096	0.500000
3.766878	1.963866	4.354770	0.500000
3.890502	1.967323	1.742554	0.500000
0.824561	2.793514	0.839266	0.500000
3.652686	9.033217	3.547073	0.500000
9.161425	5.815670	2.405054	0.500000
0.808464	4.778469	0.685175	0.500000
7.967116	7.022206	1.587385	0.500000
0.635480	9.032474	1.722596	0.500000
12.478761	1.758786	2.095946	0.500000
5.200179	5.876420	1.905736	0.500000
6.491381	0.199314	1.821793	0.500000
11.663818	0.218426	1.887142	0.500000
7.523978	3.416045	3.824328	0.500000
8.306751	11.826308	4.429130	0.500000
9.202845	10.721209	3.064661	0.500000
11.848120	9.112880	2.736295	0.500000
12.775626	10.275574	0.580319	0.500000
12.544876	0.233542	4.036571	0.500000
8.129290	3.527673	2.239403	0.500000
2.499037	5.465741	1.196369	0.500000
4.691363	12.151391	2.301389	0.500000
11.398694	0.347873	0.746167	0.500000
6.822418	10.311122	1.653555	0.500000
10.561333	1.848511	3.936117	0.500000
1.435124	8.671561	0.844411	0.500000
13.035745	2.908665	1.243015	0.500000
6.233243	10.706036	4.004529	0.500000
8.056937	7.910989	3.573440	0.500000
2.871238	1.467681	0.888881	0.500000
9.504969	5.426051	1.548243	0.500000
5.513560	8.866743	2.827051	0.500000
9.610966	10.305373	0.605825	0.500000
2.351801	0.520623	0.508218	0.500000
4.401569	8.196369	1.574132	0.500000
4.241377	5.230465	1.782716	0.500000
12.702975	8.104913	0.506676	0.500000
1.367056	8.926600	4.490355	0.500000
0.130326	3.046446	4.452131	0.500000
7.212218	4.504368	4.114693	0.500000
2.381240	8.129753	1.086116	0.500000
9.548990	13.115586	3.700650	0.500000
5.210654	6.521115	4.354460	0.500000
7.757460	5.353344	4.281766	0.500000
1.571489	3.720379	0.805104	0.500000
2.499030	12.882613	1.879661	0.500000
9.741832	2.598979	3.238338	0.500000
6.027698	8.330046	1.291963	0.500000
5.876434	7.944076	2.973358	0.500000
1.560201	1.147424	0.560896	0.500000
11.277345	7.911779	4.035523	0.500000
3.866040	8.605855	4.492063	0.500000
12.242584	5.254095	0.767865	0.500000
4.640734	3.273705	3.213320	0.500000
2.704544	1.327273	2.979825	0.500000
5.860921	12.970445	2.536195	0.500000
1.300044	1.151768	2.723963	0.500000
1.959976	10.395755	2.661236	0.500000
12.664960	4.608033	3.473367	0.500000
12.221624	10.597729	1.431318	0.500000
4.218176	9.229843	1.394273	0.500000
9.927563	8.013853	0.519730	0.500000
11.309344	4.294191	4.183623	0.500000
6.392684	8.464797	4.396284	0.500000
1.067789	2.015264	1.694070	0.500000
2.403020	11.143640	4.047410	0.500000
5.345597	7.997426	1.977537	0.500000
10.760314	10.994859	3.927523	0.500000
5.063047	4.403625	1.049403	0.500000
8.692960	3.719293	3.982498	0.500000
12.575516	0.331871	1.423213	0.500000
10.372075	3.911273	1.364660	0.500000
2.892807	8.892844	4.483802	0.500000
9.087785	11.609975	3.686900	0.500000
1.911614	11.743344	1.564635	0.500000
12.434187	9.877979	3.277572	0.500000
4.985803	0.307318	2.568448	0.500000
10.372617	9.995460	2.814098	0.500000
3.428388	10.470103	3.449915	0.500000
6.364933	7.528921	0.724208	0.500000
7.885948	9.859206	3.507758	0.500000
4.086829	3.607567	0.543199	0.500000
11.328721	9.890800	4.112018	0.500000
3.905523	3.935368	4.116890	0.500000
4.698918	1.306350	2.191351	0.500000
4.018851	5.440542	2.780375	0.500000
8.134718	8.638983	1.675506	0.500000
1.653634	13.039286	4.339622	0.500000
4.231171	13.023260	3.280927	0.500000
10.171567	11.108981	2.764984	0.500000
1.717306	6.115702	4.488129	0.500000
3.489280	0.873815	2.361229	0.500000
3.933454	10.533274	2.574005	0.500000
6.821770	8.232327	3.411254	0.500000
7.423171	11.285917	2.091410	0.500000
6.862818	10.708752	3.134301	0.500000
3.509232	11.080970	4.346083	0.500000
0.668997	10.631178	0.528368	0.500000
1.092445	1.028568	1.486238	0.500000
12.974265	12.078643	1.707652	0.500000
7.675311	6.740865	3.661200	0.500000
4.884538	10.269666	2.292095	0.500000
11.670296	5.293298	3.414958	0.500000
2.262544	1.679885	4.373302	0.500000
5.584488	7.753738	4.155910	0.500000
8.289042	6.204634	4.356945	0.500000
13.171968	7.376106	2.729581	0.500000
3.136384	9.677674	2.889663	0.500000
2.198982	12.582991	3.537019	0.500000
10.128025	6.225797	3.376042	0.500000
11.921333	2.393549	2.718375	0.500000
4.103056	12.074693	4.325262	0.500000
9.799439	10.714105	3.966688	0.500000
8.278432	2.910488	3.132960	0.500000
9.149466	2.361444	2.397330	0.500000
0.542457	8.396842	3.601004	0.500000
0.172400	8.961758	0.751010	0.500000
4.600237	11.077278	0.730181	0.500000
6.053742	12.063717	1.711379	0.500000
1.811646	7.345518	4.355218	0.500000
3.341384	6.812804	2.396694	0.500000
11.504600	10.756898	2.891718	0.500000
5.337850	2.075920	4.174426	0.500000
