500

6.184560	9.924995	2.565277	0.500000
5.493288	2.551085	4.462795	0.500000
4.636278	5.545250	2.836877	0.500000
2.976174	0.252342	0.512962	0.500000
5.435790	1.218333	3.906455	0.500000
8.436843	4.849818	2.974082	0.500000
12.332600	4.036002	2.763395	0.500000
4.986488	4.298649	4.492854	0.500000
10.647869	1.529784	3.688487	0.500000
9.138399	5.677323	0.538584	0.500000
12.478927	4.348579	0.862400	0.500000
1.997305	4.524724	1.499856	0.500000
2.708712	11.172409	2.577649	0.500000
11.215072	5.296289	2.198348	0.500000
11.529072	1.941180	2.062323	0.500000
4.880983	2.442692	1.684412	0.500000
5.445236	8.196957	3.487341	0.500000
3.983571	9.864654	0.736870	0.500000
7.455837	6.388813	3.277207	0.500000
8.524073	11.180504	4.210825	0.500000
12.571800	4.961043	1.725483	0.500000
9.251405	3.853005	2.635285	0.500000
13.001170	7.599908	3.161065	0.500000
9.117459	7.567137	4.286790	0.500000
8.765587	5.172113	1.786091	0.500000
11.894573	3.847692	4.071668	0.500000
5.332313	4.655055	2.488004	0.500000
13.182157	9.197334	0.622834	0.500000
11.150679	6.801190	4.486359	0.500000
11.368986	3.946476	1.327462	0.500000
0.928005	11.992685	3.455866	0.500000
4.949494	4.473882	3.396854	0.500000
13.179533	1.118302	1.503615	0.500000
9.683997	2.104235	2.275642	0.500000
0.859915	2.051296	4.080267	0.500000
6.408528	12.229001	1.181096	0.500000
1.554196	10.731936	4.207476	0.500000
10.929049	9.336718	0.571251	0.500000
5.144795	7.849573	4.439845	0.500000
13.149647	2.461831	4.417141	0.500000
6.656562	12.774154	4.457396	0.500000
1.741505	7.728432	1.957645	0.500000
6.127156	7.171902	2.599174	0.500000
0.158930	10.255274	0.540626	0.500000
5.362192	8.098705	0.624477	0.500000
4.371434	6.875628	1.338596	0.500000
8.533509	0.270404	0.821430	0.500000
3.090684	3.785602	2.906540	0.500000
7.587993	2.125542	0.609380	0.500000
10.038299	1.315496	2.915619	0.500000
2.614773	2.625387	3.552442	0.500000
1.624934	2.894497	2.962654	0.500000
13.170616	8.616881	3.280967	0.500000
10.234415	12.549736	2.012963	0.500000
3.260578	7.078491	1.030010	0.500000
12.249568	0.406841	0.711761	0.500000
5.567903	5.919693	0.638673	0.500000
9.257910	12.430766	4.451734	0.500000
4.004620	5.916642	0.573702	0.500000
1.449932	0.413759	2.174480	0.500000
0.771981	7.501623	3.956200	0.500000
9.329539	5.579062	2.714952	0.500000
10.476304	9.374265	2.675615	0.500000
9.301234	8.588973	3.188461	0.500000
6.639876	0.632524	4.479017	0.500000
5.425940	11.999907	0.671711	0.500000
1.622586	1.396371	2.391571	0.500000
7.984581	12.732008	1.553661	0.500000
7.529137	2.002004	4.308965	0.500000
10.928634	2.536808	3.887601	0.500000
6.729492	3.807208	3.226773	0.500000
9.953247	3.970851	3.631853	0.500000
12.853201	5.060963	2.732425	0.500000
6.108366	5.564466	4.305729	0.500000
12.258630	8.383277	0.533466	0.500000
1.532533	12.341071	4.398030	0.500000
12.004716	12.878142	3.202376	0.500000
4.448570	1.641910	3.704398	0.500000
0.142181	7.629069	0.622420	0.500000
3.163860	9.226237	1.585591	0.500000
2.743338	5.261807	2.257849	0.500000
9.196671	12.610782	1.413014	0.500000
4.761946	3.345904	2.445828	0.500000
2.438582	3.456569	2.010507	0.500000
11.132180	6.978915	1.343696	0.500000
12.924505	3.905284	3.666978	0.500000
1.626930	5.476171	1.855891	0.500000
4.689528	9.777753	2.892594	0.500000
7.295476	10.629756	2.461393	0.500000
8.597557	7.055135	0.619042	0.500000
10.014352	1.765956	0.589108	0.500000
11.539968	9.290612	1.911493	0.500000
0.495333	9.999410	2.578480	0.500000
10.195100	0.277603	1.497337	0.500000
10.677693	3.497860	4.469507	0.500000
1.647598	8.333414	0.548054	0.500000
3.849767	12.332688	3.968909	0.500000
8.512076	12.331015	0.577985	0.500000
4.506916	13.201620	4.413419	0.500000
7.590414	5.051283	1.428837	0.500000
9.972089	8.136463	4.475129	0.500000
9.433151	6.389975	3.348104	0.500000
0.785894	4.946573	2.034787	0.500000
5.257136	11.799177	2.850360	0.500000
5.790778	0.918174	2.133737	0.500000
2.044844	10.816816	0.712333	0.500000
10.907424	1.133023	1.080505	0.500000
3.372197	1.313859	2.977042	0.500000
9.091162	9.836249	4.331481	0.500000
1.674442	7.752677	4.362152	0.500000
5.727116	4.863134	0.606940	0.500000
4.025305	0.757489	0.864865	0.500000
6.966084	3.677705	1.443702	0.500000
4.426273	11.020440	0.508661	0.500000
5.897915	10.838757	4.496674	0.500000
6.428992	5.431698	2.655819	0.500000
10.507438	5.977289	4.493568	0.500000
2.133551	3.115853	4.378452	0.500000
2.514357	1.125304	1.487904	0.500000
7.797936	10.885951	0.750292	0.500000
12.883050	9.857828	1.411801	0.500000
7.554517	12.016183	0.902993	0.500000
4.497364	7.927955	3.046243	0.500000
3.295406	11.992878	2.230634	0.500000
6.169278	2.082274	2.739228	0.500000
3.516279	9.332871	2.748655	0.500000
8.036878	12.838237	4.381230	0.500000
12.228855	2.134299	1.336302	0.500000
5.187497	9.332716	1.763277	0.500000
11.069789	8.049263	4.150823	0.500000
5.618864	5.401608	1.671900	0.500000
10.147834	11.431286	3.177815	0.500000
10.025418	7.978359	2.429483	0.500000
2.157862	11.692126	3.950402	0.500000
2.739885	5.302245	1.093684	0.500000
12.579427	9.209883	4.181198	0.500000
7.562040	3.169254	3.486906	0.500000
8.062009	7.471365	2.278818	0.500000
6.095784	9.413877	0.682364	0.500000
6.539068	2.281435	0.540095	0.500000
4.352329	8.679501	2.126079	0.500000
8.694826	11.290159	0.550726	0.500000
6.448110	8.118351	4.217589	0.500000
12.591473	6.774610	1.279866	0.500000
6.278198	0.602271	3.254152	0.500000
2.822789	10.020264	2.378729	0.500000
12.942111	9.304711	2.305874	0.500000
2.075575	0.248044	3.163430	0.500000
11.355050	0.908572	3.048564	0.500000
10.872804	6.315205	3.622495	0.500000
0.441660	11.489676	0.606399	0.500000
5.336050	6.382722	1.663695	0.500000
0.276710	4.253693	1.206317	0.500000
5.580471	2.212099	0.867624	0.500000
1.072343	8.599409	1.349249	0.500000
5.429493	8.864668	4.275197	0.500000
9.045342	8.679044	4.499466	0.500000
5.125902	10.750635	1.692147	0.500000
5.183721	0.983756	2.927977	0.500000
3.641711	1.535123	4.496364	0.500000
4.096818	9.725797	1.878376	0.500000
7.288714	13.019524	2.506272	0.500000
8.139817	3.609923	1.363108	0.500000
3.163091	2.516459	4.395380	0.500000
9.673380	10.229505	0.944715	0.500000
12.605911	7.983455	1.394221	0.500000
2.582162	8.791971	4.138869	0.500000
0.042676	10.864065	1.979075	0.500000
1.640204	0.108558	4.166261	0.500000
1.193585	6.249868	2.692703	0.500000
0.650829	10.143380	1.449543	0.500000
0.595598	12.690966	4.283186	0.500000
2.116638	4.414734	3.541094	0.500000
4.991106	5.904288	4.499399	0.500000
8.214710	8.248863	3.086422	0.500000
1.321120	9.764377	3.740598	0.500000
12.418737	1.459656	2.388281	0.500000
10.185305	12.474896	0.902254	0.500000
2.354991	1.675326	4.429350	0.500000
10.328639	4.688355	4.497466	0.500000
6.555124	4.900195	1.201673	0.500000
8.300831	5.530961	3.733409	0.500000
6.252863	6.264279	3.311881	0.500000
12.047369	8.106188	4.421296	0.500000
4.884379	7.990797	1.558998	0.500000
9.648816	2.993884	0.830522	0.500000
5.966541	12.038499	2.101597	0.500000
5.881073	6.684727	4.218405	0.500000
1.665198	6.533755	1.554802	0.500000
3.252187	2.652624	0.682347	0.500000
1.721097	2.047122	3.515277	0.500000
6.654977	8.405154	0.897185	0.500000
10.422410	5.166440	3.423996	0.500000
9.997705	10.458071	3.908429	0.500000
2.869603	0.109108	2.496031	0.500000
3.584252	9.715156	4.110053	0.500000
0.622452	2.950733	3.296833	0.500000
4.022498	3.994454	1.310112	0.500000
5.961159	7.778396	1.725438	0.500000
10.833570	10.163903	1.188552	0.500000
7.316542	6.633424	1.684629	0.500000
12.305059	3.037849	3.341657	0.500000
8.501891	2.841947	4.213236	0.500000
3.591494	10.924809	1.728927	0.500000
11.338930	3.311652	0.542131	0.500000
5.123491	3.067199	3.677403	0.500000
6.407230	1.688425	4.013703	0.500000
4.904712	13.124229	2.981495	0.500000
9.868625	9.344877	0.511647	0.500000
8.495997	6.162793	2.691089	0.500000
9.724066	0.154714	2.497643	0.500000
7.666565	7.759556	4.499863	0.500000
8.316543	2.097654	2.352848	0.500000
0.147525	11.836320	1.749715	0.500000
7.708334	8.548051	1.581718	0.500000
7.420955	11.729703	4.464606	0.500000
5.207425	10.003623	0.597174	0.500000
11.855739	5.661269	3.019181	0.500000
2.867396	10.326876	1.213857	0.500000
11.892369	11.708867	1.342598	0.500000
5.173487	1.229325	0.882167	0.500000
8.214850	11.581559	3.225005	0.500000
3.764015	8.098958	1.432686	0.500000
4.272945	11.269793	4.333172	0.500000
11.746033	5.094513	0.724514	0.500000
0.900661	5.449941	1.140760	0.500000
11.430961	8.273336	1.619819	0.500000
5.790785	3.870957	3.596278	0.500000
12.730803	13.122304	3.946283	0.500000
8.102976	10.084746	4.352740	0.500000
0.615688	4.636705	3.349060	0.500000
2.153379	7.440854	1.049116	0.500000
9.105851	10.932390	3.434762	0.500000
10.653560	6.074090	2.496912	0.500000
3.741074	2.932339	1.524066	0.500000
4.872786	3.445486	1.391296	0.500000
4.039836	4.661282	2.726918	0.500000
12.343232	5.871855	2.091262	0.500000
6.332672	6.317188	1.585252	0.500000
6.644373	2.820275	1.891689	0.500000
3.953604	1.765567	2.154426	0.500000
6.949897	5.863694	0.809484	0.500000
1.384842	9.881818	0.820122	0.500000
11.523261	10.754994	0.538523	0.500000
8.611291	1.696649	3.721952	0.500000
5.786977	12.935596	0.636761	0.500000
0.020600	7.826392	2.210011	0.500000
10.459475	3.829283	0.539226	0.500000
8.448481	0.854910	4.405845	0.500000
4.074206	12.078786	3.012540	0.500000
13.130675	5.759372	1.396578	0.500000
9.274140	12.030179	3.232259	0.500000
6.344563	4.423985	4.256955	0.500000
8.708004	2.929980	3.236939	0.500000
1.304548	12.183376	0.564787	0.500000
10.708597	4.922534	0.700332	0.500000
11.163858	3.584521	3.329050	0.500000
1.312227	5.545908	3.780548	0.500000
3.147713	7.079767	4.378759	0.500000
10.035429	0.727651	0.500851	0.500000
1.860809	6.333990	4.474826	0.500000
7.962077	0.784951	2.343990	0.500000
2.718811	10.752517	4.173019	0.500000
3.984769	7.218208	2.331971	0.500000
3.285159	2.588067	2.420522	0.500000
0.320168	0.512545	4.347705	0.500000
1.163558	8.814367	2.547170	0.500000
4.001723	4.105083	4.159994	0.500000
11.307206	11.829253	2.189559	0.500000
10.878577	10.644644	2.188963	0.500000
8.105115	3.670453	2.751665	0.500000
2.450670	9.233643	2.916733	0.500000
12.112686	10.094595	4.139407	0.500000
12.005910	12.364448	4.091877	0.500000
8.069667	4.381966	0.548994	0.500000
1.423658	12.562788	2.419740	0.500000
9.134523	1.649945	1.497195	0.500000
1.411261	8.856344	4.424657	0.500000
3.526125	13.156239	1.713491	0.500000
12.112121	6.278245	4.365149	0.500000
3.507819	11.347302	3.436120	0.500000
7.387079	0.635231	3.151161	0.500000
9.595747	11.221419	1.143218	0.500000
10.579278	11.782966	4.360453	0.500000
9.988634	13.102695	3.458165	0.500000
12.117515	12.219267	0.504827	0.500000
6.593736	7.992805	3.169005	0.500000
1.295916	3.871898	1.035986	0.500000
12.402828	0.433071	1.973259	0.500000
2.181659	0.032912	1.099438	0.500000
9.799508	5.140845	1.116974	0.500000
6.747191	10.191937	0.664555	0.500000
12.380117	3.351903	0.585888	0.500000
5.795054	8.981417	2.910335	0.500000
6.970923	10.718089	4.170706	0.500000
10.511325	11.174062	0.710204	0.500000
0.369218	13.007626	1.873367	0.500000
12.654086	1.671105	0.538574	0.500000
0.927894	3.033230	4.366462	0.500000
3.955103	2.587643	3.350787	0.500000
4.630512	10.242821	4.240165	0.500000
4.669776	5.120182	1.233078	0.500000
8.010161	7.172763	3.575131	0.500000
6.416397	2.927491	3.742704	0.500000
9.131195	8.232780	0.544069	0.500000
7.423662	4.831665	4.089181	0.500000
10.113517	3.911450	1.682653	0.500000
1.145286	11.165065	2.885225	0.500000
10.475537	2.719933	1.468861	0.500000
12.983862	12.841076	2.876632	0.500000
10.248548	8.858292	1.691301	0.500000
4.025219	3.125628	4.369105	0.500000
3.255001	6.479514	2.340239	0.500000
11.909538	2.779784	4.269866	0.500000
7.002812	7.549334	1.397914	0.500000
11.742481	1.843464	3.131300	0.500000
0.116472	9.841547	3.765891	0.500000
8.242700	9.344685	3.233360	0.500000
0.527797	4.842651	4.468080	0.500000
2.505020	2.352433	1.564404	0.500000
8.823007	7.387472	2.944645	0.500000
2.052154	1.864789	0.599833	0.500000
9.024980	8.134914	2.274919	0.500000
1.981942	4.837860	0.545547	0.500000
11.989054	2.883654	2.161390	0.500000
11.988307	7.301358	0.610870	0.500000
11.501407	6.421590	0.532334	0.500000
1.547187	0.870954	0.673252	0.500000
8.445874	6.308594	4.355815	0.500000
9.348644	9.605590	3.272781	0.500000
10.218476	12.735750	4.481728	0.500000
8.392516	4.065320	4.147256	0.500000
4.748746	6.406095	3.505482	0.500000
8.033238	5.722432	0.642558	0.500000
2.514895	7.880919	3.592985	0.500000
5.156003	6.968443	0.549825	0.500000
9.488108	5.600209	4.118082	0.500000
12.093238	4.963369	4.044945	0.500000
7.872425	11.218248	1.709384	0.500000
11.662546	1.711196	4.201146	0.500000
7.231654	3.781639	4.323332	0.500000
5.977578	11.878241	4.360671	0.500000
10.244508	7.175557	4.254565	0.500000
0.828031	2.326073	0.915592	0.500000
12.732313	11.028867	0.789563	0.500000
13.049467	11.391484	2.948383	0.500000
5.297110	11.364064	3.835346	0.500000
9.730288	2.251858	3.524550	0.500000
8.780573	10.550201	1.416962	0.500000
2.762163	8.127905	0.641618	0.500000
11.670592	0.728370	4.488660	0.500000
3.543297	8.751448	3.770162	0.500000
2.377780	6.418548	0.837496	0.500000
0.755402	0.293529	0.999631	0.500000
9.271586	3.039070	2.023161	0.500000
6.815655	11.289226	1.821367	0.500000
0.465236	6.596707	1.154020	0.500000
10.466363	8.751862	3.498803	0.500000
6.577333	0.308565	1.752758	0.500000
13.091963	3.132399	2.296176	0.500000
6.023748	4.117076	1.675816	0.500000
7.551046	5.708697	2.416675	0.500000
11.650166	7.499973	3.095966	0.500000
7.597810	3.426324	0.502090	0.500000
11.148394	12.872095	2.281217	0.500000
0.187234	8.500724	4.359382	0.500000
3.202247	4.495306	0.572929	0.500000
7.401042	4.735668	2.822399	0.500000
9.868524	6.497468	0.660371	0.500000
12.799155	7.131257	4.393367	0.500000
9.706969	1.829865	4.494554	0.500000
2.374295	2.103594	2.625949	0.500000
0.817772	11.635185	4.483017	0.500000
4.577710	8.857685	0.829300	0.500000
8.871659	0.581364	1.980676	0.500000
0.035530	6.063629	2.565069	0.500000
3.209830	7.154977	3.175099	0.500000
3.048741	5.926769	4.478271	0.500000
8.579078	10.304242	2.643417	0.500000
0.363353	2.169032	1.933604	0.500000
2.095735	6.719039	2.503072	0.500000
6.241530	7.184850	0.564663	0.500000
10.948360	8.291095	0.586991	0.500000
6.487648	10.813773	3.297712	0.500000
13.142886	2.783093	1.246910	0.500000
5.096992	6.721345	2.603302	0.500000
7.177090	9.542243	2.669715	0.500000
5.832458	12.955514	3.562725	0.500000
1.443379	4.030197	2.892294	0.500000
6.343061	1.504934	1.229727	0.500000
11.503230	6.516594	2.193875	0.500000
0.094758	10.743603	4.225040	0.500000
7.220119	2.158264	3.214468	0.500000
1.848429	8.616317	3.425548	0.500000
3.455438	12.264677	0.523949	0.500000
5.414975	10.535181	3.099158	0.500000
8.248366	1.261416	1.041047	0.500000
4.893011	12.224935	4.348164	0.500000
7.603002	12.771043	3.453163	0.500000
3.993780	6.449911	4.416021	0.500000
12.810651	2.168476	3.096269	0.500000
12.368922	0.840480	3.187583	0.500000
4.500288	9.141107	3.991500	0.500000
11.301612	11.066202	3.019732	0.500000
6.342357	3.665257	0.624141	0.500000
4.380849	12.586713	0.786512	0.500000
9.168534	4.669945	4.390252	0.500000
7.245050	1.051001	0.937488	0.500000
5.558121	5.369100	3.414638	0.500000
8.386915	6.779347	1.612862	0.500000
1.115917	3.377745	2.191254	0.500000
10.775482	3.799775	2.432690	0.500000
2.136975	3.050026	0.536236	0.500000
7.563402	10.089575	1.345461	0.500000
4.281018	11.768723	1.391725	0.500000
11.154514	4.515919	3.727383	0.500000
7.164787	0.023014	0.509454	0.500000
2.672959	5.679251	3.243279	0.500000
7.244063	8.528431	2.496187	0.500000
12.454071	6.448182	3.281834	0.500000
3.454785	11.265872	0.608249	0.500000
9.244013	4.390590	0.694698	0.500000
4.103067	1.878658	0.834057	0.500000
10.871641	2.655642	2.417544	0.500000
0.692791	8.003327	2.958308	0.500000
9.836160	9.851998	1.979466	0.500000
2.738557	0.241590	4.370177	0.500000
4.359794	7.775462	0.528646	0.500000
11.212868	0.000291	3.884140	0.500000
10.800674	5.764253	1.297142	0.500000
8.841908	9.093237	1.138702	0.500000
8.844150	9.192193	2.369386	0.500000
2.198357	5.157312	4.347810	0.500000
0.466963	6.063662	4.348869	0.500000
2.143869	8.492302	1.412970	0.500000
12.890450	1.412584	3.927392	0.500000
1.318862	10.518012	2.117811	0.500000
1.564558	4.297132	4.397428	0.500000
2.795170	3.605290	1.068394	0.500000
6.616352	9.388338	4.335178	0.500000
9.981335	7.439678	1.079767	0.500000
8.993446	0.264494	3.193126	0.500000
3.773736	7.873840	4.401851	0.500000
11.276194	12.551249	1.321074	0.500000
5.951697	11.124338	0.821605	0.500000
11.771812	8.507587	3.416085	0.500000
12.608920	10.322371	2.740577	0.500000
4.391607	11.108515	2.377499	0.500000
10.030362	4.661476	2.535027	0.500000
0.188443	12.539025	0.952945	0.500000
12.241515	8.527943	2.201349	0.500000
9.370799	1.012386	3.958595	0.500000
9.756493	6.446390	2.145164	0.500000
2.473902	12.595340	1.839727	0.500000
3.113836	10.433327	3.281716	0.500000
6.325389	0.663179	0.645568	0.500000
3.745361	0.107243	3.773948	0.500000
8.384034	2.571283	1.400158	0.500000
4.088107	5.129369	4.365627	0.500000
2.755120	7.774004	2.510742	0.500000
12.204483	10.782842	1.621044	0.500000
10.385885	7.137001	3.133556	0.500000
4.623981	0.566879	2.146987	0.500000
9.463622	3.280499	4.446886	0.500000
2.784249	12.397725	4.297732	0.500000
5.617480	13.109288	2.114010	0.500000
8.871659	2.123777	0.582185	0.500000
7.147648	1.668513	1.800680	0.500000
8.560010	7.800228	1.319824	0.500000
2.481022	6.624941	3.730487	0.500000
11.420316	9.994101	3.020527	0.500000
0.937417	0.477307	3.078928	0.500000
1.292445	7.199083	3.154252	0.500000
12.782819	6.898815	2.260190	0.500000
8.794692	11.377954	2.436049	0.500000
3.812524	5.525498	3.468602	0.500000
11.089437	10.023086	4.153074	0.500000
3.648886	5.130998	1.523584	0.500000
1.302134	6.755101	0.606767	0.500000
2.812058	9.444949	0.604688	0.500000
7.175753	11.664098	3.219836	0.500000
12.325517	11.356134	4.179826	0.500000
1.167671	11.767220	1.539821	0.500000
6.429130	10.358116	1.653512	0.500000
5.907463	9.766606	3.691099	0.500000
7.233508	5.844230	4.161685	0.500000
10.899209	0.112562	0.778137	0.500000
4.788318	2.860119	0.570168	0.500000
1.902457	9.752042	1.667733	0.500000
4.811637	12.491593	1.881936	0.500000
5.996421	11.032390	2.378343	0.500000
2.340237	12.225000	3.065640	0.500000
6.144587	8.787170	1.735446	0.500000
7.843990	9.068382	0.664339	0.500000
5.785836	3.181259	2.715871	0.500000
12.549412	6.030400	0.512113	0.500000
0.896126	7.072494	1.941162	0.500000
7.147904	8.852423	3.454604	0.500000
1.812849	5.185872	2.824432	0.500000
10.956749	9.033966	4.402299	0.500000
