500

7.802885	6.722274	4.191456	0.500000
4.971706	8.499043	1.842722	0.500000
10.484474	4.987369	3.248649	0.500000
3.823660	6.904156	2.386980	0.500000
8.018886	8.439703	0.585728	0.500000
0.984251	9.099701	3.684263	0.500000
5.186596	3.899458	4.493478	0.500000
11.832863	3.769578	4.374262	0.500000
6.225605	8.467285	1.809351	0.500000
6.607402	11.646064	3.185619	0.500000
11.034999	7.731395	0.509764	0.500000
0.030888	5.158302	1.125868	0.500000
3.715123	1.863231	0.510404	0.500000
7.413507	4.328663	3.355251	0.500000
11.337550	6.105282	3.192589	0.500000
9.544057	2.702743	0.859724	0.500000
4.592727	12.661361	2.306453	0.500000
0.020486	5.794016	4.371383	0.500000
3.231703	6.546308	4.307369	0.500000
10.704332	2.045711	2.985674	0.500000
4.870551	1.020076	1.629829	0.500000
13.194944	9.479676	4.400370	0.500000
9.314050	11.650042	0.550130	0.500000
9.205343	7.108687	3.547071	0.500000
12.074249	3.505841	1.548715	0.500000
8.885619	4.865735	0.885632	0.500000
12.049818	5.650131	2.617318	0.500000
7.078614	8.577341	2.908272	0.500000
4.367049	1.986274	2.757482	0.500000
2.661498	3.266544	2.650149	0.500000
11.484743	2.652558	4.205977	0.500000
4.994747	5.057996	2.923322	0.500000
2.586071	4.510050	3.227760	0.500000
0.214750	12.303490	2.685799	0.500000
2.664663	8.569979	0.558620	0.500000
9.127914	13.143731	2.490225	0.500000
11.533169	5.049671	4.122611	0.500000
4.202090	3.024687	3.517935	0.500000
13.205543	3.602261	2.905352	0.500000
6.805080	7.617865	0.810817	0.500000
9.867148	9.230624	2.304808	0.500000
7.906235	7.344643	0.882836	0.500000
4.520977	10.932133	4.469988	0.500000
6.389371	12.854236	1.807126	0.500000
7.362710	0.673784	0.903212	0.500000
5.287438	1.649202	3.028063	0.500000
12.113835	7.621836	0.703612	0.500000
3.960137	8.160243	2.730955	0.500000
11.549698	0.013233	2.422842	0.500000
7.382453	0.445885	2.712570	0.500000
7.689216	1.320568	1.592750	0.500000
6.046865	4.207220	3.411074	0.500000
9.880070	9.927303	4.436327	0.500000
2.342967	12.450794	4.459189	0.500000
1.610503	2.665876	4.354362	0.500000
7.931777	11.534146	0.586944	0.500000
4.470610	3.976610	3.108083	0.500000
4.968486	5.527095	4.142525	0.500000
13.072271	4.225881	0.664525	0.500000
7.790420	2.298782	1.224542	0.500000
1.845993	12.872217	2.726902	0.500000
9.502826	3.811502	0.709839	0.500000
5.032641	12.525635	0.730730	0.500000
5.545162	7.583294	2.150144	0.500000
3.653576	5.704684	1.369183	0.500000
8.036690	12.920653	3.217096	0.500000
4.145435	9.119836	1.712876	0.500000
3.882728	7.685451	4.428720	0.500000
1.508549	8.835306	1.811636	0.500000
5.731535	2.331418	4.449952	0.500000
11.731517	0.410056	3.481805	0.500000
5.754895	4.787787	4.478426	0.500000
5.918593	7.131359	1.065404	0.500000
7.095326	10.357438	2.819241	0.500000
2.393440	0.025970	3.492357	0.500000
5.968877	9.781239	1.825304	0.500000
1.242502	3.710055	4.408135	0.500000
3.329882	3.589970	1.867511	0.500000
10.034014	0.410632	2.572839	0.500000
4.192600	9.955921	2.568958	0.500000
10.040109	6.273141	2.792301	0.500000
7.922716	9.698467	3.293363	0.500000
2.289234	0.339455	1.152848	0.500000
0.048778	11.175166	2.629178	0.500000
12.953593	4.278929	1.918813	0.500000
1.498340	11.958803	3.350862	0.500000
7.447274	3.824438	1.582687	0.500000
6.185188	5.860897	1.238783	0.500000
5.880835	6.244913	2.562703	0.500000
4.928367	2.046285	1.720595	0.500000
2.822170	5.298596	0.601887	0.500000
8.291009	9.090067	1.765623	0.500000
9.932735	3.257280	1.606621	0.500000
12.704449	11.164268	0.503955	0.500000
0.580060	1.155035	2.711289	0.500000
8.165133	11.505632	4.437957	0.500000
5.431533	3.390469	1.316340	0.500000
10.998430	10.617181	1.071227	0.500000
7.638356	4.576163	4.351120	0.500000
1.530510	9.884102	0.556022	0.500000
1.526018	0.954730	3.982225	0.500000
7.197677	12.373055	2.602265	0.500000
0.443838	5.966598	0.581054	0.500000
3.521316	10.078379	1.444173	0.500000
6.986319	5.279948	3.583172	0.500000
12.718057	6.482943	3.352608	0.500000
11.156515	5.259315	1.436199	0.500000
0.566024	8.912668	1.430817	0.500000
3.585210	6.733059	1.245842	0.500000
4.035056	11.256775	3.509126	0.500000
1.268559	0.829405	1.303366	0.500000
3.801786	1.377164	3.442084	0.500000
11.480960	2.529323	2.167608	0.500000
12.642314	2.540557	1.239888	0.500000
8.693719	6.221883	0.518059	0.500000
4.268057	10.893754	1.948707	0.500000
9.173361	10.159239	2.712593	0.500000
9.193480	12.113748	1.620997	0.500000
8.089207	10.594669	2.731755	0.500000
3.976819	1.196129	4.482807	0.500000
10.314726	4.287517	2.533710	0.500000
3.989710	4.490133	2.364667	0.500000
1.019721	10.064792	4.271965	0.500000
2.259802	6.517778	3.504699	0.500000
8.673845	11.069066	2.022548	0.500000
10.178491	12.281521	0.768500	0.500000
7.530983	11.042931	1.867620	0.500000
12.366843	12.504563	0.776496	0.500000
0.749496	6.511656	3.638049	0.500000
9.567707	1.455227	4.268102	0.500000
11.040438	9.516865	0.727090	0.500000
10.781668	0.440473	1.881272	0.500000
3.396583	0.030956	3.309044	0.500000
9.032887	9.093504	3.567206	0.500000
1.898354	11.499790	2.156630	0.500000
6.192462	7.856283	3.261077	0.500000
5.183549	8.085909	3.097711	0.500000
11.280938	11.650095	2.061382	0.500000
3.905736	7.421415	3.455548	0.500000
9.155325	12.681385	4.465054	0.500000
12.624175	1.464112	3.365973	0.500000
5.737662	1.259903	3.851588	0.500000
1.352069	11.909601	0.523661	0.500000
13.077367	7.649845	3.838826	0.500000
2.987650	2.299364	1.656856	0.500000
11.395018	8.767122	3.735202	0.500000
0.047539	7.206205	2.590878	0.500000
7.750153	9.724500	0.616855	0.500000
10.446078	11.418585	1.445040	0.500000
4.879357	10.093076	1.817574	0.500000
4.012557	7.962904	1.326353	0.500000
8.967642	2.899380	2.222857	0.500000
1.662806	5.925894	4.399638	0.500000
12.440197	4.297009	2.901008	0.500000
0.974632	5.025670	4.377078	0.500000
5.451741	9.512607	3.166188	0.500000
6.385742	2.321111	1.430505	0.500000
8.498574	4.857419	3.776878	0.500000
7.694583	10.763976	3.690945	0.500000
6.706634	0.848205	3.712339	0.500000
2.342494	3.691461	3.823309	0.500000
4.498612	9.241034	3.356682	0.500000
8.628209	5.639544	2.435720	0.500000
10.013750	12.290311	2.236202	0.500000
4.326534	6.273914	4.323111	0.500000
12.365865	2.882171	3.685362	0.500000
3.591635	9.775777	3.421192	0.500000
11.972822	9.037650	2.830296	0.500000
8.274103	7.977270	1.599108	0.500000
9.030597	8.005633	0.549604	0.500000
13.149398	12.206476	3.804743	0.500000
0.956085	4.473959	0.895180	0.500000
9.498355	4.987052	2.901427	0.500000
4.771734	7.076944	2.896274	0.500000
9.933130	10.891865	3.992781	0.500000
7.882316	5.232595	3.076587	0.500000
2.385574	7.429236	0.733995	0.500000
6.549946	2.867630	3.831622	0.500000
4.194126	10.440278	0.690477	0.500000
2.714617	5.529559	3.753421	0.500000
8.939542	5.986019	4.465296	0.500000
2.299017	8.376163	3.522429	0.500000
11.153344	4.136156	3.422207	0.500000
12.215848	7.708055	3.000111	0.500000
11.671206	7.436484	1.942306	0.500000
6.795979	2.130027	0.533491	0.500000
0.596890	11.587345	1.228868	0.500000
8.468611	2.217254	4.327651	0.500000
3.983496	4.536895	1.229865	0.500000
5.349007	2.190946	0.582970	0.500000
0.765959	12.640149	4.353859	0.500000
4.787109	2.349625	4.113748	0.500000
5.524867	0.165489	2.501910	0.500000
6.253695	13.165616	4.361128	0.500000
10.425458	8.704802	3.374035	0.500000
0.510986	1.046256	0.686042	0.500000
10.956660	10.947841	4.427920	0.500000
9.312338	10.220430	1.516757	0.500000
12.780485	0.422762	0.866688	0.500000
10.210302	9.012870	1.310135	0.500000
12.338176	12.921807	4.461708	0.500000
8.329993	3.944736	2.373867	0.500000
1.850821	0.141834	4.494643	0.500000
5.871054	12.230738	2.724670	0.500000
5.438798	10.135224	0.766047	0.500000
9.996853	10.643719	0.586328	0.500000
7.487943	7.498154	3.240268	0.500000
5.365246	3.165671	3.463311	0.500000
4.883513	13.139100	3.523229	0.500000
4.800169	11.699968	2.760148	0.500000
3.421432	7.895064	0.510619	0.500000
10.208309	8.230897	2.298557	0.500000
6.729512	10.004387	0.694687	0.500000
9.931688	5.600773	0.948098	0.500000
6.828995	4.024667	0.684961	0.500000
10.050017	6.033955	4.099889	0.500000
2.868628	8.092895	4.460840	0.500000
0.358599	1.232016	3.889403	0.500000
1.940188	9.728224	2.131722	0.500000
9.935540	7.410031	0.628521	0.500000
0.841644	5.835157	2.694586	0.500000
6.831970	9.414339	3.766650	0.500000
8.429060	11.480468	3.111999	0.500000
7.464703	7.518395	2.223800	0.500000
8.390425	1.046970	2.339799	0.500000
2.924785	10.678477	0.778314	0.500000
3.975668	0.719339	0.538067	0.500000
2.718959	10.425462	2.313006	0.500000
7.795841	2.984108	2.352412	0.500000
6.899499	6.897923	1.636517	0.500000
3.795668	3.666867	4.458046	0.500000
0.922148	7.868272	1.477226	0.500000
2.890846	8.330589	1.551949	0.500000
0.132038	2.168205	3.273184	0.500000
11.570461	6.783515	0.760105	0.500000
9.348856	1.737479	1.238742	0.500000
1.082134	3.764856	1.912588	0.500000
4.469439	7.429511	0.591474	0.500000
3.518354	12.659625	2.389934	0.500000
0.874523	8.120663	3.464774	0.500000
4.826313	11.468648	0.999408	0.500000
2.428783	2.013121	4.318110	0.500000
10.635270	7.343479	1.764518	0.500000
9.188189	11.611736	4.085292	0.500000
12.595008	10.881391	1.690823	0.500000
4.282940	2.765932	0.711920	0.500000
5.986830	12.329232	3.794676	0.500000
10.378992	10.177762	3.397742	0.500000
3.034316	0.981360	1.404211	0.500000
8.087085	1.398158	3.389729	0.500000
1.287232	4.570137	3.226108	0.500000
0.820304	3.413141	0.732732	0.500000
12.403580	2.324259	2.816663	0.500000
11.924617	12.434338	3.677632	0.500000
2.862066	6.505618	0.513204	0.500000
4.413328	4.538963	4.340871	0.500000
6.264359	12.992064	0.598974	0.500000
10.375696	6.419511	0.559032	0.500000
8.926219	10.142447	3.922117	0.500000
1.276187	2.000001	0.569756	0.500000
8.851078	8.108582	3.347392	0.500000
13.133593	5.820332	2.057373	0.500000
3.575709	11.700852	1.336076	0.500000
2.595146	6.301376	2.384216	0.500000
5.960500	6.258083	4.388459	0.500000
7.372602	2.892887	4.453879	0.500000
5.146326	9.033248	4.392476	0.500000
5.902045	5.580482	3.370866	0.500000
2.410317	11.739213	1.228072	0.500000
10.261233	1.564516	0.777439	0.500000
6.935069	9.038283	1.043233	0.500000
6.214875	11.891774	0.734672	0.500000
9.953343	8.251880	4.353075	0.500000
1.013406	10.825240	0.590594	0.500000
1.744165	5.465085	3.071943	0.500000
1.431128	9.958351	3.046657	0.500000
13.125395	4.686096	4.254689	0.500000
6.902316	6.250093	3.901538	0.500000
12.050265	6.930411	4.109738	0.500000
5.445720	4.038931	0.540498	0.500000
6.137655	1.312722	1.724448	0.500000
11.761038	9.355918	1.423344	0.500000
3.115875	0.021525	4.400396	0.500000
5.864339	10.581862	2.641622	0.500000
2.102822	5.123566	1.411054	0.500000
5.618379	8.064520	4.373759	0.500000
5.831425	0.684438	0.713161	0.500000
11.732003	10.606187	2.537946	0.500000
10.713307	7.693965	3.898463	0.500000
0.723931	7.808211	4.466453	0.500000
0.086460	0.232067	2.529385	0.500000
12.018573	10.909787	4.182629	0.500000
7.192733	4.578311	2.300496	0.500000
8.261794	3.842059	3.724969	0.500000
0.208911	8.440968	0.607351	0.500000
4.760461	7.220053	4.082149	0.500000
1.266124	7.324049	2.805147	0.500000
6.752164	7.217069	4.393315	0.500000
7.601651	6.149117	0.846033	0.500000
11.305089	1.162832	2.359503	0.500000
0.122574	3.415420	4.159287	0.500000
11.407557	9.817727	3.236949	0.500000
2.751689	1.045375	4.403943	0.500000
0.274548	9.479974	0.656079	0.500000
7.592719	11.985899	3.467770	0.500000
10.881162	2.618061	0.938329	0.500000
7.477597	5.160244	0.716271	0.500000
6.559292	10.980304	4.342146	0.500000
11.233256	3.534555	2.585896	0.500000
12.516489	9.031381	0.660689	0.500000
2.605190	12.027776	3.256566	0.500000
4.380192	5.775043	0.656149	0.500000
6.919315	5.788253	1.929299	0.500000
13.164101	8.167106	2.956940	0.500000
7.418614	2.556840	3.385511	0.500000
1.216822	6.872689	4.481861	0.500000
11.919260	6.383180	1.680456	0.500000
7.100543	12.543176	4.201671	0.500000
9.167467	8.916761	1.162945	0.500000
9.960924	4.103250	3.486522	0.500000
12.851471	6.772848	0.909767	0.500000
1.819479	6.273553	0.538515	0.500000
10.777684	9.954574	2.173471	0.500000
10.923122	7.194699	2.848562	0.500000
12.279309	12.479357	2.625375	0.500000
2.926939	5.204992	2.395636	0.500000
8.822307	10.711192	0.579233	0.500000
11.691080	11.652484	0.939677	0.500000
8.301184	12.272668	2.416630	0.500000
7.546611	6.284402	2.987364	0.500000
11.117983	8.243447	2.755133	0.500000
12.363992	1.338049	0.724854	0.500000
5.589011	2.590155	2.605880	0.500000
12.619298	11.695417	4.483937	0.500000
7.684369	13.187541	1.742434	0.500000
8.217622	3.954178	0.813174	0.500000
1.893270	0.717330	2.359406	0.500000
1.410324	2.004164	3.569280	0.500000
6.302451	3.981806	1.690819	0.500000
11.974133	4.456509	0.695910	0.500000
4.453094	0.440764	2.473077	0.500000
0.620956	6.759836	1.226550	0.500000
4.506470	9.421848	0.518400	0.500000
10.812966	12.586901	2.953417	0.500000
3.790267	12.151851	4.472801	0.500000
4.420704	13.141209	1.308623	0.500000
2.913480	7.260420	2.024426	0.500000
3.369624	6.034903	3.168337	0.500000
12.550618	8.414053	4.256457	0.500000
8.664759	6.775417	1.417465	0.500000
7.465592	9.842781	1.941336	0.500000
5.164615	12.115426	1.690535	0.500000
9.013690	9.680487	0.535267	0.500000
5.869616	4.875704	1.995276	0.500000
2.964761	7.710221	3.154012	0.500000
11.789036	0.458417	1.506160	0.500000
7.552166	1.281214	4.438915	0.500000
9.405530	2.481027	3.198928	0.500000
10.070106	5.447716	2.119761	0.500000
7.373003	8.558591	1.835088	0.500000
2.701069	6.044533	1.418468	0.500000
0.074899	10.556784	3.657242	0.500000
1.483653	6.481843	2.111628	0.500000
7.999096	8.096415	4.250995	0.500000
10.795029	6.196587	1.874853	0.500000
4.811671	6.472409	1.565091	0.500000
2.363302	10.751551	3.271226	0.500000
11.299532	12.561862	1.307243	0.500000
2.925730	11.215221	4.138843	0.500000
0.254874	2.285487	4.354276	0.500000
9.431799	7.856329	1.467373	0.500000
9.096493	0.580567	3.815166	0.500000
12.676216	9.713756	3.263356	0.500000
9.962046	7.041028	4.229644	0.500000
5.610728	6.847193	3.528183	0.500000
9.123863	6.503032	2.311811	0.500000
1.049409	10.882904	3.307237	0.500000
8.238737	0.054882	4.318049	0.500000
3.765332	1.432380	2.112138	0.500000
0.635113	11.427294	4.434571	0.500000
6.915392	2.033897	2.637381	0.500000
4.651402	2.985587	2.212481	0.500000
1.813802	7.545165	3.957494	0.500000
6.316586	9.280289	2.700904	0.500000
8.445403	0.673613	1.081878	0.500000
7.868177	9.923438	4.279113	0.500000
4.692207	6.084426	3.300039	0.500000
3.451385	3.718799	0.874751	0.500000
3.226907	2.791411	3.966449	0.500000
9.108395	1.486162	3.372176	0.500000
6.155422	0.973354	2.769951	0.500000
2.080523	4.594214	4.223403	0.500000
6.647455	8.427804	4.497686	0.500000
2.910429	8.568715	2.554642	0.500000
9.442191	4.103016	1.959501	0.500000
11.905262	1.507948	4.406171	0.500000
8.929786	12.690436	0.507616	0.500000
12.504698	8.381688	1.829030	0.500000
12.866129	0.423650	3.505767	0.500000
0.211274	2.236170	0.591796	0.500000
9.720736	0.586511	0.570728	0.500000
3.818930	12.286874	3.289848	0.500000
0.684905	12.953985	1.844547	0.500000
9.062460	8.628228	2.262389	0.500000
8.303488	4.972129	1.721925	0.500000
8.555692	2.774935	0.627925	0.500000
11.801936	5.692353	0.571006	0.500000
3.820155	5.388158	4.382376	0.500000
0.822501	2.877762	3.622978	0.500000
6.579392	13.085713	3.393646	0.500000
11.568956	9.646380	4.448222	0.500000
1.755505	11.598179	4.251043	0.500000
7.711513	5.712591	4.362651	0.500000
0.287855	12.828689	0.831950	0.500000
10.219944	12.412158	4.465087	0.500000
7.026903	11.894520	1.661031	0.500000
6.619405	1.761931	4.222990	0.500000
4.854806	12.025889	3.847312	0.500000
5.134498	10.689546	3.642156	0.500000
11.586400	7.931059	4.336379	0.500000
1.931601	9.088570	4.490276	0.500000
11.222517	10.827211	3.449023	0.500000
11.070668	12.008254	4.029693	0.500000
9.031258	1.817001	2.251847	0.500000
1.796919	8.265797	2.663513	0.500000
2.410640	9.802927	1.134025	0.500000
3.450675	11.433669	2.598798	0.500000
3.693082	12.434803	0.581572	0.500000
0.343617	9.146467	2.861813	0.500000
9.039610	3.359785	4.460789	0.500000
2.443320	1.117655	0.542511	0.500000
9.923235	13.078158	1.389641	0.500000
10.140234	0.201961	4.404756	0.500000
3.789795	8.400517	3.701501	0.500000
4.653428	1.468800	0.507438	0.500000
2.708899	12.127118	2.125386	0.500000
1.841107	4.400652	2.390978	0.500000
7.146157	12.411486	0.663010	0.500000
11.124881	8.438377	1.366209	0.500000
10.816075	1.267498	4.426862	0.500000
4.172803	5.724976	2.519699	0.500000
12.230034	11.497448	3.169947	0.500000
9.128658	3.677472	3.002363	0.500000
8.993996	7.880153	4.375508	0.500000
0.136238	1.084652	1.724417	0.500000
1.712159	2.892004	1.679021	0.500000
0.123829	4.934094	3.211007	0.500000
8.954987	5.886450	3.397288	0.500000
6.598706	10.648300	1.782806	0.500000
10.171095	2.892030	4.362241	0.500000
2.701215	12.739908	0.592534	0.500000
11.331380	1.546113	0.788093	0.500000
1.803593	10.774464	1.437921	0.500000
1.101480	10.852525	2.154103	0.500000
2.414470	9.703506	3.127574	0.500000
10.282090	1.778617	1.853395	0.500000
11.361063	3.554540	0.646027	0.500000
6.595368	3.942501	4.274833	0.500000
5.359105	6.064514	0.701238	0.500000
2.371872	3.804831	1.643894	0.500000
8.566013	9.027525	4.476747	0.500000
5.342971	8.039107	0.658269	0.500000
2.141281	2.766170	3.424931	0.500000
12.774222	12.848340	1.817109	0.500000
3.157354	2.171265	3.045845	0.500000
10.247969	3.135188	3.227037	0.500000
5.278842	11.068600	1.845055	0.500000
1.692937	1.920917	2.553293	0.500000
11.637561	1.978898	3.393964	0.500000
4.987670	0.467095	4.495050	0.500000
2.162180	3.065126	0.653090	0.500000
10.203314	10.915874	2.728969	0.500000
1.564704	1.863484	1.548615	0.500000
0.244671	10.584804	1.239570	0.500000
6.654109	6.887723	2.732937	0.500000
0.158892	10.117175	2.486270	0.500000
12.006579	5.966073	4.489984	0.500000
3.502860	3.689994	3.242993	0.500000
2.579026	9.978656	4.349818	0.500000
5.515164	3.754331	2.282852	0.500000
1.113408	2.902142	2.617884	0.500000
0.427459	2.140089	1.614027	0.500000
10.251959	0.957405	3.614135	0.500000
10.898563	4.829204	0.552284	0.500000
10.701259	4.034820	1.601330	0.500000
6.123959	4.794931	0.759353	0.500000
10.885295	6.497956	4.413082	0.500000
3.058131	9.070112	3.913008	0.500000
2.724162	1.400488	2.323113	0.500000
11.646092	4.526780	2.241037	0.500000
8.393904	7.094698	2.661702	0.500000
12.358507	1.076959	2.078181	0.500000
7.874337	6.077076	1.823971	0.500000
9.660394	12.653656	3.409999	0.500000
6.796214	3.429808	2.650848	0.500000
5.855871	9.150440	0.969051	0.500000
11.096026	13.035566	4.475462	0.500000
1.121915	0.080651	3.620861	0.500000
10.125026	4.994513	4.264504	0.500000
1.463529	12.937062	0.675364	0.500000
