500

2.072794	11.015064	0.553772	0.500000
6.035446	1.416602	3.420515	0.500000
6.377469	6.522978	1.814068	0.500000
12.397364	6.268090	2.520615	0.500000
0.198780	2.053044	2.801937	0.500000
8.523665	11.859581	2.185082	0.500000
5.037646	8.603680	1.512275	0.500000
6.499603	8.024910	4.369099	0.500000
13.180353	10.439561	0.529642	0.500000
7.762920	10.509133	1.968007	0.500000
3.116596	7.915521	1.534726	0.500000
11.154139	2.185540	2.219088	0.500000
9.715064	0.810120	2.361494	0.500000
7.838360	1.394756	0.576353	0.500000
9.706469	3.109885	0.640750	0.500000
9.194471	3.447950	1.659383	0.500000
3.672567	6.666961	0.524158	0.500000
12.887134	4.113276	4.473674	0.500000
9.409447	9.155616	1.640217	0.500000
3.280873	9.814354	0.628200	0.500000
4.920805	2.438891	3.736057	0.500000
2.667966	7.144978	3.152109	0.500000
10.958851	12.702051	2.652085	0.500000
8.751678	0.049735	0.521620	0.500000
4.546727	4.938722	3.007605	0.500000
12.247449	12.479343	2.090230	0.500000
7.621651	10.967961	4.463138	0.500000
0.381064	9.460448	0.978015	0.500000
0.484791	10.701674	1.610087	0.500000
10.159414	4.255698	3.393768	0.500000
6.156376	11.220092	0.652954	0.500000
4.235781	12.977407	4.093745	0.500000
4.027772	5.891450	2.594796	0.500000
12.462217	1.975112	0.517564	0.500000
8.217932	1.169759	3.613925	0.500000
1.953084	1.425261	3.104080	0.500000
0.809016	10.871144	3.235360	0.500000
2.059546	11.446848	3.351728	0.500000
3.852796	5.633290	1.557872	0.500000
0.704515	3.530040	1.750945	0.500000
12.087118	1.593298	1.569186	0.500000
2.695051	6.024061	1.382144	0.500000
3.284616	2.807094	4.228504	0.500000
0.583321	12.115357	2.171091	0.500000
8.246874	12.150460	0.591720	0.500000
6.453150	5.141945	2.281717	0.500000
6.379987	3.830805	4.469383	0.500000
5.758994	7.162706	4.293912	0.500000
6.186390	0.728397	1.986013	0.500000
10.488669	6.475892	3.183932	0.500000
11.977299	10.398601	2.427578	0.500000
8.022095	6.010887	2.562184	0.500000
4.069779	7.680773	0.525029	0.500000
4.669311	9.585787	2.670590	0.500000
13.069596	7.268919	3.098858	0.500000
6.803406	0.592454	0.936881	0.500000
5.214426	0.530402	2.979046	0.500000
5.645030	1.587965	1.558933	0.500000
7.870408	12.107752	4.052615	0.500000
0.794758	0.050083	4.478870	0.500000
3.678577	2.648623	2.302556	0.500000
8.214071	5.269410	4.278787	0.500000
11.301505	1.009093	2.463784	0.500000
10.478341	12.621262	1.324263	0.500000
9.344012	0.758163	1.429030	0.500000
8.760682	12.865295	2.497894	0.500000
8.285561	11.184723	0.988493	0.500000
1.293872	4.097433	0.521198	0.500000
9.177278	4.317353	3.164318	0.500000
10.534250	7.321584	1.799737	0.500000
5.398259	1.437683	4.455675	0.500000
11.516069	4.048582	4.266405	0.500000
0.782147	0.505617	0.529160	0.500000
9.015140	6.483611	2.679982	0.500000
6.053282	7.609323	1.429845	0.500000
8.518920	10.100609	2.811631	0.500000
3.582899	12.155890	1.915226	0.500000
3.708960	3.842386	0.652630	0.500000
11.582210	7.997395	3.065542	0.500000
4.527933	9.746236	1.331462	0.500000
10.311585	0.710917	0.631110	0.500000
11.783645	2.611683	3.728650	0.500000
11.772223	7.129056	2.569175	0.500000
3.765922	9.196061	2.402427	0.500000
1.775049	5.086470	0.589939	0.500000
4.753088	1.389940	3.576550	0.500000
7.586249	0.972046	4.430560	0.500000
6.761411	7.953784	3.198659	0.500000
4.909881	9.207236	3.767889	0.500000
7.906877	8.818341	3.180533	0.500000
1.426823	2.512846	3.856452	0.500000
0.418221	12.867286	1.282975	0.500000
4.355209	2.940990	0.525254	0.500000
3.650847	12.693368	1.054675	0.500000
4.955155	6.415503	3.409117	0.500000
11.913062	2.753912	1.772121	0.500000
4.964286	8.170071	4.478744	0.500000
7.249590	2.350657	2.917146	0.500000
4.311903	11.521030	1.535798	0.500000
9.879658	0.186011	4.477956	0.500000
12.638944	8.910696	4.173926	0.500000
2.596043	0.042191	2.640549	0.500000
5.526267	12.997768	4.252039	0.500000
2.776915	8.768426	0.709677	0.500000
9.942112	11.041529	0.869645	0.500000
10.085156	2.656613	1.479539	0.500000
1.928327	12.136329	1.379968	0.500000
3.607185	1.794717	1.710154	0.500000
8.836446	1.622475	0.983610	0.500000
4.238748	5.032089	4.341032	0.500000
10.508017	0.645106	3.131526	0.500000
10.002465	9.622023	4.274465	0.500000
7.073185	9.462994	3.432162	0.500000
7.274833	7.596796	2.260690	0.500000
3.863539	1.670292	0.580202	0.500000
6.494414	10.300011	3.335852	0.500000
11.920713	4.907771	0.731134	0.500000
0.312759	5.871862	1.873633	0.500000
5.810544	11.133282	3.750311	0.500000
12.052025	10.166980	3.405596	0.500000
12.515686	9.134739	3.139159	0.500000
8.717462	10.283277	0.671440	0.500000
1.706617	6.899926	1.655577	0.500000
5.953712	5.837885	0.542439	0.500000
2.306333	3.056517	4.460248	0.500000
5.671735	9.805826	3.033986	0.500000
1.354836	10.918202	2.372844	0.500000
12.542039	12.182267	1.160848	0.500000
12.526044	5.617501	1.660738	0.500000
9.935055	5.538666	1.436329	0.500000
1.694174	9.178048	0.519405	0.500000
10.764562	6.271194	1.673461	0.500000
5.167171	12.671008	3.368079	0.500000
1.039384	11.403035	4.475069	0.500000
10.638875	8.469873	4.366145	0.500000
10.144396	11.818340	4.473653	0.500000
5.395423	1.619650	2.623293	0.500000
7.325184	12.893478	0.502694	0.500000
7.502134	3.099404	1.936186	0.500000
3.377027	4.225408	2.893948	0.500000
7.509701	1.814881	2.093676	0.500000
4.003719	7.287282	4.164532	0.500000
10.288485	8.346108	2.174374	0.500000
0.308595	5.780296	0.574471	0.500000
5.217387	3.658498	4.323381	0.500000
4.335125	1.253962	2.187450	0.500000
4.953567	7.600014	1.490584	0.500000
2.361293	13.010031	1.655411	0.500000
1.236098	8.194313	2.080848	0.500000
13.076269	9.780455	2.033229	0.500000
2.599028	9.356687	2.048555	0.500000
2.515108	3.943228	3.723227	0.500000
9.584512	5.127673	4.010041	0.500000
6.223928	5.967472	2.884684	0.500000
2.296934	5.222497	2.969434	0.500000
2.886034	10.027863	3.854018	0.500000
12.156828	5.079167	4.358720	0.500000
10.745754	11.817764	3.187514	0.500000
7.078066	6.029526	0.936338	0.500000
0.284311	12.023992	0.611813	0.500000
4.295145	0.732060	4.450367	0.500000
8.199515	2.089716	3.217187	0.500000
3.506387	0.629110	1.399674	0.500000
0.520679	6.449616	2.764341	0.500000
7.229197	10.430638	0.763984	0.500000
7.227743	11.548368	0.676090	0.500000
4.136422	3.572286	2.981896	0.500000
11.863909	0.381927	1.820903	0.500000
12.081240	13.037085	3.332271	0.500000
10.020899	10.041869	3.131830	0.500000
8.413457	9.608413	1.759813	0.500000
10.337621	1.414042	4.397399	0.500000
10.468107	0.468665	1.713647	0.500000
12.826886	2.283342	1.998322	0.500000
7.795666	9.091362	1.128328	0.500000
1.367625	7.460249	3.784836	0.500000
6.605190	4.266925	2.763021	0.500000
8.065851	0.823001	1.535364	0.500000
10.974521	10.418923	2.224185	0.500000
9.193401	12.209196	4.268350	0.500000
2.279754	0.367345	0.535901	0.500000
5.732633	11.615679	1.876952	0.500000
6.924007	12.169750	4.430899	0.500000
7.843144	8.307828	4.386377	0.500000
6.523741	10.424355	4.432499	0.500000
4.443782	5.721044	0.603737	0.500000
5.535093	5.239453	3.131837	0.500000
3.534734	3.948934	4.465252	0.500000
4.261308	11.895745	0.536480	0.500000
7.551458	5.333917	1.611453	0.500000
4.493500	7.424246	3.292633	0.500000
1.475326	13.187171	2.315056	0.500000
12.817452	2.667389	3.367731	0.500000
0.264349	8.829710	3.037859	0.500000
5.620408	1.802420	0.569996	0.500000
8.452791	6.568625	3.586760	0.500000
1.510297	1.431457	2.122565	0.500000
1.108837	5.689403	4.433777	0.500000
10.067770	4.172416	1.691886	0.500000
2.771019	1.394496	0.691089	0.500000
4.529257	2.219470	1.590455	0.500000
0.076948	9.889132	3.301780	0.500000
5.072928	2.757046	2.368515	0.500000
3.513624	4.872318	3.656796	0.500000
0.787006	5.516431	3.382046	0.500000
2.140823	3.452968	1.354031	0.500000
2.316787	2.035818	1.508845	0.500000
10.290222	8.329897	0.906776	0.500000
2.236144	2.918426	2.205357	0.500000
10.885196	5.529778	3.221680	0.500000
1.489773	2.874823	0.545252	0.500000
12.038464	5.067381	2.737155	0.500000
0.481323	3.105352	3.901228	0.500000
12.123633	11.330866	0.632427	0.500000
3.608690	10.762234	0.533935	0.500000
11.739562	12.456385	4.132274	0.500000
7.891134	5.396485	0.644467	0.500000
5.674478	5.658115	4.238675	0.500000
2.865139	10.278118	1.506708	0.500000
9.032781	8.598356	2.960195	0.500000
4.855567	0.971630	0.872506	0.500000
5.257923	12.078289	0.602256	0.500000
9.551594	11.268993	3.648456	0.500000
1.232293	2.514474	1.907152	0.500000
0.852077	4.712078	2.278692	0.500000
3.213884	6.925879	2.131224	0.500000
9.391328	0.618428	3.511182	0.500000
4.537378	13.198056	0.893136	0.500000
3.032775	7.081204	4.379629	0.500000
0.076326	8.487561	0.632774	0.500000
8.707258	4.963309	2.436278	0.500000
6.917110	3.361818	0.754414	0.500000
6.029056	7.101928	3.070388	0.500000
11.673193	10.458077	4.455341	0.500000
7.801003	6.434436	4.442429	0.500000
6.543702	6.969230	0.635362	0.500000
8.460431	2.961838	2.246480	0.500000
12.157688	1.613709	2.745537	0.500000
1.912359	5.993700	2.118274	0.500000
4.338077	10.457376	2.072137	0.500000
6.032403	3.079492	3.888666	0.500000
8.504627	8.027150	1.543401	0.500000
11.071694	11.108788	0.547355	0.500000
7.975171	0.218922	2.814255	0.500000
9.013930	7.812160	0.527766	0.500000
4.228412	2.103680	4.480508	0.500000
1.257344	6.182612	0.737324	0.500000
6.804753	9.834176	1.766671	0.500000
8.000224	3.509070	1.092377	0.500000
2.685447	2.391446	0.527954	0.500000
12.726191	7.752887	1.757012	0.500000
12.683819	2.442121	4.472408	0.500000
10.787623	11.737729	1.819271	0.500000
10.255936	9.408177	2.280116	0.500000
4.701091	8.585494	2.985115	0.500000
9.850598	5.312145	2.581650	0.500000
3.978889	4.698438	2.212852	0.500000
11.380087	5.785182	2.327509	0.500000
10.977844	7.151983	0.540910	0.500000
8.635641	1.689610	2.380317	0.500000
6.212240	2.613968	0.727204	0.500000
8.680817	0.774808	4.487713	0.500000
12.496070	2.932560	0.972966	0.500000
12.635443	11.124136	1.661424	0.500000
6.378070	2.483720	1.742509	0.500000
8.919385	4.198744	4.343052	0.500000
3.941103	8.569914	4.372833	0.500000
6.414571	9.052040	2.432349	0.500000
11.944631	6.548640	4.497582	0.500000
7.101540	4.716994	0.623736	0.500000
11.304961	4.032419	2.981561	0.500000
11.482490	8.431532	1.957029	0.500000
7.311386	13.038641	1.533850	0.500000
0.716598	7.128220	0.744612	0.500000
9.622191	12.896029	1.849781	0.500000
11.534851	9.289612	2.827027	0.500000
8.021456	4.282553	1.901134	0.500000
10.026174	12.121178	2.545121	0.500000
5.895108	11.946431	4.403340	0.500000
1.641113	4.530724	3.288022	0.500000
5.998060	10.311938	1.070590	0.500000
9.516438	11.837784	1.602940	0.500000
10.550922	10.592341	3.958409	0.500000
7.451977	8.914377	2.081631	0.500000
6.764143	0.228076	4.290080	0.500000
3.082009	9.134682	4.334713	0.500000
4.231676	11.288835	4.443577	0.500000
8.526592	4.291919	0.586009	0.500000
9.350562	12.223679	0.517766	0.500000
12.894265	0.778839	2.453247	0.500000
12.202344	4.074472	1.893136	0.500000
9.480568	8.949954	0.520849	0.500000
0.130738	11.583723	3.539704	0.500000
9.261540	11.133071	2.690298	0.500000
4.090983	11.159368	3.029792	0.500000
11.023606	10.050579	3.241789	0.500000
10.561713	3.354136	2.237750	0.500000
2.262987	12.881713	3.586147	0.500000
1.459359	10.558112	4.064506	0.500000
3.868194	7.165723	1.376271	0.500000
1.980571	6.509532	4.473278	0.500000
2.704712	2.170396	2.869154	0.500000
8.122518	13.135960	4.125470	0.500000
0.516115	9.819255	4.438827	0.500000
2.557048	8.176402	3.575906	0.500000
6.077726	4.286186	0.713328	0.500000
10.689382	3.208398	0.894419	0.500000
7.837308	3.765179	2.906445	0.500000
12.413516	0.764506	4.468541	0.500000
13.026509	0.525730	1.040733	0.500000
3.150713	10.224691	2.762651	0.500000
4.412954	3.454756	1.977703	0.500000
8.836156	5.593076	3.377195	0.500000
10.653174	6.755655	4.137088	0.500000
9.059346	7.841239	4.479571	0.500000
3.140876	0.146805	4.148558	0.500000
2.139011	7.713497	4.370498	0.500000
12.177933	7.074765	3.568712	0.500000
7.772201	9.564220	4.177086	0.500000
3.324341	11.103428	2.147427	0.500000
7.042453	5.191239	3.354144	0.500000
1.008828	9.145602	1.867715	0.500000
8.413693	10.648226	3.740025	0.500000
8.898193	5.944163	0.847464	0.500000
6.815410	1.677631	0.867611	0.500000
1.894165	4.731848	2.180109	0.500000
12.701733	10.924180	3.071464	0.500000
11.190414	9.477061	4.269040	0.500000
11.074447	2.004359	3.206732	0.500000
1.845573	6.406835	3.468790	0.500000
6.502407	8.450442	1.040708	0.500000
7.350087	12.257086	2.162642	0.500000
11.410829	9.553640	1.655020	0.500000
13.077444	5.191930	2.465989	0.500000
0.533802	4.199591	3.801664	0.500000
2.140176	1.689161	4.311573	0.500000
12.223073	1.688469	3.936812	0.500000
9.859890	7.275870	2.989143	0.500000
9.811673	6.023102	4.482671	0.500000
7.065822	12.860026	3.137829	0.500000
1.390858	7.284025	2.634994	0.500000
3.126563	3.190338	1.240326	0.500000
12.299786	6.613474	0.522283	0.500000
2.924643	11.728739	0.721880	0.500000
1.344502	12.187670	2.987667	0.500000
1.392241	3.670448	4.054028	0.500000
2.631100	10.974634	4.361695	0.500000
9.129266	10.524131	1.851869	0.500000
8.719156	2.317920	4.101996	0.500000
1.849825	12.190848	4.228120	0.500000
12.644805	0.646108	3.442271	0.500000
4.232036	10.337733	3.645416	0.500000
11.067778	5.122837	1.246356	0.500000
4.110255	12.183248	3.140868	0.500000
4.897928	11.667140	3.722293	0.500000
4.203787	13.098903	2.069678	0.500000
8.338760	3.311252	4.286653	0.500000
2.322354	11.250020	1.930114	0.500000
6.438267	11.598092	2.749913	0.500000
12.078403	0.020240	0.579951	0.500000
5.536485	8.189487	3.521688	0.500000
2.150188	8.307057	1.518577	0.500000
11.617037	8.177938	4.262299	0.500000
9.797907	2.472425	4.435683	0.500000
11.385912	1.037515	4.164125	0.500000
4.911649	10.343269	4.453018	0.500000
6.206831	2.912677	2.865921	0.500000
3.191062	12.230149	4.261429	0.500000
1.639689	8.960456	2.877286	0.500000
7.160306	6.650100	2.962341	0.500000
5.329476	4.860393	1.814960	0.500000
11.464260	12.477145	1.015772	0.500000
0.528816	0.845000	3.396648	0.500000
5.276609	4.681896	4.263543	0.500000
8.104534	7.260654	0.784739	0.500000
4.237705	4.654802	0.938767	0.500000
12.565421	8.176661	2.843993	0.500000
11.746591	7.476310	1.485548	0.500000
9.190988	2.764499	3.324272	0.500000
11.210545	11.522361	4.436375	0.500000
9.403283	6.816335	3.839896	0.500000
4.231882	3.108280	4.405414	0.500000
10.422827	8.024904	3.479522	0.500000
12.301916	11.815518	3.324361	0.500000
0.913979	0.517073	1.616806	0.500000
5.665826	9.405533	0.525871	0.500000
12.773599	6.750831	1.630915	0.500000
3.245167	1.013844	3.294851	0.500000
8.243890	2.519152	0.800994	0.500000
1.864862	4.634209	4.414799	0.500000
12.180282	9.178529	0.821808	0.500000
2.184928	6.654059	0.650386	0.500000
1.319087	12.825911	0.716359	0.500000
0.058525	4.868979	1.484641	0.500000
10.290203	3.628800	4.331258	0.500000
11.603449	9.996428	0.586706	0.500000
0.946713	3.689618	2.988580	0.500000
12.537089	9.897794	4.332495	0.500000
11.617798	10.737011	1.387616	0.500000
0.627412	2.439882	0.964017	0.500000
3.683253	9.127049	1.396725	0.500000
0.830086	10.018452	2.522654	0.500000
1.201252	1.225604	4.230275	0.500000
11.573500	2.548873	0.762802	0.500000
2.714072	5.192537	4.227304	0.500000
2.890208	1.190101	2.157370	0.500000
11.131127	5.408288	4.237944	0.500000
13.176445	6.181546	3.578155	0.500000
8.928017	6.887250	1.635295	0.500000
13.031423	3.674269	2.867481	0.500000
5.484994	3.897143	2.418827	0.500000
8.388570	12.727617	1.512190	0.500000
0.589402	12.770090	3.576030	0.500000
6.313586	12.952695	1.336461	0.500000
4.068783	8.209300	1.843450	0.500000
11.635295	6.215442	3.353349	0.500000
5.795876	3.372511	1.293658	0.500000
7.912974	11.164932	2.972793	0.500000
3.490195	0.007420	3.123267	0.500000
12.942676	4.491318	0.567508	0.500000
0.164126	1.458716	1.686090	0.500000
7.452400	7.464191	3.958058	0.500000
3.074692	1.259003	4.484391	0.500000
0.663648	6.955149	1.895111	0.500000
9.004686	5.813002	1.915457	0.500000
9.295315	10.396723	4.397043	0.500000
4.853881	6.820358	2.217760	0.500000
6.883545	6.401542	3.998520	0.500000
10.053081	6.988509	0.914145	0.500000
9.667473	3.517300	2.729539	0.500000
9.496419	1.756132	3.361961	0.500000
1.876232	10.047781	1.589366	0.500000
2.322407	3.978479	2.738556	0.500000
5.594411	5.840292	1.741751	0.500000
2.196885	9.812961	2.990116	0.500000
7.252060	3.473838	3.963928	0.500000
5.786697	0.452224	0.592856	0.500000
5.864780	10.642030	2.258707	0.500000
8.171517	4.452017	3.623090	0.500000
5.613454	8.155549	2.518073	0.500000
10.138754	10.883313	1.903306	0.500000
6.888607	1.551688	3.939911	0.500000
6.734679	9.151309	4.464967	0.500000
11.018479	0.107831	4.282638	0.500000
6.927989	4.240275	1.632428	0.500000
1.822584	0.555445	3.782799	0.500000
1.041824	2.632159	2.920222	0.500000
10.089516	12.718458	3.651600	0.500000
11.569719	3.863903	0.698755	0.500000
1.253004	1.587812	0.509898	0.500000
13.075284	8.719838	2.064483	0.500000
11.334761	0.764203	0.527933	0.500000
8.704855	9.158045	3.916967	0.500000
5.243237	6.672140	0.848456	0.500000
3.278245	11.430636	3.638601	0.500000
0.005070	10.680472	4.230372	0.500000
5.244201	0.279176	1.640614	0.500000
10.395308	1.558808	2.572268	0.500000
5.084835	4.118939	0.635329	0.500000
11.153473	4.715671	2.221903	0.500000
10.944662	5.982914	0.632154	0.500000
12.884006	7.025826	4.405626	0.500000
0.217600	1.121203	4.456919	0.500000
10.798554	10.184529	1.160987	0.500000
12.047580	8.115762	0.680820	0.500000
0.298299	3.439326	0.828359	0.500000
9.216917	4.774196	1.450648	0.500000
12.737385	5.219765	3.510395	0.500000
7.401434	2.311500	4.417142	0.500000
3.682879	7.697581	2.765253	0.500000
2.920600	7.433089	0.601423	0.500000
12.334858	4.206463	3.395458	0.500000
2.956640	5.068919	1.784486	0.500000
2.732784	4.239027	0.963835	0.500000
5.792892	9.679877	1.838675	0.500000
1.059486	8.415129	0.809666	0.500000
5.673634	8.926567	4.371663	0.500000
4.921595	10.365838	0.651379	0.500000
0.325039	7.896803	3.758448	0.500000
0.814917	6.679057	4.096682	0.500000
5.074932	12.337470	2.177741	0.500000
9.891288	1.701362	0.866556	0.500000
3.137518	6.148534	3.222160	0.500000
6.936609	11.112110	1.606571	0.500000
3.993395	6.296804	4.392034	0.500000
7.455962	6.756269	1.600869	0.500000
12.783955	12.415735	4.455258	0.500000
7.231202	4.477585	4.075511	0.500000
1.044224	5.004417	1.273733	0.500000
1.245110	8.769660	4.110362	0.500000
2.598938	7.936565	2.507753	0.500000
2.969571	9.148406	3.028563	0.500000
5.100139	4.053420	3.353589	0.500000
5.951503	12.568881	2.678698	0.500000
7.023537	0.983303	2.894641	0.500000
10.932275	1.832853	1.072395	0.500000
4.269506	8.920283	0.612979	0.500000
6.204399	0.254286	3.429430	0.500000
2.072033	1.031891	1.332011	0.500000
2.848723	12.094887	3.023670	0.500000
