500

0.510560	0.501541	2.066701	0.500000
4.710975	2.280218	2.561722	0.500000
7.406773	7.347105	2.322755	0.500000
9.850557	7.716541	2.472912	0.500000
0.902306	11.119137	4.131516	0.500000
7.394663	12.286119	1.216145	0.500000
3.184385	10.303926	0.652403	0.500000
6.628695	8.385884	2.344682	0.500000
0.174705	9.620946	0.624262	0.500000
6.873495	8.992055	1.481695	0.500000
5.634561	8.380534	1.966857	0.500000
12.568501	4.371544	2.039854	0.500000
10.259038	1.209457	1.778223	0.500000
8.425597	3.171922	2.064692	0.500000
9.691095	2.843666	0.757776	0.500000
8.951989	2.019814	0.578292	0.500000
2.807369	5.846512	1.326685	0.500000
11.079821	4.555163	4.419936	0.500000
10.165059	10.145470	0.885200	0.500000
3.271393	11.404066	1.760823	0.500000
4.741577	2.787885	4.415097	0.500000
3.239072	9.283800	3.663784	0.500000
9.953897	12.990601	3.013672	0.500000
8.884432	12.853961	3.256254	0.500000
6.982428	6.374913	2.254057	0.500000
9.441106	11.099414	3.974602	0.500000
6.899975	12.944634	4.488888	0.500000
2.116217	12.759368	1.836150	0.500000
0.464321	9.803579	1.808692	0.500000
7.540122	4.994250	4.416586	0.500000
5.056152	0.195114	2.030648	0.500000
4.298907	12.403202	3.273475	0.500000
3.257685	7.121089	2.323519	0.500000
9.227409	1.752147	1.944876	0.500000
6.937049	12.576109	3.319947	0.500000
5.033322	3.666943	1.394437	0.500000
0.118235	11.065523	3.411271	0.500000
2.102235	11.083458	3.467315	0.500000
3.473923	5.095337	0.854043	0.500000
0.487005	4.438160	0.798582	0.500000
10.759240	3.961234	1.664911	0.500000
2.187178	7.289889	2.298036	0.500000
1.393650	2.451722	3.506752	0.500000
1.189620	9.493363	4.206372	0.500000
7.961234	12.414992	2.986378	0.500000
5.926733	3.331856	3.016414	0.500000
5.184386	3.585937	3.950460	0.500000
3.084508	6.257856	4.439023	0.500000
4.250034	3.306156	3.331448	0.500000
11.063498	5.495908	3.260454	0.500000
1.108353	12.435531	1.807803	0.500000
9.057458	6.004776	2.839312	0.500000
3.966101	6.671197	0.842894	0.500000
5.375008	12.058078	3.711056	0.500000
1.615090	5.570698	2.659246	0.500000
6.614822	1.049624	2.365116	0.500000
3.228321	12.443984	2.332309	0.500000
5.844453	0.926199	1.235543	0.500000
6.081365	1.250250	4.468786	0.500000
12.410842	0.977462	4.196004	0.500000
3.683608	4.830398	3.494221	0.500000
7.481098	4.767013	2.637612	0.500000
12.635389	13.122519	2.133685	0.500000
9.420050	12.888307	1.895912	0.500000
9.613222	11.309031	2.696770	0.500000
7.602168	1.178171	1.849179	0.500000
8.186244	8.865119	0.503177	0.500000
13.032442	5.328099	1.617115	0.500000
9.424890	3.138059	1.694395	0.500000
9.440573	10.097211	3.549206	0.500000
4.158450	0.461202	3.888290	0.500000
10.796118	4.917717	2.058383	0.500000
1.525987	0.309739	1.122228	0.500000
8.556774	5.207186	2.425042	0.500000
5.458854	7.271558	1.384450	0.500000
7.488863	9.015251	2.758059	0.500000
4.072474	13.154300	2.306585	0.500000
4.137651	2.777311	0.502021	0.500000
10.885051	7.074437	2.609595	0.500000
6.701906	9.409809	3.519163	0.500000
9.379523	12.636745	4.256820	0.500000
12.383767	1.717741	3.308965	0.500000
11.374774	7.968706	3.132133	0.500000
2.741313	10.047846	2.668523	0.500000
4.713767	6.828857	1.982935	0.500000
4.984660	0.123460	3.330143	0.500000
10.463867	13.107267	4.119840	0.500000
9.107079	5.586346	4.198160	0.500000
5.893617	8.012928	4.470830	0.500000
7.757434	8.028714	1.534135	0.500000
0.682229	2.846810	2.822104	0.500000
12.937109	1.579174	0.526874	0.500000
4.019039	4.202492	0.816753	0.500000
2.881794	12.295682	1.076174	0.500000
7.284451	5.350318	0.523520	0.500000
12.191851	5.827055	0.825551	0.500000
4.135571	5.920629	2.545173	0.500000
5.690159	12.425950	1.760966	0.500000
5.348022	1.611991	3.256843	0.500000
7.622363	12.075964	4.432408	0.500000
1.792083	8.875525	2.215943	0.500000
3.512161	0.374325	3.075880	0.500000
4.163548	11.453234	4.228874	0.500000
0.452310	8.049225	0.704581	0.500000
11.201147	11.350518	1.652716	0.500000
10.303868	2.132285	1.294308	0.500000
1.096677	10.561719	3.244950	0.500000
1.480756	2.984185	1.192308	0.500000
11.026956	1.825763	2.586162	0.500000
5.486949	5.117845	3.785954	0.500000
11.456165	1.198697	3.933325	0.500000
10.494056	10.375076	4.058924	0.500000
5.038434	9.904124	1.775411	0.500000
6.267528	7.864387	0.888368	0.500000
0.536995	2.089144	0.821156	0.500000
5.553319	9.988061	3.582853	0.500000
10.841036	6.316897	0.533104	0.500000
12.630610	7.379200	0.693049	0.500000
2.402680	2.051353	1.486487	0.500000
11.464899	9.683952	3.454456	0.500000
12.990368	9.133028	2.510053	0.500000
8.699104	9.996231	0.668301	0.500000
2.722857	9.374539	1.862572	0.500000
7.884188	5.553397	1.681397	0.500000
2.998357	5.254521	4.133208	0.500000
5.948148	9.249062	4.423318	0.500000
3.169552	11.743738	3.621600	0.500000
9.599748	10.877125	1.478849	0.500000
10.997583	6.561640	1.590942	0.500000
9.926243	4.897523	4.486624	0.500000
2.054729	10.066004	0.578214	0.500000
8.858302	7.429023	1.240649	0.500000
3.731739	11.601161	2.804759	0.500000
1.198986	13.013346	3.075120	0.500000
8.747495	7.182671	4.068906	0.500000
7.859532	0.580641	2.798970	0.500000
3.811196	3.195335	4.277365	0.500000
6.522910	1.623285	0.501589	0.500000
9.254566	0.470467	0.956724	0.500000
0.526030	3.364567	3.962074	0.500000
10.088316	2.557984	2.175434	0.500000
3.308825	7.231605	4.322720	0.500000
9.984103	6.227655	3.809144	0.500000
0.398053	5.199795	3.216372	0.500000
8.471872	2.966494	4.398810	0.500000
3.243527	2.829083	2.689447	0.500000
7.878865	10.596461	0.833821	0.500000
3.934262	11.827290	0.504453	0.500000
13.082113	6.414772	0.563678	0.500000
11.601912	11.019254	3.866466	0.500000
3.804825	8.299350	2.338560	0.500000
0.903752	4.405986	3.762305	0.500000
9.933673	5.128308	2.581831	0.500000
6.415532	6.576231	3.193119	0.500000
4.801713	4.809987	2.832232	0.500000
3.852991	9.835719	4.473213	0.500000
9.880916	9.468635	4.246623	0.500000
10.208379	11.854736	3.293025	0.500000
8.490045	6.539644	0.541326	0.500000
2.078646	11.381493	0.586216	0.500000
3.142437	0.528415	4.380096	0.500000
7.135548	0.115615	1.874330	0.500000
3.546619	0.681113	1.371047	0.500000
12.188607	4.826545	3.155158	0.500000
9.679891	9.239429	0.578594	0.500000
5.290525	10.198330	0.816640	0.500000
5.352427	6.072244	3.498720	0.500000
10.360131	1.105963	3.214216	0.500000
0.768591	12.878904	0.926820	0.500000
9.365161	8.581796	3.360282	0.500000
12.964906	9.317547	3.972161	0.500000
9.546024	2.672437	4.498333	0.500000
11.207912	0.183579	0.833328	0.500000
13.134885	11.807876	0.527519	0.500000
7.133675	9.978137	1.412746	0.500000
2.506650	8.238794	3.973664	0.500000
5.989391	3.394332	1.768579	0.500000
8.464538	0.205113	2.046740	0.500000
10.212426	12.035926	4.319001	0.500000
7.670392	10.317957	3.624670	0.500000
1.722975	0.414835	2.265392	0.500000
6.914510	11.053562	1.532026	0.500000
5.980581	11.199391	2.810572	0.500000
7.190517	6.567061	3.856789	0.500000
3.753782	8.536688	4.383811	0.500000
5.339771	4.680889	0.616453	0.500000
5.729435	4.465308	3.035604	0.500000
2.631803	5.193283	2.398823	0.500000
4.406518	11.255471	1.242998	0.500000
9.312595	4.774636	3.515925	0.500000
8.180435	2.877257	3.408390	0.500000
0.754017	1.140828	3.092924	0.500000
0.545056	5.542099	4.457031	0.500000
1.320629	7.796197	2.325452	0.500000
7.105851	3.881851	0.540651	0.500000
11.515688	7.511825	4.336849	0.500000
3.208474	1.592484	2.684081	0.500000
1.613410	6.222299	4.395678	0.500000
7.944044	4.491625	0.761251	0.500000
0.273281	1.149879	1.294117	0.500000
5.142354	1.032483	0.511571	0.500000
12.089350	10.948620	2.183023	0.500000
4.430657	0.812377	2.737669	0.500000
4.927311	3.502254	2.415994	0.500000
13.098239	2.280852	4.461771	0.500000
3.380630	3.812831	2.909029	0.500000
2.268846	3.777921	0.526174	0.500000
11.210350	9.403927	1.018367	0.500000
2.202134	3.419399	2.078463	0.500000
10.636838	7.372550	3.573852	0.500000
2.293545	1.678262	0.529199	0.500000
12.402500	6.308163	4.460023	0.500000
0.344489	3.826269	2.676920	0.500000
12.843592	12.613816	1.274098	0.500000
4.110980	12.172545	1.556980	0.500000
0.047327	12.818247	4.442861	0.500000
9.237510	5.974969	1.810385	0.500000
7.032875	3.779912	3.501315	0.500000
1.414673	9.153073	0.709692	0.500000
8.698124	10.382586	2.636469	0.500000
4.444752	12.996186	1.005031	0.500000
6.659436	0.226219	0.896379	0.500000
11.068843	10.442375	2.418598	0.500000
1.186582	1.817898	1.536642	0.500000
2.124391	4.343431	2.614548	0.500000
4.408571	6.932174	3.099470	0.500000
8.027276	10.948258	1.974372	0.500000
8.014671	1.564368	0.815282	0.500000
4.509623	6.120626	4.276505	0.500000
11.367104	8.896308	2.746910	0.500000
10.973957	2.888570	1.735843	0.500000
6.393603	5.267050	1.773934	0.500000
7.317670	8.820636	4.307941	0.500000
11.780611	0.093832	4.438688	0.500000
8.254801	6.203017	4.122649	0.500000
9.694475	6.938245	1.644649	0.500000
7.270561	11.277301	3.339562	0.500000
9.430036	4.819904	1.732999	0.500000
0.520029	8.689357	3.557039	0.500000
0.818743	10.465929	0.512051	0.500000
8.005215	2.598122	0.694500	0.500000
12.467143	8.497011	3.276897	0.500000
11.138054	10.904677	0.524989	0.500000
5.595300	0.032277	0.536386	0.500000
10.163628	8.526836	1.938904	0.500000
6.398288	4.655907	4.130865	0.500000
2.828294	6.205915	2.340434	0.500000
7.161003	7.327585	1.018200	0.500000
7.482869	3.194781	2.574327	0.500000
1.782986	2.612541	2.534154	0.500000
0.988277	7.228066	1.166285	0.500000
1.700859	4.097394	4.419578	0.500000
11.162830	0.535665	2.156571	0.500000
9.250738	9.651980	1.582844	0.500000
4.799512	9.052088	1.277547	0.500000
9.979780	6.512454	2.736933	0.500000
2.209880	6.322076	3.488189	0.500000
11.055482	6.461631	4.372717	0.500000
11.149090	7.793372	0.566624	0.500000
10.255862	0.915406	0.610766	0.500000
5.414595	2.600322	1.204056	0.500000
9.804145	2.121594	3.294471	0.500000
11.819701	3.892339	1.324580	0.500000
12.079256	12.118332	0.604314	0.500000
6.628412	2.942728	0.969858	0.500000
11.728216	3.776498	3.238627	0.500000
4.042390	7.984711	0.590499	0.500000
8.067590	8.138295	3.067590	0.500000
12.584507	7.271471	3.964797	0.500000
6.443998	4.712591	0.740200	0.500000
10.917550	3.334300	4.434470	0.500000
0.124096	10.689699	1.342989	0.500000
8.136052	13.194588	3.865306	0.500000
1.964837	6.238129	1.825509	0.500000
9.559056	0.639957	4.498404	0.500000
10.814624	12.493037	1.962951	0.500000
8.123710	6.494114	2.874516	0.500000
10.057434	1.601528	4.153091	0.500000
6.825654	10.288768	2.638438	0.500000
1.587424	3.473045	3.256579	0.500000
4.126245	9.528601	0.570604	0.500000
8.344223	12.469744	1.537018	0.500000
12.529948	12.267926	3.968271	0.500000
5.532576	9.302831	2.454706	0.500000
5.230065	0.658910	4.204228	0.500000
3.167009	12.377814	4.483201	0.500000
3.893718	9.888715	1.815220	0.500000
8.426175	4.168942	2.223555	0.500000
8.162108	12.315906	0.556365	0.500000
11.045367	1.238619	1.136666	0.500000
11.452690	5.110539	0.684355	0.500000
8.942991	8.617683	1.325337	0.500000
12.453995	12.175196	2.575847	0.500000
11.692270	9.941756	4.495371	0.500000
4.668565	9.451256	2.988208	0.500000
8.512044	10.907706	4.463214	0.500000
11.041627	2.911865	2.762492	0.500000
0.942907	11.407135	1.201729	0.500000
1.669076	10.440851	4.265257	0.500000
5.036114	7.654849	2.600675	0.500000
0.921609	7.846080	4.250125	0.500000
3.492929	1.518628	0.549840	0.500000
6.885631	0.404054	3.164940	0.500000
12.987413	11.572197	1.869030	0.500000
3.692698	9.759716	2.831439	0.500000
6.285810	5.312303	2.816852	0.500000
11.083060	3.940118	0.583209	0.500000
12.031351	5.250869	4.233757	0.500000
9.149636	1.453340	3.717848	0.500000
13.135232	1.510426	2.269708	0.500000
5.043641	8.453344	4.051311	0.500000
5.741328	2.487760	2.210052	0.500000
8.241617	8.184244	4.198525	0.500000
8.367221	9.234213	3.848905	0.500000
7.835774	9.803379	4.489755	0.500000
4.227440	2.023937	3.503425	0.500000
11.579614	6.593267	3.477890	0.500000
0.343806	6.546062	4.438084	0.500000
5.934547	10.929478	4.034103	0.500000
2.293132	12.216045	3.419794	0.500000
6.339763	6.671817	1.191462	0.500000
2.760376	8.992338	2.806984	0.500000
5.036389	11.883081	0.643230	0.500000
9.888496	7.322642	0.631849	0.500000
4.432731	2.843667	1.579256	0.500000
5.155692	4.728803	1.711833	0.500000
11.379563	0.263106	3.525360	0.500000
9.419669	8.159315	4.479089	0.500000
8.079972	4.978178	3.508140	0.500000
2.181550	7.699861	0.990743	0.500000
7.131755	9.264182	0.535818	0.500000
6.053203	11.122001	0.764169	0.500000
12.029109	9.827624	0.567245	0.500000
12.439055	4.398758	0.576850	0.500000
12.207340	3.612660	4.482254	0.500000
2.195380	2.723611	4.421436	0.500000
12.787104	3.136326	2.734162	0.500000
9.118151	7.457345	3.174306	0.500000
10.108610	7.143692	4.439533	0.500000
8.731480	11.663692	2.024790	0.500000
0.406535	7.380030	3.218306	0.500000
2.138800	1.031860	1.467877	0.500000
11.816675	5.137148	1.962638	0.500000
2.901402	0.308960	2.201584	0.500000
1.624827	8.603742	4.467193	0.500000
3.608518	5.304351	1.921309	0.500000
2.176940	0.265414	4.494731	0.500000
7.764214	10.012171	2.379085	0.500000
7.830744	2.322408	1.700100	0.500000
2.223062	11.604710	4.350532	0.500000
8.605011	12.004815	3.957683	0.500000
3.022526	10.320071	3.767962	0.500000
9.917379	4.399831	0.802844	0.500000
3.073764	11.070077	4.460609	0.500000
4.919698	10.391734	4.375674	0.500000
2.132224	0.295571	3.482098	0.500000
10.939301	2.127022	3.894242	0.500000
4.340195	10.436447	3.492443	0.500000
6.473639	12.185293	0.526128	0.500000
12.764447	0.493805	0.598539	0.500000
5.994489	8.944807	0.944879	0.500000
3.713443	8.875760	1.441503	0.500000
1.623091	7.160563	3.320956	0.500000
8.417634	1.444597	2.499081	0.500000
12.211287	2.682765	3.738727	0.500000
6.956332	11.310175	4.489371	0.500000
4.866750	4.458101	4.401353	0.500000
3.300922	1.467226	3.697509	0.500000
2.223603	9.432175	4.431891	0.500000
5.464455	7.599103	3.596690	0.500000
6.457667	4.222621	2.157504	0.500000
8.801890	11.459249	0.939145	0.500000
0.229802	12.015895	2.842210	0.500000
7.703698	3.953702	4.447290	0.500000
8.906556	5.273652	0.735956	0.500000
2.473707	5.091772	0.545187	0.500000
12.990939	8.201350	4.191598	0.500000
11.288202	7.557464	1.762640	0.500000
8.772826	3.692535	3.282726	0.500000
12.539447	10.555837	3.890962	0.500000
8.502020	4.566772	4.359481	0.500000
2.452509	3.928727	3.552849	0.500000
11.655395	9.594235	1.948814	0.500000
0.998977	1.556368	4.313547	0.500000
13.120478	4.095777	3.545221	0.500000
5.360895	10.421934	2.658622	0.500000
0.721903	6.706956	2.320424	0.500000
2.075095	11.630636	1.612945	0.500000
7.375026	4.444294	1.678704	0.500000
1.970790	5.244036	3.557763	0.500000
11.860341	8.521223	1.167267	0.500000
2.881583	8.896717	0.844055	0.500000
11.749960	10.503254	1.319520	0.500000
0.983174	4.675268	2.052898	0.500000
10.430313	4.514708	3.334487	0.500000
11.812976	12.373312	1.629662	0.500000
3.031935	4.434889	1.569114	0.500000
11.614504	8.518937	4.121440	0.500000
9.791436	11.927696	1.829422	0.500000
11.924297	1.898612	1.360818	0.500000
5.223908	8.201184	0.770849	0.500000
0.292282	10.328771	4.189983	0.500000
3.647156	1.902625	1.816696	0.500000
10.316455	13.039216	1.130988	0.500000
3.344276	6.501506	3.500128	0.500000
0.593262	2.627059	1.825583	0.500000
10.633336	5.550221	4.189697	0.500000
12.593564	6.160343	3.322103	0.500000
8.714005	7.437388	2.248536	0.500000
0.300209	3.198381	0.723417	0.500000
6.425923	3.496799	4.451683	0.500000
9.342960	1.020515	2.655096	0.500000
4.345812	1.413465	4.308961	0.500000
4.652955	11.306383	3.073465	0.500000
4.185703	7.949633	3.274971	0.500000
0.707903	6.318121	3.424572	0.500000
5.482419	3.404824	0.506620	0.500000
10.041779	11.552493	0.620099	0.500000
4.435869	12.677126	4.271985	0.500000
0.574696	5.447766	0.583986	0.500000
0.720026	0.501930	4.114831	0.500000
8.135017	9.183697	1.628147	0.500000
1.178221	12.754797	4.498447	0.500000
0.782780	3.755731	1.587725	0.500000
10.452327	5.632651	1.292362	0.500000
7.012204	11.909552	2.322577	0.500000
6.096953	5.679467	0.791445	0.500000
5.837057	6.106943	2.360891	0.500000
10.511997	8.676419	0.853592	0.500000
7.964473	0.077052	1.043279	0.500000
6.824391	2.425963	3.884774	0.500000
1.977083	10.168325	1.573254	0.500000
0.103939	0.128007	2.961754	0.500000
1.621177	4.420972	1.285503	0.500000
1.903269	9.805488	3.394329	0.500000
9.739174	3.828037	3.923622	0.500000
7.498867	1.563267	3.258365	0.500000
4.614608	7.967491	1.556733	0.500000
7.838400	6.650297	1.331817	0.500000
6.063457	7.338197	2.418018	0.500000
8.417687	11.265693	3.145730	0.500000
7.402191	0.877057	4.496152	0.500000
6.684024	10.230968	4.148916	0.500000
12.026946	1.924767	4.370706	0.500000
9.895108	3.841374	2.284850	0.500000
1.829658	12.431414	0.741466	0.500000
2.682120	2.324671	3.601243	0.500000
10.728212	8.787271	3.589013	0.500000
12.063090	6.498494	2.404300	0.500000
0.293187	2.011463	3.495377	0.500000
2.820809	7.940025	1.856591	0.500000
11.254035	2.872655	0.629365	0.500000
9.686378	9.346237	2.747310	0.500000
4.429261	5.345488	0.669806	0.500000
1.887344	10.969161	2.475281	0.500000
0.934493	12.081392	3.788345	0.500000
5.258751	12.343311	2.669400	0.500000
11.190214	11.873652	2.818426	0.500000
0.815046	6.055837	1.526938	0.500000
13.210074	4.559680	4.448351	0.500000
12.237466	7.172945	1.665659	0.500000
12.762111	7.395792	2.555370	0.500000
12.328742	0.607188	2.909987	0.500000
10.075318	10.289663	2.649674	0.500000
12.779843	8.661043	0.510231	0.500000
12.273722	3.132424	0.639610	0.500000
9.767694	6.251478	0.643774	0.500000
3.211890	4.194083	4.179838	0.500000
5.671647	2.518612	3.908260	0.500000
2.718261	7.514329	3.244229	0.500000
12.633848	10.049703	1.758226	0.500000
13.158038	5.828750	2.536078	0.500000
2.865031	3.137713	1.151690	0.500000
1.618112	6.429612	0.719735	0.500000
6.998919	7.911172	3.390425	0.500000
1.008439	11.431356	2.293861	0.500000
5.832294	6.939550	4.377883	0.500000
5.683663	8.658897	3.273149	0.500000
1.733479	8.819315	3.490056	0.500000
0.072280	7.469176	1.648605	0.500000
6.441312	2.010525	2.889441	0.500000
8.520355	3.615967	0.952165	0.500000
4.348899	7.249123	4.361867	0.500000
5.457397	11.345597	1.966958	0.500000
5.218164	5.743455	1.650148	0.500000
8.662993	9.102241	2.857815	0.500000
11.891616	1.231307	2.135371	0.500000
7.297476	5.828508	3.121809	0.500000
12.775843	2.558258	1.545990	0.500000
12.514096	10.097714	3.001128	0.500000
2.254821	7.075086	4.425200	0.500000
1.496535	9.923615	2.470225	0.500000
3.504170	3.458943	1.882734	0.500000
5.601224	0.813262	2.653819	0.500000
5.156125	1.528118	1.967256	0.500000
8.444197	1.441996	4.493233	0.500000
6.269501	9.889120	0.541437	0.500000
5.596122	12.941650	4.286851	0.500000
1.240303	1.399394	0.585559	0.500000
4.536201	10.692303	2.132743	0.500000
