500

2.768776	7.528901	1.514440	0.500000
2.372674	7.819579	3.198864	0.500000
9.563153	8.463763	1.118021	0.500000
11.999018	12.969207	0.517403	0.500000
9.799019	12.841862	3.740201	0.500000
4.784101	0.599851	3.461448	0.500000
4.401366	7.803247	0.699056	0.500000
11.621268	4.225889	1.031474	0.500000
0.812380	1.320634	3.398140	0.500000
1.022107	3.071861	2.044656	0.500000
2.875247	12.254526	4.419860	0.500000
3.797953	8.051550	1.809513	0.500000
8.927292	2.362331	1.440224	0.500000
9.095726	2.932761	0.538910	0.500000
4.020055	6.011252	3.931486	0.500000
0.186586	9.381501	3.440105	0.500000
2.620602	4.956005	1.125682	0.500000
9.638318	3.026673	4.292660	0.500000
8.476851	10.305138	1.193222	0.500000
4.837461	3.543656	3.399268	0.500000
8.688214	8.979053	0.692471	0.500000
12.626538	8.669891	2.661549	0.500000
1.657208	1.788562	2.635973	0.500000
13.152059	2.491890	2.174694	0.500000
11.818350	5.239732	4.474584	0.500000
1.399297	7.733224	2.929886	0.500000
6.245795	8.610674	0.976430	0.500000
11.202801	0.710098	3.655785	0.500000
12.030087	0.850482	4.425713	0.500000
7.736897	7.504072	0.560031	0.500000
7.292671	4.710568	3.127151	0.500000
3.229342	1.143607	4.157971	0.500000
10.593279	6.686888	3.008001	0.500000
2.043084	3.669310	1.573739	0.500000
9.555989	7.015648	1.485256	0.500000
10.591056	5.567706	3.229808	0.500000
2.945287	6.157531	2.995565	0.500000
1.598337	6.952821	3.547904	0.500000
10.238650	13.146968	2.813442	0.500000
5.454683	1.290038	2.984212	0.500000
10.625359	12.245913	3.942074	0.500000
6.549043	5.261925	3.751407	0.500000
12.820576	8.450828	1.608412	0.500000
0.743692	2.357214	4.080327	0.500000
4.300887	7.119373	4.152072	0.500000
12.096826	3.411147	3.663807	0.500000
7.451773	5.713413	3.118670	0.500000
2.508159	13.040382	3.360771	0.500000
2.196517	5.310477	2.458102	0.500000
10.266741	7.956115	2.736550	0.500000
7.660182	1.157054	0.557839	0.500000
4.328345	4.976100	3.551048	0.500000
1.956667	6.129494	4.295837	0.500000
11.456186	9.828722	2.522780	0.500000
3.737486	8.683064	2.644949	0.500000
0.880097	5.081267	4.014435	0.500000
6.274799	10.306585	2.695690	0.500000
8.989867	12.272555	3.024931	0.500000
6.547849	1.819562	0.634268	0.500000
7.700459	4.192518	4.414037	0.500000
8.585311	6.850203	1.686151	0.500000
3.342615	6.815593	4.183231	0.500000
4.988757	3.287640	2.183431	0.500000
12.646450	0.449706	1.566908	0.500000
5.865835	12.944755	0.711648	0.500000
10.391464	0.961472	1.580332	0.500000
2.286062	4.769350	3.388111	0.500000
5.213329	4.445178	1.686082	0.500000
1.174581	7.384093	4.465454	0.500000
11.526579	6.180854	2.468126	0.500000
12.553603	4.530872	2.724191	0.500000
6.092113	12.060493	3.867801	0.500000
3.977421	12.058936	4.206768	0.500000
6.026455	12.116527	2.386008	0.500000
13.066297	6.689026	4.443621	0.500000
3.852591	0.023969	3.360633	0.500000
4.025984	11.677061	1.873812	0.500000
10.664390	4.358788	3.752805	0.500000
6.059389	0.224677	2.148324	0.500000
8.965633	5.872233	1.354665	0.500000
7.308460	1.759663	4.302701	0.500000
3.685758	0.606640	2.294551	0.500000
6.644420	4.128610	0.577637	0.500000
5.994823	11.892988	0.521453	0.500000
10.244989	9.791045	4.295516	0.500000
3.712381	7.994024	4.458219	0.500000
8.370666	10.108216	3.892169	0.500000
11.322299	11.618010	4.293641	0.500000
11.300772	5.797160	0.997676	0.500000
2.820497	4.467599	2.193372	0.500000
1.504778	12.954017	2.829910	0.500000
12.132531	7.676251	4.371632	0.500000
5.710482	1.033963	3.993061	0.500000
1.632711	6.227590	0.651248	0.500000
6.309287	3.683806	2.310736	0.500000
4.788674	4.539267	2.748760	0.500000
9.714422	6.204041	2.482862	0.500000
2.857600	0.728986	2.903044	0.500000
5.743354	2.625749	2.349266	0.500000
3.713656	12.459222	0.576426	0.500000
2.562526	0.045572	0.729452	0.500000
12.236102	10.099097	4.187393	0.500000
1.384362	12.861422	0.627569	0.500000
10.669314	11.321869	0.503771	0.500000
0.454647	7.141601	1.626999	0.500000
2.251118	0.726663	3.909186	0.500000
11.500121	7.345833	0.698597	0.500000
3.324274	11.655482	3.355994	0.500000
12.534257	10.157340	3.120757	0.500000
11.074107	13.039624	1.376454	0.500000
12.602190	4.284515	1.424814	0.500000
1.109893	0.349730	1.718798	0.500000
7.196562	0.338614	1.974130	0.500000
5.008070	12.134242	2.055670	0.500000
5.318625	3.477217	0.524907	0.500000
8.595162	5.055104	4.380797	0.500000
5.222971	12.996044	2.594731	0.500000
11.735572	7.250887	2.951604	0.500000
1.061907	10.219655	3.644535	0.500000
8.799028	12.940402	0.595227	0.500000
11.396953	5.026479	2.700455	0.500000
3.127612	10.186381	4.396706	0.500000
5.333395	6.434354	4.409259	0.500000
11.856540	4.960349	1.754923	0.500000
10.636961	10.323663	0.757392	0.500000
5.315015	9.286921	3.953324	0.500000
10.771219	1.987751	2.858653	0.500000
0.864599	0.198415	3.467832	0.500000
6.778956	9.307862	3.443001	0.500000
3.762319	2.462298	2.151847	0.500000
10.357417	2.204813	1.347004	0.500000
4.240494	6.620937	1.809926	0.500000
6.659224	12.749458	4.445282	0.500000
3.204470	8.185611	0.556717	0.500000
7.712227	9.364239	1.822773	0.500000
6.102164	2.803862	0.719749	0.500000
6.648483	6.160260	2.360288	0.500000
4.826566	0.962813	2.180372	0.500000
3.110340	0.441312	1.479598	0.500000
1.528622	5.098005	0.778802	0.500000
8.702351	6.294660	2.794885	0.500000
3.948940	5.524589	1.005148	0.500000
6.543595	5.898504	1.399253	0.500000
11.493211	0.639834	1.874695	0.500000
3.480631	3.533561	4.373451	0.500000
7.745717	11.234764	0.829792	0.500000
8.073364	8.131670	3.374111	0.500000
1.971279	2.319056	1.418900	0.500000
0.298342	8.198096	0.585784	0.500000
4.913070	10.722972	2.476650	0.500000
8.371421	9.142614	3.394620	0.500000
3.198552	5.008693	3.014789	0.500000
8.118712	4.087701	3.393656	0.500000
13.073349	5.061324	3.545075	0.500000
2.578817	2.017053	4.396795	0.500000
2.843089	1.746506	1.462402	0.500000
4.156714	10.538371	1.710291	0.500000
4.679882	12.449713	0.971165	0.500000
1.608746	11.741824	2.105036	0.500000
2.321086	9.698409	3.532506	0.500000
6.564142	4.030735	3.931966	0.500000
6.416821	4.956144	1.879364	0.500000
8.114335	1.933660	3.595057	0.500000
4.947988	5.435122	4.244123	0.500000
1.696481	10.097971	2.438883	0.500000
7.178789	11.879156	3.280457	0.500000
1.926533	6.072074	1.847937	0.500000
7.240880	3.889608	1.550674	0.500000
13.122567	1.332354	0.564579	0.500000
4.052750	1.921175	0.572626	0.500000
7.508016	11.876741	4.490025	0.500000
10.691666	5.020897	0.784118	0.500000
9.477175	5.718896	4.320000	0.500000
7.053861	8.400388	1.578859	0.500000
5.463837	13.120515	4.496738	0.500000
4.953314	11.639165	3.531823	0.500000
9.625016	7.810062	3.608616	0.500000
6.588217	9.299137	1.735394	0.500000
5.350336	5.947473	0.847535	0.500000
11.586142	10.448234	1.116036	0.500000
12.145127	11.155158	3.777446	0.500000
6.482269	7.221448	1.284700	0.500000
6.573607	6.413714	3.345772	0.500000
12.072357	9.452679	1.653203	0.500000
1.763632	1.656833	3.873825	0.500000
13.016164	11.924837	2.217189	0.500000
8.627913	1.103081	4.442766	0.500000
10.285233	4.012440	0.589735	0.500000
12.531103	3.854194	4.487501	0.500000
1.469902	10.978172	0.546538	0.500000
10.521033	8.252538	3.681234	0.500000
12.200876	12.150916	3.358711	0.500000
5.717224	7.958782	4.453390	0.500000
4.026127	11.337976	0.741194	0.500000
8.258580	10.559819	2.623905	0.500000
10.333444	9.262637	0.800695	0.500000
4.537161	9.119303	1.084986	0.500000
0.665297	6.965895	0.643237	0.500000
0.962301	6.249065	4.325828	0.500000
2.113417	2.978451	3.554843	0.500000
10.037771	11.198327	4.314749	0.500000
3.982163	10.314674	3.806661	0.500000
8.858214	6.655478	0.725614	0.500000
3.755821	1.789785	3.389729	0.500000
2.993064	3.864109	3.482445	0.500000
3.898956	4.085495	2.034281	0.500000
9.213184	6.810452	3.915330	0.500000
3.070842	3.455415	1.756726	0.500000
7.983045	2.692352	4.279733	0.500000
8.464122	5.134492	3.198806	0.500000
6.035060	0.274160	3.195489	0.500000
7.426803	5.288385	4.422761	0.500000
12.825573	8.972082	0.504747	0.500000
7.536674	12.834565	3.730476	0.500000
5.158590	8.561294	3.213129	0.500000
3.919269	1.405338	1.449416	0.500000
5.889506	4.984143	0.886370	0.500000
11.700910	4.311455	4.019718	0.500000
8.741065	9.294680	4.379715	0.500000
8.754029	9.670521	1.977353	0.500000
4.490249	10.076366	0.501813	0.500000
5.857321	2.101883	1.436664	0.500000
9.767637	9.522663	1.585324	0.500000
8.789269	0.639144	1.964719	0.500000
4.444992	1.045875	4.395078	0.500000
9.769666	1.491834	4.477757	0.500000
5.913583	10.521576	4.371960	0.500000
8.039870	12.643553	2.828875	0.500000
6.813761	2.770615	4.281997	0.500000
7.447145	4.886327	2.140133	0.500000
9.267733	12.808087	2.168599	0.500000
4.774030	5.423117	1.778279	0.500000
5.862505	10.951313	1.838629	0.500000
0.675666	3.852613	4.486535	0.500000
10.224365	6.098874	0.831221	0.500000
12.874841	11.716141	4.246833	0.500000
7.274893	8.947472	0.514431	0.500000
5.641341	6.409576	1.814471	0.500000
7.878662	2.250276	0.682016	0.500000
7.883706	7.331985	4.197901	0.500000
13.098228	9.556416	4.381410	0.500000
4.110852	8.952055	4.298546	0.500000
10.640924	10.633877	3.730234	0.500000
8.719059	0.723668	0.792388	0.500000
0.679854	8.536178	4.117672	0.500000
7.003632	7.624093	3.810501	0.500000
1.391873	9.841488	1.170273	0.500000
8.169908	3.215240	2.418765	0.500000
12.446179	11.997871	1.228297	0.500000
2.522556	7.404753	4.203909	0.500000
8.863607	7.835656	0.733132	0.500000
6.776802	11.500401	1.148883	0.500000
4.246303	6.448546	0.694399	0.500000
9.668033	12.039880	1.602198	0.500000
12.020158	9.188708	3.299827	0.500000
5.647385	7.351153	0.693204	0.500000
0.985308	10.699261	1.957341	0.500000
3.725898	9.729407	1.309029	0.500000
9.917279	11.711200	3.215077	0.500000
10.171965	1.170296	2.813089	0.500000
3.006674	9.577450	2.767975	0.500000
3.051382	5.489704	3.966990	0.500000
6.382046	9.379225	4.368742	0.500000
11.605823	3.678733	1.980698	0.500000
9.056002	9.800134	3.039316	0.500000
7.653796	1.480963	2.666181	0.500000
2.270532	2.909516	2.216750	0.500000
3.830065	3.587747	2.964554	0.500000
3.773620	2.248902	4.492779	0.500000
9.953056	4.076884	4.401363	0.500000
8.478416	12.499673	3.853922	0.500000
0.561288	0.765606	2.474910	0.500000
3.619489	7.261717	2.760516	0.500000
11.181503	3.310979	1.131347	0.500000
1.021218	8.962371	1.493997	0.500000
5.498124	8.535594	1.659727	0.500000
0.114335	12.937742	2.426978	0.500000
0.501245	3.028412	0.767212	0.500000
10.777577	0.035736	4.445883	0.500000
10.390440	2.905408	2.249656	0.500000
4.623225	2.782516	4.234577	0.500000
2.908823	2.102574	2.692549	0.500000
4.085994	12.728202	1.902357	0.500000
7.034639	10.284377	1.887201	0.500000
8.571808	7.324415	2.825028	0.500000
7.374405	8.759819	4.157045	0.500000
7.499166	5.223072	1.091164	0.500000
9.190020	0.303758	2.970223	0.500000
7.665978	0.510163	4.407670	0.500000
2.463307	6.837478	0.803836	0.500000
10.782785	5.812746	1.884513	0.500000
1.789352	8.481668	4.481583	0.500000
9.645015	1.101295	0.837148	0.500000
2.427676	12.600941	2.410030	0.500000
0.786272	1.959557	1.930367	0.500000
11.798247	11.392644	0.737015	0.500000
9.205581	4.278469	1.128356	0.500000
1.837132	11.952006	0.938629	0.500000
11.968489	7.629599	1.864793	0.500000
11.786370	8.487575	1.264020	0.500000
5.321053	7.414458	3.650429	0.500000
9.455471	9.837790	0.550012	0.500000
1.095194	4.144963	3.522447	0.500000
8.393436	3.554612	1.371194	0.500000
7.523202	8.341688	2.483690	0.500000
8.355421	12.539912	1.569731	0.500000
8.581283	11.392071	3.472431	0.500000
11.214261	3.250605	4.482672	0.500000
10.031513	12.455989	0.584150	0.500000
6.740550	11.268324	4.191467	0.500000
10.520980	7.694830	0.500397	0.500000
6.784117	12.820759	2.739541	0.500000
7.234740	6.621965	0.500897	0.500000
11.048422	11.416738	3.105282	0.500000
5.484174	5.094438	3.328118	0.500000
7.938349	2.214077	1.766415	0.500000
0.229514	12.866361	4.427155	0.500000
13.037617	0.166636	3.357590	0.500000
3.570493	4.212113	0.981608	0.500000
1.316335	11.056820	3.001092	0.500000
5.608681	2.568101	4.491759	0.500000
6.284052	4.527604	3.035813	0.500000
0.552574	9.376486	0.553746	0.500000
2.651841	10.338202	2.177710	0.500000
2.464798	6.923523	2.518735	0.500000
9.802140	0.420470	4.475519	0.500000
5.236289	9.895120	1.633420	0.500000
3.984593	0.633094	0.753810	0.500000
8.882710	1.811644	0.529273	0.500000
0.008713	3.319940	3.675775	0.500000
10.335782	3.002887	0.652517	0.500000
8.584732	4.567809	2.141807	0.500000
3.947244	11.100135	2.754726	0.500000
0.092032	6.247180	1.153644	0.500000
0.359770	4.437894	0.929164	0.500000
10.643624	4.352442	1.556203	0.500000
9.485002	1.941092	2.171038	0.500000
8.968802	2.276841	4.396223	0.500000
10.472474	0.485042	0.557286	0.500000
8.410918	5.535648	0.527343	0.500000
6.620316	1.781108	2.917507	0.500000
4.788008	2.478588	1.006948	0.500000
5.305225	2.146599	3.626651	0.500000
7.631560	12.509450	0.538071	0.500000
6.748218	12.534368	1.735482	0.500000
2.289394	11.144421	4.360676	0.500000
1.335791	9.383416	4.436530	0.500000
9.872064	10.786927	1.428617	0.500000
4.459978	7.835638	3.224267	0.500000
12.482818	6.882012	1.170168	0.500000
4.875931	7.621416	2.038142	0.500000
2.625418	4.131306	0.552443	0.500000
6.830812	7.414475	2.577822	0.500000
8.373522	5.598499	2.146850	0.500000
12.378208	3.165466	1.088760	0.500000
7.521252	3.281425	3.517141	0.500000
13.200853	0.033633	0.597437	0.500000
12.828606	7.026939	2.327144	0.500000
11.414320	12.758128	3.507821	0.500000
0.230573	10.547100	4.272681	0.500000
0.705999	5.748099	2.321438	0.500000
0.741351	0.875556	0.888433	0.500000
7.556243	10.902231	3.275812	0.500000
8.707265	4.000720	4.313745	0.500000
11.695660	8.596575	2.260837	0.500000
10.622037	6.315177	3.944955	0.500000
7.323703	0.576727	3.144046	0.500000
10.638468	12.412388	2.207424	0.500000
10.495752	2.280590	3.833247	0.500000
0.360433	5.977100	3.525524	0.500000
13.132443	7.790215	4.313163	0.500000
7.711781	0.258408	0.999526	0.500000
3.017511	5.977924	0.798053	0.500000
11.951366	0.359011	2.821352	0.500000
4.713345	9.176938	2.099012	0.500000
0.341209	10.910186	0.605606	0.500000
6.330845	11.315254	2.949120	0.500000
6.782086	2.769914	1.483125	0.500000
0.484280	8.097356	2.050621	0.500000
1.673200	2.657141	4.468366	0.500000
4.601432	4.770540	0.569127	0.500000
0.891029	9.048727	2.577072	0.500000
11.397861	2.699571	3.274797	0.500000
12.419504	8.678555	4.457711	0.500000
11.620117	2.144927	1.799350	0.500000
8.282180	4.565092	0.782999	0.500000
10.764642	7.368584	4.196442	0.500000
8.715119	8.261700	4.281708	0.500000
1.987191	0.996795	1.880456	0.500000
0.433946	12.204303	3.123883	0.500000
8.355132	8.355810	1.468193	0.500000
2.802159	11.510797	2.370906	0.500000
2.695080	10.999872	0.625847	0.500000
3.246019	8.854643	1.530072	0.500000
7.461091	6.298941	1.533807	0.500000
12.004561	5.083200	0.643192	0.500000
0.221289	0.758723	4.181238	0.500000
2.879653	8.358757	3.994500	0.500000
11.267869	1.463425	1.096277	0.500000
6.410491	8.334304	2.829411	0.500000
10.688732	5.266096	4.212169	0.500000
6.562405	0.655112	0.551511	0.500000
12.814113	2.197973	3.882247	0.500000
1.420944	12.721239	4.490870	0.500000
10.251032	3.278604	3.496918	0.500000
1.262187	11.855396	3.984912	0.500000
4.548253	2.249537	2.843535	0.500000
4.137401	6.014842	2.698839	0.500000
12.026168	2.481487	4.473401	0.500000
1.460293	5.820421	3.416771	0.500000
10.898255	9.039488	3.071532	0.500000
12.647748	5.900911	2.998043	0.500000
7.729664	11.249236	2.117988	0.500000
5.219779	13.085897	1.557100	0.500000
10.052353	9.795565	2.909010	0.500000
5.335389	8.454341	0.513872	0.500000
13.078194	3.648617	2.678124	0.500000
12.205868	2.887907	2.497020	0.500000
4.173015	9.980420	2.774043	0.500000
2.059708	12.092902	3.212314	0.500000
2.833440	2.402177	0.500703	0.500000
6.542017	6.892455	4.476257	0.500000
1.803186	0.801121	2.887150	0.500000
1.976024	10.637193	1.410269	0.500000
3.763761	4.893073	4.448667	0.500000
2.150361	8.198053	2.241404	0.500000
9.436831	5.310901	0.545313	0.500000
7.080918	2.675117	2.450184	0.500000
5.689044	4.488109	4.132152	0.500000
9.406644	3.324859	1.945524	0.500000
11.900779	1.735029	3.545092	0.500000
7.327819	10.113928	4.371165	0.500000
4.827635	12.807403	3.771672	0.500000
0.238523	10.540783	2.962274	0.500000
4.569049	3.958721	4.389317	0.500000
8.270853	11.194921	4.453254	0.500000
4.154852	12.331041	2.978844	0.500000
9.640733	8.965638	4.035887	0.500000
10.089025	4.822640	2.497741	0.500000
3.419600	11.254167	4.485504	0.500000
3.202182	2.764607	3.577661	0.500000
9.354560	10.375011	4.134953	0.500000
12.418992	13.084447	4.367174	0.500000
1.917593	3.118612	0.565635	0.500000
6.431113	3.043986	3.138280	0.500000
5.492880	10.518794	3.328423	0.500000
12.868849	5.368837	2.024433	0.500000
11.106544	6.666883	1.453567	0.500000
11.670621	2.477651	0.828367	0.500000
7.643940	7.032430	3.115054	0.500000
11.658881	9.387739	0.560140	0.500000
2.960850	6.133721	1.825161	0.500000
1.230092	0.789729	4.271962	0.500000
1.894244	3.988045	4.339322	0.500000
3.753909	3.155979	1.040935	0.500000
9.229381	4.112280	3.245338	0.500000
10.565614	7.564664	1.595076	0.500000
1.885701	8.760113	3.130267	0.500000
6.039322	9.602823	0.826817	0.500000
10.950505	3.933532	2.839133	0.500000
12.688705	9.984967	0.592487	0.500000
9.134423	7.704722	2.076628	0.500000
2.891367	11.947350	1.219473	0.500000
7.331677	10.195339	0.544932	0.500000
12.771599	10.916289	1.554798	0.500000
0.124642	9.776776	1.448311	0.500000
12.522655	2.104037	1.247069	0.500000
6.250047	10.917564	0.508013	0.500000
8.746817	3.116901	3.342165	0.500000
1.400482	3.882122	2.548460	0.500000
2.232379	1.044165	0.770721	0.500000
0.831599	11.955995	1.194486	0.500000
9.255329	11.080133	0.568897	0.500000
7.638472	7.360649	1.863829	0.500000
4.844655	6.477754	3.270898	0.500000
0.533441	7.110152	3.072273	0.500000
5.735238	3.472446	1.442878	0.500000
2.062168	8.750590	0.621583	0.500000
5.729686	7.321872	2.629285	0.500000
12.419326	11.119836	2.676723	0.500000
12.147456	5.981431	1.670785	0.500000
1.417898	7.564920	1.338784	0.500000
9.989378	5.222340	1.505678	0.500000
4.792475	11.039209	4.407118	0.500000
13.017385	1.773560	2.907833	0.500000
9.597139	8.718448	2.704812	0.500000
5.122049	11.182485	0.902533	0.500000
5.020142	0.972026	1.102505	0.500000
11.758506	12.420185	2.394890	0.500000
10.492433	8.573642	1.952715	0.500000
1.184926	2.195861	0.635687	0.500000
2.528835	9.660193	1.010357	0.500000
1.721673	4.655155	1.743922	0.500000
6.422375	1.219904	1.632353	0.500000
2.351409	10.828640	3.355673	0.500000
9.518283	10.730686	3.084016	0.500000
0.277062	8.170654	3.043747	0.500000
11.004797	11.174047	2.123889	0.500000
9.265447	1.341977	3.356920	0.500000
0.454793	4.502968	2.714510	0.500000
