500

0.449542	7.557740	1.738621	0.500000
1.968262	11.241820	4.271302	0.500000
4.577959	6.183757	0.561809	0.500000
0.664204	4.771706	3.982417	0.500000
5.277880	1.701627	1.273281	0.500000
10.199524	4.870779	0.541989	0.500000
0.405542	3.142830	0.540719	0.500000
2.569703	9.913710	4.434222	0.500000
11.087542	0.697231	2.532057	0.500000
4.283203	10.388371	1.588709	0.500000
9.398522	0.550663	3.509772	0.500000
12.295762	2.150586	3.733888	0.500000
0.056345	6.129345	4.390583	0.500000
6.581179	4.730488	1.883526	0.500000
0.384408	3.900793	4.430170	0.500000
5.261631	6.714695	1.088158	0.500000
0.789622	13.043533	0.512685	0.500000
4.077115	7.816349	2.008622	0.500000
10.304288	0.153057	3.166436	0.500000
2.024761	2.047366	3.679814	0.500000
12.988287	8.783278	0.811070	0.500000
10.433107	3.241648	0.531608	0.500000
8.245165	11.875267	2.609563	0.500000
8.131519	8.858344	3.913902	0.500000
8.650237	10.201304	2.981416	0.500000
11.655880	4.257530	4.252828	0.500000
0.283377	5.520895	0.572689	0.500000
5.602009	12.055878	3.281249	0.500000
2.570975	5.172397	1.074848	0.500000
7.065624	11.746205	0.798868	0.500000
3.957107	11.942437	1.080962	0.500000
9.487760	12.920337	2.294037	0.500000
4.131859	9.249331	3.345069	0.500000
1.204853	12.365631	1.660973	0.500000
5.317093	11.333545	4.014673	0.500000
2.434180	2.208582	1.560634	0.500000
3.752922	2.485040	1.481440	0.500000
6.744499	7.712688	3.161190	0.500000
6.818775	9.249887	2.279323	0.500000
12.825840	0.260301	3.355097	0.500000
6.904372	0.905622	3.270455	0.500000
3.277179	12.625425	2.636052	0.500000
3.094943	2.150490	3.233669	0.500000
1.663636	9.839249	3.492627	0.500000
9.180192	10.933460	4.462369	0.500000
8.904864	9.655720	0.656081	0.500000
7.033265	5.295797	4.000770	0.500000
4.741213	7.345297	0.510252	0.500000
0.654043	9.999972	0.933025	0.500000
1.560245	3.090129	3.346908	0.500000
3.471180	7.272052	3.385218	0.500000
7.322797	8.871878	3.133470	0.500000
0.832801	11.403896	4.293735	0.500000
8.961799	2.590241	3.995375	0.500000
2.357001	0.145156	4.474225	0.500000
10.214878	4.580934	3.557695	0.500000
4.444844	0.803566	1.445972	0.500000
4.139520	10.868092	2.686040	0.500000
3.962131	8.293767	0.641385	0.500000
10.435860	2.011417	0.535264	0.500000
3.374615	4.629005	2.425601	0.500000
7.192057	3.282472	3.278550	0.500000
11.113769	7.070643	0.614671	0.500000
10.377660	0.579327	1.693100	0.500000
6.807607	2.660482	0.660238	0.500000
9.505285	2.173733	2.981232	0.500000
11.936424	3.599823	3.506367	0.500000
8.989029	7.889503	3.560349	0.500000
12.770513	3.776647	2.754123	0.500000
12.937089	3.021534	3.613584	0.500000
4.487005	5.982820	4.383581	0.500000
8.002384	6.794306	2.190484	0.500000
3.421677	2.059819	4.245382	0.500000
7.932383	9.708523	2.357448	0.500000
5.810715	7.469915	1.789492	0.500000
5.408486	11.043492	1.866784	0.500000
7.543995	6.236426	3.421638	0.500000
3.452491	10.787909	3.434010	0.500000
0.299380	0.501214	4.312458	0.500000
2.463331	7.661894	0.563482	0.500000
9.139388	3.464730	2.679990	0.500000
0.194737	1.849332	3.308685	0.500000
7.980478	5.059111	1.126678	0.500000
4.311447	5.995162	3.186429	0.500000
5.522004	4.562398	4.408954	0.500000
8.569170	7.802961	0.657501	0.500000
12.639590	6.196305	0.508423	0.500000
1.070416	1.313585	2.791978	0.500000
1.708288	8.078038	1.216685	0.500000
5.593021	1.776416	4.229513	0.500000
9.462941	10.867673	0.935692	0.500000
5.186298	10.689380	0.631686	0.500000
9.986596	0.474306	0.722440	0.500000
2.420843	4.658534	2.022861	0.500000
11.380411	7.227547	4.390689	0.500000
9.420828	4.162002	2.016236	0.500000
4.556719	0.656353	3.357683	0.500000
6.821655	12.655057	4.276097	0.500000
6.176955	11.125542	0.832781	0.500000
12.867510	10.807911	4.456783	0.500000
5.828553	8.766624	0.900265	0.500000
4.499947	2.163979	0.526168	0.500000
8.905449	4.592613	0.714283	0.500000
0.227017	1.248325	2.211440	0.500000
11.097930	0.339598	0.502512	0.500000
7.265744	10.656741	1.481707	0.500000
1.488889	3.886218	0.640499	0.500000
1.719042	11.373409	2.537719	0.500000
7.791428	3.507418	2.304925	0.500000
4.413389	2.008020	4.443905	0.500000
4.704779	5.070997	3.095697	0.500000
0.327025	10.662594	3.636869	0.500000
3.439326	6.266580	0.654004	0.500000
9.846662	7.670243	4.268872	0.500000
6.002132	11.968859	4.470475	0.500000
11.796899	6.353194	1.200798	0.500000
12.882417	5.153394	4.377964	0.500000
12.151190	9.856038	4.232267	0.500000
9.866673	6.765330	2.347770	0.500000
6.045443	3.811066	1.708233	0.500000
12.789793	9.222038	3.759851	0.500000
0.795088	11.375532	2.982802	0.500000
5.485972	3.039976	1.117493	0.500000
1.860094	11.553639	1.516804	0.500000
7.521210	3.588324	0.835796	0.500000
5.823456	5.038578	3.419448	0.500000
1.660239	12.353172	4.271348	0.500000
2.937860	6.497489	2.839652	0.500000
12.405448	9.607580	1.485615	0.500000
5.556169	5.874837	2.882876	0.500000
9.612866	7.733554	0.590294	0.500000
0.622804	11.633945	0.692338	0.500000
7.832939	1.172187	4.082318	0.500000
11.450612	11.383200	1.183838	0.500000
0.874346	5.934452	3.531639	0.500000
4.114498	12.952879	3.999419	0.500000
1.859442	12.846349	0.944131	0.500000
5.697808	5.544485	0.788202	0.500000
7.153260	12.893143	2.765890	0.500000
2.310008	12.235012	2.399691	0.500000
10.381737	4.998049	4.466931	0.500000
1.579305	6.152101	1.655055	0.500000
11.822359	6.018493	3.467976	0.500000
6.188156	0.899970	0.516006	0.500000
6.935054	10.476109	0.520555	0.500000
0.039142	8.479347	1.927320	0.500000
13.208312	10.645936	0.520756	0.500000
12.809373	4.552944	1.721807	0.500000
12.560511	5.131530	3.185251	0.500000
9.058119	8.215392	1.967319	0.500000
8.120558	8.927366	0.503364	0.500000
1.442579	1.743420	1.650606	0.500000
1.785590	3.010693	4.361741	0.500000
11.703396	5.561583	4.372417	0.500000
9.865387	5.896684	4.499887	0.500000
2.915571	12.046655	4.083314	0.500000
12.982002	7.268868	0.815683	0.500000
11.238465	10.696701	2.652072	0.500000
0.275186	3.692614	1.576094	0.500000
1.621497	5.432734	4.078190	0.500000
11.155463	4.112208	2.862331	0.500000
6.659995	0.018980	0.589150	0.500000
7.562910	1.191146	1.962958	0.500000
11.781926	12.442956	4.398830	0.500000
1.208583	2.678369	2.498388	0.500000
5.104031	1.549318	3.360489	0.500000
10.505706	6.974610	1.447782	0.500000
12.857380	1.434534	4.371207	0.500000
9.491158	11.500861	2.418778	0.500000
2.966100	12.423302	1.198305	0.500000
2.509278	0.107475	3.069687	0.500000
6.744169	0.884743	4.469848	0.500000
0.362042	13.008124	2.762130	0.500000
7.937178	3.438975	4.387410	0.500000
0.231000	7.851383	4.090100	0.500000
12.036728	7.432415	2.243073	0.500000
5.337736	0.202688	1.873260	0.500000
11.806148	0.604079	3.301383	0.500000
9.061484	7.423498	2.647783	0.500000
5.746237	7.819490	2.823497	0.500000
3.637464	6.328402	3.916917	0.500000
10.132759	10.375068	2.678720	0.500000
11.376383	2.350251	1.704840	0.500000
4.463787	7.557631	3.348543	0.500000
9.976619	9.786779	1.678066	0.500000
8.959283	12.915095	1.388337	0.500000
5.904227	10.642891	2.902254	0.500000
6.436264	4.075195	4.115494	0.500000
2.896870	9.616610	0.655570	0.500000
10.316142	12.357702	3.345505	0.500000
9.248443	1.129065	1.099604	0.500000
2.259005	6.223660	0.550383	0.500000
3.795842	1.149171	2.222351	0.500000
0.184420	2.595168	1.527625	0.500000
7.187027	7.448403	0.505598	0.500000
10.261160	4.512708	2.553592	0.500000
6.387254	12.812990	1.753037	0.500000
3.317099	9.212683	4.236910	0.500000
5.662334	3.031561	2.306730	0.500000
1.316003	1.876645	0.585885	0.500000
7.722381	6.201154	4.488434	0.500000
11.559344	11.361901	3.435527	0.500000
10.694538	1.537191	3.046036	0.500000
8.903888	1.502511	4.184330	0.500000
4.819958	11.681856	0.638235	0.500000
12.434944	12.103642	1.673807	0.500000
12.566283	4.384235	0.682698	0.500000
12.375455	3.095136	1.944869	0.500000
10.917366	2.664126	3.327737	0.500000
1.308678	0.458224	1.776830	0.500000
10.013099	12.752334	1.133174	0.500000
11.650251	12.828640	2.658885	0.500000
10.072994	3.166501	4.482090	0.500000
7.842599	13.203905	4.496392	0.500000
3.627944	1.326794	0.562281	0.500000
2.040220	2.880989	0.683782	0.500000
9.673236	5.892319	3.107389	0.500000
9.356999	5.145241	3.721145	0.500000
1.111285	7.233404	1.027886	0.500000
12.733803	11.893663	4.445345	0.500000
3.682559	3.666985	4.320851	0.500000
3.247980	0.933124	3.107715	0.500000
6.488956	2.509258	4.472561	0.500000
10.720374	3.882325	4.131748	0.500000
10.521603	11.413150	2.992486	0.500000
12.202365	7.988142	1.262496	0.500000
5.969651	4.098208	0.685872	0.500000
13.062577	2.510136	2.540548	0.500000
10.994007	9.613417	4.338863	0.500000
10.852574	12.259412	0.654141	0.500000
5.118255	12.922338	4.038239	0.500000
5.244657	9.763047	1.236347	0.500000
6.816193	1.874690	1.364479	0.500000
7.259287	7.974763	1.370379	0.500000
11.463568	4.592083	1.649946	0.500000
1.645460	0.859264	3.667822	0.500000
0.609136	6.201511	2.305204	0.500000
4.931995	11.627401	2.589253	0.500000
7.927086	10.163534	0.771814	0.500000
2.306917	1.325290	4.363840	0.500000
9.404660	5.713209	1.009163	0.500000
10.218575	11.135720	1.695199	0.500000
8.134896	9.876068	4.293299	0.500000
4.708278	12.497655	3.077907	0.500000
3.264917	11.361760	1.778047	0.500000
5.303920	4.216760	3.134185	0.500000
4.873483	12.351671	1.615411	0.500000
6.711737	6.476538	2.700336	0.500000
7.471374	12.274563	1.712414	0.500000
9.865530	0.906989	4.337162	0.500000
4.970018	8.477461	1.416098	0.500000
2.355050	7.165030	1.461986	0.500000
12.294553	0.107768	4.432831	0.500000
11.813293	5.421159	0.655148	0.500000
1.761698	9.008252	0.574025	0.500000
10.594777	7.558072	3.061817	0.500000
12.395725	12.418065	3.560259	0.500000
7.695919	5.510051	1.985036	0.500000
10.529531	3.364766	2.481602	0.500000
12.612355	3.290727	0.583625	0.500000
8.966981	2.736078	1.451520	0.500000
2.720717	11.340567	2.962578	0.500000
3.347837	5.240792	3.389114	0.500000
12.073462	1.632518	1.561996	0.500000
8.805738	6.483205	3.239113	0.500000
10.654971	8.154562	2.176541	0.500000
2.664207	3.501510	1.654865	0.500000
2.555313	8.108225	2.201097	0.500000
11.116053	9.482560	1.604787	0.500000
7.939341	2.266739	4.375250	0.500000
7.388363	2.108056	3.409182	0.500000
1.183170	2.058257	4.428098	0.500000
7.500761	7.332456	3.730609	0.500000
3.632901	5.695211	2.111498	0.500000
3.512310	5.065983	0.706211	0.500000
11.153800	7.974482	1.286925	0.500000
5.588841	7.772835	3.926120	0.500000
8.450940	8.744712	2.936702	0.500000
10.125587	5.945171	1.706886	0.500000
5.632317	9.752471	3.785121	0.500000
12.091793	9.843906	2.502612	0.500000
9.253009	8.567374	4.371098	0.500000
0.683468	2.952803	3.898606	0.500000
3.219032	8.120205	1.432109	0.500000
6.077882	9.688925	0.543100	0.500000
11.503083	3.588217	1.801198	0.500000
8.389698	1.778741	1.579986	0.500000
10.760295	5.825513	4.006119	0.500000
10.725046	8.430774	3.693572	0.500000
9.448380	10.912894	3.337139	0.500000
0.304806	5.008941	2.559699	0.500000
7.837751	12.834626	3.514261	0.500000
8.140991	10.920648	3.948661	0.500000
2.940760	9.469086	1.968816	0.500000
8.771419	4.138572	3.413519	0.500000
9.850609	9.751604	4.267240	0.500000
5.956567	0.041873	2.653813	0.500000
10.275732	4.084778	1.383022	0.500000
10.464757	1.571086	1.894365	0.500000
2.508639	11.583925	0.571811	0.500000
12.672333	11.417064	3.514017	0.500000
11.920929	1.502158	2.792845	0.500000
5.786723	12.194562	0.604413	0.500000
0.279014	11.989005	1.613075	0.500000
3.945122	10.879819	0.526302	0.500000
2.719220	5.676662	4.367335	0.500000
10.931075	12.932484	4.013173	0.500000
3.855574	10.213973	4.415782	0.500000
8.485778	2.605907	0.529079	0.500000
2.032757	3.599177	2.556300	0.500000
10.728569	5.749652	0.619713	0.500000
8.353547	0.663576	3.191230	0.500000
4.388936	12.698694	0.576044	0.500000
11.819783	7.008612	3.199026	0.500000
11.942873	8.782917	2.128242	0.500000
7.287775	11.470866	3.733274	0.500000
12.646512	12.506863	0.561230	0.500000
7.307774	10.498955	3.445681	0.500000
8.788944	10.290577	1.606494	0.500000
3.009192	3.769164	0.538440	0.500000
1.109083	6.224666	0.587824	0.500000
11.671602	8.719153	0.829544	0.500000
6.423539	6.792406	0.547947	0.500000
7.765119	4.265023	3.201649	0.500000
11.634745	1.380390	4.464296	0.500000
3.415056	8.665240	2.614322	0.500000
1.950852	6.384180	3.729322	0.500000
4.655874	5.087960	0.639371	0.500000
3.017196	10.931835	4.325594	0.500000
8.093495	12.529040	0.576490	0.500000
9.809839	6.728466	3.688076	0.500000
4.183042	4.391193	1.238548	0.500000
2.525146	8.148485	4.398512	0.500000
0.829822	8.574988	0.812524	0.500000
4.461538	3.383630	3.717499	0.500000
4.060412	3.148153	0.523674	0.500000
1.181103	4.861521	0.531900	0.500000
8.479175	6.667375	1.235390	0.500000
8.351022	3.170440	3.229010	0.500000
9.130971	12.249872	3.620481	0.500000
7.105057	10.349862	2.446444	0.500000
2.159519	2.286326	2.701508	0.500000
9.559310	6.820015	0.999951	0.500000
4.371484	2.718112	2.670977	0.500000
4.573820	8.495260	2.657620	0.500000
8.725663	6.747578	4.364728	0.500000
3.081085	3.205422	2.632803	0.500000
10.340369	12.141048	4.488826	0.500000
10.257250	11.143982	4.269819	0.500000
13.161070	10.350033	1.753878	0.500000
4.600146	10.416586	3.502625	0.500000
3.390180	7.268784	0.652053	0.500000
8.177260	5.406535	3.533223	0.500000
4.126527	1.824597	3.219619	0.500000
12.920907	5.696683	1.740272	0.500000
7.701440	8.108384	4.425811	0.500000
8.699026	5.485707	4.441786	0.500000
11.818802	0.488498	1.320140	0.500000
7.980119	8.364713	2.108832	0.500000
0.954196	3.943923	3.093715	0.500000
8.035493	7.650039	2.843906	0.500000
6.484541	11.510087	3.009800	0.500000
12.557354	2.075730	0.695630	0.500000
6.779924	7.298995	4.430649	0.500000
9.243829	3.356040	0.521575	0.500000
1.349727	8.954538	2.240398	0.500000
5.253002	5.242774	1.960250	0.500000
4.358381	11.183166	4.353432	0.500000
1.870052	7.542997	3.040138	0.500000
5.252636	0.345005	0.828465	0.500000
5.273383	3.392665	4.403751	0.500000
10.311487	8.908118	1.110057	0.500000
11.209107	12.354819	1.631432	0.500000
1.317847	5.244164	2.923153	0.500000
5.823985	6.277322	4.276290	0.500000
6.535479	6.724948	1.732769	0.500000
8.487417	13.144954	2.395635	0.500000
9.279887	8.616639	1.031399	0.500000
0.791026	11.106247	1.804755	0.500000
8.180950	11.065405	1.261669	0.500000
4.882341	6.415616	2.211514	0.500000
6.214888	1.066749	2.073739	0.500000
11.221069	5.231955	3.064565	0.500000
2.458726	1.038324	2.261682	0.500000
9.022337	9.477377	2.161998	0.500000
1.522300	0.750207	0.818875	0.500000
9.663719	3.719278	3.596434	0.500000
2.228208	12.413229	3.440094	0.500000
4.176925	6.939392	1.530273	0.500000
2.452874	10.296553	2.487446	0.500000
7.146581	0.295800	1.600121	0.500000
12.907369	10.812452	2.713999	0.500000
7.117702	8.968547	4.439632	0.500000
1.283471	2.932107	1.367627	0.500000
8.518313	5.668058	0.500649	0.500000
0.627843	8.741631	4.346915	0.500000
6.221195	0.253170	3.722869	0.500000
1.382514	7.383029	2.077581	0.500000
10.122382	1.955790	4.047805	0.500000
8.345624	1.464949	0.518086	0.500000
1.060468	8.651661	3.336340	0.500000
2.345596	8.416218	3.150557	0.500000
2.700511	1.160220	1.003982	0.500000
8.978116	11.863145	1.576543	0.500000
4.910203	10.142812	4.430948	0.500000
11.606665	9.882446	0.645539	0.500000
12.145761	6.021505	2.414990	0.500000
12.443865	8.209390	4.455781	0.500000
0.325685	6.453740	1.374759	0.500000
3.298291	4.726231	4.294589	0.500000
8.074190	4.593032	4.422693	0.500000
4.275108	9.645664	0.816691	0.500000
13.007918	11.969247	2.672139	0.500000
6.395397	10.893604	4.033806	0.500000
2.831442	6.260274	1.601549	0.500000
2.434564	0.258384	1.518969	0.500000
0.984264	13.068698	3.607720	0.500000
0.365911	4.214216	0.589241	0.500000
4.407360	5.658390	1.463413	0.500000
0.666080	10.065472	2.871647	0.500000
7.262743	1.037591	0.622684	0.500000
4.223059	3.461766	1.618968	0.500000
5.848783	6.870704	3.229461	0.500000
12.641797	6.665237	1.810569	0.500000
6.841309	5.586743	0.636240	0.500000
11.567996	11.026363	4.399183	0.500000
9.849638	2.180145	1.373275	0.500000
12.273084	8.149002	3.366959	0.500000
8.616889	4.900305	2.539781	0.500000
2.372288	5.637365	2.508455	0.500000
6.656500	4.017775	2.691567	0.500000
4.624242	9.763530	2.305543	0.500000
9.580852	12.957031	4.247625	0.500000
3.638474	3.858585	3.166750	0.500000
5.025633	3.802317	0.502679	0.500000
9.555633	12.104797	0.516400	0.500000
6.511763	11.365709	1.807129	0.500000
2.360699	10.554224	3.650714	0.500000
6.327738	8.584853	3.772653	0.500000
3.437735	9.843649	2.754662	0.500000
6.310003	1.955281	2.775418	0.500000
11.484700	2.624004	0.641467	0.500000
6.508790	5.439343	2.748350	0.500000
4.470830	0.633649	4.446181	0.500000
6.324388	10.174600	1.622826	0.500000
10.356847	11.180442	0.591329	0.500000
1.630980	4.299509	4.419098	0.500000
4.101924	7.058681	4.450056	0.500000
12.612103	3.676068	4.380364	0.500000
8.279815	1.654338	3.057414	0.500000
11.524797	9.182163	3.592168	0.500000
11.553988	1.304329	0.525357	0.500000
1.547583	10.423103	0.566688	0.500000
2.981859	7.226086	4.280542	0.500000
2.797624	2.123277	0.615500	0.500000
13.058542	12.972711	1.858025	0.500000
12.880190	9.167733	2.683150	0.500000
12.495826	0.529930	2.322643	0.500000
12.168535	10.623765	1.734497	0.500000
5.352722	2.898026	3.263956	0.500000
2.354611	4.514700	3.136413	0.500000
13.071271	6.573220	2.938924	0.500000
1.638657	3.914703	1.658638	0.500000
10.899469	0.716538	3.890585	0.500000
6.332582	8.328224	1.750315	0.500000
8.513352	0.357990	0.622886	0.500000
1.081208	6.575342	4.274347	0.500000
2.780469	10.400347	1.393261	0.500000
1.202965	7.567049	3.879517	0.500000
3.185771	0.563734	4.091383	0.500000
0.264380	12.444340	4.008710	0.500000
11.095127	6.796043	2.265071	0.500000
8.569377	3.825835	1.465216	0.500000
4.339129	4.609769	4.338028	0.500000
4.864764	9.026907	4.343965	0.500000
1.556203	12.852796	2.637963	0.500000
11.673255	2.537075	4.430455	0.500000
5.142666	1.885848	2.378298	0.500000
0.748447	5.460199	1.555359	0.500000
11.170282	4.005430	0.694315	0.500000
1.581179	6.619024	2.696215	0.500000
0.470985	9.936026	4.364142	0.500000
10.739056	10.296689	3.564486	0.500000
12.724311	0.337524	0.816396	0.500000
2.893302	3.036389	4.404414	0.500000
5.920664	7.771968	0.742914	0.500000
3.694485	11.800139	3.089680	0.500000
9.657503	8.708048	3.423321	0.500000
3.917653	13.046990	1.986391	0.500000
12.373974	7.086132	4.285004	0.500000
1.510952	9.595492	1.381729	0.500000
4.362812	4.367459	2.385926	0.500000
0.567321	9.404585	1.787284	0.500000
5.682458	12.241522	2.285525	0.500000
10.915050	9.624665	2.641092	0.500000
7.841700	2.645870	1.417190	0.500000
6.849961	2.909071	1.639827	0.500000
5.782239	9.127107	2.506479	0.500000
3.647239	0.176638	0.755291	0.500000
0.243348	0.926377	1.222003	0.500000
