500

7.763144	8.962640	0.512345	0.500000
10.112816	11.086125	3.419595	0.500000
0.496957	2.030607	2.524572	0.500000
0.621120	1.054861	1.695149	0.500000
8.091669	1.094697	4.026149	0.500000
6.719094	4.025751	1.704466	0.500000
10.649870	1.961080	0.523532	0.500000
0.899125	8.016037	0.909898	0.500000
8.910864	3.279559	1.444680	0.500000
11.360849	7.462429	4.438735	0.500000
12.423697	3.885947	4.462794	0.500000
2.543347	6.942571	3.648276	0.500000
2.523567	4.148578	4.400012	0.500000
10.683860	6.251915	4.150093	0.500000
11.597559	1.155936	1.314259	0.500000
1.345763	0.506977	0.515240	0.500000
4.469359	6.973969	1.931016	0.500000
3.591839	12.138992	1.549920	0.500000
9.537388	9.133534	0.510744	0.500000
10.222816	12.645592	3.669558	0.500000
10.395238	4.738266	4.476921	0.500000
9.765843	2.761093	0.551926	0.500000
11.318912	6.817012	1.554041	0.500000
7.611903	6.169023	2.793490	0.500000
12.022101	5.142999	4.291121	0.500000
12.556425	2.160849	2.384818	0.500000
4.685137	3.919350	0.769613	0.500000
1.711270	8.389901	1.575783	0.500000
10.822486	8.479482	2.184938	0.500000
9.909193	3.742954	0.797428	0.500000
11.942272	11.774131	4.325672	0.500000
4.523180	1.085632	3.590574	0.500000
10.774197	0.429816	0.545658	0.500000
8.785325	5.385230	4.365793	0.500000
1.464967	1.543912	2.556466	0.500000
7.704554	2.761547	0.786872	0.500000
12.133012	11.813864	2.146416	0.500000
5.923094	1.258601	2.224187	0.500000
7.592297	9.994710	0.617465	0.500000
12.368550	1.135575	2.389264	0.500000
6.273813	4.576233	2.802410	0.500000
12.824268	2.078805	3.377554	0.500000
9.943057	5.843255	2.816280	0.500000
1.849351	6.978387	0.565293	0.500000
2.392963	6.016073	3.067206	0.500000
2.314583	4.725207	1.035606	0.500000
9.684663	1.592494	0.793098	0.500000
7.132095	13.076353	3.413175	0.500000
9.445468	2.947835	3.281539	0.500000
6.958534	2.006119	2.218165	0.500000
3.933902	3.062344	4.444879	0.500000
3.045188	3.775128	2.100725	0.500000
1.860334	10.619701	3.527957	0.500000
7.143294	1.088584	4.447969	0.500000
3.248514	7.711112	1.907198	0.500000
3.952056	11.330558	4.411026	0.500000
1.027801	6.894678	1.255008	0.500000
8.534405	10.933254	2.399032	0.500000
12.586435	8.792363	3.330474	0.500000
4.653114	4.912938	1.279688	0.500000
3.170221	8.393308	1.006935	0.500000
9.498790	6.441852	4.383344	0.500000
5.477318	12.824774	4.340676	0.500000
0.401402	10.251882	1.108239	0.500000
5.766047	11.418246	2.815630	0.500000
11.611384	10.264101	4.474368	0.500000
1.869081	4.281829	1.991680	0.500000
9.216768	10.165498	2.978604	0.500000
6.287834	12.326171	2.824694	0.500000
12.403856	6.155985	3.310822	0.500000
5.333076	10.168165	3.762777	0.500000
6.560188	2.696296	1.525630	0.500000
0.259299	3.031147	2.389679	0.500000
9.368197	3.485416	4.187097	0.500000
9.919286	6.738585	0.685895	0.500000
6.209634	0.814639	0.547961	0.500000
6.235171	0.133747	2.683794	0.500000
6.813541	13.140659	1.520394	0.500000
8.055513	13.067469	4.450236	0.500000
3.318479	6.085074	1.987849	0.500000
4.567793	9.476279	0.968556	0.500000
9.933264	12.185189	2.717794	0.500000
2.246518	5.001845	2.636684	0.500000
11.917936	3.368201	1.425395	0.500000
12.132635	7.118034	3.871683	0.500000
4.641277	8.013029	1.732085	0.500000
2.623949	5.625759	0.619134	0.500000
2.652592	0.780898	1.083960	0.500000
1.757079	0.682668	3.427273	0.500000
8.866821	5.705586	2.329605	0.500000
11.575801	4.640181	2.659819	0.500000
9.116971	12.492326	4.397943	0.500000
3.315194	1.041096	3.854828	0.500000
2.205409	2.892536	2.857873	0.500000
10.827965	3.465706	2.784492	0.500000
0.868188	11.659938	1.334421	0.500000
6.481462	2.027710	0.670551	0.500000
1.645753	2.727905	4.138004	0.500000
8.063614	4.348840	4.169845	0.500000
6.632526	7.257029	3.755090	0.500000
0.473282	1.490541	0.684734	0.500000
12.442006	7.055386	2.654852	0.500000
11.431045	3.517680	4.432059	0.500000
3.674245	11.430687	0.539918	0.500000
6.366766	12.346387	4.375184	0.500000
13.109582	7.597839	0.569339	0.500000
12.412224	0.314345	0.636211	0.500000
5.844986	11.431540	4.336326	0.500000
11.190475	9.148114	0.559280	0.500000
2.421258	2.786905	0.688725	0.500000
3.894819	5.149897	2.367382	0.500000
1.438902	2.477739	2.150026	0.500000
8.182643	1.426527	2.759838	0.500000
8.340942	0.341754	2.481752	0.500000
8.796834	13.184562	3.647631	0.500000
3.416304	2.387571	0.571909	0.500000
12.419152	4.066485	2.666250	0.500000
7.754176	11.785691	3.223913	0.500000
0.671693	11.092344	3.598876	0.500000
6.401288	11.012179	1.628845	0.500000
12.293451	8.540252	2.343258	0.500000
11.482945	2.706284	2.136632	0.500000
2.530451	9.909024	3.264906	0.500000
6.386351	3.424594	0.629864	0.500000
4.764472	3.353055	1.632554	0.500000
2.935492	11.512461	2.340398	0.500000
9.745291	1.538385	4.454132	0.500000
0.094895	3.779620	3.468794	0.500000
0.944308	8.763997	3.180798	0.500000
1.095921	7.257738	2.205327	0.500000
4.866646	6.591840	4.410880	0.500000
13.081095	9.332744	1.871162	0.500000
8.836430	4.956827	3.291096	0.500000
12.533899	12.757939	3.617445	0.500000
4.235057	8.291001	2.604197	0.500000
3.090873	10.608450	4.104832	0.500000
1.527261	1.640913	4.180209	0.500000
4.928314	8.763168	4.469835	0.500000
1.780722	7.798373	2.705717	0.500000
6.086368	2.677438	3.893455	0.500000
1.369084	12.555469	3.800053	0.500000
6.163324	5.631327	3.242963	0.500000
8.370037	8.515805	4.265282	0.500000
12.979057	10.912199	1.864016	0.500000
4.687129	0.366411	0.561617	0.500000
0.329644	0.475623	0.772768	0.500000
10.770865	13.081565	4.488654	0.500000
3.607371	9.604285	4.306809	0.500000
0.423480	6.457166	4.301905	0.500000
11.452374	5.560611	3.394116	0.500000
0.202094	6.868512	1.843426	0.500000
4.727351	2.718396	3.379735	0.500000
1.389707	3.994508	3.413293	0.500000
4.750127	11.372832	2.523648	0.500000
1.825645	6.806147	4.420620	0.500000
6.678893	6.602131	2.871692	0.500000
6.702382	10.173270	1.157309	0.500000
4.819216	0.563324	2.464771	0.500000
6.235649	4.415914	0.564724	0.500000
7.582353	0.548221	1.782304	0.500000
1.950450	10.178233	4.476962	0.500000
1.295792	10.708617	0.974758	0.500000
10.544103	4.644115	3.257979	0.500000
10.871346	0.022392	2.876899	0.500000
7.152963	6.661933	4.400887	0.500000
12.051890	5.954235	0.839952	0.500000
2.213490	11.161640	1.659686	0.500000
3.819446	11.145731	1.573239	0.500000
12.637658	0.095646	1.844373	0.500000
0.934789	5.601578	4.479689	0.500000
6.180169	9.575359	2.635871	0.500000
0.123286	1.022914	3.965158	0.500000
2.782183	3.827308	0.738536	0.500000
5.069834	6.832861	2.787784	0.500000
12.763463	7.699520	1.773975	0.500000
1.251415	9.866227	3.186219	0.500000
12.448563	2.446398	4.383850	0.500000
6.954070	0.799740	2.912754	0.500000
8.831659	11.942010	2.120616	0.500000
9.205670	9.920369	4.239308	0.500000
5.382151	5.221251	0.584252	0.500000
4.977549	4.398376	4.203687	0.500000
6.122247	8.119372	0.602895	0.500000
11.831389	5.252770	1.686867	0.500000
8.113116	11.655092	1.482772	0.500000
5.214003	3.763121	2.912892	0.500000
11.623908	12.180099	3.029817	0.500000
5.829873	6.278084	1.839917	0.500000
11.628982	10.448351	0.732917	0.500000
3.130966	3.314344	3.206729	0.500000
2.753399	2.324818	1.621597	0.500000
4.564852	5.809035	1.773042	0.500000
7.697883	7.382380	2.530150	0.500000
8.887170	0.239470	1.400058	0.500000
2.673532	0.012220	3.175634	0.500000
4.345856	9.485639	3.519963	0.500000
0.365719	4.706257	0.620143	0.500000
3.281386	12.623514	0.524191	0.500000
3.763567	8.944300	1.886027	0.500000
11.026739	12.619984	0.555158	0.500000
8.445628	9.165526	1.224076	0.500000
0.162182	5.747702	0.532300	0.500000
6.738711	3.792286	3.275263	0.500000
5.111945	11.272076	1.582022	0.500000
7.334345	6.973379	0.779021	0.500000
6.987770	4.293892	4.433394	0.500000
3.699639	0.504096	2.868560	0.500000
2.177056	1.668009	0.863913	0.500000
1.501076	10.208343	1.948643	0.500000
7.143915	9.532558	2.068186	0.500000
8.641605	2.214687	1.460123	0.500000
6.960808	5.201863	0.846455	0.500000
12.497138	4.922731	3.207208	0.500000
0.005432	13.078874	4.334867	0.500000
4.645764	7.549664	4.088505	0.500000
4.920846	12.576051	2.099549	0.500000
5.693176	13.019128	1.301652	0.500000
12.330698	5.991746	2.271252	0.500000
3.693467	12.964309	4.499003	0.500000
0.017433	9.570972	4.433684	0.500000
9.517164	12.606897	1.800558	0.500000
8.156315	10.293430	3.812275	0.500000
4.882169	1.792808	4.451831	0.500000
7.721188	2.082870	4.216521	0.500000
0.883414	7.598545	4.103487	0.500000
1.453731	4.738183	4.464915	0.500000
7.219041	9.050580	4.074917	0.500000
12.892472	5.151696	2.293369	0.500000
11.485721	7.898449	2.815377	0.500000
5.707901	10.287295	0.590197	0.500000
12.454820	2.729008	0.577122	0.500000
12.342017	10.194560	2.326473	0.500000
2.632589	9.707467	1.611036	0.500000
1.320180	9.393893	0.889186	0.500000
4.407918	10.325794	2.942211	0.500000
6.778868	1.187391	1.626357	0.500000
4.725639	11.672024	3.493912	0.500000
12.913946	8.587084	0.758560	0.500000
4.342382	6.784392	3.483563	0.500000
6.739318	2.115983	4.460238	0.500000
5.387189	1.494167	0.692951	0.500000
3.371928	4.620845	0.585819	0.500000
2.346620	11.462834	3.150700	0.500000
13.145138	12.302111	1.703247	0.500000
9.182302	3.527186	2.505018	0.500000
6.023850	11.787296	0.601863	0.500000
11.122584	7.960691	1.218790	0.500000
11.154075	10.268473	2.712286	0.500000
0.452039	12.308672	3.356755	0.500000
3.689312	3.160749	1.249896	0.500000
0.069508	5.665813	3.325348	0.500000
11.836428	6.247351	4.460841	0.500000
3.119075	5.120504	3.779148	0.500000
8.060082	8.190217	1.245306	0.500000
13.011305	11.498460	0.783489	0.500000
0.639294	6.505492	2.712411	0.500000
7.417482	3.440151	2.624569	0.500000
4.252295	8.205099	0.572731	0.500000
2.214517	8.846309	2.812265	0.500000
7.331391	9.767195	3.172931	0.500000
10.481532	3.589326	1.610492	0.500000
5.635747	2.709656	2.280076	0.500000
5.847743	3.882492	4.129226	0.500000
3.068043	4.839200	1.832152	0.500000
5.975284	6.843147	0.912487	0.500000
11.506819	0.490908	2.141637	0.500000
0.005307	0.196196	2.770849	0.500000
5.016010	7.452082	0.608111	0.500000
9.598060	2.284511	2.275492	0.500000
8.553842	9.866958	2.032657	0.500000
4.332327	2.808495	2.394227	0.500000
2.525717	8.830494	3.840929	0.500000
9.411587	7.620291	4.456663	0.500000
9.882828	13.146051	0.773961	0.500000
5.680950	3.969597	1.694095	0.500000
4.882483	9.561053	1.984503	0.500000
10.076997	1.760446	3.118532	0.500000
2.710866	6.204694	4.420462	0.500000
4.698127	12.354872	0.536348	0.500000
2.967768	8.145885	3.259173	0.500000
2.259924	5.495597	1.697300	0.500000
6.542030	2.728535	2.802118	0.500000
8.067428	12.789452	1.578372	0.500000
10.398681	9.446240	1.919245	0.500000
12.960764	3.051548	1.456864	0.500000
4.958091	1.568325	1.671303	0.500000
7.646346	7.726982	4.006385	0.500000
4.041344	5.626533	0.874663	0.500000
11.682685	9.324914	2.562679	0.500000
10.225456	0.096889	1.708442	0.500000
7.018813	6.335064	1.764341	0.500000
10.014479	11.129642	1.187665	0.500000
8.551748	7.260510	0.897301	0.500000
8.878464	12.340857	0.970282	0.500000
11.636886	8.800816	1.441220	0.500000
12.021312	11.955295	0.563171	0.500000
8.438010	6.960660	3.857883	0.500000
11.295691	11.251610	3.729996	0.500000
4.021774	5.122803	4.398698	0.500000
0.770936	0.802917	3.075303	0.500000
9.932443	9.382916	2.945709	0.500000
7.534880	1.535595	0.788139	0.500000
10.651736	9.126437	4.257455	0.500000
7.012856	3.255275	4.292554	0.500000
8.977869	7.838081	3.479292	0.500000
5.983590	6.725184	4.310694	0.500000
2.822105	0.578299	2.052296	0.500000
12.882419	10.640598	4.200903	0.500000
10.780497	3.025756	0.749961	0.500000
12.387466	11.410916	3.162588	0.500000
8.945499	7.027599	2.745478	0.500000
3.846203	1.513391	0.951283	0.500000
5.090588	5.683200	3.783176	0.500000
0.999085	2.927547	3.257302	0.500000
7.443629	8.423242	3.246923	0.500000
11.254564	2.251106	3.708660	0.500000
10.748984	5.292659	2.375473	0.500000
3.859113	11.995276	2.619588	0.500000
10.952524	4.638333	1.538360	0.500000
2.146113	1.833000	3.333375	0.500000
10.543290	6.425491	2.255255	0.500000
2.494779	10.893253	0.692731	0.500000
9.130083	8.603300	2.826792	0.500000
11.627806	1.147943	4.303714	0.500000
12.479192	3.788082	0.528499	0.500000
11.001250	5.733863	1.328511	0.500000
0.062398	8.063832	3.340221	0.500000
1.723192	11.988983	0.560787	0.500000
10.624911	1.272935	2.054940	0.500000
10.485551	10.135792	0.787283	0.500000
12.120032	2.248969	1.398571	0.500000
8.356016	3.920923	3.299549	0.500000
3.083225	6.465069	0.996815	0.500000
8.666084	6.129693	0.582734	0.500000
1.602864	6.377442	2.184423	0.500000
5.504249	8.351049	2.718586	0.500000
7.664903	5.343269	3.943785	0.500000
12.082958	2.790241	3.051614	0.500000
4.489271	10.072409	4.458456	0.500000
12.289602	0.831148	3.531018	0.500000
8.742073	4.174741	0.879768	0.500000
1.795491	0.727883	1.903974	0.500000
11.658232	4.388596	0.851660	0.500000
12.696602	1.285100	0.726058	0.500000
8.790142	10.071556	0.840266	0.500000
11.966992	9.707751	3.553619	0.500000
2.462562	0.811722	4.405337	0.500000
9.739686	5.249580	2.012133	0.500000
6.898268	11.092980	0.661171	0.500000
5.855439	9.790258	1.636355	0.500000
2.515935	12.644825	4.243974	0.500000
7.592909	10.751252	1.442631	0.500000
2.448746	10.381836	2.331921	0.500000
1.969750	12.850253	1.136174	0.500000
4.720496	5.837599	2.774151	0.500000
5.994407	8.941134	3.810265	0.500000
10.922598	12.008472	4.416859	0.500000
8.700502	6.006443	3.340983	0.500000
7.469936	11.650453	4.238467	0.500000
12.982779	4.734785	4.305618	0.500000
4.074016	0.709794	4.437067	0.500000
6.089748	5.309571	1.439000	0.500000
11.032429	11.611558	1.234025	0.500000
10.354897	5.554482	0.572412	0.500000
1.196182	0.467895	4.298618	0.500000
5.392777	8.743031	1.337023	0.500000
6.413775	8.140927	3.219598	0.500000
6.976257	5.229666	2.076826	0.500000
5.881834	5.155502	4.487293	0.500000
10.966686	11.204519	2.270171	0.500000
9.690690	4.055540	3.268839	0.500000
8.269417	4.417371	2.344423	0.500000
1.570682	6.738282	3.205249	0.500000
3.647902	4.293881	3.192181	0.500000
9.339873	11.722197	3.457668	0.500000
10.615213	4.425764	0.506569	0.500000
2.883418	3.206410	4.385510	0.500000
2.514517	4.162077	3.381565	0.500000
7.676356	0.372510	0.754206	0.500000
3.243549	8.438939	4.458925	0.500000
4.206116	3.867948	2.359590	0.500000
8.672261	7.949090	2.100682	0.500000
10.354409	7.900554	3.483490	0.500000
4.228539	8.457362	3.767891	0.500000
8.062003	11.047136	0.601543	0.500000
7.025116	8.254879	2.189802	0.500000
5.524933	10.383639	2.739411	0.500000
10.012586	0.413751	4.084391	0.500000
1.310528	5.368166	2.386017	0.500000
1.328784	0.130431	2.581334	0.500000
9.172713	8.147041	1.158774	0.500000
13.171247	9.642584	2.920042	0.500000
8.157100	2.316795	3.305336	0.500000
2.289475	7.127571	1.470242	0.500000
3.763146	1.276290	1.940870	0.500000
4.932419	6.232895	0.738214	0.500000
7.531329	10.908379	2.564907	0.500000
4.615246	1.782231	2.724823	0.500000
3.597335	12.934938	2.246765	0.500000
12.914657	6.631481	0.987508	0.500000
0.480653	3.675879	0.664453	0.500000
9.431641	4.897116	0.725630	0.500000
0.819331	9.316344	2.220835	0.500000
7.999481	9.075097	2.709111	0.500000
4.491624	12.268053	4.439136	0.500000
2.046460	7.891932	4.320356	0.500000
11.571892	1.820281	2.827572	0.500000
8.609128	0.941093	0.550139	0.500000
1.462412	5.198662	0.608274	0.500000
7.930261	6.926112	1.629780	0.500000
10.414092	2.389456	1.555486	0.500000
10.161048	5.467512	3.780013	0.500000
3.354740	9.447713	0.556913	0.500000
10.154832	7.569171	1.232449	0.500000
6.937673	1.569532	3.586053	0.500000
12.805915	5.129765	1.197971	0.500000
8.143691	5.243438	0.506171	0.500000
1.422244	9.047697	4.047567	0.500000
9.407588	9.407621	1.740204	0.500000
11.318927	9.854804	1.514635	0.500000
3.398139	9.277798	2.961965	0.500000
5.192437	5.065138	2.145937	0.500000
4.972454	12.770989	3.331728	0.500000
0.973277	5.001030	3.502436	0.500000
3.366991	7.251108	2.943554	0.500000
6.418995	0.276206	4.088200	0.500000
5.683909	1.827073	3.392916	0.500000
3.489695	10.473050	2.267097	0.500000
1.719067	6.111548	1.058295	0.500000
11.504824	4.183062	3.655423	0.500000
5.467633	7.396927	1.894737	0.500000
9.873994	11.561399	4.415440	0.500000
1.009752	3.936369	2.446118	0.500000
13.172030	11.712953	2.612212	0.500000
6.273630	9.635298	4.498549	0.500000
6.687703	5.755041	4.207532	0.500000
10.764417	12.476570	2.159693	0.500000
12.401087	9.545017	0.825378	0.500000
1.602866	3.764520	0.613671	0.500000
6.885977	10.894829	3.601457	0.500000
9.122621	11.180021	0.691237	0.500000
10.506635	3.608091	3.794634	0.500000
6.494307	8.250736	4.420478	0.500000
13.108458	1.883037	1.505588	0.500000
10.640336	1.409743	3.889682	0.500000
0.330920	5.725852	1.787960	0.500000
0.522073	8.321134	2.173293	0.500000
0.258381	2.367996	4.316513	0.500000
3.659106	6.591374	4.462130	0.500000
9.654049	11.097821	2.187510	0.500000
12.067447	7.674498	0.543027	0.500000
3.305143	2.131915	4.433533	0.500000
10.201415	8.591337	1.331298	0.500000
0.857018	4.899613	1.512164	0.500000
2.433124	11.380558	4.453391	0.500000
5.600985	2.307750	1.340904	0.500000
3.013795	1.925397	2.526249	0.500000
3.742642	2.051672	3.407527	0.500000
5.550567	7.676131	3.650960	0.500000
9.859590	7.708630	2.282613	0.500000
7.933972	12.091623	0.529470	0.500000
9.468627	6.872339	1.753121	0.500000
6.673117	12.630681	0.567176	0.500000
12.991324	12.521245	0.544823	0.500000
2.285518	12.631829	2.176110	0.500000
8.289825	1.229406	1.476426	0.500000
7.616918	4.477576	1.078592	0.500000
5.543940	0.652338	3.314638	0.500000
7.265672	5.035529	3.018471	0.500000
0.788367	3.459307	4.146252	0.500000
0.114113	8.544366	4.261147	0.500000
4.170414	10.348786	0.639173	0.500000
0.613040	10.594026	2.342687	0.500000
3.805806	7.308632	1.134715	0.500000
8.412574	11.319492	4.038448	0.500000
9.691707	0.021260	2.859257	0.500000
12.956792	11.777328	3.898778	0.500000
0.638439	11.764080	4.482666	0.500000
5.403030	3.136835	0.684080	0.500000
2.284788	8.807019	0.521868	0.500000
6.820424	12.026365	1.449215	0.500000
10.061191	12.018284	0.664517	0.500000
0.874294	12.713595	0.802699	0.500000
5.827417	12.075712	1.789113	0.500000
8.078240	5.542891	1.514385	0.500000
1.918788	5.628289	4.061711	0.500000
8.978945	1.711315	3.390500	0.500000
3.711362	5.849176	3.377367	0.500000
0.959183	10.187377	4.214486	0.500000
11.791565	0.080969	4.225989	0.500000
3.588807	0.363755	1.089745	0.500000
1.013438	12.039781	2.522101	0.500000
4.550392	2.306490	0.755290	0.500000
11.014537	6.717985	0.584164	0.500000
8.027814	3.080572	3.971479	0.500000
11.161688	6.868352	3.481653	0.500000
12.138970	8.650762	4.448868	0.500000
13.044316	7.520167	4.156067	0.500000
10.468389	10.524964	4.355144	0.500000
10.230873	2.558852	4.077505	0.500000
