400

3.961166	1.963516	1.661007	0.500000
9.998635	0.017200	1.654402	0.500000
3.972535	1.078076	0.624094	0.500000
0.978766	2.691686	1.660007	0.500000
2.453298	6.122211	3.491327	0.500000
7.753200	2.034665	2.391532	0.500000
9.422991	6.598110	0.522723	0.500000
1.749658	10.174920	0.622394	0.500000
8.724336	8.362173	2.662839	0.500000
10.166051	9.449894	3.419133	0.500000
1.486279	9.044243	3.477234	0.500000
8.751455	2.200866	0.610732	0.500000
7.032443	6.361200	1.341840	0.500000
3.716993	6.454851	2.810138	0.500000
5.180249	0.168650	2.324782	0.500000
3.018097	1.979777	3.406666	0.500000
6.011104	1.762261	2.552403	0.500000
7.569326	2.965540	0.567517	0.500000
0.176417	0.452929	3.464762	0.500000
8.531394	5.838479	2.461030	0.500000
0.884948	0.599123	1.780451	0.500000
9.168725	0.090282	2.374252	0.500000
6.484932	0.529888	0.627386	0.500000
2.945349	8.149810	0.564996	0.500000
5.146069	0.607437	3.256946	0.500000
7.522418	1.823109	0.557831	0.500000
6.522844	3.467811	3.214084	0.500000
11.287026	1.127647	3.427684	0.500000
7.321249	6.753385	2.244580	0.500000
4.717291	4.462708	3.373165	0.500000
6.565641	4.675197	1.630661	0.500000
10.115422	5.583592	0.588335	0.500000
5.436400	4.668442	1.500652	0.500000
6.455776	7.413341	2.640012	0.500000
4.353196	3.373298	0.660868	0.500000
7.325088	5.326626	1.478601	0.500000
11.432991	3.497376	0.552119	0.500000
6.697055	8.953856	2.347914	0.500000
4.117862	1.015718	1.965816	0.500000
7.731457	0.564646	0.541859	0.500000
3.426716	3.925115	2.453257	0.500000
3.235139	1.622665	2.392773	0.500000
5.805915	7.689694	3.464778	0.500000
6.648356	5.492921	3.462535	0.500000
5.033495	7.317537	0.506968	0.500000
4.494431	4.045737	1.539431	0.500000
8.817098	0.322326	3.489671	0.500000
7.568399	5.114357	3.355382	0.500000
6.218963	1.780674	0.649418	0.500000
2.234851	7.159624	0.542159	0.500000
8.603555	0.505359	1.506748	0.500000
9.697713	4.945343	3.421524	0.500000
4.482839	2.536412	2.546477	0.500000
11.717874	7.075925	0.505549	0.500000
3.607134	6.304475	0.525433	0.500000
10.253854	9.417625	1.528522	0.500000
6.163848	5.777404	0.871174	0.500000
8.936800	7.039126	1.394891	0.500000
11.225680	5.529921	0.581286	0.500000
10.950175	9.274739	2.453112	0.500000
9.753457	1.015424	1.674761	0.500000
2.915553	4.883843	2.606965	0.500000
2.643637	4.788097	1.398405	0.500000
10.692708	6.354568	2.338478	0.500000
3.077473	7.669581	1.583651	0.500000
9.621187	5.879314	2.545013	0.500000
1.846806	0.511781	2.341171	0.500000
4.982727	8.220513	1.993879	0.500000
10.032218	2.649372	3.464216	0.500000
5.480183	7.331401	2.370867	0.500000
5.957937	8.678347	1.659491	0.500000
0.663778	9.681090	1.788985	0.500000
9.190430	1.208145	2.607026	0.500000
2.333467	10.373504	3.140001	0.500000
5.695886	6.628907	1.503193	0.500000
4.184071	9.641436	3.147969	0.500000
9.521066	7.982745	3.144911	0.500000
12.091360	1.632420	2.710905	0.500000
9.801644	6.907875	2.311490	0.500000
10.979235	0.543761	1.608711	0.500000
0.797850	1.975733	3.385543	0.500000
11.612797	0.568646	2.549839	0.500000
1.662570	8.597205	2.450603	0.500000
5.959128	9.748812	1.342526	0.500000
4.604985	9.745458	0.706220	0.500000
6.330283	0.845285	2.174149	0.500000
7.825241	8.917296	2.072243	0.500000
8.753102	7.302241	3.345242	0.500000
0.973516	5.155970	2.547484	0.500000
10.801826	1.455349	0.532681	0.500000
8.279698	6.935324	2.482238	0.500000
2.385013	8.519838	1.340894	0.500000
0.099425	2.906373	1.179324	0.500000
1.593367	9.817452	2.690835	0.500000
1.502933	1.238080	3.450253	0.500000
12.093429	9.728491	2.495514	0.500000
9.156990	4.965074	2.379317	0.500000
4.986042	3.150974	1.615359	0.500000
1.516975	6.450041	1.614212	0.500000
10.592897	7.594176	0.507570	0.500000
9.514829	3.772156	3.430655	0.500000
1.452241	10.300671	1.722089	0.500000
4.064212	0.046376	0.536948	0.500000
2.763815	5.403339	0.535604	0.500000
3.660661	0.040360	1.615248	0.500000
7.437921	0.893164	3.425510	0.500000
0.122982	6.827313	1.748304	0.500000
9.546109	7.643995	0.580934	0.500000
3.029841	1.131678	1.449249	0.500000
8.576088	3.242856	0.701966	0.500000
5.456598	0.713216	0.539541	0.500000
6.107911	4.908207	2.612569	0.500000
3.328606	10.044052	2.413930	0.500000
8.661032	4.004510	2.856523	0.500000
3.853407	4.743385	2.063462	0.500000
6.025681	4.644960	0.540469	0.500000
4.139337	1.474671	3.008158	0.500000
10.389339	3.338846	0.738726	0.500000
7.135628	10.638700	1.450600	0.500000
3.249340	1.933556	0.790032	0.500000
3.002479	10.527699	0.507101	0.500000
10.413415	6.185031	1.360608	0.500000
2.490312	0.753169	3.416655	0.500000
0.941187	5.564478	0.558953	0.500000
2.631031	0.206784	1.584213	0.500000
7.316733	10.013238	2.295148	0.500000
7.517580	2.795366	3.385932	0.500000
7.239879	0.496716	2.409774	0.500000
7.066768	9.859400	3.392331	0.500000
1.759901	3.917622	2.784689	0.500000
8.191966	1.557065	3.277814	0.500000
8.118008	4.784633	2.409986	0.500000
6.955505	5.537707	2.473863	0.500000
6.665144	7.289671	1.603103	0.500000
10.608304	1.546173	1.578855	0.500000
8.175827	10.552416	2.323820	0.500000
4.187609	5.661251	2.394869	0.500000
5.522934	8.766750	0.606141	0.500000
0.727231	8.751543	0.554934	0.500000
6.866147	2.615299	2.438525	0.500000
7.461287	5.787605	0.542555	0.500000
2.342939	9.612575	1.868534	0.500000
5.203556	5.523352	0.603270	0.500000
4.835051	1.380205	1.056778	0.500000
0.233995	7.012739	3.391540	0.500000
8.924288	5.408607	0.507359	0.500000
1.184841	7.775674	2.917396	0.500000
1.800657	4.803624	1.944909	0.500000
7.585585	7.276326	0.806676	0.500000
4.640241	0.214655	1.395600	0.500000
11.790520	6.625334	2.588579	0.500000
8.596401	5.193639	3.435830	0.500000
0.906203	6.784572	2.626379	0.500000
11.692392	10.428258	3.184091	0.500000
3.497270	9.617801	1.476552	0.500000
6.372208	6.310637	2.206553	0.500000
5.815119	4.181030	3.372063	0.500000
7.875416	3.774292	3.486650	0.500000
8.075320	8.465779	3.435887	0.500000
1.413660	0.049665	3.389379	0.500000
10.135394	5.312580	1.824406	0.500000
1.288182	1.910830	1.049404	0.500000
0.316860	6.014581	3.423828	0.500000
9.667493	8.803237	2.318353	0.500000
8.095965	3.992224	1.689823	0.500000
1.535580	6.805105	3.485571	0.500000
10.681401	8.357668	3.461163	0.500000
8.787662	8.820493	1.581556	0.500000
5.533657	2.060435	1.573812	0.500000
10.476006	8.960272	0.534514	0.500000
11.464824	5.704767	2.286569	0.500000
0.906801	7.492498	1.886603	0.500000
12.093535	4.018846	1.419291	0.500000
12.216592	5.341271	0.566387	0.500000
10.593628	5.358152	2.805001	0.500000
4.850157	3.421632	3.499173	0.500000
10.824804	10.403921	2.218445	0.500000
2.145428	7.052244	2.561891	0.500000
0.181817	5.892477	2.409507	0.500000
9.488865	4.733662	1.271563	0.500000
2.798840	0.869970	0.503252	0.500000
2.007191	2.252704	3.405015	0.500000
1.388164	3.048989	3.468036	0.500000
11.578415	0.684959	0.523993	0.500000
10.365611	7.404907	3.486526	0.500000
6.189993	9.255665	3.260234	0.500000
8.860870	2.787668	1.948073	0.500000
10.545548	0.449827	0.606685	0.500000
10.667817	6.212215	3.429660	0.500000
7.452808	6.228226	3.134399	0.500000
10.385602	0.827375	2.451952	0.500000
0.131135	7.732105	2.533549	0.500000
11.631158	4.301070	3.474970	0.500000
5.638672	5.432838	3.419741	0.500000
2.813768	4.219938	3.490523	0.500000
12.114107	2.493621	3.487610	0.500000
0.496361	5.949460	1.417772	0.500000
6.127022	3.919604	2.358387	0.500000
8.903430	9.555659	2.370175	0.500000
1.754124	8.116247	0.526345	0.500000
1.533692	9.237930	1.347563	0.500000
2.301841	3.567512	0.602413	0.500000
4.427872	7.553968	2.495623	0.500000
11.588847	5.530519	3.280026	0.500000
5.246190	6.362116	2.916111	0.500000
6.219475	2.956278	1.640118	0.500000
6.219424	0.285970	3.360194	0.500000
7.362823	10.113925	0.500683	0.500000
10.045061	7.201035	1.343518	0.500000
11.475193	9.456278	3.462175	0.500000
5.488931	10.166176	0.501516	0.500000
7.049560	8.309077	1.541408	0.500000
2.772016	7.137750	3.436896	0.500000
3.305810	2.626435	2.318405	0.500000
1.196723	7.323534	0.873460	0.500000
10.402885	1.598117	3.471274	0.500000
7.583505	4.727146	0.585396	0.500000
11.073632	2.502880	3.477922	0.500000
0.715191	9.796238	0.651901	0.500000
0.824328	9.103187	2.676681	0.500000
5.046782	1.212768	2.449238	0.500000
6.288863	6.549803	3.181444	0.500000
9.389007	1.888763	3.363389	0.500000
1.550413	4.216606	1.051192	0.500000
4.400027	7.352738	1.514301	0.500000
3.179290	4.350157	0.537856	0.500000
8.047880	6.456940	1.540539	0.500000
5.978499	0.124136	1.408148	0.500000
10.493568	10.442602	3.207751	0.500000
9.619893	2.136867	2.404382	0.500000
0.597129	10.516712	2.481671	0.500000
1.801764	0.801349	0.594753	0.500000
1.777899	6.014925	2.511321	0.500000
5.741879	5.562947	1.891971	0.500000
9.723388	0.759980	3.371717	0.500000
7.882497	10.609647	3.374790	0.500000
8.758987	3.008903	3.259229	0.500000
0.243632	7.671180	0.634550	0.500000
2.110370	2.201248	0.511418	0.500000
2.408326	3.936628	1.927511	0.500000
7.760538	3.396874	2.469195	0.500000
7.155791	4.251217	2.421242	0.500000
11.582841	4.510055	0.665269	0.500000
9.379865	10.103295	3.322932	0.500000
11.293870	7.044556	3.350039	0.500000
9.756830	1.241905	0.611633	0.500000
4.603954	6.382866	0.824508	0.500000
9.130500	9.865430	1.407656	0.500000
0.243852	5.012574	3.374048	0.500000
0.769156	8.536452	1.723746	0.500000
8.498304	10.520602	0.567000	0.500000
1.189870	3.768408	1.920029	0.500000
9.616988	2.967073	1.276999	0.500000
8.230865	6.454029	0.520191	0.500000
0.708236	1.195434	0.545129	0.500000
4.724783	6.411945	1.915119	0.500000
2.664299	3.351098	2.851398	0.500000
11.831666	2.870231	2.067438	0.500000
9.166838	6.060641	1.515547	0.500000
2.281826	1.527037	2.769882	0.500000
4.205657	8.771233	1.474712	0.500000
0.681207	3.826737	0.500004	0.500000
0.361177	3.619906	3.468629	0.500000
3.139348	8.834346	2.131497	0.500000
8.408699	6.309306	3.481340	0.500000
6.802656	4.466591	3.360635	0.500000
2.537965	7.973254	2.375926	0.500000
8.503477	9.412660	0.511612	0.500000
11.825339	10.266573	0.524174	0.500000
0.396524	9.709635	3.467702	0.500000
5.132546	9.007138	3.105545	0.500000
8.429015	7.825367	0.749764	0.500000
3.772313	5.006958	3.286297	0.500000
8.008884	7.779303	1.725903	0.500000
3.587407	9.166976	0.530177	0.500000
4.459689	9.806553	2.014289	0.500000
8.761904	1.037720	0.581101	0.500000
11.887488	1.144488	1.401851	0.500000
3.269398	3.470496	1.533914	0.500000
11.858739	0.061504	1.707057	0.500000
2.776235	5.907963	2.454738	0.500000
7.314614	8.162888	2.602320	0.500000
6.656165	1.668801	1.555234	0.500000
4.140145	0.110410	2.820671	0.500000
9.963694	9.794303	2.493078	0.500000
12.058396	5.260775	1.584646	0.500000
10.683191	4.808429	1.116472	0.500000
6.079648	7.003856	0.547084	0.500000
9.154824	8.927813	3.417098	0.500000
9.169738	8.577077	0.659094	0.500000
5.820785	8.417974	2.635961	0.500000
11.493116	6.415543	1.385155	0.500000
1.975278	7.562161	1.558598	0.500000
6.283628	10.385554	2.433888	0.500000
10.995808	4.238376	2.061090	0.500000
11.434097	8.243425	0.566880	0.500000
10.335915	7.780338	2.228028	0.500000
9.422699	1.983132	1.354099	0.500000
1.755993	1.326698	1.751039	0.500000
8.357839	5.334288	1.538714	0.500000
12.059314	1.907980	0.751868	0.500000
3.841446	7.582687	0.515034	0.500000
4.053033	8.650233	2.567692	0.500000
6.091833	1.330176	3.466070	0.500000
6.558398	8.995985	0.625406	0.500000
8.118821	9.661081	1.429865	0.500000
5.382150	3.238309	2.547685	0.500000
9.495358	0.055438	0.710931	0.500000
10.515571	3.484164	3.193382	0.500000
3.366970	5.626651	1.487478	0.500000
4.407880	3.664019	2.515401	0.500000
3.358363	10.367376	3.412738	0.500000
2.599255	9.298074	0.632957	0.500000
8.083596	1.058211	2.405147	0.500000
7.447151	1.020114	1.433081	0.500000
11.233261	8.261712	2.556387	0.500000
0.182160	6.341474	0.501684	0.500000
6.972501	1.783204	3.023882	0.500000
9.854552	8.300562	1.416914	0.500000
0.726908	2.652194	2.636855	0.500000
7.910289	2.756085	1.633788	0.500000
3.211895	8.306619	3.222891	0.500000
8.363492	1.860667	1.525872	0.500000
2.245213	5.101590	3.369371	0.500000
4.334355	2.208129	0.678107	0.500000
5.114465	9.215133	1.405550	0.500000
10.643374	2.557279	2.316756	0.500000
5.681400	2.566508	3.268154	0.500000
9.663501	9.714704	0.542098	0.500000
10.635641	4.529141	3.497178	0.500000
5.756396	7.694768	1.415560	0.500000
3.593235	0.729193	3.390843	0.500000
9.114580	3.973810	1.958981	0.500000
2.428324	9.247551	2.833064	0.500000
9.823666	3.191769	2.336795	0.500000
0.154167	2.016028	1.810255	0.500000
1.073222	2.736411	0.515896	0.500000
1.793358	2.869224	2.440932	0.500000
11.939591	4.615413	2.384819	0.500000
1.570150	6.357070	0.570887	0.500000
6.991908	3.914523	0.569938	0.500000
3.799972	5.310736	0.590668	0.500000
11.844930	7.977651	3.368956	0.500000
0.526954	4.166459	2.590507	0.500000
10.202273	3.835295	1.588996	0.500000
5.677057	9.582168	2.371196	0.500000
0.748360	4.948607	1.570876	0.500000
3.366975	2.921536	0.556000	0.500000
10.009374	4.315364	2.701116	0.500000
2.022647	2.901919	1.310897	0.500000
1.103155	4.375380	3.457237	0.500000
4.513505	5.213437	1.354309	0.500000
2.184469	8.293866	3.480277	0.500000
4.545401	6.945134	3.447798	0.500000
6.482733	2.786278	0.563132	0.500000
7.479563	7.369035	3.259713	0.500000
7.001802	3.717393	1.555877	0.500000
11.931796	8.847284	2.034001	0.500000
10.113459	2.323466	0.646872	0.500000
3.825560	2.760529	3.405328	0.500000
6.728486	8.131230	3.427602	0.500000
2.445268	6.305434	1.215845	0.500000
5.712123	3.653565	0.650722	0.500000
5.112672	1.770882	3.495994	0.500000
4.932527	4.845772	2.376377	0.500000
5.483087	2.684662	0.528209	0.500000
9.240830	7.752058	2.036453	0.500000
4.616376	8.326395	0.663993	0.500000
6.282958	7.983880	0.614344	0.500000
10.980550	3.061633	1.510444	0.500000
3.384535	7.394007	2.548027	0.500000
10.823890	6.587778	0.540995	0.500000
11.159826	2.531460	0.502235	0.500000
2.413884	2.159150	1.935562	0.500000
1.758472	5.534305	1.233840	0.500000
11.275355	9.542836	1.512153	0.500000
11.068557	1.660561	2.598243	0.500000
11.234549	7.224058	1.929888	0.500000
10.911968	8.291735	1.433007	0.500000
9.576550	6.674451	3.479704	0.500000
0.981421	1.417812	2.445788	0.500000
9.572229	3.913480	0.518908	0.500000
11.463981	3.605167	2.713370	0.500000
3.771254	3.918433	3.411419	0.500000
5.239951	10.144815	3.199304	0.500000
8.646069	4.438938	0.748582	0.500000
4.889983	4.362352	0.579731	0.500000
7.651453	8.651926	0.711754	0.500000
12.039963	9.308880	0.799687	0.500000
4.259149	5.885262	3.469464	0.500000
4.217375	8.001138	3.469660	0.500000
8.074646	9.410006	3.100822	0.500000
0.493426	8.347628	3.404627	0.500000
10.858064	10.025908	0.683594	0.500000
1.264719	5.592364	3.435811	0.500000
3.577811	6.779447	1.686205	0.500000
11.988443	7.820613	1.630226	0.500000
7.109804	9.514699	1.350079	0.500000
3.145166	0.454900	2.462294	0.500000
0.388855	0.237109	0.647039	0.500000
