300

0.299065	9.914270	1.296849	0.500000
6.170545	4.044979	0.533343	0.500000
9.108943	5.160239	0.750977	0.500000
7.491320	7.082215	0.600502	0.500000
1.370159	7.826094	2.927204	0.500000
3.185146	9.134385	0.861421	0.500000
4.966193	0.587231	2.875797	0.500000
2.442760	11.299709	1.751513	0.500000
6.713153	7.799519	0.900287	0.500000
4.855056	10.672648	2.814653	0.500000
6.739692	10.426603	2.673399	0.500000
7.264424	10.635648	0.935871	0.500000
6.843524	11.506904	0.526421	0.500000
9.229889	2.383079	2.927434	0.500000
3.942355	4.651689	1.011455	0.500000
11.691605	7.253191	2.738974	0.500000
5.389416	8.928911	1.993089	0.500000
2.006441	2.523150	2.982830	0.500000
6.402475	3.624974	2.773061	0.500000
8.818673	11.324501	0.536801	0.500000
3.935008	9.539676	1.477714	0.500000
4.445565	8.881559	2.823587	0.500000
1.878040	3.553268	2.863365	0.500000
1.447871	2.446085	1.051902	0.500000
11.427616	3.048014	1.001335	0.500000
6.651036	7.355528	1.948232	0.500000
10.242872	0.591337	2.980477	0.500000
0.505694	2.921533	1.628498	0.500000
7.935897	9.239248	1.469978	0.500000
9.537573	11.976262	2.841900	0.500000
6.202258	2.532403	2.304920	0.500000
0.866493	11.697653	0.530446	0.500000
5.729443	4.851961	2.303701	0.500000
8.660554	8.739189	2.801119	0.500000
1.478921	10.375022	2.493720	0.500000
1.988250	9.655181	1.527237	0.500000
3.889352	3.230343	0.686872	0.500000
8.979673	2.232569	1.261062	0.500000
4.806019	6.340287	2.980320	0.500000
5.997813	9.194355	0.537513	0.500000
10.328393	4.837434	0.892699	0.500000
8.788559	1.749703	2.137259	0.500000
11.425428	3.466693	2.310502	0.500000
6.955988	2.807116	1.417144	0.500000
4.478966	7.259259	2.193383	0.500000
3.086027	2.787333	2.986290	0.500000
11.999778	11.559961	0.549215	0.500000
3.927650	6.342259	0.590252	0.500000
9.162937	3.510228	0.514584	0.500000
2.877524	7.356811	2.904709	0.500000
5.625525	8.106769	1.059234	0.500000
8.615582	9.826644	2.816477	0.500000
5.290234	7.173397	1.480308	0.500000
11.752710	8.116214	1.663504	0.500000
0.372117	10.184331	2.728715	0.500000
2.409335	2.179667	0.896270	0.500000
7.786612	0.184597	0.890996	0.500000
7.099567	1.635057	1.580645	0.500000
3.028091	6.361641	1.942440	0.500000
12.105972	5.687688	1.945094	0.500000
5.777688	1.300223	2.851998	0.500000
11.051199	10.109917	1.366960	0.500000
3.988955	4.613053	2.772656	0.500000
4.885923	2.144979	0.545628	0.500000
2.820379	3.140080	1.548983	0.500000
1.625458	9.160411	2.989327	0.500000
5.465346	9.031742	2.991945	0.500000
1.481003	10.809567	1.446216	0.500000
9.819807	5.870099	2.941372	0.500000
12.028170	0.320339	1.940539	0.500000
3.752933	10.706646	2.236094	0.500000
8.073766	5.551667	1.737903	0.500000
8.004736	2.379951	1.662426	0.500000
10.475571	9.289616	2.736246	0.500000
10.161332	0.791707	0.674888	0.500000
11.244355	2.282049	1.658220	0.500000
6.705721	10.965860	1.822585	0.500000
6.122931	3.098230	0.869645	0.500000
7.572910	1.589283	2.543087	0.500000
7.144772	3.466703	0.550207	0.500000
1.884297	7.453041	0.649194	0.500000
3.226440	5.327293	2.532091	0.500000
4.037295	3.525113	2.843511	0.500000
4.383674	1.297575	0.744136	0.500000
2.657430	8.233497	0.644305	0.500000
7.760804	10.814784	2.961560	0.500000
0.997913	8.667368	1.053044	0.500000
9.731266	11.079668	0.881242	0.500000
12.212359	8.403581	2.993721	0.500000
4.693157	1.044083	1.756536	0.500000
5.419693	10.052599	1.015387	0.500000
1.837655	4.719743	0.512032	0.500000
6.710239	7.140490	2.943286	0.500000
8.261461	4.465875	0.978216	0.500000
9.997559	8.282557	0.766229	0.500000
10.991308	11.498768	1.675771	0.500000
2.907128	4.348706	1.115092	0.500000
3.916890	7.828713	1.168491	0.500000
1.962012	5.326496	2.921498	0.500000
6.789310	9.821850	0.587418	0.500000
10.068625	2.958211	2.766049	0.500000
1.144909	1.589452	2.927028	0.500000
6.985142	0.852993	2.936338	0.500000
11.018069	0.374170	1.652719	0.500000
4.192460	9.905174	2.868088	0.500000
11.470936	6.660936	1.083195	0.500000
6.650815	9.245848	2.378083	0.500000
9.283110	1.215677	0.906189	0.500000
8.127417	0.329633	2.849624	0.500000
7.740981	6.093014	0.955779	0.500000
5.651523	1.756396	1.940115	0.500000
9.856237	0.889315	2.037925	0.500000
8.890962	7.474036	0.848693	0.500000
1.409559	5.313519	1.768975	0.500000
4.538550	2.053468	1.573731	0.500000
6.741862	0.801658	0.958190	0.500000
0.829788	6.962490	2.492041	0.500000
5.272936	11.587198	2.996648	0.500000
9.964942	2.761652	1.442963	0.500000
3.180470	10.200781	1.502005	0.500000
0.090718	4.034865	2.806438	0.500000
12.019447	2.212993	0.638413	0.500000
10.276642	8.567286	1.701591	0.500000
3.764965	2.043199	2.328324	0.500000
1.562108	6.075863	0.725348	0.500000
5.286314	3.019624	1.601158	0.500000
8.089446	3.394864	1.451741	0.500000
8.485359	3.879894	2.995488	0.500000
4.337397	11.275753	1.610833	0.500000
3.186347	7.350748	1.713067	0.500000
9.373247	9.454053	0.698024	0.500000
10.042549	4.150317	2.836518	0.500000
1.132931	10.613090	0.511790	0.500000
0.734283	1.669952	0.570770	0.500000
1.515724	9.554704	0.651134	0.500000
2.526293	8.361951	2.671576	0.500000
4.128718	11.656392	2.926052	0.500000
4.824338	5.314722	0.674743	0.500000
8.531626	7.797793	2.436783	0.500000
11.342567	5.019879	0.808936	0.500000
4.793530	5.208854	2.721107	0.500000
9.634677	8.270803	2.816158	0.500000
2.941420	1.586564	1.560872	0.500000
6.719993	4.878903	1.762466	0.500000
7.749589	11.656742	1.786087	0.500000
5.860169	1.915114	0.602642	0.500000
4.096112	0.271635	2.370983	0.500000
11.843809	9.506040	2.592567	0.500000
11.599704	4.203867	1.388102	0.500000
3.474766	2.094510	0.748079	0.500000
10.673640	7.817408	2.802910	0.500000
11.726845	11.047197	2.908947	0.500000
10.317200	1.601630	1.342536	0.500000
10.561192	1.837164	2.887269	0.500000
2.426372	5.388877	1.545139	0.500000
11.432305	5.805579	2.990820	0.500000
2.325233	10.625121	0.524715	0.500000
7.054258	2.090102	0.584434	0.500000
8.612656	10.434825	1.026195	0.500000
7.584597	9.846078	2.253478	0.500000
1.526368	3.270530	1.825171	0.500000
7.602234	8.470503	2.726693	0.500000
10.677041	10.847234	0.532645	0.500000
10.832614	4.830635	1.806343	0.500000
7.047117	4.539882	2.899809	0.500000
7.727233	4.639054	2.018492	0.500000
6.415045	8.368050	1.671449	0.500000
8.190541	1.521043	1.105219	0.500000
7.318452	6.621828	1.710139	0.500000
6.587930	11.995576	1.586506	0.500000
4.543404	2.688049	2.401326	0.500000
11.248610	0.192657	0.529893	0.500000
1.345357	3.540739	0.543252	0.500000
3.637762	3.845560	1.878452	0.500000
1.393317	2.285227	2.183471	0.500000
7.522384	5.469600	2.773488	0.500000
0.791470	3.024498	2.930805	0.500000
2.543898	0.513651	1.234740	0.500000
10.098529	5.588292	1.661622	0.500000
0.075474	0.764116	0.706146	0.500000
4.549208	8.862707	0.556406	0.500000
4.570438	0.306004	0.944337	0.500000
2.883331	4.189824	2.706546	0.500000
3.025376	6.649635	0.974618	0.500000
3.090813	11.043759	2.973749	0.500000
8.656287	4.955427	2.780411	0.500000
4.437066	6.591354	1.424662	0.500000
9.040849	5.669702	1.998595	0.500000
10.824076	3.886933	0.655494	0.500000
12.084040	2.369336	2.910593	0.500000
5.616448	0.521694	1.828791	0.500000
3.432633	11.677348	2.151573	0.500000
0.207389	5.028143	2.689096	0.500000
10.375299	9.570811	0.763792	0.500000
0.944932	0.150465	2.676746	0.500000
9.726542	10.287108	1.626387	0.500000
9.286778	1.256510	2.913168	0.500000
0.032460	8.330735	0.824030	0.500000
2.796458	8.961736	1.787931	0.500000
2.849502	12.157791	2.828031	0.500000
3.815005	1.164895	2.895323	0.500000
9.201219	0.173917	0.770147	0.500000
3.774096	10.126149	0.629598	0.500000
1.938366	6.729727	2.990700	0.500000
10.050381	7.563786	1.815207	0.500000
8.111103	2.709449	0.573335	0.500000
2.393474	12.011932	0.536061	0.500000
3.287346	11.617171	1.003094	0.500000
10.661613	6.805464	2.860054	0.500000
1.010993	9.514853	1.908245	0.500000
11.684132	10.492331	0.533515	0.500000
0.406753	6.183679	1.002192	0.500000
5.338583	3.254323	2.913869	0.500000
9.313661	3.410642	2.207777	0.500000
5.761410	10.922304	0.563395	0.500000
3.154100	6.370083	2.999595	0.500000
8.640966	8.485457	0.856436	0.500000
0.544810	8.291322	2.020301	0.500000
10.837807	10.419841	2.987441	0.500000
7.523560	8.080872	1.520945	0.500000
7.859568	9.772311	0.605169	0.500000
6.754713	6.344645	0.520443	0.500000
10.342217	2.220321	0.531640	0.500000
7.286354	2.595010	2.821197	0.500000
8.699215	6.137158	0.508514	0.500000
4.926175	4.173704	2.874041	0.500000
7.239840	5.249251	0.757748	0.500000
2.992897	9.939487	2.885927	0.500000
5.730830	6.230915	1.855546	0.500000
4.370366	8.536954	1.766908	0.500000
9.498554	6.584513	1.993684	0.500000
8.317000	2.928316	2.516598	0.500000
11.192402	1.330977	0.634772	0.500000
9.736882	3.955833	1.361104	0.500000
5.142397	8.142208	2.578731	0.500000
6.606986	6.260096	2.472933	0.500000
0.347286	11.452992	2.043800	0.500000
1.791201	0.779267	2.958946	0.500000
4.572665	4.261161	1.779429	0.500000
1.224043	4.385215	2.930876	0.500000
5.720260	12.102341	0.940398	0.500000
2.805369	3.042472	0.534542	0.500000
1.632478	12.022154	1.707544	0.500000
2.918588	1.190439	0.596522	0.500000
7.318235	0.688975	1.965407	0.500000
11.092223	4.759692	2.976404	0.500000
6.119733	5.031529	0.775728	0.500000
0.226512	5.059045	0.617397	0.500000
8.921355	11.068269	2.369008	0.500000
5.716477	7.186466	0.533012	0.500000
11.640360	1.328392	1.633531	0.500000
0.978411	7.368514	1.519202	0.500000
1.384184	0.836376	0.569766	0.500000
12.220769	6.795776	1.808476	0.500000
3.207086	5.369411	0.835182	0.500000
11.010815	7.235606	1.818885	0.500000
11.121913	8.515109	0.787645	0.500000
4.731445	1.650199	2.842022	0.500000
0.396121	4.593986	1.641899	0.500000
9.713761	6.077671	0.600359	0.500000
0.394696	1.107499	1.674229	0.500000
5.030882	4.010847	0.694080	0.500000
0.373553	0.984653	2.723487	0.500000
7.558811	8.485106	0.525840	0.500000
9.903894	11.644992	1.748310	0.500000
10.865064	6.067034	2.147136	0.500000
4.534424	7.340938	0.505903	0.500000
1.986365	7.345719	2.103521	0.500000
9.125801	8.172654	1.703832	0.500000
2.866834	1.819877	2.763195	0.500000
7.583152	3.721416	2.560083	0.500000
10.169807	7.003372	0.923574	0.500000
9.599843	10.231796	2.668396	0.500000
3.234630	0.735232	2.006671	0.500000
5.631518	7.105091	2.492148	0.500000
0.373916	3.269069	0.592951	0.500000
1.873911	8.515193	1.748801	0.500000
4.134597	5.703905	1.892103	0.500000
1.426652	0.817208	1.569606	0.500000
5.688994	10.891017	1.667446	0.500000
9.563624	7.201388	2.838781	0.500000
1.205658	11.405477	2.873436	0.500000
7.102485	11.926837	2.503957	0.500000
5.728674	10.010523	2.843238	0.500000
7.771961	6.974748	2.574043	0.500000
4.154707	11.192547	0.563245	0.500000
10.557364	11.935845	2.516952	0.500000
8.756064	6.481258	2.997863	0.500000
11.108844	1.002476	2.462063	0.500000
8.435404	6.903467	1.768068	0.500000
11.352790	8.633730	2.528874	0.500000
2.146877	4.456621	1.935100	0.500000
6.242933	3.611499	1.780839	0.500000
8.927193	9.278543	1.931242	0.500000
11.085054	7.511089	0.618569	0.500000
3.664384	0.485826	0.538966	0.500000
1.750608	6.334339	1.914576	0.500000
3.960938	7.851809	2.997870	0.500000
5.474451	6.107948	0.693978	0.500000
11.921077	10.941274	1.410488	0.500000
