300

10.526418	7.411410	1.044931	0.500000
4.920842	3.865257	0.671098	0.500000
8.494683	5.180893	2.854083	0.500000
9.151527	6.723803	1.408002	0.500000
12.186592	10.656028	2.511640	0.500000
3.646187	7.878971	1.541858	0.500000
6.126038	1.835613	2.938276	0.500000
2.976343	9.703807	1.504212	0.500000
6.910884	8.708293	1.719236	0.500000
4.156492	10.191788	2.900544	0.500000
9.013033	10.936098	2.750950	0.500000
7.104771	11.317597	2.890859	0.500000
6.706393	9.796583	2.959475	0.500000
8.868581	3.184442	2.710840	0.500000
2.780573	3.278491	0.743943	0.500000
0.467628	5.748240	2.591121	0.500000
4.952104	8.365814	1.823558	0.500000
1.644178	1.373892	2.022859	0.500000
4.896923	3.868429	2.886482	0.500000
9.249877	1.945365	1.740180	0.500000
3.877879	9.881956	1.096850	0.500000
4.834480	8.474644	2.811383	0.500000
11.860817	5.316526	1.551330	0.500000
11.914570	3.076422	0.708256	0.500000
0.530446	5.021684	0.632994	0.500000
7.848558	7.220836	1.605316	0.500000
8.875275	2.200581	2.948228	0.500000
10.865094	1.671601	0.569495	0.500000
8.430561	10.562126	1.957985	0.500000
10.006588	10.554801	2.214218	0.500000
5.814623	0.697774	2.890729	0.500000
1.735885	10.787289	0.758289	0.500000
5.252289	5.223570	2.951415	0.500000
7.682223	8.822678	2.837546	0.500000
2.068780	9.172722	2.829739	0.500000
4.795184	10.717883	0.738097	0.500000
4.192324	1.972149	1.154920	0.500000
9.244257	1.000215	0.620142	0.500000
3.584060	4.238198	2.234547	0.500000
7.224313	7.597089	0.599743	0.500000
8.797108	3.860583	1.579645	0.500000
6.891778	4.005430	2.985728	0.500000
11.462050	2.373629	1.552163	0.500000
7.704093	2.762367	0.592026	0.500000
3.959752	7.973554	2.727088	0.500000
5.443887	1.820783	1.935371	0.500000
0.120660	0.382418	1.905660	0.500000
2.914307	7.101607	1.454614	0.500000
7.730133	4.376965	0.985739	0.500000
0.654846	9.137579	1.871964	0.500000
5.654992	8.112781	0.685091	0.500000
11.003346	10.407664	1.748178	0.500000
4.744731	5.883504	1.578163	0.500000
1.389480	7.692572	1.506232	0.500000
12.171215	8.735672	2.879710	0.500000
3.590796	1.045599	0.550107	0.500000
6.637422	1.057094	2.161438	0.500000
8.281401	1.592671	1.500081	0.500000
3.431377	7.168442	2.395697	0.500000
10.694504	3.401385	2.985798	0.500000
6.900515	0.361418	1.110847	0.500000
8.048297	8.504676	0.712514	0.500000
3.571881	5.664189	2.952807	0.500000
4.729592	2.547283	1.864063	0.500000
2.609086	3.256163	2.894111	0.500000
0.639386	8.326419	0.924346	0.500000
3.895967	9.091923	1.849481	0.500000
1.261278	0.736405	1.332055	0.500000
9.084922	6.073839	0.513050	0.500000
0.393475	11.029446	0.687816	0.500000
4.868465	9.666609	0.695495	0.500000
7.524934	5.666346	1.685437	0.500000
7.776149	1.244887	0.633320	0.500000
9.928315	9.534167	2.968119	0.500000
7.562487	10.649503	0.741275	0.500000
11.496990	1.896115	2.719312	0.500000
7.425174	10.688113	1.792029	0.500000
6.630110	2.000051	1.331498	0.500000
7.790331	0.288825	2.909741	0.500000
6.933158	5.137628	0.577312	0.500000
1.642198	9.431556	1.823758	0.500000
4.295625	7.096781	1.631291	0.500000
4.148693	1.772802	2.416202	0.500000
4.636094	2.739742	0.570356	0.500000
2.059751	6.779674	0.772916	0.500000
10.139387	9.148305	1.715791	0.500000
1.320153	7.379948	2.964758	0.500000
9.770724	0.021926	0.596425	0.500000
11.864525	8.907461	1.700368	0.500000
6.246386	10.475120	1.988606	0.500000
5.337319	10.146555	1.534641	0.500000
1.552606	4.807168	1.467714	0.500000
7.161313	6.472300	2.956305	0.500000
8.070203	6.713878	0.709397	0.500000
10.170093	6.638883	1.614426	0.500000
9.968352	1.254756	1.353397	0.500000
4.283638	3.618929	1.738898	0.500000
4.078594	8.607887	0.876803	0.500000
2.730235	6.515625	2.683931	0.500000
7.906565	8.275965	1.839436	0.500000
10.498276	4.447897	2.454972	0.500000
11.732179	3.058618	2.878639	0.500000
7.431291	2.141525	1.954537	0.500000
9.788036	2.196566	0.916462	0.500000
2.986084	9.928705	2.906099	0.500000
9.663981	6.955049	0.566322	0.500000
6.541198	8.657884	2.878382	0.500000
10.732597	2.656125	2.261784	0.500000
8.894956	11.918294	2.972363	0.500000
8.129362	6.214972	2.438717	0.500000
2.889903	2.281995	2.642004	0.500000
10.530996	0.611105	2.908752	0.500000
8.662501	7.158503	2.195523	0.500000
0.627225	4.599988	2.974279	0.500000
5.434420	3.383922	1.570173	0.500000
5.762690	0.977697	1.425910	0.500000
11.766262	7.809461	1.837214	0.500000
6.019138	11.285096	2.785019	0.500000
11.793923	5.355623	0.518866	0.500000
3.654999	10.711865	0.564030	0.500000
1.005520	2.071727	2.749890	0.500000
0.933825	1.556769	0.544333	0.500000
10.816470	9.097917	0.888755	0.500000
2.480420	1.146844	2.847699	0.500000
2.142230	5.637729	0.684933	0.500000
5.065585	4.521398	2.026509	0.500000
9.750883	4.820776	1.704227	0.500000
8.099474	2.903409	1.678461	0.500000
3.938180	11.444404	1.615794	0.500000
3.126058	8.932812	2.807851	0.500000
7.765967	9.661607	0.647050	0.500000
7.189853	4.954460	2.706152	0.500000
11.924218	10.277938	0.519643	0.500000
0.081658	0.534692	0.584001	0.500000
2.783362	11.213905	2.601423	0.500000
2.314100	7.883953	2.904118	0.500000
4.521972	0.745733	2.604256	0.500000
5.771913	5.799468	0.502430	0.500000
9.973453	4.620660	0.551006	0.500000
11.657947	8.412709	0.785552	0.500000
5.919657	6.695717	2.926169	0.500000
9.560380	8.613167	2.521182	0.500000
2.957021	0.669582	1.556375	0.500000
6.331140	6.658240	0.771859	0.500000
8.127644	11.666610	2.281855	0.500000
3.558379	3.138709	2.234784	0.500000
2.589474	11.433922	1.103601	0.500000
10.649042	11.811781	0.822748	0.500000
0.549815	3.369637	2.968197	0.500000
2.019527	0.369759	2.081671	0.500000
1.495856	5.956987	2.971103	0.500000
11.165275	11.690680	2.121988	0.500000
11.040650	3.996152	0.683756	0.500000
9.320823	0.742206	2.739246	0.500000
3.537216	4.030861	0.852545	0.500000
0.661256	7.035849	2.098743	0.500000
2.112328	10.713485	1.766339	0.500000
5.284251	1.434439	0.513312	0.500000
8.551661	10.282461	0.679313	0.500000
5.512633	9.128808	2.190734	0.500000
3.248817	2.167622	0.799578	0.500000
8.838433	9.349929	2.424278	0.500000
9.655312	9.580375	0.596112	0.500000
10.650001	5.675290	2.026443	0.500000
6.974855	2.979998	2.981254	0.500000
7.735425	3.765386	2.411252	0.500000
6.176292	10.119865	0.672324	0.500000
6.359262	1.197637	0.605565	0.500000
6.864273	7.545582	2.841681	0.500000
8.964230	11.415636	0.721679	0.500000
0.899033	3.681364	1.815849	0.500000
11.611960	11.194528	1.081274	0.500000
1.411189	2.289275	1.158527	0.500000
5.892094	5.204485	1.769693	0.500000
0.760230	3.297725	0.759240	0.500000
6.451210	5.592589	2.924235	0.500000
0.320101	1.515262	1.940762	0.500000
1.373733	1.107479	2.991732	0.500000
9.007011	4.789654	0.852186	0.500000
3.158098	12.152019	0.636824	0.500000
5.685373	9.128123	1.185273	0.500000
4.386922	1.009288	1.561588	0.500000
1.661100	4.007257	2.667969	0.500000
3.333233	5.457999	0.841570	0.500000
1.012648	11.123647	2.859364	0.500000
9.183560	4.295249	2.915794	0.500000
6.885284	7.054935	1.842636	0.500000
9.816991	3.096761	2.282708	0.500000
10.660663	5.945069	0.590722	0.500000
9.746193	1.664869	2.629098	0.500000
4.974059	11.968287	2.712713	0.500000
1.938383	11.966303	2.996143	0.500000
11.543307	6.576021	0.523236	0.500000
10.908270	10.307204	0.587066	0.500000
11.686744	0.596183	2.823682	0.500000
9.146349	0.163876	1.571041	0.500000
8.334728	1.195612	2.483731	0.500000
1.085940	9.454974	0.505686	0.500000
4.518062	10.710586	1.990784	0.500000
3.265762	0.018353	2.956330	0.500000
5.027675	0.113265	1.735127	0.500000
9.984616	3.372262	1.020882	0.500000
2.764094	9.002938	0.794595	0.500000
0.735969	5.548591	1.504466	0.500000
12.048496	6.757061	2.864147	0.500000
8.750526	2.261859	0.782217	0.500000
2.319972	9.924616	0.553307	0.500000
5.448229	11.427124	1.623775	0.500000
9.554141	7.686922	1.777888	0.500000
2.911183	8.580684	1.866895	0.500000
0.024003	10.067381	1.516288	0.500000
0.749182	6.673555	0.864150	0.500000
2.598932	2.246995	1.674270	0.500000
8.484105	3.548629	0.548037	0.500000
6.059585	0.138829	0.507324	0.500000
1.784396	5.031062	2.505281	0.500000
6.889687	8.577784	0.560645	0.500000
10.835164	8.881059	2.565780	0.500000
11.300384	0.119606	1.373816	0.500000
7.518442	9.551403	1.618722	0.500000
6.691954	11.575048	0.561726	0.500000
6.445575	6.047195	2.023981	0.500000
11.011620	3.620539	2.034458	0.500000
5.722446	3.196515	2.829309	0.500000
0.367031	7.971249	2.396089	0.500000
4.193800	2.931571	2.993462	0.500000
7.921238	5.507431	0.579241	0.500000
11.598337	9.740137	2.410088	0.500000
6.650957	3.517721	0.574534	0.500000
6.408942	7.766464	1.309381	0.500000
8.107407	4.853783	1.846376	0.500000
7.883052	2.496170	2.995635	0.500000
10.751001	2.646452	0.877561	0.500000
8.554626	5.754086	1.625882	0.500000
4.601415	6.420794	2.631384	0.500000
5.420138	7.442952	1.772302	0.500000
1.037013	10.434741	1.856462	0.500000
0.920863	0.191486	2.530023	0.500000
6.990781	3.085354	1.644447	0.500000
1.332568	4.137670	0.562611	0.500000
4.100425	11.710005	0.529218	0.500000
4.212430	4.717110	2.983594	0.500000
0.984690	11.456196	1.825917	0.500000
1.392633	12.106003	0.561974	0.500000
6.575298	11.713614	1.871249	0.500000
9.512066	7.665679	2.840055	0.500000
6.306202	4.091043	1.352591	0.500000
12.073635	7.495197	0.824582	0.500000
8.128002	0.424535	1.708487	0.500000
8.678277	7.623433	0.653063	0.500000
10.597062	1.360633	2.189143	0.500000
11.546620	6.569894	1.628771	0.500000
2.297284	0.438700	0.781693	0.500000
10.043704	5.576142	2.840472	0.500000
4.522468	5.290360	0.540741	0.500000
11.729503	5.348927	2.883288	0.500000
10.895406	10.712667	2.839089	0.500000
5.725855	2.542427	0.974459	0.500000
0.170148	2.621953	1.950070	0.500000
10.834553	6.391994	2.806740	0.500000
11.537595	1.051171	1.802827	0.500000
2.618921	4.636481	1.464195	0.500000
0.339871	1.084038	2.910387	0.500000
5.783236	11.086534	0.659785	0.500000
10.386755	11.661668	2.946121	0.500000
11.697297	4.209779	2.791278	0.500000
3.791388	7.194940	0.704201	0.500000
2.577863	7.782805	0.637441	0.500000
10.013735	8.368473	0.876772	0.500000
1.663899	2.823063	2.142235	0.500000
5.968879	4.340691	2.471769	0.500000
9.777683	5.716102	1.226624	0.500000
7.693369	10.045038	2.711560	0.500000
5.146478	2.193403	2.816767	0.500000
4.921527	7.445774	2.956247	0.500000
11.964589	3.872484	1.677365	0.500000
1.647477	8.606565	0.650805	0.500000
2.710129	4.311702	2.758393	0.500000
2.016030	1.417361	0.985543	0.500000
7.611980	11.670295	1.318946	0.500000
10.698809	7.537413	2.675855	0.500000
0.546418	9.794757	2.735758	0.500000
7.380691	1.228050	2.882854	0.500000
5.764710	10.164504	2.858849	0.500000
8.291432	8.002509	2.859687	0.500000
5.072301	10.893023	2.916628	0.500000
10.662731	0.666934	0.519018	0.500000
9.136954	6.078955	2.669827	0.500000
10.148828	0.155164	1.890971	0.500000
8.884979	8.863738	1.256010	0.500000
12.174514	11.758169	2.789576	0.500000
2.757217	5.670929	2.122734	0.500000
7.082966	4.733049	1.699875	0.500000
9.921685	10.606727	1.107121	0.500000
10.687360	8.172522	1.772863	0.500000
5.061554	12.068219	0.540592	0.500000
1.859797	6.085813	1.902443	0.500000
2.086643	7.153502	2.157131	0.500000
4.818260	7.049056	0.517499	0.500000
12.183372	9.307868	0.834130	0.500000
