300

10.809446	2.943565	2.515212	0.500000
9.230041	5.255946	1.620815	0.500000
5.214459	10.419451	2.952200	0.500000
6.612977	11.699860	0.652918	0.500000
8.100906	5.004341	0.905264	0.500000
5.920152	8.472025	0.723183	0.500000
0.150049	1.688432	2.471018	0.500000
9.039813	4.580311	0.737140	0.500000
12.005351	10.886363	2.123960	0.500000
5.933919	3.553588	2.509655	0.500000
3.152310	9.112121	2.775726	0.500000
4.091652	2.449236	2.729040	0.500000
12.011275	2.251925	0.543925	0.500000
6.603679	1.434627	2.095769	0.500000
9.807991	9.669747	1.298151	0.500000
11.578575	2.363114	1.734795	0.500000
7.962124	10.400240	0.702939	0.500000
6.581875	11.872748	2.175294	0.500000
5.566458	9.976815	1.423786	0.500000
9.248101	12.074862	2.754793	0.500000
3.600254	4.109613	2.759259	0.500000
3.357612	3.447332	0.509721	0.500000
3.652490	6.056811	1.789767	0.500000
7.660632	12.072590	0.694524	0.500000
2.544398	6.421758	0.839317	0.500000
5.235874	10.390428	0.516144	0.500000
9.817237	0.684156	2.919674	0.500000
2.943827	7.138239	1.851679	0.500000
11.862979	8.299426	0.794728	0.500000
2.109766	12.188759	0.529959	0.500000
12.182546	0.561437	2.898005	0.500000
10.784683	7.714442	2.092233	0.500000
5.654824	6.776998	0.953988	0.500000
1.499118	3.373158	2.078586	0.500000
4.734825	4.133008	2.876899	0.500000
8.840047	0.136948	1.664996	0.500000
12.113427	8.690793	2.880107	0.500000
7.534649	9.049494	0.587868	0.500000
5.307493	9.268434	2.993143	0.500000
3.177992	3.339374	1.502230	0.500000
1.987925	1.514106	0.862487	0.500000
11.210177	12.071757	1.811640	0.500000
11.633570	5.640324	1.050487	0.500000
11.075653	7.239235	0.612108	0.500000
11.300942	3.856972	2.792715	0.500000
7.449469	6.703472	1.767441	0.500000
4.574060	5.561990	1.628842	0.500000
8.596268	3.478254	1.343394	0.500000
5.545528	2.039649	2.076545	0.500000
12.021158	9.280467	1.953803	0.500000
2.206031	2.365881	2.992558	0.500000
6.891910	9.850303	2.855197	0.500000
7.605022	1.187850	2.935338	0.500000
2.871612	10.774011	0.619623	0.500000
4.189971	2.799063	0.910176	0.500000
11.270808	4.399891	0.768350	0.500000
6.500874	0.782754	0.560506	0.500000
4.367727	5.982439	0.517502	0.500000
7.035811	2.026428	2.899901	0.500000
10.152833	5.229522	2.735704	0.500000
1.677615	9.594045	0.715234	0.500000
4.297887	8.296555	0.896126	0.500000
2.055681	7.360898	0.697277	0.500000
4.511376	12.124932	0.914671	0.500000
9.786043	8.527237	2.880679	0.500000
0.547525	6.057589	0.948053	0.500000
1.300419	0.447447	1.398552	0.500000
4.607510	0.031935	2.089330	0.500000
3.038639	6.113067	2.736964	0.500000
10.827281	11.097745	2.800379	0.500000
1.134705	6.815718	0.516371	0.500000
6.949282	7.760742	1.781104	0.500000
5.835236	0.759164	1.899987	0.500000
5.177275	7.781163	1.517924	0.500000
6.996412	0.446034	2.625564	0.500000
11.379517	9.407345	2.807782	0.500000
0.852794	1.741235	0.745896	0.500000
8.127597	6.716324	2.616968	0.500000
0.052757	7.003588	0.627006	0.500000
7.729211	0.076877	2.011927	0.500000
2.046634	5.005863	1.476705	0.500000
1.521765	11.377441	1.417259	0.500000
7.725736	1.724185	1.586609	0.500000
0.996569	11.592081	0.583088	0.500000
8.198904	7.631275	1.830414	0.500000
1.363724	4.784855	2.980586	0.500000
1.614356	8.384816	1.527646	0.500000
12.137977	8.179349	1.822260	0.500000
12.197196	1.552995	1.290180	0.500000
10.133274	10.627879	0.969608	0.500000
8.053814	11.259917	1.690389	0.500000
0.637535	6.035869	2.907955	0.500000
3.806742	7.970845	2.064239	0.500000
0.085113	5.998125	1.933739	0.500000
7.611396	1.388987	0.582448	0.500000
4.190901	8.696817	2.728852	0.500000
5.964178	1.772914	0.822259	0.500000
7.066951	0.555443	1.416057	0.500000
1.173815	6.039937	1.850991	0.500000
4.434227	11.063966	0.547780	0.500000
4.329894	4.641719	1.995170	0.500000
7.006117	3.265474	2.960936	0.500000
5.653125	7.714376	2.775366	0.500000
8.756472	5.743386	2.811310	0.500000
9.102412	3.021346	2.754700	0.500000
8.370740	6.507900	0.677414	0.500000
5.123699	2.369151	0.959861	0.500000
9.995930	7.360771	2.968827	0.500000
8.934040	7.224414	2.998026	0.500000
9.832532	10.712868	2.784610	0.500000
2.524197	10.813035	1.989916	0.500000
0.575413	10.670837	0.717536	0.500000
1.902440	11.944788	2.987948	0.500000
6.099314	3.961793	1.309906	0.500000
8.915505	1.244385	1.888797	0.500000
2.571412	4.611978	2.961535	0.500000
11.582991	2.357260	2.843521	0.500000
3.679406	4.196227	1.140937	0.500000
3.021705	0.792068	2.686085	0.500000
7.570552	8.966178	2.982222	0.500000
0.294499	9.424950	0.969457	0.500000
6.528802	2.434142	1.897339	0.500000
11.021964	0.456133	0.970586	0.500000
10.905161	8.844107	2.127145	0.500000
10.185914	6.893529	1.648798	0.500000
7.287993	6.941526	0.777644	0.500000
9.370477	7.021175	1.018185	0.500000
10.060592	4.223880	0.809123	0.500000
1.595161	10.392907	2.963104	0.500000
9.341893	2.131175	1.381129	0.500000
1.434172	8.219467	0.511499	0.500000
3.212064	10.126859	2.957813	0.500000
11.867057	7.351883	2.414834	0.500000
2.369468	6.247967	1.812497	0.500000
9.228694	10.937147	0.567307	0.500000
6.775705	8.448640	2.522993	0.500000
1.348669	8.469802	2.973709	0.500000
5.716070	5.110418	0.763496	0.500000
6.681722	9.426130	1.020103	0.500000
11.370872	10.930566	0.539880	0.500000
0.676027	8.752588	2.234722	0.500000
5.577306	11.406515	0.934103	0.500000
8.824253	10.820900	2.952388	0.500000
8.344438	8.237633	2.729447	0.500000
1.773977	10.762236	0.662051	0.500000
7.074138	2.333928	0.596903	0.500000
11.788368	10.380371	2.994814	0.500000
11.952589	11.428797	2.996464	0.500000
0.572048	2.840134	0.761087	0.500000
5.067816	3.081081	2.120297	0.500000
8.971326	4.685331	2.594984	0.500000
3.055741	11.926121	2.530278	0.500000
9.903510	3.689836	2.741978	0.500000
4.922088	9.259762	0.598171	0.500000
8.797681	9.158797	2.495340	0.500000
9.607918	6.181377	2.271550	0.500000
11.732322	11.874594	0.943059	0.500000
6.017803	8.422588	1.818689	0.500000
3.944036	0.411230	2.780183	0.500000
3.226532	1.866031	2.925561	0.500000
10.523063	9.477589	0.600480	0.500000
6.565276	6.386822	2.394464	0.500000
8.755543	11.880626	0.515282	0.500000
6.811327	7.431460	2.807116	0.500000
10.667741	10.123927	2.977766	0.500000
1.842775	7.568032	2.250716	0.500000
1.358206	4.743175	0.710586	0.500000
11.380182	6.720767	1.668398	0.500000
12.045013	0.460086	1.593617	0.500000
6.501764	10.750543	1.116493	0.500000
1.907813	5.692765	2.619478	0.500000
7.545743	2.732363	1.755804	0.500000
0.677510	2.344026	1.630366	0.500000
1.319596	1.567736	1.635411	0.500000
1.029208	2.522637	2.629154	0.500000
3.515013	9.661509	0.857295	0.500000
0.704680	7.503268	2.682706	0.500000
1.975468	2.771836	0.786314	0.500000
9.699234	3.246325	1.697525	0.500000
8.480674	2.313085	2.262888	0.500000
11.404110	1.136883	2.008054	0.500000
7.534006	4.563047	1.736727	0.500000
7.929161	5.053570	2.880901	0.500000
8.355200	9.927836	2.992316	0.500000
2.314245	8.439311	2.548786	0.500000
4.408713	4.887140	0.533576	0.500000
4.393133	9.826255	2.445279	0.500000
2.358072	3.510547	2.639325	0.500000
10.730606	3.601219	1.301809	0.500000
4.619574	6.928551	0.756953	0.500000
1.455800	3.708167	0.576935	0.500000
4.103193	6.242267	2.904485	0.500000
10.862498	0.622922	2.855803	0.500000
5.912398	2.932073	1.259254	0.500000
0.155535	4.768611	2.300635	0.500000
2.240865	0.000462	1.587365	0.500000
3.493984	12.003615	0.628654	0.500000
9.775409	8.399531	0.653969	0.500000
5.043253	6.709160	2.741502	0.500000
3.093474	7.907839	1.064758	0.500000
5.812031	12.115800	2.899637	0.500000
9.064910	0.926388	0.733363	0.500000
8.041780	0.725600	1.254500	0.500000
8.566580	0.658431	2.671795	0.500000
0.510278	3.387567	1.646242	0.500000
3.888650	10.869713	2.363767	0.500000
4.505087	1.215078	0.567469	0.500000
8.477656	10.205931	1.650374	0.500000
9.905935	2.160531	2.747997	0.500000
5.112556	6.438975	1.771797	0.500000
7.656806	4.097054	2.744561	0.500000
10.821915	1.622199	2.963606	0.500000
10.418225	1.806896	1.938417	0.500000
2.200434	9.496232	2.953714	0.500000
6.558580	7.689818	0.773507	0.500000
10.581798	2.422446	0.780205	0.500000
8.610971	6.513317	1.736296	0.500000
10.322379	12.122044	2.381963	0.500000
3.255214	5.114185	1.872227	0.500000
2.987195	5.506283	0.726611	0.500000
10.806022	10.285697	1.756789	0.500000
9.925199	0.532316	1.647580	0.500000
5.518854	0.570765	0.625725	0.500000
5.061649	0.667984	2.956496	0.500000
3.133813	2.854597	2.563062	0.500000
2.016942	9.979701	1.699866	0.500000
10.720350	8.295888	1.233327	0.500000
9.964002	9.688146	2.343858	0.500000
1.757630	6.845236	2.950848	0.500000
0.358950	3.685155	2.800270	0.500000
8.299974	2.481970	1.039626	0.500000
6.560294	5.146460	1.773085	0.500000
0.747937	9.802108	2.665306	0.500000
0.425563	10.228660	1.735235	0.500000
6.694172	10.614720	2.174005	0.500000
4.751821	8.899289	1.737294	0.500000
1.644013	5.784764	0.586876	0.500000
9.943865	1.554984	0.564029	0.500000
8.113939	11.639317	2.739159	0.500000
2.668830	8.802552	0.512650	0.500000
6.071434	7.168820	1.994266	0.500000
4.756906	11.366080	1.666688	0.500000
5.223471	3.665991	0.867840	0.500000
7.568641	7.941983	0.684628	0.500000
4.078530	3.412462	2.091901	0.500000
4.548466	1.263065	2.182897	0.500000
11.502827	3.280200	0.729697	0.500000
6.165934	9.585419	2.130758	0.500000
9.624694	4.271723	1.733226	0.500000
8.866121	9.434430	0.913584	0.500000
5.490435	4.584802	2.139559	0.500000
2.619117	4.455423	0.808919	0.500000
6.514571	4.506284	2.585655	0.500000
5.669610	11.126987	2.124392	0.500000
11.007058	6.282842	2.950540	0.500000
8.031765	3.062817	2.970145	0.500000
9.882259	5.359353	0.564510	0.500000
5.879789	5.609446	2.606616	0.500000
4.313212	7.135716	1.725895	0.500000
2.065608	2.438382	1.828550	0.500000
9.779394	3.271045	0.672531	0.500000
7.027548	11.325001	2.911245	0.500000
3.393238	7.077315	0.525130	0.500000
10.886347	4.804672	1.697261	0.500000
9.284454	7.250569	2.017713	0.500000
1.478832	0.682724	2.839943	0.500000
6.432869	6.077688	0.719184	0.500000
3.161217	1.081069	0.562542	0.500000
11.724481	4.061890	1.717298	0.500000
2.893337	2.027699	0.867497	0.500000
4.324132	1.963491	1.457398	0.500000
11.463341	4.830086	2.990544	0.500000
8.705192	8.652072	1.631362	0.500000
3.605284	5.195985	2.819049	0.500000
0.780124	11.113637	2.709943	0.500000
0.413515	0.610275	0.509057	0.500000
2.564954	1.564410	1.989973	0.500000
9.588793	11.238610	1.804578	0.500000
3.334780	0.534437	1.640640	0.500000
3.257070	7.226472	2.881400	0.500000
7.360955	8.968710	1.794781	0.500000
11.150599	8.341299	2.970694	0.500000
10.185203	12.149706	0.839744	0.500000
1.059777	4.393919	1.827103	0.500000
0.464638	4.003712	0.717504	0.500000
6.863823	5.564623	2.947468	0.500000
2.836067	9.003390	1.493765	0.500000
4.660084	11.539507	2.886266	0.500000
0.881711	12.118696	2.963172	0.500000
11.108112	1.551492	1.118522	0.500000
0.176828	4.819765	1.290093	0.500000
3.014244	9.861823	2.007684	0.500000
10.641845	5.949958	0.885602	0.500000
0.558682	11.347890	1.684959	0.500000
7.334719	4.144197	0.513201	0.500000
0.878936	7.213811	1.583368	0.500000
8.798087	7.984980	0.714229	0.500000
4.447579	10.287857	1.529299	0.500000
11.205603	5.766800	2.091236	0.500000
7.758481	5.541971	2.001456	0.500000
