300

7.456951	5.317931	2.611084	0.500000
3.564105	12.137557	1.603573	0.500000
1.194217	4.049148	0.504809	0.500000
4.811622	0.845221	2.761049	0.500000
3.757732	0.733507	2.973879	0.500000
4.123508	5.212721	2.963219	0.500000
4.624904	9.171732	1.795683	0.500000
11.812477	2.271687	2.870317	0.500000
3.937037	4.721297	0.729886	0.500000
5.722403	11.190386	1.665630	0.500000
8.915883	10.989203	0.520070	0.500000
4.918743	7.773042	1.896034	0.500000
10.394527	3.527911	0.669994	0.500000
10.738626	1.929661	2.905581	0.500000
10.130826	5.275805	0.685342	0.500000
5.488777	8.596725	1.913574	0.500000
1.472589	8.760770	1.819660	0.500000
0.327962	3.816190	1.936317	0.500000
11.887008	8.425449	2.977845	0.500000
6.455408	1.762605	2.817783	0.500000
4.775304	0.885551	1.701283	0.500000
1.488885	2.352350	0.512529	0.500000
5.037676	9.499281	0.511382	0.500000
9.376077	9.187577	0.529394	0.500000
1.520305	11.788415	1.328796	0.500000
2.315172	6.552978	0.963187	0.500000
8.773685	5.218632	1.167971	0.500000
12.113470	8.982945	0.936713	0.500000
2.232825	6.596944	2.007540	0.500000
1.785438	8.449593	2.895899	0.500000
10.934318	10.407537	1.380812	0.500000
3.845275	2.025789	0.701725	0.500000
5.720574	7.012961	2.882879	0.500000
7.053927	4.033806	0.568143	0.500000
2.488124	0.907335	1.888206	0.500000
10.883456	4.516735	0.550436	0.500000
10.245903	7.320520	1.210440	0.500000
5.537739	6.734726	1.640486	0.500000
7.855839	7.357731	2.892581	0.500000
11.835556	3.297203	2.905341	0.500000
3.771915	0.967579	1.906212	0.500000
8.128535	11.705080	1.029024	0.500000
9.622071	0.867040	1.750955	0.500000
7.655601	2.720352	2.379323	0.500000
9.553457	2.984693	1.575548	0.500000
6.801160	1.311016	1.657140	0.500000
8.271598	9.608530	0.942663	0.500000
0.780833	11.081761	0.593385	0.500000
3.523198	7.899519	0.547528	0.500000
4.634271	3.786750	2.217446	0.500000
7.831597	10.561512	0.796809	0.500000
9.742162	2.041772	2.984057	0.500000
1.976592	1.926871	1.546285	0.500000
5.627193	10.291504	0.761662	0.500000
5.144514	3.255179	1.430122	0.500000
8.779436	1.620787	1.799517	0.500000
11.942459	0.688966	2.817216	0.500000
9.314009	5.228070	2.857428	0.500000
12.041130	1.455855	1.814205	0.500000
10.849545	11.434575	1.957891	0.500000
11.504658	11.729086	0.975531	0.500000
7.818408	11.491221	2.984517	0.500000
8.701127	6.159046	1.820832	0.500000
5.345619	8.105897	2.908135	0.500000
1.091281	6.584223	2.863122	0.500000
1.502895	7.099245	0.661994	0.500000
11.322842	2.967697	0.546488	0.500000
3.973510	0.722783	0.921224	0.500000
10.398612	2.156900	0.506567	0.500000
0.371259	11.765000	2.944985	0.500000
0.702673	2.841515	2.443715	0.500000
5.471563	9.118551	2.796658	0.500000
7.240587	6.116298	0.590586	0.500000
1.301708	3.742028	1.497901	0.500000
9.396051	10.059135	1.374780	0.500000
2.881519	2.840177	2.948545	0.500000
6.630360	3.069681	2.962820	0.500000
9.602276	9.115920	1.825752	0.500000
8.412469	7.276687	1.094238	0.500000
3.674838	4.726383	1.836977	0.500000
4.838258	3.884992	0.536104	0.500000
3.176224	7.271539	1.711535	0.500000
10.811498	5.927499	2.977076	0.500000
8.303484	2.691106	0.609774	0.500000
9.680592	10.301322	2.453944	0.500000
2.583948	2.279992	0.574744	0.500000
1.542629	10.093339	0.603173	0.500000
6.403713	8.608907	0.522988	0.500000
5.698391	1.372916	2.112075	0.500000
7.681092	5.698320	1.584210	0.500000
2.570145	0.628423	2.961645	0.500000
2.513896	12.059583	1.700195	0.500000
1.744510	3.231111	2.966890	0.500000
9.583766	3.170361	2.764995	0.500000
9.871418	4.284269	2.987288	0.500000
2.302497	5.585186	1.399305	0.500000
11.040027	9.475098	2.373997	0.500000
8.528076	2.243189	2.809439	0.500000
7.808687	9.347208	1.899703	0.500000
7.432888	3.712831	2.552747	0.500000
3.706651	3.748331	2.839246	0.500000
11.236278	7.551358	0.572515	0.500000
11.549065	0.997546	1.063577	0.500000
6.883229	10.963241	1.357032	0.500000
4.637000	6.676085	0.772089	0.500000
10.857537	10.642154	2.905930	0.500000
4.797865	9.966126	2.982450	0.500000
8.333671	3.342031	2.859195	0.500000
9.349646	7.858091	1.204326	0.500000
10.614413	9.181758	1.383120	0.500000
4.753450	10.530236	1.994196	0.500000
3.672470	9.368701	2.630952	0.500000
0.318665	5.007103	0.681433	0.500000
10.685162	0.673981	1.951804	0.500000
10.367693	11.452705	0.771270	0.500000
7.103201	1.874415	0.673048	0.500000
5.481394	9.724621	1.699530	0.500000
1.184232	0.085768	0.542726	0.500000
3.188748	11.832301	0.505050	0.500000
4.512089	7.465403	2.954029	0.500000
6.387748	8.001082	2.588706	0.500000
8.605964	9.981707	2.069763	0.500000
1.870417	9.749286	2.856727	0.500000
8.536234	8.621297	1.461373	0.500000
3.987357	8.780004	0.694291	0.500000
7.399441	9.259209	0.549367	0.500000
8.452198	1.186829	2.888362	0.500000
0.056157	3.784266	0.578843	0.500000
4.526954	7.864802	0.721120	0.500000
2.467955	9.829450	1.609667	0.500000
12.192331	6.470258	2.783677	0.500000
3.911625	11.462278	2.824112	0.500000
7.700709	0.833450	2.073756	0.500000
9.637922	12.114427	1.243254	0.500000
7.497829	6.336725	2.854298	0.500000
1.389291	0.332958	2.147884	0.500000
0.320567	11.707475	1.243371	0.500000
1.068566	1.289719	1.621289	0.500000
8.756508	6.782116	2.942435	0.500000
10.048560	7.559884	2.801965	0.500000
7.280912	12.126951	2.380957	0.500000
3.528926	9.071517	1.666762	0.500000
11.124017	9.643439	0.643706	0.500000
1.540010	4.376877	2.625079	0.500000
9.754858	2.025578	1.962966	0.500000
2.692707	11.136390	1.038943	0.500000
0.150613	8.199336	1.643237	0.500000
4.476497	2.772005	2.961449	0.500000
9.300159	0.748509	0.604994	0.500000
11.420425	8.490446	1.591515	0.500000
11.638804	4.936320	1.539905	0.500000
2.090774	3.205218	0.758520	0.500000
3.100753	1.669157	1.637496	0.500000
2.107589	3.214159	1.972331	0.500000
5.283144	11.388252	0.712765	0.500000
1.883373	5.202311	0.539733	0.500000
10.876858	3.045730	1.539647	0.500000
2.651143	4.068089	2.641975	0.500000
3.202578	10.279132	0.535911	0.500000
1.294988	8.383455	0.678494	0.500000
5.572659	4.563798	2.831707	0.500000
0.868965	11.318139	2.132788	0.500000
11.728904	6.719092	0.941936	0.500000
5.808197	0.080426	1.879730	0.500000
8.651855	7.716989	2.126892	0.500000
2.594266	9.191919	2.377720	0.500000
4.372707	8.628331	2.870863	0.500000
5.455184	2.027115	0.534078	0.500000
6.691090	4.974214	0.717423	0.500000
6.392141	10.072507	2.641917	0.500000
9.861090	11.162394	1.736200	0.500000
0.044247	10.642064	1.709766	0.500000
8.671350	0.076238	1.691414	0.500000
3.278435	5.618167	2.164297	0.500000
4.750716	5.128333	1.558722	0.500000
8.881648	8.397437	2.861532	0.500000
4.607940	1.997801	1.682141	0.500000
0.766070	3.068306	0.580391	0.500000
0.555611	10.196964	2.831038	0.500000
10.090389	0.100530	2.631316	0.500000
9.579793	6.151942	2.525146	0.500000
6.189658	11.910024	0.748103	0.500000
8.996329	0.016573	2.808055	0.500000
3.798010	2.779573	1.645249	0.500000
8.421625	1.312986	0.815818	0.500000
8.680675	9.464372	2.972090	0.500000
2.112386	4.327072	1.772691	0.500000
11.366990	5.457578	0.533179	0.500000
1.809312	0.863262	0.634752	0.500000
0.081413	0.416203	0.588145	0.500000
0.245711	7.499289	2.970406	0.500000
5.453483	2.330270	2.914569	0.500000
10.035299	3.924085	1.620030	0.500000
8.834697	3.714009	1.432547	0.500000
0.430136	0.533498	1.778828	0.500000
0.313322	4.722528	2.561310	0.500000
10.456491	0.401208	0.538396	0.500000
6.577054	9.091927	2.981112	0.500000
4.293754	6.210885	2.614027	0.500000
3.377797	10.438491	2.440292	0.500000
3.356055	5.547208	0.891292	0.500000
7.688934	3.462716	1.142442	0.500000
6.300775	6.882083	0.567375	0.500000
10.377395	8.375078	0.711507	0.500000
11.576528	3.936314	1.785271	0.500000
0.598140	2.422497	1.401790	0.500000
2.699281	4.250308	0.878628	0.500000
0.523070	9.870093	0.789831	0.500000
7.259695	0.683043	0.780209	0.500000
6.944911	9.981617	1.642730	0.500000
0.270056	6.073373	0.537898	0.500000
1.244771	5.104110	1.811764	0.500000
7.343823	10.753230	2.233900	0.500000
7.641141	1.903927	1.772778	0.500000
2.701707	6.115335	2.854108	0.500000
1.004796	7.167935	1.554790	0.500000
3.770521	8.120394	1.889917	0.500000
7.868284	8.710916	2.959437	0.500000
9.386575	3.117705	0.539638	0.500000
1.506527	10.690058	2.772897	0.500000
6.037256	7.826777	1.442725	0.500000
10.868277	5.895899	1.811248	0.500000
4.609863	11.944367	1.961387	0.500000
6.415569	2.505844	2.139058	0.500000
12.005567	5.950817	1.730869	0.500000
10.517117	8.042653	1.874851	0.500000
4.541589	12.076526	0.813513	0.500000
11.334032	6.889864	1.886161	0.500000
8.260618	4.637939	0.525321	0.500000
10.437518	1.478301	1.355638	0.500000
10.099774	5.212698	1.805573	0.500000
11.920268	10.685339	0.628150	0.500000
10.059584	10.402885	0.568047	0.500000
8.218509	10.541212	2.915319	0.500000
5.178720	11.953243	2.823372	0.500000
11.045387	7.463218	2.832757	0.500000
1.222383	10.136670	1.926844	0.500000
6.844430	8.971111	1.629945	0.500000
0.336425	7.307345	0.565679	0.500000
2.643323	5.056385	2.867355	0.500000
11.739294	2.106466	1.068927	0.500000
9.700126	6.299568	1.308622	0.500000
0.871957	1.565340	0.580114	0.500000
11.762945	10.298251	2.563072	0.500000
6.934066	12.073434	1.403642	0.500000
2.786137	8.348399	1.499736	0.500000
7.290958	7.336467	0.502390	0.500000
6.359508	11.436357	2.610035	0.500000
2.204833	7.328790	2.692278	0.500000
4.353306	10.423598	0.500233	0.500000
0.856926	8.163693	2.412592	0.500000
0.654376	1.221779	2.765493	0.500000
12.052967	12.013766	2.113300	0.500000
4.007949	11.148792	1.361073	0.500000
6.587236	3.398088	1.646298	0.500000
2.366137	11.141182	2.136465	0.500000
2.336711	9.250399	0.606838	0.500000
7.730739	8.136945	1.027554	0.500000
10.951905	4.622736	2.898953	0.500000
6.120868	1.080344	0.664775	0.500000
10.170041	8.661421	2.841117	0.500000
5.719760	4.014988	1.101534	0.500000
4.163254	6.864807	1.848340	0.500000
9.485058	0.959150	2.919353	0.500000
0.742944	9.207456	2.681679	0.500000
10.653491	6.342191	0.785125	0.500000
9.885624	11.279507	2.853677	0.500000
9.285051	1.828348	0.896916	0.500000
6.446754	6.220011	2.765863	0.500000
8.387351	4.521229	2.394517	0.500000
2.330509	7.870591	0.695399	0.500000
3.437380	6.886690	0.780050	0.500000
8.696433	11.039279	1.718083	0.500000
11.210246	11.815103	2.998074	0.500000
2.922247	11.626131	2.900885	0.500000
5.341467	5.841704	2.461970	0.500000
5.383925	5.034288	0.513426	0.500000
0.178547	9.579246	1.880223	0.500000
4.015013	9.999331	1.566027	0.500000
3.111202	3.469861	1.952609	0.500000
7.153155	7.664293	2.036083	0.500000
5.183478	0.671502	0.503981	0.500000
6.631064	4.633586	2.887912	0.500000
5.955249	5.315165	1.379632	0.500000
6.501707	6.845185	1.965528	0.500000
10.289173	6.727132	2.094754	0.500000
1.654883	1.378933	2.689073	0.500000
3.382254	3.246334	0.797908	0.500000
5.467812	10.847102	2.777531	0.500000
1.100703	6.041800	1.184689	0.500000
5.811573	2.971502	0.637950	0.500000
1.912128	7.592399	1.719366	0.500000
3.207216	7.696473	2.882632	0.500000
10.561028	2.931912	2.589824	0.500000
1.234682	5.570021	2.976310	0.500000
8.578746	2.766732	1.682832	0.500000
1.840488	11.998693	2.917240	0.500000
3.596340	1.746463	2.644788	0.500000
3.074793	1.215778	0.511522	0.500000
6.882728	5.133616	1.796953	0.500000
