300

0.058997	3.865891	0.529764	0.500000
8.901633	2.737723	2.985350	0.500000
11.946841	6.443117	0.561852	0.500000
5.636257	3.667102	0.690237	0.500000
2.193776	2.239823	1.761795	0.500000
5.911119	5.400445	2.529045	0.500000
1.731896	10.718718	2.393475	0.500000
1.365928	6.225523	1.007972	0.500000
8.154123	3.580080	2.922137	0.500000
8.201895	11.466129	2.867608	0.500000
4.853818	10.375978	0.536778	0.500000
3.181174	6.445161	2.671486	0.500000
3.068619	4.840456	1.856180	0.500000
8.987950	11.956419	0.519325	0.500000
12.126055	7.937042	1.430709	0.500000
8.352353	8.000245	0.583788	0.500000
2.019887	10.979395	0.712372	0.500000
11.012610	2.250510	0.660334	0.500000
2.095784	5.848772	2.618460	0.500000
6.306764	6.487782	0.698220	0.500000
3.302738	3.380530	2.959986	0.500000
2.849170	1.400769	2.870935	0.500000
3.324200	9.521734	0.570523	0.500000
2.611661	6.282069	1.825196	0.500000
0.626781	10.072807	1.543890	0.500000
11.337884	3.197245	1.828241	0.500000
6.034816	1.301175	2.873081	0.500000
2.139858	0.349312	1.039785	0.500000
6.828271	10.800345	0.510007	0.500000
4.527228	1.585682	1.080338	0.500000
11.009429	10.548664	2.875664	0.500000
5.496456	2.088094	1.059792	0.500000
4.811587	5.696592	1.550314	0.500000
10.269420	5.556630	0.923495	0.500000
2.339905	1.702806	0.542435	0.500000
1.042922	2.423492	1.757529	0.500000
9.738979	11.354735	0.960818	0.500000
11.227525	4.984979	1.640846	0.500000
12.040569	9.245515	1.614150	0.500000
7.481613	1.153313	2.711932	0.500000
4.242473	2.595504	1.810128	0.500000
8.287534	4.501470	1.362148	0.500000
11.970621	10.842274	1.627012	0.500000
8.081039	0.632984	0.582593	0.500000
7.478058	6.485354	1.012990	0.500000
1.499702	1.672126	2.722069	0.500000
5.599232	11.487584	2.849937	0.500000
3.977331	7.626360	2.767547	0.500000
4.155432	4.522215	0.578110	0.500000
6.815608	1.366134	1.729637	0.500000
4.728583	6.568455	0.780356	0.500000
7.243180	5.719864	2.798143	0.500000
1.192833	7.761511	1.880470	0.500000
5.691934	6.899700	1.424939	0.500000
8.813650	3.416384	1.912716	0.500000
11.259820	11.978602	0.737872	0.500000
0.513982	9.185503	0.568342	0.500000
10.886619	5.076882	2.963413	0.500000
6.776305	10.360876	2.898954	0.500000
11.251797	0.091707	2.087363	0.500000
6.593176	0.265579	2.850491	0.500000
8.553343	2.522077	1.473758	0.500000
5.470931	6.453871	2.770507	0.500000
5.853916	9.897856	1.162953	0.500000
12.017124	4.975507	0.610132	0.500000
3.324704	3.901810	0.565381	0.500000
9.501417	8.317861	2.979460	0.500000
3.317733	5.219211	0.821907	0.500000
6.521673	6.132123	1.832042	0.500000
10.369826	9.568716	1.239996	0.500000
1.821140	2.682540	0.530236	0.500000
7.372863	7.834936	0.944603	0.500000
9.651767	6.847316	2.939409	0.500000
1.518373	0.271268	1.922532	0.500000
9.798099	5.584534	2.976690	0.500000
11.104584	9.446620	2.416186	0.500000
8.265225	4.834302	2.331983	0.500000
8.387418	9.319978	2.944686	0.500000
1.198517	8.263768	0.947468	0.500000
6.647905	11.373571	2.992710	0.500000
6.864961	3.572272	1.696917	0.500000
0.966418	5.432162	2.946717	0.500000
0.522348	5.802791	0.531271	0.500000
9.227120	4.100094	0.952265	0.500000
0.128335	1.207913	1.467178	0.500000
5.539396	5.743585	0.771762	0.500000
3.964171	8.778734	2.944422	0.500000
12.009081	5.530954	2.877850	0.500000
12.031651	1.758015	0.669429	0.500000
9.484255	2.668370	1.955392	0.500000
2.370718	3.558383	2.500158	0.500000
2.612478	7.499038	1.513701	0.500000
11.329518	1.878537	2.794287	0.500000
10.085600	1.534359	0.878383	0.500000
5.683683	10.401700	2.015211	0.500000
5.485220	3.472334	2.475209	0.500000
7.931467	9.387984	1.777922	0.500000
7.809966	1.780217	1.275490	0.500000
10.974741	8.451418	1.623238	0.500000
0.169856	6.977791	2.960554	0.500000
0.777569	7.187924	0.582129	0.500000
11.831394	0.639008	2.775449	0.500000
7.634263	0.157219	2.637363	0.500000
9.810364	1.600161	2.085085	0.500000
6.687086	1.912054	0.503700	0.500000
8.767059	11.983935	1.639351	0.500000
3.327926	1.164743	0.657824	0.500000
8.981051	4.469106	2.962903	0.500000
8.802503	6.805351	1.599398	0.500000
10.685010	2.163807	1.969274	0.500000
1.859836	7.128445	0.834914	0.500000
5.339228	0.267265	2.710132	0.500000
3.527266	9.370253	1.771042	0.500000
7.563140	5.255715	0.502942	0.500000
9.218728	8.796770	0.535063	0.500000
7.411761	3.785667	0.720533	0.500000
10.893052	10.254357	1.856326	0.500000
2.995471	11.314613	1.865352	0.500000
0.565752	11.331235	1.109859	0.500000
3.581892	8.024765	1.921866	0.500000
7.348048	11.932700	0.543310	0.500000
5.916911	0.714576	2.004744	0.500000
10.023765	8.062953	1.905880	0.500000
9.075865	5.929977	2.334547	0.500000
3.778226	10.404675	1.195849	0.500000
6.753070	7.446952	1.696603	0.500000
2.909366	0.422195	2.301088	0.500000
3.995032	11.403868	1.429000	0.500000
9.026287	8.733924	1.834223	0.500000
1.485782	11.489869	1.699717	0.500000
4.485535	6.753848	2.502731	0.500000
4.339085	9.412152	0.759892	0.500000
6.235077	4.538170	0.537003	0.500000
0.116749	4.551708	2.098578	0.500000
0.500607	6.229073	2.364210	0.500000
6.271704	2.811132	2.890042	0.500000
0.741215	0.884851	0.612051	0.500000
11.658958	4.320041	2.787654	0.500000
10.781105	7.896161	0.660527	0.500000
2.203771	8.028727	2.270624	0.500000
6.698677	11.903832	1.599587	0.500000
10.123064	10.510799	0.537322	0.500000
1.829497	0.751111	2.973156	0.500000
0.143062	12.203968	0.582721	0.500000
6.357333	2.837789	0.725036	0.500000
7.957791	0.457145	1.620552	0.500000
0.853313	1.078336	2.198901	0.500000
5.559029	4.920591	1.560146	0.500000
12.014665	2.100740	1.838942	0.500000
0.366432	3.052473	1.064055	0.500000
1.344704	3.142337	2.746020	0.500000
4.504925	8.052553	0.954788	0.500000
11.322225	6.561360	2.425345	0.500000
2.901983	2.928065	1.386255	0.500000
4.051460	1.039607	2.785734	0.500000
1.878914	5.334952	0.649398	0.500000
11.334946	9.183452	0.611385	0.500000
1.096340	4.591094	0.830105	0.500000
8.749113	2.008634	0.555055	0.500000
2.330930	9.939860	0.913969	0.500000
1.069322	4.137789	2.828875	0.500000
1.273891	1.755059	0.548359	0.500000
7.631376	9.009263	0.768210	0.500000
6.797936	0.883074	0.672899	0.500000
8.126866	6.210087	2.845776	0.500000
1.832742	9.528359	2.967868	0.500000
1.278763	9.243205	1.270913	0.500000
4.397654	5.814486	2.987755	0.500000
6.735028	3.882123	2.810245	0.500000
3.201148	0.030021	1.367299	0.500000
9.680609	2.749022	0.849959	0.500000
5.036686	7.875525	2.824314	0.500000
10.343917	11.494997	2.996322	0.500000
4.271838	0.714126	0.574296	0.500000
4.726906	3.685767	1.734368	0.500000
11.481838	3.206163	0.829574	0.500000
3.760449	0.925566	1.823594	0.500000
3.201993	1.890389	1.668064	0.500000
1.186021	8.789730	2.460405	0.500000
5.715977	11.582675	1.808516	0.500000
5.092857	9.524400	2.112801	0.500000
5.620540	8.914497	0.510884	0.500000
11.263488	1.076742	1.738374	0.500000
4.758908	0.801873	1.921699	0.500000
7.654258	2.531020	0.526619	0.500000
7.014283	9.775660	2.091960	0.500000
4.514540	3.219299	2.881769	0.500000
9.008495	1.469906	2.711577	0.500000
12.183169	0.126058	1.686476	0.500000
2.619286	10.072661	2.113377	0.500000
4.202284	10.008025	2.879748	0.500000
7.731352	11.576245	1.826947	0.500000
2.465221	4.765212	2.743344	0.500000
1.327392	12.053841	0.689444	0.500000
6.700780	10.909477	1.894120	0.500000
5.298997	1.094273	0.666898	0.500000
11.509350	3.027474	2.942648	0.500000
8.654543	7.069987	2.809433	0.500000
6.450028	2.342160	1.590803	0.500000
4.644920	2.171771	2.901276	0.500000
4.472077	5.493859	0.605188	0.500000
8.416340	3.412717	0.640961	0.500000
3.861202	7.120836	1.150648	0.500000
4.452263	8.643114	1.764680	0.500000
3.185852	11.530354	0.630538	0.500000
3.382214	2.508181	0.607175	0.500000
0.805127	5.420346	1.819003	0.500000
9.396764	0.437307	1.236618	0.500000
11.000120	4.090118	0.665148	0.500000
4.077991	12.102095	2.339718	0.500000
2.346526	8.386521	0.602123	0.500000
10.331559	6.921210	2.191014	0.500000
3.285999	11.568683	2.790794	0.500000
9.984407	2.760344	2.936699	0.500000
6.833279	9.644150	0.500182	0.500000
1.388552	10.149536	0.580093	0.500000
0.838293	10.126374	2.552764	0.500000
8.223780	5.709455	1.591394	0.500000
10.189080	4.670987	1.920866	0.500000
5.962129	9.513818	2.946193	0.500000
4.221153	4.866659	1.680278	0.500000
10.253103	3.565836	1.276314	0.500000
0.358282	1.443417	2.990586	0.500000
9.841230	6.664597	1.306161	0.500000
11.566219	7.599445	2.429288	0.500000
7.758151	10.399612	2.619801	0.500000
7.031612	9.162123	2.907429	0.500000
10.616172	8.543556	2.571488	0.500000
6.149941	8.336690	1.139625	0.500000
9.206406	4.861622	1.828499	0.500000
5.835932	7.453197	0.569578	0.500000
9.841923	0.093272	2.455339	0.500000
8.500130	10.921545	0.505848	0.500000
7.344533	7.523395	2.900815	0.500000
2.250029	2.595897	2.946488	0.500000
9.304664	7.844481	1.228888	0.500000
9.745922	10.652501	1.914690	0.500000
2.807744	10.677297	2.956362	0.500000
4.601239	3.026949	0.694704	0.500000
1.849486	6.953426	1.864130	0.500000
4.424927	11.095434	2.914124	0.500000
5.415818	1.983923	2.053149	0.500000
0.001254	11.931847	2.634646	0.500000
6.180710	11.902711	0.652785	0.500000
5.082807	11.626650	0.693146	0.500000
4.782430	7.390989	1.745983	0.500000
9.161581	10.961746	2.782063	0.500000
2.156342	1.173749	1.784488	0.500000
6.948134	2.187572	2.474777	0.500000
6.957054	8.474314	1.941637	0.500000
0.274541	10.450483	0.591812	0.500000
2.250832	11.803952	2.514427	0.500000
1.099614	11.675537	2.635590	0.500000
7.604932	10.432337	1.423825	0.500000
8.805458	0.311553	2.777436	0.500000
3.917176	6.176926	1.511999	0.500000
2.790361	7.499443	2.984006	0.500000
8.336124	6.853042	0.524365	0.500000
10.235251	5.711988	1.926349	0.500000
8.054705	2.047376	2.890202	0.500000
0.237228	8.007168	2.775190	0.500000
6.943531	4.703368	2.076627	0.500000
5.445411	8.413942	2.039205	0.500000
2.906037	7.310019	0.562510	0.500000
2.993653	6.136690	0.524393	0.500000
8.848362	9.942887	0.586667	0.500000
10.469633	11.638814	1.735034	0.500000
10.298952	3.898690	2.701122	0.500000
9.051586	9.831704	1.853650	0.500000
7.985820	7.251825	1.990582	0.500000
3.471382	4.991084	2.764026	0.500000
3.082492	9.400997	2.944129	0.500000
12.015548	10.589860	2.737343	0.500000
10.985835	1.120899	0.629286	0.500000
0.145466	2.506956	2.901558	0.500000
4.651105	4.675188	2.838220	0.500000
4.829149	10.785241	1.546759	0.500000
8.841501	5.484990	0.803430	0.500000
8.914024	1.370984	1.420825	0.500000
2.285602	4.139935	1.582636	0.500000
10.813828	0.851434	2.704071	0.500000
6.107039	9.223374	1.959915	0.500000
3.437011	2.543875	2.425658	0.500000
1.832240	5.116511	1.729438	0.500000
3.454389	8.368958	0.730006	0.500000
6.571069	6.764887	2.916782	0.500000
11.464326	10.677742	0.519861	0.500000
0.294164	3.230359	2.086217	0.500000
0.110272	9.399697	2.746031	0.500000
11.243021	7.231808	1.314333	0.500000
7.565757	2.826487	1.822501	0.500000
10.076723	9.662848	2.712068	0.500000
1.679047	7.136696	2.871655	0.500000
3.619872	3.758059	2.074602	0.500000
2.133769	3.855744	0.634989	0.500000
5.747209	4.395052	2.913103	0.500000
0.457247	7.119071	1.653549	0.500000
8.575382	10.703747	1.592963	0.500000
1.283841	3.598702	1.808614	0.500000
8.040537	8.391461	1.796152	0.500000
