300

11.855731	2.202646	0.563817	0.500000
7.380960	3.513337	2.434059	0.500000
9.453710	0.106855	2.219935	0.500000
2.792509	11.452421	1.133751	0.500000
7.024438	6.113300	2.389102	0.500000
3.563795	10.893280	0.699878	0.500000
0.567913	0.762401	1.284907	0.500000
10.951251	0.834921	2.425993	0.500000
3.447027	0.386050	2.005590	0.500000
10.778601	9.217789	0.513221	0.500000
4.567455	3.591471	2.488260	0.500000
1.631340	8.963860	1.379722	0.500000
9.812017	7.600443	2.477570	0.500000
6.106141	9.247802	2.389302	0.500000
1.878566	4.058116	1.498924	0.500000
11.320884	13.177767	1.740412	0.500000
0.356088	11.969042	1.463937	0.500000
1.879111	13.027677	0.710268	0.500000
0.142012	9.699876	0.552154	0.500000
7.918455	6.547905	1.039878	0.500000
0.317354	13.177020	0.561982	0.500000
2.087026	9.715702	2.025258	0.500000
3.749866	11.923321	0.613548	0.500000
8.123696	5.304721	0.823754	0.500000
9.901873	9.082463	1.411289	0.500000
9.027053	11.009813	2.272391	0.500000
8.932622	4.975704	2.184537	0.500000
2.429135	6.616490	2.373711	0.500000
8.839545	6.383615	0.514671	0.500000
9.768472	0.210584	0.660363	0.500000
0.954188	6.437411	0.584375	0.500000
6.037060	6.102933	0.555889	0.500000
10.358788	0.098190	1.496132	0.500000
5.986976	6.294416	1.637265	0.500000
1.819833	2.139041	1.728091	0.500000
6.003321	8.953978	0.926777	0.500000
9.065610	2.118214	2.369758	0.500000
12.218557	12.037606	0.549614	0.500000
2.833802	6.833716	1.187010	0.500000
8.693800	9.266163	1.347412	0.500000
4.827235	9.125697	0.948935	0.500000
5.831868	11.352202	2.254976	0.500000
12.463372	9.067107	1.118392	0.500000
11.742015	8.196572	2.478985	0.500000
3.794835	0.105547	0.577495	0.500000
2.960565	10.387896	1.512578	0.500000
0.717289	7.625076	0.511271	0.500000
7.535543	3.033289	1.503919	0.500000
8.183628	7.704159	1.885421	0.500000
3.125172	12.583072	1.089083	0.500000
5.271393	1.970887	2.478574	0.500000
6.195887	1.406014	2.104031	0.500000
2.512502	10.504959	0.621615	0.500000
4.757087	8.340362	2.434846	0.500000
10.965723	8.879823	1.583556	0.500000
11.724778	12.405277	2.458227	0.500000
11.224561	11.580970	0.620824	0.500000
8.108316	11.884437	0.611313	0.500000
7.815095	10.747393	2.299235	0.500000
11.273833	9.307197	2.498067	0.500000
1.190286	12.273890	0.909052	0.500000
1.027160	10.985105	1.794048	0.500000
5.475595	0.773600	1.326072	0.500000
4.005858	2.679953	0.858740	0.500000
6.903744	0.618208	1.971094	0.500000
3.972139	11.338304	1.510375	0.500000
10.454424	4.725940	2.273998	0.500000
5.256864	4.603160	2.437959	0.500000
3.151080	9.927785	2.395147	0.500000
5.545355	6.973838	0.516637	0.500000
9.991477	10.791171	0.725371	0.500000
5.167958	11.567469	1.410107	0.500000
11.373929	4.279603	2.486168	0.500000
9.216789	8.192234	1.495055	0.500000
6.370117	1.709700	0.689327	0.500000
11.491661	11.566905	1.895348	0.500000
10.288945	8.968783	2.490821	0.500000
1.570650	1.102936	1.676145	0.500000
10.751690	3.394671	1.987248	0.500000
3.187740	1.475807	0.710471	0.500000
9.715586	3.068975	2.253280	0.500000
7.088586	5.639299	0.516162	0.500000
9.912729	6.886278	0.921957	0.500000
3.002492	1.401377	2.454488	0.500000
1.486929	5.940498	1.529923	0.500000
4.625806	7.840898	0.507291	0.500000
0.456761	3.411057	2.367431	0.500000
3.328911	4.935916	0.531745	0.500000
11.165722	10.548014	2.477349	0.500000
0.059983	13.043703	1.532146	0.500000
4.055522	1.175643	2.471077	0.500000
4.284156	1.577201	0.770972	0.500000
6.354930	12.206179	2.086016	0.500000
10.590468	5.335614	0.718567	0.500000
10.048244	11.100585	2.276567	0.500000
5.640618	11.858639	0.549080	0.500000
0.364792	4.819522	1.873065	0.500000
4.796173	4.905043	1.034322	0.500000
2.064962	3.770638	2.461176	0.500000
1.735024	2.385440	0.555468	0.500000
7.994850	2.377192	2.493786	0.500000
12.443018	1.382300	0.575247	0.500000
9.726741	2.831606	0.970489	0.500000
1.373115	4.746959	2.292113	0.500000
1.490873	8.288320	0.572774	0.500000
11.701182	7.136801	1.300309	0.500000
12.336196	12.630143	1.406821	0.500000
4.668342	11.191061	0.611429	0.500000
6.927526	10.889064	1.371786	0.500000
3.658652	8.798442	0.840871	0.500000
0.600747	0.129487	2.422972	0.500000
10.790561	7.718221	0.551696	0.500000
7.521634	4.714509	2.312154	0.500000
7.948998	0.009462	1.221883	0.500000
9.059440	11.182021	0.711806	0.500000
4.260056	9.729791	2.470948	0.500000
7.107669	11.954087	0.653165	0.500000
0.068120	6.747584	2.428622	0.500000
3.720183	8.936928	1.976468	0.500000
1.799208	7.286811	0.502495	0.500000
2.032651	10.774010	1.546160	0.500000
4.718767	2.221246	1.546554	0.500000
11.511623	5.015117	1.110937	0.500000
4.023980	7.806457	1.331815	0.500000
8.616596	2.404635	1.432019	0.500000
11.064459	7.044366	2.321886	0.500000
4.526308	5.901573	1.344183	0.500000
7.002232	7.916311	2.480880	0.500000
4.468371	0.500621	1.633599	0.500000
8.899430	0.412703	1.290329	0.500000
7.620951	7.037527	2.499311	0.500000
1.314685	11.186354	0.826101	0.500000
6.765270	0.717837	0.645126	0.500000
12.687497	8.006938	1.498363	0.500000
9.088514	4.299385	1.354636	0.500000
10.911919	4.162657	1.260410	0.500000
5.055437	10.159701	0.841910	0.500000
2.684661	0.964879	1.505368	0.500000
1.211276	2.468206	2.468218	0.500000
2.576036	11.196962	2.443726	0.500000
8.393864	13.121979	2.380312	0.500000
3.772310	1.870569	1.598382	0.500000
2.300879	3.113904	1.541135	0.500000
1.418102	9.991782	1.173209	0.500000
10.365632	12.080728	1.763120	0.500000
7.778685	9.265022	0.539264	0.500000
8.180385	6.190892	2.499219	0.500000
8.108122	4.206694	1.663718	0.500000
4.729096	12.107706	2.468106	0.500000
10.219134	1.560545	2.458095	0.500000
1.071845	4.926705	1.073997	0.500000
4.756746	7.105873	1.360195	0.500000
3.005394	2.565353	0.850036	0.500000
1.890615	4.704804	0.521935	0.500000
4.798230	0.298357	0.589757	0.500000
8.826794	7.243724	1.088726	0.500000
7.751859	10.884223	0.582260	0.500000
5.586946	12.633715	1.594396	0.500000
3.554680	7.239838	0.585109	0.500000
7.270918	1.460594	2.393464	0.500000
1.039226	9.456608	2.461308	0.500000
8.574433	0.966850	2.225203	0.500000
4.661527	12.415098	0.972316	0.500000
12.699494	12.757953	2.498913	0.500000
12.804928	2.817980	1.473020	0.500000
3.188184	4.262679	1.958580	0.500000
12.163253	6.999939	2.228806	0.500000
10.166997	6.554312	2.393113	0.500000
1.126881	12.131997	2.453310	0.500000
9.965003	3.944479	0.802301	0.500000
8.632944	10.162308	0.883417	0.500000
8.698213	3.398120	2.247634	0.500000
2.412266	4.804369	2.380338	0.500000
5.505597	3.445485	1.649793	0.500000
12.002500	8.131675	0.657367	0.500000
5.451175	10.423547	2.451220	0.500000
7.514847	1.285893	1.404165	0.500000
12.670719	4.966779	0.684418	0.500000
6.161056	7.321013	2.416848	0.500000
4.222642	6.429023	0.501601	0.500000
3.773773	7.890201	2.310269	0.500000
13.001300	8.884450	2.498866	0.500000
12.446088	0.372672	0.928726	0.500000
0.917912	5.823194	2.495283	0.500000
4.519829	10.877277	2.311991	0.500000
1.118726	9.237974	0.527138	0.500000
8.397761	3.197401	0.632414	0.500000
9.729461	7.840636	0.672015	0.500000
11.590545	10.545167	0.667100	0.500000
1.567071	7.653188	1.454960	0.500000
0.284668	11.388655	0.524350	0.500000
6.586619	13.115571	1.267637	0.500000
12.551562	11.596378	1.548901	0.500000
3.729449	12.632683	1.894359	0.500000
7.650554	11.620419	1.729328	0.500000
1.315412	6.756132	2.096806	0.500000
2.781638	12.459093	2.265554	0.500000
4.391841	2.500470	2.480172	0.500000
2.216577	6.122019	0.830687	0.500000
10.776907	10.176966	1.149950	0.500000
11.520311	2.000078	1.664590	0.500000
10.373009	2.245286	1.468625	0.500000
5.266253	1.467391	0.522074	0.500000
7.142049	7.548375	1.480837	0.500000
2.858291	8.200515	0.513773	0.500000
12.479910	11.067326	0.602358	0.500000
10.603499	1.465788	0.663684	0.500000
6.237130	7.748581	0.873622	0.500000
13.043919	6.869936	1.434527	0.500000
0.110162	1.873564	1.811102	0.500000
2.925000	2.616892	2.457960	0.500000
6.354814	4.243472	1.758596	0.500000
12.227100	10.957622	2.424534	0.500000
8.586455	1.738222	0.542035	0.500000
1.427126	1.420142	0.540589	0.500000
2.902715	3.996711	0.561770	0.500000
4.210005	10.332164	1.504995	0.500000
0.743111	1.239164	2.429386	0.500000
12.922758	0.856635	2.126243	0.500000
6.142325	0.203307	2.471048	0.500000
9.406574	12.202496	2.473174	0.500000
7.097136	8.873902	1.529048	0.500000
0.206201	10.158167	2.441863	0.500000
4.220847	4.645492	2.471141	0.500000
8.531512	8.405929	0.710508	0.500000
7.922843	7.585654	0.536290	0.500000
10.863006	6.199819	1.190190	0.500000
4.026490	6.425654	2.439338	0.500000
12.042480	0.331975	2.333069	0.500000
3.251569	5.812408	2.277746	0.500000
0.172269	10.470245	1.274231	0.500000
0.673707	8.348136	1.765658	0.500000
0.697785	7.532582	2.374115	0.500000
5.927949	10.786504	0.531267	0.500000
6.792086	10.978395	2.481322	0.500000
7.647599	3.925925	0.538319	0.500000
5.859243	2.515496	1.387959	0.500000
4.998717	7.147929	2.465368	0.500000
11.844510	3.255423	1.718681	0.500000
6.742471	5.339807	1.818109	0.500000
3.167632	6.037299	0.504492	0.500000
10.659771	2.972005	0.544420	0.500000
6.599641	2.345838	2.168774	0.500000
8.951071	12.173983	1.503618	0.500000
12.213172	3.787341	0.801445	0.500000
3.699743	11.526516	2.464784	0.500000
9.632588	4.110934	2.183418	0.500000
13.038044	5.611228	2.461824	0.500000
4.013298	9.928865	0.581442	0.500000
5.955342	5.362682	2.486510	0.500000
12.171583	6.093979	0.641104	0.500000
11.990192	5.146848	1.995725	0.500000
8.724660	12.798039	0.517242	0.500000
6.347438	2.974990	0.551828	0.500000
1.625319	8.634116	2.347343	0.500000
0.194826	1.796470	0.587339	0.500000
12.813369	3.994447	2.405672	0.500000
1.850249	13.172788	2.434599	0.500000
0.924726	3.702768	0.915588	0.500000
11.613189	9.652598	1.344473	0.500000
6.758492	4.462661	0.719639	0.500000
10.528707	13.136443	2.495599	0.500000
2.771707	7.521755	2.121449	0.500000
8.283679	9.755031	2.177870	0.500000
9.236963	6.196451	2.075621	0.500000
11.461652	12.668913	0.826165	0.500000
7.442027	2.449945	0.659006	0.500000
6.626841	9.796790	0.605215	0.500000
2.457602	4.863987	1.361641	0.500000
10.186625	12.518280	0.828809	0.500000
5.201436	9.555822	1.886046	0.500000
13.136482	11.646105	2.419767	0.500000
5.111259	2.894632	0.797142	0.500000
5.861809	5.083143	1.004600	0.500000
0.140527	8.466842	0.618007	0.500000
9.830747	5.390373	1.699333	0.500000
11.790211	1.393999	2.449320	0.500000
6.301057	3.284776	2.387201	0.500000
3.570178	5.506597	1.341334	0.500000
9.484760	1.662451	1.250772	0.500000
12.226841	2.489108	2.422470	0.500000
11.377802	6.022420	2.463822	0.500000
9.485245	5.466905	0.527522	0.500000
12.269214	9.666693	2.104364	0.500000
5.501292	7.934769	1.777437	0.500000
4.343667	3.641406	1.036835	0.500000
8.366459	12.044111	2.316417	0.500000
3.588046	3.084979	1.836818	0.500000
9.519388	9.684754	2.402831	0.500000
5.057821	13.084093	2.365853	0.500000
2.396001	9.356634	0.786372	0.500000
5.282120	4.032270	0.765169	0.500000
0.288742	2.910111	0.688668	0.500000
10.644512	7.806943	1.806901	0.500000
9.360879	9.459892	0.611391	0.500000
12.378798	10.598540	1.484301	0.500000
11.511731	0.634257	0.679758	0.500000
0.119373	5.787305	1.126959	0.500000
7.525309	9.891375	1.401073	0.500000
2.581333	8.527451	1.586732	0.500000
