300

0.403204	8.308394	2.869407	0.500000
0.295381	2.382731	2.964254	0.500000
6.487295	5.727346	2.942115	0.500000
3.067452	4.735673	2.310198	0.500000
7.522484	2.174546	0.942471	0.500000
4.308389	0.981472	0.677145	0.500000
0.107206	3.726224	0.725713	0.500000
4.300762	6.214393	2.390495	0.500000
7.473420	1.049366	0.560400	0.500000
4.292940	4.048998	2.747529	0.500000
3.189330	3.490947	2.344208	0.500000
9.129915	9.793677	0.836626	0.500000
10.571879	2.492248	2.116752	0.500000
9.652005	10.103801	2.270807	0.500000
5.315229	8.781429	0.548486	0.500000
5.569453	9.752326	2.257355	0.500000
1.745005	9.406769	2.086041	0.500000
6.847554	3.194936	1.358857	0.500000
1.203434	11.100176	0.593963	0.500000
4.304369	9.496074	2.870654	0.500000
2.775830	8.663304	1.662101	0.500000
4.113618	6.315679	0.571738	0.500000
10.980708	11.052440	2.935560	0.500000
5.712729	7.254676	2.085364	0.500000
0.614991	10.074793	1.985626	0.500000
4.735293	2.865720	1.533706	0.500000
1.778268	2.626410	0.517842	0.500000
6.561256	10.684292	1.672373	0.500000
4.520753	9.941218	1.980264	0.500000
2.318474	7.500144	0.626595	0.500000
1.517410	10.475143	2.164422	0.500000
8.563669	3.597692	1.359895	0.500000
6.942441	0.181593	0.765623	0.500000
9.160498	4.556322	2.966829	0.500000
7.705350	4.792582	2.992589	0.500000
8.226049	2.609487	1.956568	0.500000
8.976066	5.181501	0.630396	0.500000
10.776277	8.341906	2.540622	0.500000
7.127283	9.847031	1.874547	0.500000
1.172072	3.824261	1.175116	0.500000
10.730122	4.483948	0.729135	0.500000
11.298711	4.806852	2.900085	0.500000
7.664827	1.392373	1.551851	0.500000
6.880509	6.102245	1.373889	0.500000
9.017142	5.696033	2.528454	0.500000
7.656685	3.303932	0.552302	0.500000
8.501386	0.988166	0.990040	0.500000
1.431716	7.196085	2.941789	0.500000
10.091730	5.313259	0.745536	0.500000
8.556483	2.006307	1.052159	0.500000
10.521166	3.180919	0.661798	0.500000
7.941211	3.702689	2.256094	0.500000
11.260465	2.132648	0.563481	0.500000
11.314603	3.394577	2.360366	0.500000
5.457405	1.017158	0.828159	0.500000
4.866557	6.880158	2.992739	0.500000
4.118469	5.178266	2.029751	0.500000
7.469083	7.781205	0.639074	0.500000
6.402445	6.909141	0.789890	0.500000
0.067948	7.106176	0.507375	0.500000
2.817278	1.878413	1.592347	0.500000
0.463403	5.339572	1.691745	0.500000
2.254739	10.224190	2.936131	0.500000
7.059040	0.098267	2.314071	0.500000
11.314015	2.992538	1.405138	0.500000
1.204640	4.303045	2.618338	0.500000
9.741855	0.213426	2.848932	0.500000
0.493050	2.280893	1.897157	0.500000
0.542070	6.444216	2.276795	0.500000
0.942877	1.992532	0.500516	0.500000
1.944079	0.653754	0.504167	0.500000
4.331900	0.049086	2.017585	0.500000
2.728566	0.433685	1.218868	0.500000
10.167464	9.993561	1.026009	0.500000
10.175943	7.587127	1.849770	0.500000
5.760589	1.280677	2.732681	0.500000
2.695004	0.594165	2.294850	0.500000
4.330402	1.569742	2.908511	0.500000
9.414033	1.153421	0.575638	0.500000
4.015048	4.042905	1.635836	0.500000
3.445417	3.433581	0.553514	0.500000
1.385732	8.023867	0.551785	0.500000
2.308550	11.022028	0.561648	0.500000
9.407937	6.721837	2.827871	0.500000
7.117092	10.083433	0.876641	0.500000
4.155386	3.068091	2.472921	0.500000
1.798532	11.271215	2.767638	0.500000
7.623649	2.246677	2.909206	0.500000
2.848419	1.399701	2.924690	0.500000
5.108059	7.038577	0.689076	0.500000
7.321000	5.502955	2.172848	0.500000
4.744089	4.284921	0.954693	0.500000
0.815368	11.225363	2.092966	0.500000
0.353366	0.959020	1.917396	0.500000
2.340792	8.800778	0.747315	0.500000
3.594965	1.051666	1.569715	0.500000
7.589794	9.444115	2.876464	0.500000
4.983454	10.410742	0.580065	0.500000
8.705037	10.623671	1.497273	0.500000
2.369294	6.693842	1.599358	0.500000
7.516719	8.902643	1.577342	0.500000
1.376054	7.481065	1.887107	0.500000
4.954986	5.701672	0.521020	0.500000
7.575884	7.300270	2.812423	0.500000
4.562022	7.730599	1.779291	0.500000
5.383223	10.728051	1.941588	0.500000
3.497858	5.660246	2.961560	0.500000
5.961296	2.450489	1.350643	0.500000
0.822659	2.959949	0.739188	0.500000
6.622267	3.148513	2.398494	0.500000
4.518157	7.975060	0.590271	0.500000
5.733641	6.219255	1.263971	0.500000
5.681306	8.304781	2.885134	0.500000
9.134755	4.639095	1.531183	0.500000
8.801294	9.455287	2.749802	0.500000
6.708894	8.982789	2.367664	0.500000
3.649801	8.229832	1.925746	0.500000
0.424602	4.781340	0.820885	0.500000
1.338535	8.702726	2.722762	0.500000
4.085622	11.222073	0.544686	0.500000
10.166015	5.934731	2.637904	0.500000
8.808364	4.195143	0.522339	0.500000
2.251062	4.280980	2.798397	0.500000
10.895794	6.766602	1.641535	0.500000
9.233699	0.146922	0.728276	0.500000
2.648815	8.668845	2.951447	0.500000
6.608040	2.720996	0.506572	0.500000
4.547397	8.298596	2.658123	0.500000
1.678956	11.212583	1.482967	0.500000
1.208531	5.649076	0.995487	0.500000
0.409600	4.216416	1.766294	0.500000
0.046838	5.848591	2.966580	0.500000
4.722489	1.041684	1.742077	0.500000
8.641239	6.219850	0.515400	0.500000
10.436723	5.537199	1.759808	0.500000
7.146293	2.392308	1.922033	0.500000
10.796458	1.564147	2.830187	0.500000
9.460651	5.844929	1.606241	0.500000
3.593471	10.454749	1.923888	0.500000
7.216521	3.758242	2.998459	0.500000
9.909030	8.937322	0.718872	0.500000
9.842472	4.035017	0.556694	0.500000
2.370475	7.769908	1.868509	0.500000
3.031584	6.482537	0.579447	0.500000
5.199015	4.483694	2.814488	0.500000
2.836020	2.446576	2.951837	0.500000
7.994472	0.460808	1.876633	0.500000
1.066060	9.664283	2.919631	0.500000
5.534475	3.283000	2.920734	0.500000
10.339677	0.257910	0.640429	0.500000
5.135856	10.565886	2.909915	0.500000
10.386868	7.329863	0.781545	0.500000
3.520661	4.405157	0.817856	0.500000
6.762730	6.625744	2.281201	0.500000
6.288684	5.188550	1.789286	0.500000
2.676972	9.750012	0.616406	0.500000
7.295498	9.015442	0.552607	0.500000
9.747530	1.377443	2.490208	0.500000
1.967897	1.683714	0.811958	0.500000
1.241233	9.179367	0.697798	0.500000
5.809067	3.533510	1.953368	0.500000
5.273576	11.277798	0.987098	0.500000
4.636102	5.391618	2.952560	0.500000
8.853092	3.359973	2.898164	0.500000
5.127710	4.750771	1.768345	0.500000
0.673224	10.657351	2.933724	0.500000
9.869607	2.267851	2.995000	0.500000
5.062506	2.131211	2.357167	0.500000
1.659983	4.664470	0.656215	0.500000
9.751421	4.183178	2.234082	0.500000
3.231196	7.230784	1.235658	0.500000
6.087815	11.103348	2.923661	0.500000
4.861450	5.789235	1.675627	0.500000
8.169760	0.115563	0.569224	0.500000
2.052239	6.394696	2.812386	0.500000
6.371182	8.139514	0.555179	0.500000
10.847655	8.208378	1.169594	0.500000
2.894963	5.311371	0.659278	0.500000
8.752729	2.155496	2.955614	0.500000
5.642715	1.523979	1.719089	0.500000
8.094881	7.813520	1.857470	0.500000
9.012782	3.098831	0.544542	0.500000
2.430638	5.546969	2.291901	0.500000
2.694494	9.677437	1.665901	0.500000
0.407705	8.504321	0.541724	0.500000
5.742650	8.111666	1.359534	0.500000
11.015533	10.638013	1.717000	0.500000
3.588482	10.241897	0.758972	0.500000
1.657303	5.044788	1.848583	0.500000
8.476776	7.492284	0.803746	0.500000
3.356301	6.070191	1.588077	0.500000
9.761742	2.390105	0.680325	0.500000
10.889070	1.527126	1.555585	0.500000
7.655002	6.677446	0.507571	0.500000
8.360663	5.857961	1.732904	0.500000
3.815666	7.324519	2.676522	0.500000
1.609928	8.555291	1.576351	0.500000
7.724908	1.184314	2.797859	0.500000
5.037665	3.229652	0.636769	0.500000
8.792426	8.894301	1.582647	0.500000
4.412318	9.062178	1.413701	0.500000
1.442943	6.261459	1.860747	0.500000
8.063739	4.815997	1.986022	0.500000
8.776533	0.208966	2.562931	0.500000
5.395822	0.375245	2.344301	0.500000
10.589470	0.524528	2.182212	0.500000
8.722853	8.780593	0.576802	0.500000
10.508034	1.321448	0.623476	0.500000
1.859917	2.151531	2.592863	0.500000
11.064705	10.698167	0.570275	0.500000
5.427179	6.245502	2.425120	0.500000
1.760275	10.209724	1.112866	0.500000
8.983128	10.468289	2.975418	0.500000
9.934636	8.732944	1.943259	0.500000
7.959447	10.451685	2.703849	0.500000
0.797914	0.459068	2.951384	0.500000
6.351084	1.535164	0.699135	0.500000
7.652703	6.897701	1.525179	0.500000
6.337449	4.625243	2.870653	0.500000
2.745128	7.647133	2.899597	0.500000
4.154929	1.894476	1.858577	0.500000
8.776934	7.599599	2.886396	0.500000
0.159214	6.198655	0.919218	0.500000
4.373282	9.571590	0.544346	0.500000
1.499375	0.898213	1.736870	0.500000
0.485997	7.688165	1.479805	0.500000
6.712648	1.319921	2.243535	0.500000
11.047572	6.907779	2.883180	0.500000
3.198313	2.424797	0.657221	0.500000
6.643363	7.441931	1.670128	0.500000
9.513929	6.742173	0.983846	0.500000
7.945263	5.127339	0.684627	0.500000
11.231601	0.655264	0.888650	0.500000
1.313497	6.712110	0.871668	0.500000
10.468224	9.995830	2.910146	0.500000
7.750421	6.167256	2.962981	0.500000
8.623198	6.743068	2.203267	0.500000
9.682808	3.290244	1.414162	0.500000
3.687852	0.716185	2.572070	0.500000
4.594760	0.408231	2.970511	0.500000
8.297363	9.773921	1.934174	0.500000
5.321101	9.633222	1.257608	0.500000
2.168272	3.253149	2.920090	0.500000
1.007609	1.610671	2.479526	0.500000
9.779084	9.248406	2.917191	0.500000
8.132396	9.839617	0.616609	0.500000
2.424236	2.912742	1.896945	0.500000
1.051130	5.534990	2.548441	0.500000
3.326645	7.952919	0.516338	0.500000
10.147991	3.242536	2.805743	0.500000
6.592301	3.886448	0.673652	0.500000
8.661014	1.292767	2.272830	0.500000
1.105342	2.947691	2.785857	0.500000
6.264823	0.596312	1.566475	0.500000
9.395329	2.790598	2.241146	0.500000
3.342221	8.931573	0.866233	0.500000
9.115152	7.987629	1.991496	0.500000
6.496519	9.164900	1.143760	0.500000
6.196568	10.595012	0.539632	0.500000
0.105804	9.257635	2.977528	0.500000
2.579471	3.977676	1.638698	0.500000
11.103275	9.229746	1.007062	0.500000
10.883403	9.212154	2.025265	0.500000
2.610969	10.841209	2.041676	0.500000
2.080799	5.913606	0.520551	0.500000
1.403017	2.300552	1.389633	0.500000
10.712689	3.943336	1.755350	0.500000
7.993021	8.545830	2.551219	0.500000
6.055984	6.845953	2.979747	0.500000
0.513641	10.098634	0.989858	0.500000
6.883237	4.893512	0.523909	0.500000
1.765297	1.026148	2.865654	0.500000
2.923567	6.741448	2.435818	0.500000
5.350348	8.762265	2.037972	0.500000
3.283137	1.294367	0.572877	0.500000
4.022122	5.287649	0.661858	0.500000
3.106388	9.597576	2.595306	0.500000
3.516613	10.499787	2.955950	0.500000
7.712661	4.229772	1.240419	0.500000
10.279627	4.774422	2.920471	0.500000
3.544531	2.705266	1.721036	0.500000
10.429628	6.253282	0.602935	0.500000
6.620906	4.133284	2.045031	0.500000
6.769423	10.031614	2.857539	0.500000
5.990135	5.405837	0.721430	0.500000
5.140377	2.039358	0.942290	0.500000
6.538302	7.797849	2.702860	0.500000
5.714267	4.399354	0.593402	0.500000
9.706187	10.874938	1.405103	0.500000
0.606373	8.946855	1.550667	0.500000
9.554090	1.807980	1.535844	0.500000
7.599654	10.746835	1.799498	0.500000
6.469389	2.058113	2.949303	0.500000
4.280210	2.448794	0.612719	0.500000
9.703841	0.773263	1.693270	0.500000
2.398120	3.628314	0.572443	0.500000
9.397696	7.939665	0.894698	0.500000
0.907596	0.858923	0.889705	0.500000
9.951604	7.669124	2.915582	0.500000
4.192449	6.755167	1.542581	0.500000
