300

11.070399	0.844467	0.592700	0.500000
3.105172	0.756576	2.689615	0.500000
5.633302	9.587365	2.932628	0.500000
6.684361	4.946087	1.918541	0.500000
3.389780	1.362976	1.921546	0.500000
4.064384	11.229539	2.991516	0.500000
11.225856	2.645979	2.709078	0.500000
9.131293	3.838126	2.012610	0.500000
5.566650	3.051188	0.554250	0.500000
6.909482	2.411067	1.891815	0.500000
0.200013	5.353062	1.726569	0.500000
5.397019	4.858263	2.459534	0.500000
7.332040	1.418107	0.654491	0.500000
9.396374	0.740246	2.203969	0.500000
7.435471	6.462527	0.865249	0.500000
0.554644	6.921872	2.891452	0.500000
10.432699	8.992993	0.584802	0.500000
2.536553	2.930509	2.748718	0.500000
2.216365	5.505462	2.138232	0.500000
8.383222	5.283659	2.765572	0.500000
4.611444	0.755806	0.504130	0.500000
10.781366	0.059064	1.784501	0.500000
7.151921	1.180084	1.692884	0.500000
8.218162	4.213157	1.801236	0.500000
9.502146	3.363059	2.920879	0.500000
4.237658	0.385372	1.449965	0.500000
7.694183	9.751250	0.747127	0.500000
6.383031	3.277059	1.512373	0.500000
2.961650	4.871371	1.745272	0.500000
0.120483	7.769234	1.871988	0.500000
2.263996	9.381261	0.546728	0.500000
9.005448	4.775991	0.512136	0.500000
3.184750	6.439218	2.567876	0.500000
9.224135	10.224708	2.926226	0.500000
4.577785	3.207889	0.572852	0.500000
3.868414	5.448487	1.414585	0.500000
0.131875	7.825314	0.725961	0.500000
6.096611	0.031022	1.571964	0.500000
11.221859	2.209059	1.800871	0.500000
6.913210	6.585128	2.348638	0.500000
1.593665	4.312561	1.731165	0.500000
0.428183	11.081058	1.853295	0.500000
8.057101	9.854694	2.949604	0.500000
7.959269	3.113220	0.607747	0.500000
9.581347	8.172238	1.833767	0.500000
0.372798	8.841280	0.593722	0.500000
10.870464	4.417102	2.977033	0.500000
3.683644	1.232282	0.893251	0.500000
5.551064	11.022679	2.915780	0.500000
9.619015	7.200924	0.825213	0.500000
3.954605	9.459516	2.937611	0.500000
3.399382	8.573261	1.030178	0.500000
3.495322	8.409416	2.912006	0.500000
7.633260	5.946628	2.882938	0.500000
2.158739	8.667169	2.977246	0.500000
6.233586	6.042814	1.831335	0.500000
9.276364	7.808364	2.861630	0.500000
10.917825	5.926799	2.829015	0.500000
4.329126	3.860640	2.999250	0.500000
9.641505	3.979416	1.154242	0.500000
3.888298	6.406865	1.740903	0.500000
3.009868	10.856156	2.843719	0.500000
10.265590	1.421149	1.520759	0.500000
6.209619	7.887269	0.873422	0.500000
2.281829	4.618151	2.755476	0.500000
6.973151	9.300607	2.785958	0.500000
2.765195	0.095855	1.972892	0.500000
1.781154	7.444733	0.615120	0.500000
3.369752	2.420449	1.652994	0.500000
1.751407	11.280894	2.160515	0.500000
5.632079	2.381401	1.858501	0.500000
10.342444	9.109524	2.827321	0.500000
10.374023	10.161524	2.951354	0.500000
9.291532	10.203131	0.518512	0.500000
10.926510	10.371924	1.805592	0.500000
3.271009	9.509453	0.539856	0.500000
4.127842	9.562381	1.887058	0.500000
1.028247	10.362668	2.552510	0.500000
1.950184	6.943057	1.593868	0.500000
10.533750	5.957023	1.422846	0.500000
4.326926	7.639762	1.657885	0.500000
8.218589	6.180658	2.088436	0.500000
5.295571	1.198589	1.338369	0.500000
9.115401	10.977104	1.366059	0.500000
8.727767	2.977509	2.400835	0.500000
10.127750	1.229425	2.878880	0.500000
9.316731	7.141761	1.895662	0.500000
4.630905	9.687710	0.714505	0.500000
4.147266	6.335707	2.883139	0.500000
8.522336	4.265273	2.900157	0.500000
7.500578	7.631432	1.635303	0.500000
4.364719	1.596930	1.828155	0.500000
0.750986	8.562111	1.731799	0.500000
0.444803	9.799256	1.611822	0.500000
2.220041	7.672486	2.264468	0.500000
1.272041	6.075412	0.512764	0.500000
4.260290	10.700811	2.153744	0.500000
4.711453	5.907504	2.027942	0.500000
4.962681	4.250902	0.573357	0.500000
9.131210	2.774781	1.407159	0.500000
8.650877	6.486350	1.138590	0.500000
1.102664	3.173655	2.057169	0.500000
1.469217	8.420778	0.555119	0.500000
6.079108	0.945275	1.978578	0.500000
3.849973	8.543747	1.971617	0.500000
8.690238	9.733999	1.781764	0.500000
4.119165	7.519294	2.764317	0.500000
8.141975	0.459866	2.144237	0.500000
0.107339	6.421823	2.025420	0.500000
4.743837	1.987502	0.563087	0.500000
4.433926	2.581355	1.420515	0.500000
6.457159	1.795746	1.014336	0.500000
10.335648	7.873703	2.476429	0.500000
8.390614	10.791497	0.595921	0.500000
2.542568	1.633249	2.902717	0.500000
3.638865	2.206055	0.584876	0.500000
7.017900	10.849757	1.784371	0.500000
11.134488	4.008427	1.909106	0.500000
2.355048	3.716007	2.152909	0.500000
10.965305	10.051975	0.540855	0.500000
11.274716	9.651796	2.936251	0.500000
8.648153	2.021112	2.917944	0.500000
6.837517	2.728544	0.708084	0.500000
7.330700	5.741970	1.919423	0.500000
7.600906	3.591481	2.842019	0.500000
1.080496	8.253551	2.680705	0.500000
9.790523	4.522216	2.971417	0.500000
4.523038	4.829815	1.962181	0.500000
10.072452	9.786193	1.353531	0.500000
10.151614	5.153990	1.988034	0.500000
3.534077	6.910642	0.562185	0.500000
7.270874	5.209294	0.975428	0.500000
7.186792	7.951182	0.607927	0.500000
5.028155	1.750329	2.578927	0.500000
8.313379	8.402862	1.915809	0.500000
2.467656	8.169292	0.771356	0.500000
1.792828	0.688780	0.637543	0.500000
1.225765	6.508808	2.227165	0.500000
6.970779	1.634494	2.993931	0.500000
8.328678	7.313239	2.264783	0.500000
4.024999	1.253233	2.856222	0.500000
10.594895	6.890819	2.955897	0.500000
0.389640	10.714285	0.760098	0.500000
7.053886	4.027823	1.607848	0.500000
3.899486	4.003183	1.562527	0.500000
0.795534	4.595273	2.283858	0.500000
9.913681	5.569960	2.925758	0.500000
1.005283	3.806433	0.578566	0.500000
4.038370	3.190427	2.235838	0.500000
8.994606	0.362825	0.623275	0.500000
10.556214	3.376190	2.904726	0.500000
4.856529	2.776484	2.791425	0.500000
5.553235	8.986814	1.832447	0.500000
6.324561	9.587388	2.055856	0.500000
0.866732	1.262700	0.566325	0.500000
8.423755	5.341557	1.146611	0.500000
11.249552	1.602485	2.980405	0.500000
2.179773	6.502514	2.888161	0.500000
2.209428	10.203592	1.849577	0.500000
3.239240	10.501053	1.862234	0.500000
6.323580	6.110687	0.584792	0.500000
2.673282	8.834453	1.699567	0.500000
8.272875	7.302045	0.563771	0.500000
0.746546	6.998062	0.850515	0.500000
7.380919	10.786799	0.708235	0.500000
7.440845	4.913525	2.690779	0.500000
3.968947	4.455328	0.534310	0.500000
8.934908	3.429520	0.598029	0.500000
7.036088	8.481366	2.159682	0.500000
2.109248	5.198946	1.112027	0.500000
10.434944	7.757420	0.536455	0.500000
1.881442	1.790204	0.517563	0.500000
10.112311	5.181652	0.717815	0.500000
5.427143	5.527666	1.283724	0.500000
9.294745	11.247799	2.841036	0.500000
6.215889	8.491198	2.766498	0.500000
8.283116	10.640389	2.003978	0.500000
6.346505	10.770818	0.571740	0.500000
2.985794	0.537263	0.515679	0.500000
2.861114	5.553941	2.967809	0.500000
2.913058	6.038702	1.540374	0.500000
3.668085	2.224440	2.917528	0.500000
2.917687	7.357071	2.948665	0.500000
9.072976	9.237853	0.690704	0.500000
6.651502	3.168310	2.782208	0.500000
7.633654	10.819629	2.911927	0.500000
1.283257	5.434967	1.719322	0.500000
9.475667	5.998255	0.500977	0.500000
5.846209	1.286266	2.940017	0.500000
1.163205	4.758755	0.888114	0.500000
0.004666	2.412507	0.615249	0.500000
9.728873	10.549402	2.098865	0.500000
2.296585	6.572558	0.720985	0.500000
2.875902	10.440105	0.679736	0.500000
9.290007	4.844256	1.574220	0.500000
0.874081	0.232306	0.510841	0.500000
8.109754	4.121598	0.723300	0.500000
7.965231	3.191578	1.749111	0.500000
2.609800	1.269359	1.105638	0.500000
1.152678	9.592613	0.605079	0.500000
0.436616	3.489295	2.884966	0.500000
7.846895	1.388878	2.446397	0.500000
5.887866	6.487319	2.868677	0.500000
6.616585	8.804067	0.661167	0.500000
3.301475	4.123259	2.813970	0.500000
10.023111	3.347361	2.033898	0.500000
1.475208	3.000181	1.022019	0.500000
2.871395	4.540554	0.745158	0.500000
5.596581	0.166920	0.512187	0.500000
6.051551	4.730360	0.533227	0.500000
5.378430	6.626832	0.509467	0.500000
5.649885	3.481474	2.944212	0.500000
5.372908	7.778326	2.640154	0.500000
1.395217	3.908040	2.998196	0.500000
9.643817	9.149206	2.070919	0.500000
4.786047	10.170705	2.885432	0.500000
0.682365	1.567849	2.160332	0.500000
1.602660	0.617787	2.948709	0.500000
11.136874	1.084448	1.977665	0.500000
9.244958	1.641009	1.638308	0.500000
4.374875	6.275791	0.557575	0.500000
0.397216	0.591008	2.995968	0.500000
7.650055	8.664768	1.165816	0.500000
0.255847	5.276647	0.553505	0.500000
4.872147	6.944388	2.389542	0.500000
5.105381	10.727932	1.146678	0.500000
6.995572	3.908411	0.521087	0.500000
6.577299	0.723357	0.709907	0.500000
10.814950	9.049787	1.913409	0.500000
1.063467	0.762340	1.655258	0.500000
7.680146	2.427990	2.579175	0.500000
6.220992	9.750691	0.715938	0.500000
10.884863	4.339030	0.515132	0.500000
10.603055	6.416766	0.514822	0.500000
11.254611	10.922418	2.881932	0.500000
2.949828	5.569714	0.593444	0.500000
10.043957	0.487983	0.718456	0.500000
10.367742	2.488374	1.237499	0.500000
8.964928	6.472283	2.809223	0.500000
1.122737	9.260786	2.977215	0.500000
6.345907	7.491444	2.767914	0.500000
2.173503	0.914786	2.118155	0.500000
4.916985	0.589712	2.813601	0.500000
2.416437	2.751456	1.746882	0.500000
7.617295	0.388640	1.282658	0.500000
1.778206	8.380237	1.544104	0.500000
9.536337	1.351473	0.546119	0.500000
3.692093	5.042563	2.539636	0.500000
5.655211	10.366247	1.926290	0.500000
2.529499	2.611116	0.634240	0.500000
8.715482	1.016971	2.972526	0.500000
0.096557	8.654894	2.923673	0.500000
4.407127	8.538795	0.626669	0.500000
10.186463	10.721342	0.846952	0.500000
9.621454	2.195148	2.693744	0.500000
3.236642	7.410181	1.826983	0.500000
8.931203	8.906272	2.949168	0.500000
8.235013	2.207699	1.726746	0.500000
6.502997	0.360974	2.838591	0.500000
5.455506	4.420825	1.491504	0.500000
3.875504	10.922745	0.886726	0.500000
4.724653	8.578712	2.932531	0.500000
3.028228	3.438791	1.255966	0.500000
4.966163	3.442640	1.712388	0.500000
8.863137	8.072713	1.099776	0.500000
0.320298	3.304099	1.301441	0.500000
8.663995	2.127913	0.520064	0.500000
2.070132	10.284056	2.852304	0.500000
4.639226	5.450750	2.999911	0.500000
5.400068	8.787880	0.732857	0.500000
10.290048	0.200051	2.772400	0.500000
6.491843	5.687838	2.931275	0.500000
4.887440	7.518849	0.599889	0.500000
9.939617	6.385166	2.158655	0.500000
8.472070	1.100608	1.288590	0.500000
5.115281	11.241260	2.019545	0.500000
6.606954	10.488339	2.682146	0.500000
1.304555	2.253529	2.541586	0.500000
1.822204	10.782605	0.573968	0.500000
6.742010	7.036537	1.351466	0.500000
10.668208	7.064182	1.736726	0.500000
2.973553	9.523185	2.414755	0.500000
1.121789	2.036419	1.358795	0.500000
5.915948	7.030629	1.957196	0.500000
1.730606	9.351261	2.077486	0.500000
7.874340	8.723643	2.860453	0.500000
9.120186	5.797300	1.869525	0.500000
1.268818	10.677571	1.490585	0.500000
1.559169	7.345748	2.975512	0.500000
6.468869	4.566728	2.943703	0.500000
1.999753	3.931650	0.626920	0.500000
7.376928	7.663570	2.764791	0.500000
6.188964	4.054344	2.129861	0.500000
5.311329	7.863392	1.487660	0.500000
1.546287	5.287157	2.919055	0.500000
6.108577	2.262499	2.970725	0.500000
7.538426	9.751606	1.893955	0.500000
0.613233	5.719822	2.922169	0.500000
1.171743	7.559290	1.846665	0.500000
10.532036	3.361150	0.746059	0.500000
