300

10.865460	1.851418	1.959347	0.500000
1.565800	0.944520	2.006382	0.500000
6.538292	9.216737	2.812756	0.500000
5.945732	3.520284	0.823537	0.500000
2.531549	1.591771	1.678119	0.500000
5.734178	0.247167	2.079315	0.500000
9.795076	1.336360	1.726595	0.500000
9.624039	3.437186	2.660143	0.500000
6.051383	2.520256	0.958713	0.500000
6.705412	0.571832	1.780029	0.500000
0.010869	4.130518	0.577525	0.500000
3.881148	3.966470	1.869895	0.500000
8.417877	0.902087	0.973403	0.500000
8.444469	10.982593	1.213483	0.500000
5.995157	6.884429	0.853531	0.500000
0.122294	6.043567	2.765302	0.500000
9.224261	9.679767	1.890478	0.500000
4.631999	3.689388	2.774912	0.500000
1.599136	5.208135	1.834699	0.500000
9.042378	6.404334	2.993954	0.500000
3.386017	1.824370	0.766298	0.500000
10.535066	0.643242	2.127160	0.500000
6.404290	0.205244	0.812577	0.500000
8.702322	3.583996	1.979487	0.500000
11.202095	1.110830	2.871774	0.500000
4.684434	0.696478	1.622331	0.500000
7.327148	8.851158	0.613707	0.500000
7.059169	2.584452	1.952098	0.500000
3.208486	6.107476	2.994192	0.500000
0.536808	8.072843	1.718909	0.500000
2.179349	10.423779	0.542283	0.500000
9.018448	4.189562	0.633358	0.500000
3.096455	7.313996	2.781006	0.500000
10.810721	10.677826	1.901320	0.500000
5.194083	3.058113	2.208363	0.500000
4.285085	6.183851	0.662965	0.500000
10.987386	7.597710	0.669705	0.500000
6.286576	10.781221	1.769328	0.500000
0.543198	1.056230	1.933639	0.500000
7.167942	5.908125	2.793636	0.500000
0.422621	4.135229	2.990119	0.500000
0.816575	10.423610	1.732877	0.500000
8.861973	9.664010	2.991671	0.500000
6.963748	2.999021	1.035234	0.500000
9.846536	7.843650	0.716940	0.500000
0.005339	8.507782	0.950288	0.500000
11.123316	4.020246	1.872810	0.500000
2.390078	1.406622	0.643322	0.500000
6.483185	10.822495	2.958634	0.500000
8.845415	7.486139	0.680071	0.500000
4.630041	9.032356	2.320875	0.500000
3.862265	7.982224	2.942808	0.500000
3.635599	10.749037	2.857967	0.500000
8.147885	6.609517	2.526148	0.500000
1.453702	9.151860	0.753785	0.500000
5.846054	5.862782	1.504849	0.500000
9.805818	9.337089	2.676029	0.500000
10.661224	6.176160	1.979726	0.500000
4.570574	1.668811	2.940033	0.500000
10.545115	2.742427	2.835343	0.500000
5.113641	7.265297	1.840600	0.500000
2.919979	0.483703	2.793647	0.500000
11.025769	10.447898	0.829836	0.500000
5.798923	9.591158	0.771016	0.500000
3.548259	3.847591	2.829505	0.500000
7.930153	8.857250	2.967369	0.500000
3.389717	0.911004	1.655942	0.500000
0.849233	7.666214	0.856522	0.500000
4.657578	1.718567	1.467380	0.500000
2.650033	0.188170	1.836259	0.500000
6.451563	1.799875	1.656511	0.500000
9.597787	10.508373	2.938053	0.500000
0.447216	10.159675	2.674574	0.500000
9.268179	11.088914	0.640783	0.500000
0.058050	9.636929	1.885621	0.500000
2.579690	9.369627	0.556328	0.500000
3.336871	9.019456	2.537026	0.500000
0.462003	8.990519	2.710579	0.500000
2.750190	7.324249	1.495870	0.500000
9.703798	5.958486	1.598354	0.500000
5.822711	7.352315	2.913337	0.500000
7.631946	7.374640	1.512424	0.500000
5.782388	1.050463	1.415626	0.500000
8.729470	10.130448	0.669537	0.500000
8.001779	3.418269	2.868076	0.500000
9.209343	0.541409	1.539758	0.500000
9.304257	7.252321	1.561693	0.500000
3.584607	9.441504	0.574206	0.500000
4.214956	6.060300	2.917234	0.500000
8.193933	5.497011	2.911239	0.500000
7.111259	6.567612	0.620368	0.500000
6.452641	1.349810	0.601576	0.500000
1.277409	7.378132	1.823008	0.500000
10.657926	8.993453	2.194411	0.500000
2.416415	8.438650	2.965026	0.500000
2.869388	5.499208	1.718920	0.500000
3.687939	10.959946	1.511465	0.500000
4.918104	5.337376	2.000357	0.500000
4.457632	3.667919	0.617292	0.500000
8.622005	1.108389	2.231021	0.500000
9.196199	6.067963	0.639439	0.500000
3.120950	3.455220	1.147453	0.500000
1.138328	10.197875	0.628481	0.500000
6.799688	1.845609	2.995207	0.500000
4.432551	8.241892	1.721468	0.500000
6.250386	8.665170	0.734236	0.500000
3.057464	8.183278	2.036557	0.500000
8.823025	1.743739	2.988494	0.500000
11.233377	4.934724	1.417598	0.500000
5.363575	1.708240	0.695920	0.500000
5.492531	2.105242	2.031897	0.500000
7.214508	2.062265	0.643402	0.500000
10.159235	7.077240	2.148279	0.500000
6.936906	9.835247	0.600972	0.500000
3.237508	2.563201	1.592735	0.500000
5.056634	2.592119	1.054880	0.500000
6.238023	9.598009	1.691310	0.500000
10.010412	3.774634	1.763150	0.500000
2.428273	3.094541	1.990248	0.500000
0.473582	9.411937	0.728810	0.500000
10.726081	10.115017	2.799362	0.500000
7.797503	2.153484	2.927298	0.500000
7.952040	2.751422	1.082489	0.500000
7.554659	5.940640	1.684627	0.500000
8.475102	4.294585	2.987997	0.500000
0.703700	7.165924	2.972397	0.500000
9.821044	4.494683	2.977877	0.500000
3.049952	5.364834	0.698048	0.500000
9.785526	8.862650	0.627130	0.500000
10.542361	5.741401	0.518775	0.500000
2.776011	8.502005	1.089005	0.500000
9.079935	4.638073	2.267360	0.500000
6.905499	7.736781	0.895717	0.500000
3.589852	1.504702	2.655243	0.500000
9.028937	8.533345	2.983226	0.500000
2.135666	7.086767	0.578580	0.500000
0.494659	1.298500	0.944268	0.500000
0.529776	5.832936	1.545093	0.500000
6.093669	2.574897	2.977342	0.500000
8.960521	7.586295	2.498559	0.500000
3.870009	0.366499	2.464800	0.500000
10.865361	7.000824	2.885587	0.500000
1.572098	9.642389	2.615942	0.500000
6.008374	4.937987	0.647533	0.500000
3.053321	4.605198	2.297230	0.500000
1.333301	3.835196	0.532999	0.500000
10.060795	6.387742	2.974753	0.500000
1.385202	5.193433	0.607842	0.500000
3.427682	2.771886	2.719714	0.500000
9.402992	1.195588	0.742816	0.500000
10.724414	3.757530	2.769761	0.500000
4.784775	0.640360	2.998397	0.500000
5.591967	8.465601	1.980833	0.500000
7.242265	9.410057	1.482794	0.500000
0.651372	2.133640	1.906407	0.500000
8.671330	5.588334	1.852056	0.500000
0.127454	2.163059	2.999249	0.500000
1.348717	4.853639	2.798375	0.500000
2.439704	9.045562	2.063179	0.500000
4.086471	9.918925	1.691761	0.500000
6.833510	4.416715	1.231225	0.500000
2.352581	10.197247	1.535768	0.500000
8.275198	5.261262	0.520044	0.500000
1.833132	6.266456	1.966040	0.500000
7.981773	10.115254	1.485414	0.500000
7.719387	4.790948	2.066152	0.500000
3.707831	4.456260	0.897285	0.500000
9.466162	3.328788	0.890872	0.500000
7.378499	8.350385	1.541424	0.500000
1.039410	6.716563	0.527032	0.500000
9.491337	8.359346	1.705432	0.500000
2.612299	2.662666	0.575986	0.500000
11.224610	2.858688	0.647248	0.500000
6.349029	5.897212	0.502754	0.500000
10.417010	11.193004	2.892696	0.500000
5.638917	8.521384	2.991505	0.500000
8.579463	10.385683	2.311135	0.500000
5.453245	0.683640	0.512189	0.500000
1.417013	0.815319	0.512544	0.500000
4.008261	5.145480	2.563698	0.500000
3.311217	6.457226	1.851109	0.500000
2.441227	2.125032	2.825639	0.500000
1.940909	5.663943	2.995738	0.500000
8.364487	8.957547	0.894935	0.500000
6.246326	3.255302	1.985123	0.500000
8.083820	0.282207	1.963249	0.500000
1.156703	6.266508	2.747907	0.500000
10.209158	4.502005	0.824856	0.500000
6.661053	0.638995	2.967005	0.500000
0.216470	5.483002	0.523575	0.500000
1.395236	2.828664	0.936037	0.500000
7.209529	10.836839	0.595460	0.500000
3.071776	6.370793	0.840917	0.500000
3.352272	0.729248	0.517138	0.500000
9.300125	5.075338	1.253678	0.500000
11.268176	0.178136	0.554039	0.500000
8.150579	4.160752	1.375207	0.500000
7.483953	3.626754	1.928454	0.500000
2.271466	0.220863	0.778350	0.500000
10.345007	11.216796	0.931817	0.500000
11.224554	2.830911	1.662913	0.500000
7.405285	1.345930	1.879464	0.500000
6.171901	6.045987	2.737814	0.500000
5.796578	10.579691	0.613732	0.500000
4.055035	5.451506	1.429364	0.500000
10.233607	2.611621	1.664612	0.500000
1.462306	1.677909	1.036470	0.500000
2.355952	4.317618	1.448064	0.500000
4.464977	1.078567	0.651059	0.500000
7.135387	5.191035	0.539053	0.500000
4.870661	7.017458	0.584144	0.500000
6.002520	3.964365	2.896149	0.500000
6.846708	6.667482	1.672916	0.500000
2.335892	4.330984	2.993159	0.500000
10.125519	10.017565	1.562583	0.500000
4.423356	10.075832	2.756840	0.500000
1.752761	2.332044	1.951869	0.500000
2.056474	1.015537	2.927571	0.500000
0.345676	0.229912	2.991802	0.500000
9.081475	2.205731	0.518846	0.500000
3.804750	7.083992	0.858136	0.500000
1.435473	11.287636	2.735373	0.500000
7.831561	7.425425	0.505389	0.500000
0.033126	6.588529	0.622001	0.500000
4.662749	7.400733	2.757769	0.500000
3.902746	10.425177	0.604612	0.500000
7.537929	3.779909	0.504404	0.500000
7.385837	0.825135	0.939553	0.500000
10.095949	8.034022	2.953735	0.500000
0.093183	0.148943	1.854627	0.500000
7.007959	3.064957	2.996180	0.500000
4.759897	11.250376	0.550127	0.500000
1.056501	3.127006	1.938953	0.500000
10.475849	6.749722	1.166670	0.500000
9.661121	0.553561	2.967436	0.500000
2.118739	6.080688	1.021382	0.500000
9.916808	10.042798	0.558119	0.500000
0.717286	2.186074	0.514732	0.500000
9.747048	5.481367	2.588251	0.500000
0.001006	8.031884	2.929094	0.500000
5.269483	6.533534	2.583924	0.500000
0.865641	0.140122	1.016469	0.500000
5.360932	10.884730	2.794991	0.500000
1.706974	3.631762	2.589163	0.500000
7.288927	10.893305	1.669244	0.500000
3.694975	8.925197	1.485309	0.500000
10.657253	0.972998	1.036668	0.500000
5.319294	5.735121	0.565303	0.500000
5.646337	9.729612	2.745286	0.500000
2.295233	4.655184	0.506931	0.500000
8.822494	0.011261	2.812672	0.500000
10.777730	7.867343	2.040085	0.500000
3.221204	10.241632	2.099590	0.500000
10.678061	9.301162	1.135783	0.500000
8.767718	2.782927	2.996523	0.500000
3.951944	7.376967	2.053561	0.500000
8.169323	9.043610	1.980550	0.500000
8.097861	2.718349	2.091933	0.500000
7.852456	0.776079	2.977623	0.500000
4.965636	4.567362	0.574257	0.500000
4.551420	10.994525	2.214554	0.500000
7.074049	8.405965	2.539489	0.500000
4.159563	2.605968	0.551141	0.500000
4.238212	3.015193	1.692216	0.500000
8.529997	8.086178	1.480029	0.500000
0.188294	3.140555	2.607667	0.500000
9.251086	2.705189	1.852691	0.500000
2.616304	9.681696	2.857871	0.500000
5.564911	5.152152	2.823364	0.500000
3.959182	8.065635	0.563717	0.500000
10.278395	1.572082	2.976431	0.500000
6.611993	4.952940	2.440226	0.500000
5.050358	8.157655	0.524770	0.500000
10.193570	5.033810	1.808082	0.500000
8.796604	1.709098	1.437911	0.500000
5.252757	9.804062	1.661781	0.500000
7.244541	10.142800	2.659888	0.500000
1.424367	2.734120	2.994822	0.500000
1.521803	11.165760	1.741055	0.500000
6.418396	7.903288	1.775885	0.500000
0.310109	6.918681	1.750572	0.500000
2.598175	10.764205	2.750098	0.500000
1.091483	1.541988	2.690567	0.500000
4.878305	6.250466	1.593245	0.500000
1.457657	8.054268	2.776789	0.500000
7.955307	7.570676	2.728042	0.500000
8.493752	6.548132	1.513254	0.500000
1.128320	8.886145	1.971621	0.500000
1.706775	8.198295	0.570384	0.500000
7.052771	4.126584	2.895694	0.500000
1.334287	4.178468	1.704499	0.500000
6.823113	7.158234	2.741108	0.500000
5.465690	4.127954	1.543929	0.500000
4.621816	9.314655	0.943626	0.500000
0.507039	5.104027	2.269531	0.500000
5.644024	1.254890	2.957369	0.500000
9.606969	10.954508	1.883752	0.500000
10.809323	4.835803	2.961869	0.500000
2.135111	6.749478	2.900937	0.500000
10.637482	1.976764	0.642513	0.500000
