300

3.213098	6.247012	1.235603	0.500000
0.832191	0.440352	2.590257	0.500000
6.362583	6.978452	2.148816	0.500000
2.242743	6.499250	0.937897	0.500000
7.381602	0.796565	0.557462	0.500000
3.737223	0.929346	2.895401	0.500000
1.074837	2.892870	1.687032	0.500000
4.751393	6.556778	1.949936	0.500000
5.819173	1.894357	2.249217	0.500000
2.895017	3.474414	2.177291	0.500000
2.887842	5.311087	2.275236	0.500000
8.975665	0.328183	2.828649	0.500000
11.105328	4.105472	2.915943	0.500000
8.709590	9.826382	0.521333	0.500000
5.274680	9.635199	1.940828	0.500000
8.109416	10.554597	1.092202	0.500000
1.126067	10.762952	0.508183	0.500000
5.087164	4.278378	2.951970	0.500000
11.170177	0.782289	0.697407	0.500000
4.112710	6.773977	2.998826	0.500000
3.082854	9.964449	0.541054	0.500000
3.319157	7.129519	1.891696	0.500000
11.246828	11.198563	2.982711	0.500000
5.033507	6.379307	0.611224	0.500000
1.279354	10.644096	2.956027	0.500000
5.661579	3.114803	0.756136	0.500000
1.616228	0.478822	1.672984	0.500000
6.969913	3.717463	2.701721	0.500000
2.992580	10.563069	1.419955	0.500000
0.561805	7.698307	1.465750	0.500000
2.726974	9.512942	2.302292	0.500000
8.926252	4.459264	1.816783	0.500000
9.854075	9.822103	0.739024	0.500000
9.359175	5.256801	2.975344	0.500000
9.621254	6.522901	2.667089	0.500000
7.516751	3.987987	0.564720	0.500000
9.889301	3.886992	1.956635	0.500000
0.455936	9.786755	2.903417	0.500000
8.279903	9.843847	1.804013	0.500000
1.917688	4.175637	2.791272	0.500000
8.077089	3.652683	2.991657	0.500000
0.342777	2.686600	2.862175	0.500000
7.927456	2.426662	2.605435	0.500000
6.203383	6.114296	0.597998	0.500000
6.604990	5.902531	1.494323	0.500000
7.533817	5.827301	2.984226	0.500000
6.843484	0.257790	1.495185	0.500000
1.569205	6.717254	2.998583	0.500000
2.343282	2.868477	0.549228	0.500000
8.443628	1.891827	1.687558	0.500000
10.259065	2.460444	2.181330	0.500000
7.711004	5.124083	0.544060	0.500000
0.106498	3.308246	0.611237	0.500000
10.874291	4.142111	0.531820	0.500000
5.563796	1.833439	1.189424	0.500000
5.031664	8.221039	2.950971	0.500000
4.833757	2.505682	1.776625	0.500000
0.159797	10.496938	0.581382	0.500000
6.079326	10.053428	0.671894	0.500000
11.233975	5.148885	0.547544	0.500000
2.414214	1.611280	0.543220	0.500000
10.534417	9.304515	2.735841	0.500000
2.288476	1.281085	2.963454	0.500000
7.111815	1.781286	2.419428	0.500000
9.653290	1.651682	0.659603	0.500000
0.611544	4.670437	2.936249	0.500000
9.492618	8.498832	2.928717	0.500000
1.816741	0.106301	2.580347	0.500000
10.922460	7.147007	1.737962	0.500000
10.394209	0.620621	1.579899	0.500000
1.529716	2.124697	0.675361	0.500000
4.845412	0.590256	2.940655	0.500000
3.445151	9.958776	2.950056	0.500000
8.765679	8.780331	2.103699	0.500000
0.316402	8.428574	0.704996	0.500000
4.132487	11.162823	2.831553	0.500000
3.326247	2.884540	0.808007	0.500000
2.957904	11.064519	2.946638	0.500000
7.927513	4.488962	1.390476	0.500000
5.979231	0.391684	2.965903	0.500000
2.828750	0.388698	2.167592	0.500000
8.836256	8.658005	0.606573	0.500000
4.314376	9.223262	0.981977	0.500000
0.250858	6.815196	2.983948	0.500000
7.233088	9.306462	0.558209	0.500000
5.085595	1.031677	2.047901	0.500000
2.215596	8.783549	1.672570	0.500000
9.683550	2.720017	2.975214	0.500000
11.132826	2.515687	1.362864	0.500000
5.864182	8.730549	1.814340	0.500000
5.796409	6.737680	1.285310	0.500000
4.307802	5.203831	2.985524	0.500000
0.901331	1.097908	0.654825	0.500000
10.861457	2.083699	2.931552	0.500000
1.330211	8.285366	1.789242	0.500000
4.710290	1.942734	0.611428	0.500000
7.282167	9.809926	1.727425	0.500000
5.635296	0.258091	1.583053	0.500000
9.414342	1.676305	1.813977	0.500000
0.687877	9.206565	1.384913	0.500000
5.617620	9.368205	2.946196	0.500000
1.040192	7.296850	2.367068	0.500000
5.828753	6.058307	2.112269	0.500000
8.731734	6.960853	1.761729	0.500000
4.264836	10.278880	2.025283	0.500000
8.879416	2.531123	0.727708	0.500000
3.062169	4.309894	2.737001	0.500000
7.702869	2.979795	0.652098	0.500000
1.137775	3.379477	0.518430	0.500000
5.778797	4.076176	2.140290	0.500000
6.509334	7.948422	1.746927	0.500000
5.512261	5.257998	2.982449	0.500000
5.730226	11.151787	0.668175	0.500000
11.321083	5.365151	1.562435	0.500000
8.096558	11.096083	2.991395	0.500000
3.681778	11.224634	1.792083	0.500000
5.715825	7.242512	2.868431	0.500000
0.646562	5.923953	0.894423	0.500000
11.249845	9.920371	1.854089	0.500000
2.519819	9.088279	0.529948	0.500000
8.576335	7.373578	2.991242	0.500000
7.783258	3.408483	1.612633	0.500000
2.431590	4.721413	1.572889	0.500000
10.565814	6.999999	2.950899	0.500000
7.993417	9.109280	1.182132	0.500000
2.209265	5.998539	1.893532	0.500000
5.840355	5.108335	1.648550	0.500000
2.907004	6.969953	2.914047	0.500000
10.615959	1.649247	1.348722	0.500000
10.267514	5.439578	0.715689	0.500000
1.901871	5.131871	2.380204	0.500000
10.607290	6.080742	1.680553	0.500000
6.582809	1.832446	1.400696	0.500000
8.564238	3.508445	0.599298	0.500000
10.376872	5.832514	2.745392	0.500000
6.283446	2.242683	0.534070	0.500000
0.061062	0.870668	1.929077	0.500000
8.211370	5.126987	2.133158	0.500000
1.570413	8.676362	0.889407	0.500000
6.727489	3.350165	0.631494	0.500000
8.883434	7.431318	0.645216	0.500000
10.219433	4.807355	1.665935	0.500000
10.646036	8.019035	2.886820	0.500000
4.204674	5.612670	1.628109	0.500000
4.463660	2.961107	0.505952	0.500000
2.310571	2.471090	1.994173	0.500000
6.356598	1.033424	1.986257	0.500000
1.401297	6.569584	1.586228	0.500000
6.292438	4.569402	2.964580	0.500000
9.840158	2.574369	1.216591	0.500000
4.052455	9.030675	2.846230	0.500000
0.005491	8.930867	2.093828	0.500000
3.790486	2.828892	2.038066	0.500000
11.112491	7.544991	0.669885	0.500000
4.014120	4.408736	0.697200	0.500000
2.063036	7.753353	0.976559	0.500000
9.217413	9.721205	2.241428	0.500000
1.121436	1.565014	2.884679	0.500000
1.721434	1.669501	1.596609	0.500000
9.924476	8.787881	0.733228	0.500000
3.595152	3.291005	2.984101	0.500000
3.218203	9.353446	1.371192	0.500000
4.890463	4.985854	2.132022	0.500000
7.606443	4.768778	2.888999	0.500000
6.789055	5.309503	2.298218	0.500000
1.975244	9.645518	1.175547	0.500000
0.631886	1.859065	1.599864	0.500000
5.115458	3.149801	2.655791	0.500000
1.773603	5.544267	0.588000	0.500000
9.093006	4.212755	2.829366	0.500000
3.504089	6.183112	2.233126	0.500000
6.983118	9.529580	2.881030	0.500000
4.054957	7.940158	2.949779	0.500000
9.466809	10.903547	1.141408	0.500000
2.432205	5.995735	2.956759	0.500000
6.254941	9.619470	1.559640	0.500000
9.969862	8.385254	2.034441	0.500000
2.668207	4.249934	0.568013	0.500000
8.821394	2.807270	1.862877	0.500000
6.359410	2.710187	2.945723	0.500000
7.963614	8.375276	2.745925	0.500000
9.403490	0.791593	1.195568	0.500000
1.739177	4.496251	0.872357	0.500000
0.758894	0.086045	1.290120	0.500000
8.361973	0.238760	1.836434	0.500000
6.068386	8.436097	2.879879	0.500000
10.635038	2.278029	0.515017	0.500000
3.922627	10.303458	1.002386	0.500000
1.351553	4.416897	1.877869	0.500000
7.173498	6.771992	2.733735	0.500000
3.229637	7.412034	0.535917	0.500000
6.635356	3.719756	1.613852	0.500000
11.064124	9.539159	0.659103	0.500000
6.602922	7.385817	0.582999	0.500000
10.020031	7.380367	0.726350	0.500000
5.427828	7.759098	1.984007	0.500000
3.353178	8.416263	2.302054	0.500000
7.549241	0.899124	1.887847	0.500000
5.857231	3.096704	1.890760	0.500000
10.372455	10.692427	0.533684	0.500000
7.728764	10.782843	2.034299	0.500000
1.072747	7.566300	0.531572	0.500000
5.376872	7.696394	0.525344	0.500000
10.455518	1.292536	2.410306	0.500000
4.784013	9.965070	2.890094	0.500000
10.742030	3.158773	2.795352	0.500000
7.914742	7.010993	0.626032	0.500000
0.154023	3.355947	2.120732	0.500000
2.262674	10.202284	2.951844	0.500000
8.834032	0.152133	0.511162	0.500000
3.433803	4.950342	1.462224	0.500000
3.464340	1.426955	0.518391	0.500000
6.303534	10.286511	2.792744	0.500000
9.201436	5.793192	1.913492	0.500000
9.318396	10.460442	2.998522	0.500000
1.786376	0.602325	0.525728	0.500000
5.252770	0.962922	0.631320	0.500000
7.579419	8.181125	0.864488	0.500000
5.111857	6.427984	2.880947	0.500000
5.026614	5.077797	0.951456	0.500000
4.823113	2.025514	2.859334	0.500000
7.951674	10.015582	2.988299	0.500000
9.583661	4.471990	0.850739	0.500000
4.607425	0.050164	0.535882	0.500000
3.729039	2.054246	2.862957	0.500000
2.107912	8.899364	2.863851	0.500000
5.465196	10.863246	2.752188	0.500000
0.474151	8.526835	2.974784	0.500000
3.259893	0.694430	1.292370	0.500000
7.322390	6.588268	1.683453	0.500000
9.752274	6.534750	1.388784	0.500000
6.472394	8.519332	0.666377	0.500000
9.611015	0.067143	2.067443	0.500000
2.176740	7.171257	2.037646	0.500000
9.499251	7.521088	2.481060	0.500000
8.097090	6.365865	2.320945	0.500000
7.085797	7.873803	2.626202	0.500000
0.621811	4.442016	0.551526	0.500000
4.315213	0.819481	1.256525	0.500000
6.866864	2.700056	2.042672	0.500000
10.505993	10.320109	2.986649	0.500000
6.292206	10.744525	1.769823	0.500000
0.926601	3.667260	2.754409	0.500000
10.363239	0.447533	2.937605	0.500000
10.394091	10.906414	1.539304	0.500000
7.075064	8.729828	2.106819	0.500000
2.700271	2.492313	2.947806	0.500000
1.184508	5.789084	2.776084	0.500000
10.766449	8.188106	1.377787	0.500000
11.186807	5.217140	2.558348	0.500000
7.792359	1.983680	0.791831	0.500000
10.274103	4.693350	2.973077	0.500000
3.671674	3.825125	1.547260	0.500000
3.618020	11.298236	0.688982	0.500000
10.648410	3.526359	1.292112	0.500000
3.107619	8.116337	1.377895	0.500000
7.378887	6.144494	0.611786	0.500000
7.871176	7.333901	2.170921	0.500000
6.292146	0.918787	0.921448	0.500000
1.529581	8.056534	2.932544	0.500000
2.003678	3.672172	1.610347	0.500000
9.143761	7.966265	1.596124	0.500000
0.018226	1.155495	2.925417	0.500000
2.304860	10.708582	0.540936	0.500000
1.117252	5.581585	1.792918	0.500000
2.770617	5.302420	0.692214	0.500000
0.376457	6.258833	1.952173	0.500000
8.412818	6.123773	1.314228	0.500000
4.785409	8.739041	1.866143	0.500000
1.193424	9.698870	0.509106	0.500000
5.780172	4.421308	0.632979	0.500000
3.068591	1.363343	2.212952	0.500000
4.092387	8.293651	0.500525	0.500000
4.097812	7.704098	1.577159	0.500000
0.421712	2.090792	0.629917	0.500000
4.076988	6.785704	0.724864	0.500000
2.545133	7.916527	2.885415	0.500000
3.945275	1.814270	1.336893	0.500000
6.887801	4.739121	1.479314	0.500000
8.638998	4.685512	0.519977	0.500000
3.751358	5.621195	0.564990	0.500000
0.237878	4.044042	1.387973	0.500000
9.119295	5.882923	0.581835	0.500000
8.133292	1.155662	2.747430	0.500000
5.318838	8.740857	0.649328	0.500000
8.355095	1.028588	1.160609	0.500000
6.552410	5.171057	0.623267	0.500000
3.931724	4.541765	2.280844	0.500000
8.865170	1.992068	2.865209	0.500000
1.434757	9.713313	2.374313	0.500000
9.714703	3.470328	0.752614	0.500000
6.946563	11.206908	0.557627	0.500000
7.128707	0.369349	2.888294	0.500000
4.785986	3.980315	2.011897	0.500000
0.485334	10.833879	2.177049	0.500000
1.473048	2.486589	2.665904	0.500000
1.632560	10.792999	1.541127	0.500000
10.262953	9.290570	1.700590	0.500000
11.132723	6.439188	0.504313	0.500000
5.088231	10.586265	1.249360	0.500000
