300

8.518919	4.196408	2.563638	0.500000
9.230954	0.597805	2.040429	0.500000
0.194122	4.546395	2.886148	0.500000
10.470274	3.330121	1.044990	0.500000
8.355477	5.421714	1.570658	0.500000
1.482445	1.943183	2.827192	0.500000
2.496559	2.931117	0.544305	0.500000
2.319030	6.748698	2.554497	0.500000
6.953976	1.626679	2.263878	0.500000
3.293281	2.286389	1.458660	0.500000
6.587500	10.640734	0.540899	0.500000
3.654407	5.505000	2.979247	0.500000
9.944640	1.598937	2.833398	0.500000
2.037263	9.494724	1.801105	0.500000
2.555439	8.507993	1.596853	0.500000
5.771610	5.997620	2.642259	0.500000
4.290791	6.952402	2.900201	0.500000
9.982021	1.272906	1.355214	0.500000
6.566729	0.111182	1.679979	0.500000
11.005655	1.922710	1.350319	0.500000
4.980160	1.759580	1.936623	0.500000
1.548483	5.922951	2.031511	0.500000
0.002640	0.741248	0.706555	0.500000
1.989189	8.348013	0.724410	0.500000
0.424880	6.340322	0.689023	0.500000
6.475477	8.823793	0.504826	0.500000
9.567179	6.428898	0.573609	0.500000
1.439436	6.973570	1.646467	0.500000
2.018024	10.452625	0.558775	0.500000
2.714341	1.582990	0.836392	0.500000
1.286954	4.122476	1.765327	0.500000
8.353461	0.917236	1.516820	0.500000
4.309501	2.999523	0.515451	0.500000
10.268308	3.034829	2.665306	0.500000
11.315046	3.305975	1.978194	0.500000
4.145066	5.473619	0.548587	0.500000
7.041861	8.590236	1.897036	0.500000
2.609113	0.396161	2.945734	0.500000
6.916725	9.015150	2.956624	0.500000
0.132469	4.403796	1.664965	0.500000
3.489975	1.789174	2.376533	0.500000
5.670490	0.032017	2.679231	0.500000
0.793430	4.441492	0.564114	0.500000
11.099878	1.289167	2.901029	0.500000
9.273188	3.428187	2.928506	0.500000
9.497169	3.906676	1.866677	0.500000
7.376189	10.538181	1.972265	0.500000
1.917147	10.941817	2.437942	0.500000
5.875148	8.844525	2.345930	0.500000
5.914005	5.360132	0.721582	0.500000
4.252433	8.184760	2.924624	0.500000
8.235364	0.368160	0.561544	0.500000
4.711871	4.631676	1.967447	0.500000
8.112058	8.661225	1.957423	0.500000
1.409883	9.446895	0.796307	0.500000
6.061522	6.949428	2.880708	0.500000
0.447720	10.173006	2.263490	0.500000
0.543069	1.734602	0.798456	0.500000
0.963662	0.439682	0.718189	0.500000
10.994155	4.285881	0.744345	0.500000
3.502183	9.358892	0.623540	0.500000
6.724451	2.444959	2.995746	0.500000
5.714285	6.792480	1.816035	0.500000
9.106311	1.066626	2.964826	0.500000
7.903930	7.484353	1.661582	0.500000
4.388799	8.738488	0.534513	0.500000
7.674037	2.167836	1.407645	0.500000
9.588997	8.931013	0.695240	0.500000
7.962202	8.581683	0.790300	0.500000
3.398683	6.626034	0.567674	0.500000
3.037609	7.562557	2.781973	0.500000
10.737334	6.515826	2.897390	0.500000
9.121572	8.260901	1.653198	0.500000
6.559947	6.684875	1.014895	0.500000
8.971578	2.432550	1.046340	0.500000
4.909051	7.374226	2.206826	0.500000
2.096827	4.637523	2.727188	0.500000
7.607029	7.349578	0.604173	0.500000
5.633993	0.359029	0.674895	0.500000
4.677059	1.073019	0.507520	0.500000
6.490231	2.638295	1.565758	0.500000
3.266059	5.530474	1.040446	0.500000
11.077824	10.998349	1.722614	0.500000
1.051773	10.753425	0.766077	0.500000
8.316698	1.616022	0.719656	0.500000
2.428651	7.349026	1.690875	0.500000
3.809686	0.379326	0.687949	0.500000
0.824959	8.486675	0.542767	0.500000
5.395141	3.602745	0.568724	0.500000
5.556574	8.066400	1.635175	0.500000
6.109388	1.598032	1.555336	0.500000
9.705742	6.156421	2.985947	0.500000
10.058805	9.687927	2.906555	0.500000
1.437231	10.032633	2.431449	0.500000
0.972110	9.280564	1.733722	0.500000
6.175837	9.738218	2.928201	0.500000
10.912624	10.274441	2.837247	0.500000
4.216224	7.002506	1.240028	0.500000
6.784137	3.367189	0.745990	0.500000
3.316246	6.449886	2.873482	0.500000
7.060934	6.183790	2.954988	0.500000
3.705020	6.194201	1.769096	0.500000
7.430317	3.208885	2.038433	0.500000
3.746633	7.238636	2.103596	0.500000
3.769491	4.714756	1.562975	0.500000
9.645358	8.728827	2.403347	0.500000
1.052842	5.501913	0.735515	0.500000
8.929977	9.689123	2.943076	0.500000
2.154642	0.583649	0.513272	0.500000
6.988900	1.846222	0.589004	0.500000
5.325128	3.851064	2.822901	0.500000
6.657980	3.476130	2.624360	0.500000
5.317678	0.609134	1.725435	0.500000
6.891535	5.086566	1.513875	0.500000
1.947712	4.025670	0.637383	0.500000
2.785036	10.594568	2.028626	0.500000
2.927624	4.300032	0.735226	0.500000
11.025433	0.057951	2.670629	0.500000
6.651532	7.697521	1.580875	0.500000
8.433197	1.913632	2.927602	0.500000
0.779549	11.292844	1.779766	0.500000
5.807059	2.907353	2.996117	0.500000
4.446131	7.726538	0.578106	0.500000
0.440372	9.540669	0.535071	0.500000
1.474532	8.008958	1.589616	0.500000
8.392648	10.186469	0.536183	0.500000
10.179155	2.113899	2.001399	0.500000
7.545469	10.583202	2.992002	0.500000
8.451284	3.010393	1.927391	0.500000
3.394363	3.508637	1.318888	0.500000
7.566173	3.883652	2.974885	0.500000
9.377825	0.907756	0.618302	0.500000
1.890463	8.016250	2.948802	0.500000
10.291696	0.459876	0.559032	0.500000
9.466616	10.130365	0.516830	0.500000
4.532878	9.611479	1.112041	0.500000
5.912014	4.602433	2.506981	0.500000
1.706662	0.893208	2.994542	0.500000
10.069116	5.691659	1.498008	0.500000
8.149129	3.101419	0.859408	0.500000
5.565001	10.488746	0.500666	0.500000
3.308036	0.592604	2.255103	0.500000
2.777930	5.277006	2.114142	0.500000
4.553698	5.983282	2.965554	0.500000
0.846723	8.370771	2.465550	0.500000
10.776914	5.348637	2.914234	0.500000
5.446847	7.030940	0.799511	0.500000
9.487864	2.861525	1.835410	0.500000
5.072389	0.773369	2.993924	0.500000
10.208077	7.920172	1.827772	0.500000
1.278137	7.445479	0.545484	0.500000
1.812169	3.259388	1.510267	0.500000
11.260424	2.507849	2.875432	0.500000
0.815575	5.117388	1.948844	0.500000
2.394667	5.638653	0.514749	0.500000
0.828694	3.334229	2.683553	0.500000
4.896223	9.142485	2.828541	0.500000
5.404629	10.841991	1.717617	0.500000
10.954662	8.746987	0.760865	0.500000
0.746647	0.588755	2.607407	0.500000
5.985968	1.681065	2.716364	0.500000
3.573192	10.933165	2.845500	0.500000
4.321073	0.607669	1.583984	0.500000
9.169864	3.404710	0.619891	0.500000
5.165537	5.189607	2.998239	0.500000
3.394122	9.383490	2.870558	0.500000
9.131747	1.604507	2.003929	0.500000
4.338752	4.091069	0.699295	0.500000
3.000501	3.601175	2.378007	0.500000
3.486577	8.330524	0.736781	0.500000
4.517990	8.495310	1.943786	0.500000
3.528909	8.729141	1.999431	0.500000
9.542320	10.613385	2.383794	0.500000
4.004050	1.954932	0.538483	0.500000
9.310521	9.744066	1.794710	0.500000
6.816208	0.461688	0.757383	0.500000
7.147012	7.189987	2.779365	0.500000
1.518503	1.364660	0.626327	0.500000
2.463071	1.585650	2.921281	0.500000
8.459853	4.288294	1.423647	0.500000
2.461859	9.357721	0.827779	0.500000
9.295861	2.417637	2.838847	0.500000
11.091559	3.573637	2.970356	0.500000
2.543185	4.147802	1.667916	0.500000
10.442836	4.312899	2.708882	0.500000
0.166361	7.294742	0.888939	0.500000
8.752955	6.815680	2.264507	0.500000
11.274723	5.287964	0.919780	0.500000
2.370627	0.937630	2.121120	0.500000
9.258484	4.987252	2.914026	0.500000
0.057096	8.786562	2.920523	0.500000
3.616420	2.858325	2.881104	0.500000
6.562511	6.178001	1.987794	0.500000
6.546247	4.380580	0.611692	0.500000
4.952833	4.913137	0.875333	0.500000
7.442949	4.198977	1.680595	0.500000
7.862651	9.594918	2.439135	0.500000
6.246073	10.392065	2.047904	0.500000
4.408643	3.438791	2.628271	0.500000
8.714820	11.183837	2.813230	0.500000
11.070917	9.416593	2.109828	0.500000
0.563841	2.035073	2.100948	0.500000
3.107532	9.628874	1.716809	0.500000
4.504616	2.350283	2.973964	0.500000
8.184837	10.055874	1.606728	0.500000
11.261162	6.158366	1.619156	0.500000
7.740251	0.514472	2.963867	0.500000
7.748301	4.866629	2.365183	0.500000
10.705050	6.693759	0.590437	0.500000
11.249886	10.975659	0.527787	0.500000
8.389422	7.528537	2.956703	0.500000
0.084550	8.186011	1.622940	0.500000
4.297842	10.085919	2.997436	0.500000
0.020486	3.058767	0.592778	0.500000
5.928888	1.330614	0.547893	0.500000
8.497896	11.112379	1.595362	0.500000
2.601193	10.130740	2.970471	0.500000
10.424624	4.304102	1.672950	0.500000
0.323179	10.260304	1.258341	0.500000
2.721601	7.523383	0.591213	0.500000
1.230957	5.452990	2.860035	0.500000
8.191757	2.970108	2.989694	0.500000
10.152719	5.143471	0.577713	0.500000
9.526105	6.756194	1.573070	0.500000
1.760208	11.177510	1.428791	0.500000
1.355584	7.069687	2.915878	0.500000
9.917817	11.257173	1.550011	0.500000
4.179672	10.825176	1.657596	0.500000
8.377905	5.632015	2.973758	0.500000
5.364480	2.401932	0.927434	0.500000
6.504465	8.128917	2.653974	0.500000
9.867496	4.124371	0.573163	0.500000
2.939769	10.916993	1.090557	0.500000
9.996718	2.407444	1.054032	0.500000
10.298224	9.206610	1.391685	0.500000
4.528347	11.234874	2.518032	0.500000
5.365957	9.136319	1.410073	0.500000
10.290005	0.742661	2.199938	0.500000
0.266405	1.152753	1.686844	0.500000
0.656825	2.647154	1.299215	0.500000
6.788996	0.636454	2.650223	0.500000
7.599219	8.203902	2.907698	0.500000
3.972841	1.047234	2.970688	0.500000
7.475995	9.448951	0.942598	0.500000
0.946221	9.357480	2.983065	0.500000
7.984752	4.140341	0.538971	0.500000
6.872037	5.012858	2.968728	0.500000
6.168242	7.698497	0.521101	0.500000
2.410675	6.219686	1.432640	0.500000
9.062890	4.770014	0.766856	0.500000
4.475719	3.613746	1.616039	0.500000
3.170836	4.508563	2.957756	0.500000
5.502133	8.093944	2.928567	0.500000
10.537768	6.844308	1.738519	0.500000
10.123956	10.264779	1.369101	0.500000
4.847745	6.257363	1.553754	0.500000
5.067056	5.977683	0.568773	0.500000
6.251867	9.638801	1.101635	0.500000
8.559935	7.713387	0.569389	0.500000
10.312830	8.042432	2.866901	0.500000
0.290016	6.032739	2.869676	0.500000
3.689421	10.433724	0.580235	0.500000
2.258254	9.026054	2.876886	0.500000
8.621804	5.853427	0.550244	0.500000
4.772473	11.093684	0.587020	0.500000
7.322966	0.862320	1.551924	0.500000
5.447985	5.292290	1.797143	0.500000
5.408124	8.611314	0.552781	0.500000
9.625797	7.256117	2.980274	0.500000
8.483611	6.750555	1.019573	0.500000
8.671505	9.168302	1.196495	0.500000
7.464350	11.003455	1.043088	0.500000
6.308284	3.684694	1.625369	0.500000
1.941055	3.570996	2.677267	0.500000
1.886474	5.026771	1.561653	0.500000
4.164702	4.459498	2.811394	0.500000
2.373734	2.699281	2.930276	0.500000
2.278057	2.292252	1.744652	0.500000
9.257549	5.620169	2.129151	0.500000
10.526682	7.797586	0.621522	0.500000
1.539831	6.373358	0.583409	0.500000
5.182195	10.073092	2.459497	0.500000
0.507885	7.280119	1.909147	0.500000
7.717906	6.499432	1.651436	0.500000
9.304193	11.186736	0.554187	0.500000
1.130874	3.132242	0.544174	0.500000
8.558224	8.563949	2.919051	0.500000
7.259019	5.964717	0.750857	0.500000
7.894341	5.141423	0.542739	0.500000
2.255580	5.725294	2.874260	0.500000
6.614705	10.993765	2.897689	0.500000
4.164669	9.553085	2.069449	0.500000
1.662322	2.369365	0.956268	0.500000
10.800424	9.892685	0.671622	0.500000
0.101970	7.440060	2.814760	0.500000
3.608379	1.265719	1.172176	0.500000
9.989021	0.003985	2.951962	0.500000
9.533904	7.695189	0.920487	0.500000
0.713564	10.843321	2.991485	0.500000
5.020866	2.820204	2.029727	0.500000
