300

0.404771	1.942374	1.082933	0.500000
10.901242	0.771227	0.595149	0.500000
5.819911	11.089760	2.997954	0.500000
7.426825	2.475860	1.553694	0.500000
1.206389	1.733573	2.840203	0.500000
4.664849	1.771095	1.688768	0.500000
10.540551	10.676090	2.988245	0.500000
9.952237	1.957001	2.784935	0.500000
5.895797	3.021703	1.523288	0.500000
6.954297	3.036709	2.985228	0.500000
10.994425	4.682364	1.123175	0.500000
3.362500	4.237418	1.661933	0.500000
8.303106	0.474416	1.477957	0.500000
9.305179	0.682457	2.034033	0.500000
5.502034	6.226787	1.117559	0.500000
0.944366	5.430009	2.833840	0.500000
8.383041	0.160016	2.969154	0.500000
4.416941	3.426439	2.950193	0.500000
0.922068	4.104488	1.327349	0.500000
9.115608	7.096212	2.791917	0.500000
3.572056	1.550548	1.784652	0.500000
0.586982	9.679723	2.990593	0.500000
6.736147	0.455062	0.714589	0.500000
10.124771	3.002742	1.752996	0.500000
10.673845	2.111275	1.743152	0.500000
5.008507	0.463932	1.165570	0.500000
6.914177	8.059025	1.248170	0.500000
7.199624	4.267402	2.575472	0.500000
2.856988	6.029752	1.854654	0.500000
0.365124	8.911174	2.207704	0.500000
2.122058	10.413750	1.147377	0.500000
10.692112	6.733431	0.564710	0.500000
3.154681	7.001113	2.145072	0.500000
0.287147	10.037609	1.587418	0.500000
4.407957	4.246786	1.936693	0.500000
4.982747	7.118975	1.520684	0.500000
0.013226	10.204725	0.521379	0.500000
6.750140	1.846273	0.809777	0.500000
0.377026	0.136535	2.009525	0.500000
6.698813	6.351276	2.698531	0.500000
1.373122	4.447969	2.961892	0.500000
0.758025	0.746638	2.945419	0.500000
9.665193	8.731521	1.839031	0.500000
7.223016	2.850723	0.575598	0.500000
10.866689	9.166146	0.659987	0.500000
1.277262	8.265430	0.535294	0.500000
0.365972	3.646170	0.586924	0.500000
1.345857	0.599973	1.588968	0.500000
4.282075	0.764809	1.939523	0.500000
7.632613	9.149144	1.266165	0.500000
4.546638	9.459747	2.998611	0.500000
4.346531	8.508151	2.107148	0.500000
1.994098	10.673542	2.265535	0.500000
7.849643	6.710460	2.668970	0.500000
1.377689	8.357427	2.036922	0.500000
7.198785	5.706919	2.069084	0.500000
0.539367	7.698584	2.044816	0.500000
10.384303	4.052824	2.712337	0.500000
3.560381	1.101075	2.828745	0.500000
10.990761	1.519784	2.945460	0.500000
5.375188	8.798713	1.586413	0.500000
2.251465	0.171541	1.247071	0.500000
10.803884	1.097532	1.804607	0.500000
3.492244	8.862056	0.529022	0.500000
3.716796	5.205143	1.493292	0.500000
8.260780	8.240958	2.978935	0.500000
4.625083	1.264602	2.991020	0.500000
2.108365	7.327275	0.522037	0.500000
4.980508	2.743862	0.538120	0.500000
2.815133	0.765937	1.893475	0.500000
5.851974	2.401976	2.994626	0.500000
8.231899	10.302262	2.808530	0.500000
8.649261	9.376606	2.636954	0.500000
8.845012	1.435638	0.749923	0.500000
1.327109	9.697599	1.824525	0.500000
2.789678	8.133177	0.729508	0.500000
3.125572	8.879708	1.477630	0.500000
1.571039	9.390412	2.975883	0.500000
2.183617	6.850281	1.832400	0.500000
9.868817	5.052450	1.678641	0.500000
6.023144	7.548558	2.969988	0.500000
7.193845	6.995927	1.580169	0.500000
5.530269	2.041119	1.059692	0.500000
7.173950	9.882366	0.546619	0.500000
8.411630	4.263290	2.783171	0.500000
7.077491	1.119850	1.806680	0.500000
10.655782	8.001889	0.784833	0.500000
3.652180	10.038041	1.461828	0.500000
3.968829	6.719397	1.450815	0.500000
8.744232	6.021053	2.947359	0.500000
8.584335	6.146054	0.521001	0.500000
7.756230	1.906441	0.720943	0.500000
0.168985	5.344405	1.735324	0.500000
9.150975	11.095939	1.230696	0.500000
2.664836	7.460236	2.956023	0.500000
1.956094	5.878879	1.151307	0.500000
4.776959	10.716350	1.599027	0.500000
4.597203	6.018981	0.667822	0.500000
3.611229	5.851381	0.521875	0.500000
6.824806	0.152476	1.871071	0.500000
10.078568	6.161146	2.022273	0.500000
2.829391	2.280729	1.529539	0.500000
10.672891	9.320136	1.791211	0.500000
8.085860	1.574011	1.625562	0.500000
5.166951	8.019233	2.578452	0.500000
5.831015	9.731216	0.663614	0.500000
1.535934	6.235767	2.527092	0.500000
10.081050	0.718678	2.908535	0.500000
0.508887	5.023588	0.656842	0.500000
5.874409	0.997792	0.608223	0.500000
4.021513	2.243324	1.031262	0.500000
8.366693	2.731086	0.580576	0.500000
11.108884	8.496006	2.992556	0.500000
7.856415	11.047137	2.038790	0.500000
2.269296	2.959788	2.065190	0.500000
6.046852	3.265146	0.533762	0.500000
7.965039	10.801308	0.544449	0.500000
10.738742	4.776877	2.089541	0.500000
3.728705	2.247808	2.983493	0.500000
0.771042	9.311873	1.023085	0.500000
10.531639	8.172366	1.972380	0.500000
7.891579	1.021021	2.726735	0.500000
9.182632	4.257118	0.667125	0.500000
7.777440	4.585018	1.353551	0.500000
10.413132	2.915745	2.906328	0.500000
2.000142	8.426783	2.911204	0.500000
9.988697	4.026410	1.678873	0.500000
4.028754	4.704404	0.609563	0.500000
8.748703	9.121619	1.520178	0.500000
8.070189	6.483177	1.323080	0.500000
1.875956	8.962633	1.109225	0.500000
10.834310	5.721485	0.530732	0.500000
6.400340	8.959806	1.448032	0.500000
4.218112	2.724079	2.233202	0.500000
9.211470	8.130394	2.590173	0.500000
1.477479	7.348173	2.382032	0.500000
0.626324	0.895296	0.522365	0.500000
10.906891	6.144918	1.442507	0.500000
6.242663	3.738835	2.525073	0.500000
8.102937	7.385299	1.800045	0.500000
4.021065	0.411930	0.552636	0.500000
0.389467	6.211124	0.553714	0.500000
0.906556	10.986161	2.983304	0.500000
7.240679	4.258754	0.500489	0.500000
2.861422	5.032092	2.054799	0.500000
3.230143	2.968014	2.473835	0.500000
11.311337	6.193095	2.471373	0.500000
0.746060	6.203471	1.809662	0.500000
5.208438	2.511499	2.162159	0.500000
10.580071	1.884134	0.594695	0.500000
0.070538	3.671638	2.879998	0.500000
4.827113	0.190309	2.896810	0.500000
4.528124	9.653998	1.982576	0.500000
6.339895	10.000701	2.375791	0.500000
2.205149	1.737463	0.523169	0.500000
9.594938	6.101055	0.735526	0.500000
1.714821	0.402253	2.690017	0.500000
0.771444	8.282798	2.981469	0.500000
2.984923	9.691003	0.800962	0.500000
4.382197	8.902806	1.151187	0.500000
5.585455	5.334686	1.852623	0.500000
0.097448	8.580863	1.281320	0.500000
7.729194	5.416425	0.663703	0.500000
1.363988	6.577950	0.521764	0.500000
8.491716	8.592162	0.648933	0.500000
6.105847	4.836856	2.940448	0.500000
3.310139	3.205290	1.492424	0.500000
8.701884	5.188612	0.891534	0.500000
9.005129	6.954395	1.753828	0.500000
0.319340	7.254924	0.569790	0.500000
7.810687	8.369784	2.014181	0.500000
2.377735	3.178368	0.611978	0.500000
9.757702	3.161185	0.511531	0.500000
6.688765	5.268344	0.634830	0.500000
10.279750	10.287929	1.127369	0.500000
5.715933	7.857762	1.363632	0.500000
7.187801	10.512540	2.568144	0.500000
5.414337	10.726963	0.585231	0.500000
3.008295	0.513208	0.503655	0.500000
4.778497	4.937858	1.240552	0.500000
1.927595	5.200514	2.568033	0.500000
3.021420	10.993229	2.156986	0.500000
11.115335	5.304292	2.967563	0.500000
8.932354	7.974848	1.539315	0.500000
5.150459	3.521308	2.134290	0.500000
5.153623	10.422826	2.652833	0.500000
2.995976	6.209695	2.943485	0.500000
8.782602	4.438099	1.818358	0.500000
5.657128	0.988173	2.855652	0.500000
1.586337	4.848774	0.535274	0.500000
2.496979	4.239519	0.842039	0.500000
8.681864	0.344728	0.523174	0.500000
2.517687	8.015388	1.871344	0.500000
4.810337	9.740203	0.803514	0.500000
8.822673	7.242317	0.528070	0.500000
10.153510	0.068009	0.558060	0.500000
9.842760	5.120082	0.540856	0.500000
5.313240	4.483037	2.355628	0.500000
2.071581	1.528442	1.951172	0.500000
9.331108	9.766547	0.562986	0.500000
9.031639	3.268747	1.407749	0.500000
9.092009	2.676832	2.250409	0.500000
4.476045	5.114699	2.732143	0.500000
5.750789	0.195254	1.831393	0.500000
5.618443	5.254685	0.572586	0.500000
9.265079	2.327627	0.964151	0.500000
2.738940	2.100306	2.608657	0.500000
1.926603	4.601799	1.615394	0.500000
3.314600	1.518145	0.706387	0.500000
6.818083	3.573469	1.154836	0.500000
5.230202	7.019434	0.503105	0.500000
4.818858	6.180718	1.854905	0.500000
6.197955	6.996898	0.807368	0.500000
3.488190	4.190247	2.973722	0.500000
9.755116	9.817416	1.949768	0.500000
3.562664	9.578281	2.402945	0.500000
1.299869	2.205013	0.669735	0.500000
3.221610	10.723618	0.536906	0.500000
10.004788	1.096448	1.094107	0.500000
8.152638	3.728052	0.664725	0.500000
3.567100	7.708073	1.506352	0.500000
1.198492	10.918724	1.702093	0.500000
7.839455	7.831902	0.549668	0.500000
1.200749	7.052203	1.447907	0.500000
4.522060	7.850022	0.992603	0.500000
6.635373	10.763175	0.553124	0.500000
4.790834	1.417136	0.537901	0.500000
7.698754	0.866254	0.746227	0.500000
8.331377	10.120666	1.363711	0.500000
0.540923	1.360237	2.156485	0.500000
8.093334	2.954447	2.878658	0.500000
3.828268	11.244390	1.446317	0.500000
1.505672	3.179519	1.425221	0.500000
10.931742	7.114564	2.101916	0.500000
9.643952	10.039568	2.951145	0.500000
1.557068	3.771349	0.535896	0.500000
9.679833	8.389557	0.778998	0.500000
0.127016	2.890753	1.828265	0.500000
9.380089	4.651068	2.888123	0.500000
10.740088	9.550385	2.994892	0.500000
5.285139	5.767923	2.779862	0.500000
1.345215	0.084698	0.518761	0.500000
3.804826	10.789288	2.850534	0.500000
2.469783	3.967006	2.179620	0.500000
5.989161	1.177131	1.877909	0.500000
3.871995	7.372707	2.807665	0.500000
11.039678	0.266586	2.795214	0.500000
6.181580	8.467493	0.581477	0.500000
5.634683	9.191194	2.517426	0.500000
10.759250	3.060000	0.591054	0.500000
9.584250	11.140888	2.853939	0.500000
8.358696	5.552034	1.783570	0.500000
2.748168	9.886902	1.864813	0.500000
11.034955	10.935588	1.337524	0.500000
9.211504	3.668595	2.623968	0.500000
5.124261	6.897119	2.955801	0.500000
7.164901	10.544984	1.493313	0.500000
7.795419	3.329173	1.989585	0.500000
7.503321	1.979664	2.449406	0.500000
2.746093	5.290692	0.571343	0.500000
4.358723	10.733238	0.586203	0.500000
7.401023	9.290380	2.798707	0.500000
4.904458	4.044774	0.719811	0.500000
3.882110	3.257786	0.594656	0.500000
10.094390	7.370441	1.500620	0.500000
1.340461	2.278064	1.845094	0.500000
9.316803	1.722288	1.902942	0.500000
2.651244	9.637185	2.990984	0.500000
3.886591	5.828944	2.275650	0.500000
2.755790	6.495006	0.776984	0.500000
0.310079	2.524771	2.970549	0.500000
7.726926	5.153769	2.806099	0.500000
5.088343	8.531454	0.500999	0.500000
9.836495	5.711338	2.929074	0.500000
8.548295	1.928984	2.739331	0.500000
5.578253	9.968079	1.616114	0.500000
7.306169	0.221243	2.962964	0.500000
1.943704	2.729745	2.986087	0.500000
1.048532	10.393222	0.793150	0.500000
6.936940	8.399135	2.960245	0.500000
0.644465	6.879376	2.951852	0.500000
0.120031	10.498025	2.484333	0.500000
2.444649	1.115844	2.989255	0.500000
6.018324	6.785482	1.837776	0.500000
3.267059	8.438611	2.408053	0.500000
7.057759	7.299117	2.953871	0.500000
7.108266	6.155026	1.002649	0.500000
10.239888	7.082053	2.968230	0.500000
2.194103	9.059329	2.062692	0.500000
6.287220	4.395804	0.948347	0.500000
1.187998	5.271557	1.701590	0.500000
6.370314	8.025420	2.141029	0.500000
6.656640	4.933988	1.708637	0.500000
3.597514	7.233488	0.605667	0.500000
0.545574	4.586388	2.316171	0.500000
6.498709	2.037298	1.971780	0.500000
10.280271	11.297028	2.067341	0.500000
1.052910	3.506937	2.667512	0.500000
3.305924	5.185313	2.981431	0.500000
10.927395	3.700777	1.377213	0.500000
