300

5.344238	7.434813	2.631012	0.500000
11.079947	1.349733	1.977400	0.500000
8.365373	5.751674	0.528886	0.500000
1.561905	3.846402	1.101983	0.500000
8.150484	1.893805	1.983566	0.500000
4.593097	8.846284	1.596878	0.500000
2.615661	3.500383	2.946648	0.500000
4.713723	7.612179	1.606944	0.500000
6.150633	3.307582	2.905428	0.500000
0.441578	4.991954	1.546734	0.500000
1.889639	4.804737	2.903268	0.500000
0.032895	9.122596	1.476518	0.500000
0.850018	3.998869	1.853971	0.500000
5.920013	9.152780	0.744163	0.500000
6.409479	11.015914	2.835869	0.500000
11.125442	1.413972	0.816459	0.500000
10.269195	10.217409	1.574346	0.500000
5.050075	4.380572	2.998136	0.500000
11.121608	9.935194	2.073039	0.500000
5.080335	6.314448	1.459611	0.500000
2.391869	8.558145	0.578345	0.500000
3.457719	8.807096	2.211424	0.500000
8.645727	2.090398	2.989771	0.500000
4.043124	6.913757	1.964655	0.500000
10.712972	8.707958	2.194060	0.500000
4.437892	7.135305	2.994616	0.500000
2.664813	1.934478	0.859685	0.500000
5.925749	4.603940	0.575557	0.500000
6.259710	9.297995	1.722384	0.500000
10.846057	7.861475	2.937181	0.500000
3.573355	7.831681	1.915655	0.500000
6.383953	4.709901	1.522292	0.500000
9.125037	10.249632	1.389206	0.500000
0.025759	1.843219	2.970931	0.500000
8.484965	4.537083	2.908648	0.500000
8.673946	4.585312	0.553126	0.500000
9.308901	6.058080	0.689102	0.500000
1.351257	7.844958	2.977722	0.500000
6.445083	8.117051	1.237152	0.500000
10.776090	5.038902	1.207630	0.500000
9.496757	2.708115	2.869785	0.500000
0.231915	10.089220	2.971103	0.500000
5.209179	0.526129	1.533183	0.500000
6.633743	7.791519	2.437465	0.500000
7.538301	6.492741	2.045417	0.500000
9.149426	7.470534	2.695884	0.500000
7.427629	8.498586	2.798750	0.500000
1.548845	7.258443	1.524361	0.500000
1.990638	3.958622	2.284715	0.500000
4.476785	2.153138	2.813466	0.500000
9.313605	1.350845	2.038843	0.500000
5.488491	8.445430	1.996561	0.500000
0.612799	3.385383	0.624299	0.500000
9.663679	5.064587	0.594107	0.500000
5.289053	1.804426	0.558042	0.500000
5.400037	10.634018	2.786301	0.500000
3.612996	3.378637	1.295030	0.500000
0.115033	0.439212	0.552864	0.500000
3.382734	8.720424	1.214063	0.500000
0.931411	4.322599	2.981294	0.500000
2.579435	4.279623	1.371561	0.500000
10.453298	9.428423	2.974703	0.500000
2.861354	10.855630	1.728757	0.500000
4.567102	0.780548	2.946415	0.500000
9.821936	11.013654	0.605971	0.500000
2.417525	5.014706	2.068029	0.500000
8.076765	7.829233	0.545340	0.500000
3.599500	11.031367	2.602619	0.500000
11.135128	6.576902	0.636891	0.500000
9.965632	11.189978	1.678721	0.500000
9.681503	2.361520	0.841909	0.500000
4.456499	10.120038	2.960044	0.500000
2.456331	10.573212	2.910479	0.500000
9.724767	7.092362	1.820796	0.500000
9.888954	8.173613	2.782981	0.500000
5.607149	0.869101	2.601581	0.500000
1.451884	1.094759	0.960645	0.500000
2.425293	0.881440	2.920276	0.500000
6.325960	4.496025	2.636020	0.500000
7.638772	1.395419	2.688624	0.500000
1.753263	2.730944	2.509897	0.500000
11.108016	7.716323	1.732133	0.500000
6.594545	1.936605	0.881937	0.500000
1.399218	5.653333	1.428993	0.500000
5.300583	9.434579	2.502790	0.500000
1.259051	0.077331	1.853897	0.500000
1.214687	8.123530	0.633693	0.500000
9.408650	3.374143	0.628251	0.500000
0.846967	1.029436	1.839047	0.500000
6.495510	10.411588	2.002026	0.500000
3.481410	1.854438	2.932534	0.500000
5.463818	6.412354	2.968944	0.500000
11.098447	10.726837	1.126762	0.500000
1.282699	2.109193	0.509962	0.500000
0.845117	9.854178	1.037144	0.500000
7.232883	4.309382	1.968585	0.500000
4.445459	11.059719	0.561654	0.500000
2.672102	2.317811	2.255078	0.500000
7.355868	2.902148	0.591831	0.500000
0.256944	9.004244	2.935509	0.500000
3.292061	9.972661	2.956626	0.500000
1.407404	4.741688	0.589667	0.500000
5.137519	5.287061	2.370313	0.500000
7.964062	5.501121	2.438960	0.500000
4.049529	9.557405	0.780478	0.500000
8.960294	11.230885	2.117787	0.500000
3.638690	2.086795	1.628495	0.500000
7.195338	0.851397	1.451972	0.500000
9.991337	3.476780	1.639201	0.500000
6.252743	2.584821	1.686339	0.500000
4.150366	9.153170	2.872000	0.500000
5.577709	3.924218	2.158559	0.500000
6.515469	1.505423	2.794282	0.500000
9.264515	6.492509	2.919666	0.500000
8.661847	10.643371	2.989299	0.500000
5.641135	11.210050	0.511191	0.500000
6.934517	6.284918	1.069301	0.500000
0.359792	4.381480	0.507363	0.500000
0.579075	10.664377	0.501143	0.500000
2.055897	7.364730	0.664865	0.500000
8.922921	8.471967	2.732113	0.500000
7.417292	4.660194	0.581993	0.500000
11.031905	0.674434	2.943794	0.500000
9.097693	5.379236	2.938174	0.500000
8.416420	0.559172	1.202110	0.500000
0.477264	7.327731	1.010196	0.500000
3.627204	1.876873	0.571483	0.500000
2.482134	7.357066	2.863434	0.500000
11.027466	3.755683	1.289805	0.500000
8.381713	3.023751	2.576701	0.500000
3.075004	5.630748	2.595197	0.500000
0.529416	6.345584	1.350709	0.500000
7.556891	11.269356	2.869343	0.500000
6.519630	6.592621	1.978335	0.500000
10.147030	5.246594	2.263767	0.500000
4.276876	3.544000	0.524805	0.500000
0.249530	0.216558	1.894988	0.500000
9.344768	6.128918	1.955749	0.500000
3.099228	9.800933	0.580133	0.500000
6.938479	3.205825	2.240781	0.500000
8.395494	5.926399	1.628109	0.500000
9.792872	2.326570	1.991886	0.500000
11.242017	6.698398	2.284854	0.500000
4.240027	6.162001	0.862351	0.500000
3.447829	3.877215	2.324998	0.500000
0.990030	2.962715	1.602173	0.500000
7.660468	2.430281	2.960541	0.500000
3.069880	7.725352	0.995987	0.500000
8.732404	1.700192	1.140616	0.500000
0.074102	2.359635	0.587540	0.500000
5.396911	10.770085	1.436749	0.500000
8.818796	9.813019	2.276726	0.500000
3.698508	10.519503	1.264034	0.500000
3.408497	4.942128	1.828196	0.500000
2.408686	5.982048	1.518622	0.500000
1.430031	6.506248	0.631289	0.500000
11.199758	9.814776	0.619521	0.500000
0.892828	2.190443	2.604273	0.500000
3.629547	2.785733	2.557208	0.500000
9.534443	9.940695	0.500722	0.500000
1.158776	5.124729	2.286189	0.500000
10.996355	7.777983	0.504970	0.500000
4.165567	1.176734	1.974190	0.500000
7.098984	5.123532	2.963576	0.500000
7.862315	6.695863	0.655800	0.500000
1.049168	8.530866	1.553568	0.500000
2.542737	3.237025	1.743864	0.500000
6.255511	5.461614	2.236192	0.500000
10.507248	6.007236	1.440553	0.500000
7.679488	3.778187	2.781889	0.500000
2.310894	9.375355	2.964949	0.500000
7.205818	7.064645	2.927504	0.500000
5.954860	8.674843	2.878952	0.500000
7.727188	2.985552	1.656821	0.500000
3.993554	4.675841	2.898484	0.500000
4.924992	10.068576	0.562423	0.500000
8.094893	4.925421	1.403420	0.500000
4.425714	3.756994	2.508617	0.500000
8.749366	0.909787	2.777938	0.500000
5.384396	1.853334	2.503522	0.500000
8.098507	0.424196	2.149238	0.500000
9.706042	1.171797	0.561209	0.500000
1.672437	2.043703	1.522649	0.500000
10.466677	8.783683	0.941552	0.500000
9.579429	0.257914	2.919026	0.500000
4.692958	8.164020	2.898598	0.500000
9.447138	3.689270	2.570963	0.500000
1.599274	6.833861	2.611074	0.500000
2.443118	4.963564	0.640607	0.500000
4.786351	7.612447	0.527181	0.500000
4.380193	5.365806	1.638114	0.500000
6.619729	3.794222	0.607222	0.500000
0.578899	5.709003	0.562762	0.500000
9.399738	8.869992	0.926495	0.500000
8.967744	7.319334	0.664511	0.500000
7.330635	9.617875	1.999300	0.500000
1.501768	9.148206	0.757893	0.500000
6.678040	11.119315	0.773253	0.500000
4.799283	0.846448	0.526676	0.500000
8.176365	10.496698	1.928080	0.500000
8.390267	8.826157	1.762857	0.500000
1.968954	9.105446	1.908756	0.500000
6.333829	10.071250	0.699031	0.500000
7.772428	1.965107	0.942060	0.500000
4.220762	6.088614	2.963494	0.500000
0.108207	2.759878	2.085500	0.500000
7.214324	8.673185	1.629344	0.500000
11.239857	5.554295	2.373644	0.500000
1.114183	10.524449	2.787424	0.500000
8.028842	10.529623	0.523179	0.500000
0.674201	6.025727	2.851423	0.500000
3.984311	9.721442	2.034091	0.500000
4.962989	1.553695	1.500845	0.500000
0.526281	3.367426	2.898055	0.500000
10.396532	0.822245	1.433818	0.500000
1.879909	2.900971	0.849024	0.500000
4.747267	3.485407	1.518949	0.500000
9.192062	7.925680	1.545531	0.500000
5.206121	2.578462	1.668657	0.500000
5.782247	7.487564	1.651599	0.500000
4.379954	2.638583	1.107316	0.500000
7.530388	11.223852	1.444872	0.500000
9.756875	7.933387	0.607710	0.500000
5.932641	2.825073	0.581480	0.500000
3.395864	0.814603	2.568077	0.500000
1.698651	10.295086	1.782611	0.500000
6.151840	1.423904	1.766730	0.500000
2.191337	11.269389	0.942154	0.500000
1.276377	8.855820	2.879786	0.500000
6.778394	6.129309	2.881561	0.500000
8.150699	7.446581	2.918273	0.500000
5.968996	7.446616	0.627744	0.500000
0.576805	8.146070	2.390247	0.500000
0.510630	8.978530	0.609346	0.500000
2.777273	7.225145	1.903431	0.500000
8.605763	6.915069	1.549204	0.500000
3.432408	7.807007	2.998016	0.500000
11.073479	4.607455	2.989051	0.500000
3.770942	0.740204	0.747287	0.500000
7.175294	2.164788	1.882488	0.500000
0.722787	9.560515	2.147800	0.500000
7.932462	7.948010	2.029806	0.500000
10.749315	3.774792	2.492723	0.500000
1.584397	10.413200	0.575959	0.500000
8.373023	3.605047	0.705129	0.500000
4.865234	9.008337	0.592132	0.500000
2.725849	0.760844	0.667813	0.500000
1.993368	5.882624	2.841457	0.500000
9.719001	9.145370	2.257649	0.500000
10.584354	10.737866	2.372505	0.500000
8.571154	2.624781	0.511595	0.500000
9.975601	4.522229	2.939158	0.500000
2.901024	3.053701	0.580482	0.500000
2.962816	1.185403	1.669023	0.500000
8.865811	2.972911	1.543566	0.500000
2.178768	8.121414	1.557811	0.500000
2.777334	6.014845	0.529847	0.500000
6.500300	9.580051	2.802928	0.500000
5.165476	3.087933	2.612683	0.500000
3.349076	6.783593	2.810386	0.500000
2.752270	9.763280	1.963456	0.500000
8.261487	9.767822	1.168574	0.500000
1.858324	0.866491	2.080471	0.500000
1.800717	0.034670	2.915752	0.500000
0.564052	7.074301	2.978421	0.500000
4.147700	4.317487	1.381482	0.500000
10.075868	7.195410	2.984944	0.500000
10.308764	7.114023	0.830800	0.500000
4.150541	0.147130	1.605712	0.500000
8.414974	8.942729	0.507595	0.500000
2.946581	4.586932	2.969230	0.500000
0.610439	2.012408	1.394093	0.500000
3.598114	6.907563	0.618872	0.500000
3.763445	5.238025	0.770686	0.500000
10.150355	4.185227	0.596895	0.500000
3.479721	6.125382	1.655767	0.500000
2.526582	8.404120	2.811341	0.500000
6.000082	6.169833	0.612969	0.500000
7.151540	5.520714	1.738699	0.500000
9.237898	4.910137	1.490478	0.500000
3.417471	4.278564	0.598016	0.500000
10.446923	3.011914	0.857638	0.500000
7.241864	7.349555	1.600141	0.500000
7.856267	9.756112	2.987890	0.500000
7.391235	9.473400	0.689960	0.500000
6.189650	0.936403	0.831487	0.500000
6.995784	7.323164	0.558872	0.500000
5.230593	4.722865	1.455037	0.500000
10.374648	1.558215	2.754314	0.500000
1.678253	1.565774	2.803722	0.500000
8.660855	3.966385	1.864803	0.500000
6.967323	0.669620	2.428773	0.500000
5.586274	3.709540	0.933230	0.500000
5.056586	5.418282	0.583338	0.500000
9.604332	10.214358	2.850425	0.500000
10.604644	2.687715	2.982429	0.500000
1.240282	0.115980	0.527782	0.500000
0.726636	0.499115	2.985185	0.500000
10.420272	6.217996	2.704227	0.500000
3.199049	11.185362	0.611515	0.500000
