300

6.231361	1.749343	1.780664	0.500000
11.317284	9.751608	1.899959	0.500000
7.305368	5.684106	1.488489	0.500000
3.375851	7.177610	1.770696	0.500000
5.327642	3.887254	2.840442	0.500000
2.206690	10.162118	2.537512	0.500000
3.051895	3.449401	1.734588	0.500000
4.488931	7.241925	1.953158	0.500000
6.551638	1.626869	0.516791	0.500000
2.946244	9.263467	0.630459	0.500000
2.579934	5.787108	2.501810	0.500000
1.185484	8.619926	2.333297	0.500000
2.511331	3.048586	2.954759	0.500000
5.237389	10.795694	0.609070	0.500000
10.834893	0.309239	0.533230	0.500000
1.422577	1.547280	2.852407	0.500000
10.168502	5.547660	1.864843	0.500000
6.588259	2.191842	2.868213	0.500000
3.352252	5.232169	0.746349	0.500000
1.332167	5.657170	0.765240	0.500000
0.224998	8.331330	2.754625	0.500000
0.864884	9.625973	2.898741	0.500000
3.423757	1.931753	2.882120	0.500000
3.193354	10.852750	0.531988	0.500000
8.506521	6.722105	1.387987	0.500000
8.367856	7.809021	2.984029	0.500000
0.508971	5.566352	1.847113	0.500000
7.561369	4.056445	2.005075	0.500000
8.983915	9.742605	2.299703	0.500000
6.931094	5.895309	2.410165	0.500000
5.519946	8.670166	2.648732	0.500000
8.045956	5.856051	2.986858	0.500000
2.752249	8.509401	1.487413	0.500000
9.326981	10.855358	0.537622	0.500000
6.575088	5.398333	0.865839	0.500000
7.889666	0.529806	2.850516	0.500000
10.389040	3.372395	2.691614	0.500000
1.111706	2.523821	0.569251	0.500000
6.349201	10.687980	1.398884	0.500000
10.091814	10.245266	2.960830	0.500000
8.218611	3.756917	2.822849	0.500000
9.622788	7.914249	1.549493	0.500000
8.860780	8.709106	2.992871	0.500000
8.984463	0.546296	2.956244	0.500000
7.702870	0.262427	1.729031	0.500000
9.700347	9.841423	1.571600	0.500000
8.188237	5.904828	1.942625	0.500000
10.768682	10.596014	2.067378	0.500000
1.226436	4.669813	0.553457	0.500000
5.947771	3.281283	1.810460	0.500000
8.779365	7.499600	2.030508	0.500000
2.431904	4.801695	0.543206	0.500000
10.316440	0.739240	1.872896	0.500000
10.538560	7.677492	1.916638	0.500000
8.979317	0.091484	2.063109	0.500000
7.286427	9.252609	2.451872	0.500000
0.792648	8.593154	0.520368	0.500000
0.233324	0.623510	1.735257	0.500000
6.547447	3.921874	2.592453	0.500000
10.797955	11.319852	2.942048	0.500000
2.208621	10.084923	0.723577	0.500000
2.410779	7.704958	0.615752	0.500000
0.105714	1.132650	2.782654	0.500000
2.798512	10.412518	1.463996	0.500000
10.314689	8.414868	0.829345	0.500000
1.253382	3.626532	0.563137	0.500000
6.408180	9.064485	2.895798	0.500000
8.139584	9.170482	0.577796	0.500000
0.365194	4.036256	0.840833	0.500000
11.143809	7.822903	0.721442	0.500000
4.524690	1.287967	0.935821	0.500000
6.834194	0.154690	2.533699	0.500000
3.201533	3.750788	2.687328	0.500000
6.927608	3.406447	1.549177	0.500000
10.743904	7.684177	2.975334	0.500000
5.234257	4.975715	2.915793	0.500000
3.081902	2.456378	1.463655	0.500000
5.509986	2.087304	2.772010	0.500000
6.588812	4.398631	1.442006	0.500000
7.354928	1.442805	1.786412	0.500000
7.660252	3.123576	0.788278	0.500000
10.829411	10.540115	0.624362	0.500000
8.634178	3.150438	0.541488	0.500000
1.675741	6.350085	2.677307	0.500000
6.632453	8.818644	0.565358	0.500000
4.621363	2.291203	0.577303	0.500000
2.066381	0.916857	1.149048	0.500000
5.004736	3.605550	1.891684	0.500000
1.954544	11.161949	0.628982	0.500000
8.968422	2.370633	1.363247	0.500000
4.133338	6.123513	2.570896	0.500000
0.447467	8.852052	1.688813	0.500000
0.221886	9.827443	0.544919	0.500000
0.507212	10.501983	1.281923	0.500000
2.206609	8.275119	2.864365	0.500000
9.889059	6.277135	2.902207	0.500000
5.190183	6.015629	0.902866	0.500000
0.063826	1.432727	0.531976	0.500000
4.055518	0.551271	1.770130	0.500000
10.622699	9.375476	0.986791	0.500000
1.455897	7.651629	1.295511	0.500000
9.944724	1.862713	1.668423	0.500000
10.260374	6.682380	1.708870	0.500000
1.669459	5.285956	2.559583	0.500000
4.251196	9.572608	1.561543	0.500000
8.778498	9.863921	1.091169	0.500000
9.629293	4.325238	0.747757	0.500000
6.493873	11.254420	0.570482	0.500000
6.532958	1.070252	2.920193	0.500000
8.196260	5.048728	1.197910	0.500000
4.160514	5.768374	1.501768	0.500000
5.946561	7.192069	1.774906	0.500000
6.974467	9.794436	1.000857	0.500000
7.878562	2.192171	1.316627	0.500000
0.090902	10.367175	2.889846	0.500000
5.102686	3.233665	0.861352	0.500000
4.823102	0.109091	2.986880	0.500000
7.190851	0.875176	0.815049	0.500000
5.104685	2.414464	1.877048	0.500000
1.880236	5.081423	1.569155	0.500000
7.571020	5.864420	0.528521	0.500000
4.547586	8.323861	1.135351	0.500000
0.951295	0.590589	2.999241	0.500000
6.204961	6.742481	2.826064	0.500000
4.401357	1.280823	2.739292	0.500000
10.656790	5.349388	2.824862	0.500000
2.204099	1.951294	0.601417	0.500000
6.933593	3.851073	0.609531	0.500000
0.460451	6.675551	2.877707	0.500000
5.548982	9.678119	2.712862	0.500000
3.373715	8.295880	0.723468	0.500000
0.384826	5.409482	2.955924	0.500000
9.378390	8.922240	0.934229	0.500000
1.562352	10.298545	1.588111	0.500000
10.340010	5.373415	0.757710	0.500000
4.240119	8.214969	2.895317	0.500000
8.417160	1.311572	1.741812	0.500000
2.681805	6.895635	2.907685	0.500000
3.560362	0.612851	0.700524	0.500000
9.391069	0.692034	1.134840	0.500000
7.349833	8.375198	2.947620	0.500000
1.530083	3.218214	2.854464	0.500000
9.877399	8.214670	2.773060	0.500000
8.299073	4.949371	2.359816	0.500000
2.099114	2.802532	1.336164	0.500000
2.737504	3.128348	0.600613	0.500000
3.843619	4.273854	0.557808	0.500000
1.203037	10.160114	0.600281	0.500000
10.681104	3.102017	1.643495	0.500000
10.996009	4.894378	1.688387	0.500000
3.846053	0.341587	2.924686	0.500000
5.803386	0.931529	0.572072	0.500000
5.215119	9.044099	1.694425	0.500000
2.215330	6.802450	1.194122	0.500000
2.199570	7.551972	2.039973	0.500000
4.680723	7.183239	0.938588	0.500000
4.517569	10.382696	2.569245	0.500000
3.177192	8.552076	2.929300	0.500000
4.055718	2.911002	1.998148	0.500000
6.797937	2.540239	0.997914	0.500000
9.126150	4.206824	1.763179	0.500000
0.250612	3.438590	2.834726	0.500000
5.144907	1.257048	1.828672	0.500000
4.416602	5.134889	2.258456	0.500000
6.056726	8.520497	1.407241	0.500000
2.200805	11.199164	1.866135	0.500000
10.242979	2.621396	0.743369	0.500000
3.713330	8.123742	1.830969	0.500000
6.366486	7.709856	0.665627	0.500000
5.242793	10.326652	1.517893	0.500000
5.711369	2.222873	1.048728	0.500000
8.904012	6.419301	2.608230	0.500000
6.488796	7.952635	2.178316	0.500000
3.162435	4.432265	1.541517	0.500000
3.449298	9.133032	2.003171	0.500000
6.666210	10.294877	2.851665	0.500000
8.412550	1.377600	0.723069	0.500000
8.261437	2.309751	2.243341	0.500000
5.667755	4.568328	2.091401	0.500000
5.518075	1.061132	2.870720	0.500000
9.193109	5.744226	1.612575	0.500000
8.041361	9.972838	1.796323	0.500000
0.236360	5.310433	0.835240	0.500000
7.168820	8.828800	1.510719	0.500000
10.610953	3.806256	0.779637	0.500000
4.755111	5.148161	0.528643	0.500000
3.048572	6.056998	1.542523	0.500000
1.223724	6.478103	1.736588	0.500000
0.122459	3.991223	1.815159	0.500000
4.185975	10.713797	1.571805	0.500000
5.108189	4.504932	1.255338	0.500000
8.099664	8.915446	1.950358	0.500000
2.154051	3.726681	2.103699	0.500000
1.888717	8.641340	0.819096	0.500000
9.493956	3.204621	1.091250	0.500000
7.169558	10.448127	1.955581	0.500000
8.302845	3.338218	1.683422	0.500000
8.516892	1.494323	2.850792	0.500000
2.774927	0.184672	2.904668	0.500000
9.871523	9.217576	2.912577	0.500000
9.720157	2.773883	2.021990	0.500000
2.949039	9.547255	2.985992	0.500000
3.906693	1.612527	1.916151	0.500000
3.000158	1.310052	1.298494	0.500000
6.146091	5.393107	2.952185	0.500000
1.936579	4.130826	1.179495	0.500000
7.263862	4.570730	2.927662	0.500000
3.396574	5.298970	2.858667	0.500000
10.384249	1.548320	0.667697	0.500000
10.893905	1.579699	1.900940	0.500000
10.832935	6.345977	2.549931	0.500000
3.099721	1.000820	2.246042	0.500000
3.669545	1.942184	0.789979	0.500000
9.757470	4.206173	2.655875	0.500000
9.979955	11.209939	2.295250	0.500000
1.303627	0.162583	1.520653	0.500000
2.429899	6.019569	0.500162	0.500000
10.157253	4.237603	1.683821	0.500000
6.221244	0.416211	1.669648	0.500000
7.853297	6.989859	2.152295	0.500000
5.956142	4.142717	0.637766	0.500000
6.027587	3.026812	0.537772	0.500000
0.228415	6.655521	1.668076	0.500000
2.615513	4.692747	2.463362	0.500000
7.457426	10.820607	0.689570	0.500000
7.024332	7.308294	2.726836	0.500000
7.496292	3.020711	2.970489	0.500000
0.711815	2.384064	2.853896	0.500000
4.249200	10.475378	0.524025	0.500000
9.144190	5.233185	0.614623	0.500000
8.651917	6.178881	0.560817	0.500000
6.130294	9.813812	1.886596	0.500000
9.488659	8.914610	1.939206	0.500000
10.065857	6.596341	0.547480	0.500000
1.351482	4.318753	2.838290	0.500000
1.501884	6.692141	0.500370	0.500000
6.085159	3.122560	2.999113	0.500000
10.933759	2.447521	2.602265	0.500000
5.475013	7.593779	2.958802	0.500000
8.276912	4.140403	0.567909	0.500000
3.495891	10.493966	2.730049	0.500000
10.519523	8.734430	2.038190	0.500000
0.061360	2.247440	1.316946	0.500000
1.260020	1.457875	0.676313	0.500000
5.557975	10.734908	2.753909	0.500000
3.593987	7.266542	0.523604	0.500000
8.695547	8.210476	0.664473	0.500000
1.115238	7.404243	2.414447	0.500000
10.859554	9.481236	2.898922	0.500000
8.420063	10.957234	0.962961	0.500000
3.291315	11.163216	2.006297	0.500000
1.738809	1.961808	1.861025	0.500000
2.450261	1.912506	2.564276	0.500000
9.833043	9.762141	0.509142	0.500000
9.265866	2.672823	2.984457	0.500000
2.215576	9.374495	1.817637	0.500000
5.926869	9.548511	0.572612	0.500000
5.124236	8.074728	1.932458	0.500000
4.213342	4.104279	1.479739	0.500000
0.311245	7.836496	1.769411	0.500000
4.000274	9.143410	0.673215	0.500000
8.943711	10.504305	2.973178	0.500000
5.296483	0.207843	2.051930	0.500000
2.096616	0.894485	2.452306	0.500000
9.244094	7.333942	0.637630	0.500000
0.919028	3.197902	1.519548	0.500000
11.216323	4.443529	2.832392	0.500000
9.391765	7.309144	2.878876	0.500000
8.188097	9.841600	2.991217	0.500000
10.238508	1.447403	2.654970	0.500000
4.064003	6.247103	0.624543	0.500000
9.271400	1.906063	0.513564	0.500000
1.845424	9.270781	2.936599	0.500000
4.405411	2.471387	2.887014	0.500000
9.077607	5.253443	2.948987	0.500000
3.456850	7.579458	2.943828	0.500000
0.668066	0.099573	0.601255	0.500000
1.051603	4.344457	1.630254	0.500000
5.462398	8.435255	0.607356	0.500000
7.438891	4.812059	0.541213	0.500000
7.477766	7.918272	1.918255	0.500000
6.547221	6.452974	0.523069	0.500000
6.828991	6.747973	1.488649	0.500000
7.584728	10.861156	2.928347	0.500000
4.513995	0.268755	0.860363	0.500000
4.567051	9.379035	2.835895	0.500000
7.636002	6.976683	0.867526	0.500000
5.658874	6.906637	0.767134	0.500000
10.160451	11.050317	1.324711	0.500000
1.744904	11.147231	2.948217	0.500000
11.110670	6.208146	0.602612	0.500000
7.687287	8.230441	0.681909	0.500000
5.654508	5.660177	1.997202	0.500000
4.225808	4.066815	2.488364	0.500000
0.756772	10.986099	2.424100	0.500000
0.227953	3.041095	0.665433	0.500000
9.388064	1.132701	2.078113	0.500000
0.834746	1.436821	1.638776	0.500000
5.205695	6.557795	2.956812	0.500000
3.802313	2.988553	0.779808	0.500000
