300

0.195353	2.458971	1.784996	0.500000
9.914485	1.592915	0.908826	0.500000
6.982952	5.015726	2.818905	0.500000
7.309758	3.128762	1.721874	0.500000
1.348154	5.989107	0.575041	0.500000
3.955087	2.704943	1.711407	0.500000
10.823848	0.514992	2.907755	0.500000
8.756975	4.100678	0.619014	0.500000
1.819206	1.822954	0.505505	0.500000
5.502497	1.837678	0.696605	0.500000
9.832656	5.040056	2.892651	0.500000
1.646610	7.009008	0.503007	0.500000
9.536746	4.808163	0.980451	0.500000
2.930243	1.169496	2.825866	0.500000
5.257671	7.229491	1.899008	0.500000
2.279962	3.781116	2.530822	0.500000
10.336813	2.876523	0.675200	0.500000
6.436113	3.241548	0.655803	0.500000
2.537074	5.911807	0.556243	0.500000
0.730455	5.639858	2.671304	0.500000
4.354832	1.449389	0.805914	0.500000
6.266923	10.710049	2.947213	0.500000
5.052986	2.093146	1.589914	0.500000
7.942107	1.492151	1.125248	0.500000
10.126272	3.982932	0.713451	0.500000
5.195852	10.889128	2.892005	0.500000
8.432287	7.869167	1.828414	0.500000
5.726483	5.666562	0.532322	0.500000
0.450718	7.211262	0.528507	0.500000
9.860797	8.803564	2.931239	0.500000
3.943772	10.891760	0.786476	0.500000
2.759874	0.562087	2.041556	0.500000
3.722570	8.419427	2.045676	0.500000
10.650424	4.447875	2.961470	0.500000
3.832029	4.655413	1.458940	0.500000
2.999858	9.332062	1.692806	0.500000
10.128918	11.084409	1.882635	0.500000
9.008430	1.962348	0.647359	0.500000
9.272336	11.054512	2.969076	0.500000
7.751099	8.205734	0.546042	0.500000
8.703043	4.858481	1.864984	0.500000
10.799716	1.721772	1.395007	0.500000
9.715005	8.252496	1.846147	0.500000
8.272071	6.135916	0.554765	0.500000
11.073995	9.847649	0.511980	0.500000
1.044327	10.858352	1.774858	0.500000
10.470214	0.742176	1.534400	0.500000
1.788756	10.899124	2.690966	0.500000
4.862839	4.232441	2.806785	0.500000
9.751142	1.764334	2.783454	0.500000
4.446947	8.699226	2.691897	0.500000
6.083398	8.657403	0.678875	0.500000
2.663303	1.112431	0.647192	0.500000
9.041480	6.010488	2.877056	0.500000
1.185497	9.356286	2.891989	0.500000
6.707049	10.678695	0.551826	0.500000
0.191060	8.446955	0.610426	0.500000
10.118206	5.700635	0.769495	0.500000
6.033469	2.607320	1.321813	0.500000
10.636464	3.476357	2.251853	0.500000
2.104595	8.945403	1.918239	0.500000
3.793277	11.068237	2.698099	0.500000
9.409906	2.993749	1.176339	0.500000
2.889624	8.072766	1.533475	0.500000
5.431040	3.262314	2.701176	0.500000
3.756297	5.542549	0.753737	0.500000
8.880874	2.673968	2.806324	0.500000
0.081383	4.216169	1.626007	0.500000
3.973150	3.379544	2.990377	0.500000
3.644087	10.411368	1.786109	0.500000
7.846159	0.769662	2.060933	0.500000
8.019381	8.811462	1.693192	0.500000
9.578299	1.163188	1.942070	0.500000
6.549039	2.982837	2.798406	0.500000
2.680421	0.046009	2.939611	0.500000
2.095089	6.659416	1.375128	0.500000
5.808603	8.510885	2.857022	0.500000
5.122425	0.865247	1.154316	0.500000
2.462902	4.790729	2.889690	0.500000
10.310160	2.583556	1.787347	0.500000
2.552752	10.555787	1.615159	0.500000
8.912875	4.586037	2.881889	0.500000
5.310955	3.222695	0.643530	0.500000
7.368452	7.706016	1.598981	0.500000
8.562460	5.059763	0.868354	0.500000
7.117372	0.594466	2.907751	0.500000
9.759218	9.332356	1.482350	0.500000
2.728444	8.823281	0.797439	0.500000
5.738961	6.579504	0.974695	0.500000
5.901876	5.979988	2.640618	0.500000
6.685142	6.718002	2.997727	0.500000
6.717493	2.236424	1.995257	0.500000
0.815690	5.038953	0.597656	0.500000
9.289160	9.996233	2.970328	0.500000
0.071894	6.582285	1.392075	0.500000
0.308640	8.054586	1.850210	0.500000
1.315518	1.921164	1.888034	0.500000
4.416268	8.768242	0.724534	0.500000
7.444707	9.641418	1.907737	0.500000
8.997779	8.977637	2.342680	0.500000
10.965678	6.367059	0.500140	0.500000
0.340902	1.720216	2.996844	0.500000
10.619896	9.708637	2.200186	0.500000
10.726414	1.552647	2.467118	0.500000
5.424707	10.719040	1.708112	0.500000
6.614794	7.556650	2.373067	0.500000
0.193068	4.820289	2.461885	0.500000
9.392061	7.227322	1.449633	0.500000
2.279449	5.688538	1.737752	0.500000
6.278922	1.190451	0.773035	0.500000
6.017708	4.649368	1.754855	0.500000
8.846754	8.052166	2.772294	0.500000
7.841321	7.044854	0.984373	0.500000
5.682884	9.744573	2.967306	0.500000
3.901674	1.383925	2.945802	0.500000
4.567617	2.428109	2.865304	0.500000
8.007207	10.570794	0.856813	0.500000
8.335447	3.299170	1.260233	0.500000
5.057992	1.558974	2.974937	0.500000
10.303853	10.386857	1.176617	0.500000
8.456363	9.723969	1.515449	0.500000
8.472942	11.085901	1.865559	0.500000
10.423179	8.794609	0.633037	0.500000
11.201200	5.565708	1.318082	0.500000
5.671996	4.285966	0.651412	0.500000
0.029418	7.513077	2.712752	0.500000
7.830715	1.900419	2.126831	0.500000
7.570113	3.305981	0.557911	0.500000
1.230668	8.498635	1.591444	0.500000
5.191135	5.256331	1.613421	0.500000
3.594255	0.691201	0.833515	0.500000
1.395851	6.420523	2.542872	0.500000
5.246569	0.368483	2.200587	0.500000
3.234720	4.111896	2.852542	0.500000
2.236063	7.353089	2.986952	0.500000
3.466702	6.841448	0.859816	0.500000
3.080109	3.170934	2.550223	0.500000
3.388572	3.744874	0.754142	0.500000
7.781698	2.755227	2.736335	0.500000
8.167525	8.938691	2.970621	0.500000
4.680511	10.136052	2.217001	0.500000
3.514558	2.048562	0.525488	0.500000
2.191385	9.641030	2.717680	0.500000
3.540218	3.648473	1.781356	0.500000
2.913535	4.671499	1.991474	0.500000
1.729474	5.457028	2.545849	0.500000
8.337527	6.868274	2.001777	0.500000
10.980947	5.593908	2.892635	0.500000
7.343564	3.702983	2.783058	0.500000
1.408899	1.636369	2.927829	0.500000
1.139525	4.442180	2.893106	0.500000
8.703872	1.319522	2.832210	0.500000
7.144907	10.548605	1.557013	0.500000
3.268265	6.007389	1.683420	0.500000
2.288928	2.596570	2.924756	0.500000
10.167443	6.955440	0.658103	0.500000
0.024665	0.592262	1.036551	0.500000
1.516509	9.032601	0.685022	0.500000
5.404230	10.493428	0.680243	0.500000
1.866126	8.480680	2.879476	0.500000
4.232035	5.582981	1.720109	0.500000
2.042196	1.250725	1.445347	0.500000
6.818937	9.305953	1.026220	0.500000
3.063974	5.648772	2.936857	0.500000
6.448438	0.071656	2.045792	0.500000
6.247765	9.269316	2.216081	0.500000
4.483595	3.887348	0.589153	0.500000
8.696139	7.750697	0.550494	0.500000
6.026039	7.548124	1.167206	0.500000
10.734684	8.590752	1.716300	0.500000
6.849170	9.797774	2.986488	0.500000
1.443190	4.541098	1.869452	0.500000
10.871842	2.579965	2.795438	0.500000
4.649195	5.149135	0.514647	0.500000
1.231886	9.601103	1.505897	0.500000
7.057748	0.462727	0.515693	0.500000
7.149126	1.898413	2.969849	0.500000
5.932409	0.144669	1.127731	0.500000
2.375663	1.931368	2.130789	0.500000
5.019148	4.145943	1.583784	0.500000
1.799185	4.867150	0.748806	0.500000
0.299966	9.092313	1.749550	0.500000
10.350047	5.270892	1.892584	0.500000
10.612391	6.660413	2.786206	0.500000
4.474827	6.444928	2.242312	0.500000
4.798418	8.253040	1.779030	0.500000
0.870954	5.950207	1.701775	0.500000
9.183260	6.619597	0.671745	0.500000
6.160967	4.240954	2.806762	0.500000
1.687662	10.713684	0.732806	0.500000
1.034425	7.132720	1.640467	0.500000
9.505143	9.736858	0.571264	0.500000
3.401792	6.817407	2.635608	0.500000
0.769478	10.315953	0.572486	0.500000
9.351643	5.983307	1.456556	0.500000
8.825723	8.904803	0.510608	0.500000
0.007987	0.089142	1.995764	0.500000
7.981566	5.963740	2.617045	0.500000
0.850805	0.046405	2.690242	0.500000
9.212194	11.087683	0.657174	0.500000
9.031484	2.194604	1.680443	0.500000
9.825686	0.537640	2.746702	0.500000
6.231279	10.123810	1.282068	0.500000
5.933444	0.730025	2.949958	0.500000
6.788539	4.201777	0.786795	0.500000
8.314684	0.345644	2.903465	0.500000
1.056752	1.091348	0.554206	0.500000
9.680391	7.079808	2.672939	0.500000
2.671926	2.861331	1.647846	0.500000
4.744322	5.552496	2.847364	0.500000
11.083054	10.965075	0.512592	0.500000
0.834542	2.062854	1.003677	0.500000
5.300214	9.422598	1.826121	0.500000
1.757377	2.968354	2.114104	0.500000
8.949568	0.763841	1.019649	0.500000
2.861150	4.670835	0.684554	0.500000
0.947060	0.093620	0.562021	0.500000
3.410005	8.105143	0.591593	0.500000
9.270345	3.907610	1.643655	0.500000
4.354029	7.371639	0.558513	0.500000
6.906948	7.660613	0.679200	0.500000
0.024273	1.590025	0.552137	0.500000
10.203147	6.648962	1.873797	0.500000
0.365628	6.557160	2.360139	0.500000
5.406882	9.421585	0.770562	0.500000
8.053310	0.699990	0.501609	0.500000
2.884489	2.910856	0.510972	0.500000
11.310368	10.784995	2.809147	0.500000
9.916538	0.527442	0.615906	0.500000
0.083307	10.222809	1.840306	0.500000
7.714014	5.571646	1.214506	0.500000
5.850480	2.204607	2.802741	0.500000
9.700209	3.923330	2.609244	0.500000
10.810742	7.423372	1.482195	0.500000
6.804271	1.082754	1.806999	0.500000
0.840822	3.581704	0.586154	0.500000
9.322915	10.414057	1.741238	0.500000
11.144611	3.714203	0.726646	0.500000
7.188905	4.876404	1.782293	0.500000
0.110962	9.714700	2.881661	0.500000
3.815123	4.928775	2.981916	0.500000
0.517415	1.155858	1.831914	0.500000
1.982262	7.558304	2.033463	0.500000
3.401555	7.919972	2.943008	0.500000
7.258703	2.242213	1.127677	0.500000
4.622782	10.004203	1.139763	0.500000
0.051598	3.751688	2.870116	0.500000
3.650387	9.785650	0.916470	0.500000
1.899919	0.825922	2.563855	0.500000
8.137135	2.452189	0.696515	0.500000
7.631520	0.099493	1.313517	0.500000
0.140445	8.663136	2.850964	0.500000
5.254752	7.984113	0.501906	0.500000
2.883710	11.042411	0.794511	0.500000
9.854914	2.889831	2.690965	0.500000
4.592956	0.629737	2.911780	0.500000
7.759887	9.267701	0.514648	0.500000
6.182740	5.676475	1.562139	0.500000
5.768555	1.371355	1.771844	0.500000
4.823143	6.256211	0.603907	0.500000
4.061659	0.363197	1.691209	0.500000
7.467003	11.076449	2.454648	0.500000
1.737242	2.813068	0.697905	0.500000
4.598685	1.248137	1.968378	0.500000
9.665726	8.111223	0.572251	0.500000
0.077472	2.621155	0.657935	0.500000
7.759237	4.222196	1.165523	0.500000
2.708242	10.007798	0.541487	0.500000
7.942031	4.765026	2.642945	0.500000
11.133806	4.742813	0.562453	0.500000
8.247120	9.976132	2.987094	0.500000
6.921437	6.240416	2.073780	0.500000
4.850441	0.002263	0.570767	0.500000
8.617010	6.927698	2.992570	0.500000
8.393432	3.655575	2.990245	0.500000
4.406863	7.392934	2.649724	0.500000
10.288718	10.703377	2.943320	0.500000
3.482508	1.289115	1.668589	0.500000
3.001574	10.264705	2.576332	0.500000
6.293779	8.340123	1.802453	0.500000
3.172581	8.952933	2.789701	0.500000
0.902707	10.376255	2.796928	0.500000
3.995350	9.922697	2.946556	0.500000
6.164204	3.658231	1.657156	0.500000
2.443274	7.693569	0.656381	0.500000
7.100612	6.372117	0.732468	0.500000
5.601380	7.042195	2.946383	0.500000
10.514213	8.117823	2.584044	0.500000
1.039249	7.488988	2.639694	0.500000
7.007316	5.176539	0.561540	0.500000
0.787460	3.283389	1.794624	0.500000
7.228467	8.869589	2.540172	0.500000
4.511388	2.572817	0.839505	0.500000
4.070289	9.410509	1.798958	0.500000
1.307124	7.943765	0.636263	0.500000
4.033057	7.192002	1.710876	0.500000
1.734083	0.194000	1.405308	0.500000
0.874759	2.503069	2.670922	0.500000
2.498720	6.467797	2.346574	0.500000
1.950725	3.688454	1.329245	0.500000
