300

0.907869	2.279006	0.605394	0.500000
0.112278	0.214394	0.531480	0.500000
6.031667	10.150697	2.884624	0.500000
7.472171	2.238398	1.771018	0.500000
1.437556	1.493725	2.948416	0.500000
5.152947	1.753573	1.766653	0.500000
10.689013	10.854629	2.900356	0.500000
9.820442	2.449916	2.785264	0.500000
6.242068	2.541964	1.540276	0.500000
6.865130	2.527943	2.903734	0.500000
0.120838	4.043841	0.607041	0.500000
3.822141	3.143749	2.072969	0.500000
8.528142	0.773325	1.086728	0.500000
8.946289	0.240688	2.160679	0.500000
6.125751	6.430024	0.511082	0.500000
1.223400	6.620387	2.736606	0.500000
7.867878	10.393793	2.430937	0.500000
3.845900	2.557677	2.983123	0.500000
1.664908	4.328022	0.693529	0.500000
9.239905	7.024257	2.986389	0.500000
2.954708	1.513593	1.936357	0.500000
0.070821	10.123637	2.868479	0.500000
6.519827	0.513589	0.582420	0.500000
9.330563	2.049945	1.720801	0.500000
10.638276	1.812281	2.310779	0.500000
5.471323	1.187973	0.703578	0.500000
7.626629	8.555809	1.086071	0.500000
6.778430	3.935801	2.986939	0.500000
3.899177	5.911423	1.531795	0.500000
0.613659	9.264902	2.871190	0.500000
1.573913	9.928282	0.551506	0.500000
10.371535	6.315459	0.856870	0.500000
3.298478	6.830442	1.748802	0.500000
0.861515	10.686853	0.520889	0.500000
4.543489	3.615526	2.674835	0.500000
4.801132	6.481833	1.790930	0.500000
10.751727	9.008517	0.539178	0.500000
6.509151	1.642219	0.731981	0.500000
0.241796	11.150634	2.465022	0.500000
6.345816	6.037229	2.806786	0.500000
0.918026	4.088961	2.788042	0.500000
0.881672	0.662013	2.888035	0.500000
9.739871	9.380230	1.831942	0.500000
7.056183	3.751242	0.962548	0.500000
10.272256	9.953162	0.608189	0.500000
1.085063	8.324256	0.520169	0.500000
0.628607	3.254937	1.416505	0.500000
2.094376	0.951033	1.718966	0.500000
5.555023	11.083457	2.866446	0.500000
7.399556	8.868558	2.054002	0.500000
5.345777	8.368582	2.989978	0.500000
4.376567	9.866084	2.773262	0.500000
2.270621	10.651701	2.906454	0.500000
7.856350	6.113008	2.866257	0.500000
0.931953	8.144806	1.666898	0.500000
6.630603	6.524829	1.474262	0.500000
10.871168	7.820697	1.388457	0.500000
10.668311	5.598919	2.967154	0.500000
3.511681	1.573710	2.969322	0.500000
0.101819	2.005297	2.934669	0.500000
5.056098	8.779825	1.330565	0.500000
2.191037	11.287515	1.873939	0.500000
11.002683	11.047350	1.581157	0.500000
3.646902	8.040474	0.778741	0.500000
4.174427	4.424809	2.061618	0.500000
7.652687	8.498323	2.987131	0.500000
4.398233	1.766329	2.530143	0.500000
1.810363	7.863798	1.090147	0.500000
4.757818	2.935388	1.693849	0.500000
3.196726	11.005270	1.784839	0.500000
6.011626	2.000241	2.828476	0.500000
8.210692	9.350963	2.855146	0.500000
9.244393	9.142395	2.797157	0.500000
9.477430	1.422816	0.563039	0.500000
0.937516	9.997802	2.015105	0.500000
2.862302	9.418849	0.592697	0.500000
3.526085	9.810157	1.829184	0.500000
1.700000	9.725708	2.883758	0.500000
2.244101	6.832861	1.270839	0.500000
9.772114	5.371900	1.744798	0.500000
4.962726	7.327323	2.851829	0.500000
7.480614	7.045744	2.265183	0.500000
4.765010	0.375093	2.067917	0.500000
8.479173	9.643014	0.666567	0.500000
8.242411	4.754403	2.826340	0.500000
7.369414	1.242697	1.684843	0.500000
10.093697	8.308617	0.867829	0.500000
3.958965	10.503376	1.060005	0.500000
3.593521	6.813335	0.757904	0.500000
8.787664	6.234819	2.460373	0.500000
8.801130	5.825667	1.040495	0.500000
7.539481	1.392035	0.582888	0.500000
0.568928	5.533566	1.958896	0.500000
9.659472	10.508742	1.685444	0.500000
3.022281	7.817305	2.982474	0.500000
2.785071	5.700928	1.531222	0.500000
3.859008	0.165154	0.727279	0.500000
5.217082	6.199455	0.864794	0.500000
3.809070	5.784394	0.511808	0.500000
6.897942	11.313564	1.360625	0.500000
9.374539	6.393157	1.646805	0.500000
2.834112	1.661634	0.645335	0.500000
0.090863	8.782083	1.784017	0.500000
7.669008	1.415784	2.966358	0.500000
4.094319	8.981457	1.865185	0.500000
5.909741	9.283853	0.563434	0.500000
2.321710	6.727791	2.993801	0.500000
9.711713	1.175884	2.698078	0.500000
0.429596	5.138429	0.921682	0.500000
4.775680	2.230148	0.739997	0.500000
4.195286	3.226502	0.551100	0.500000
7.542526	2.569490	0.730213	0.500000
10.214064	8.264918	2.992901	0.500000
8.131017	11.040298	1.352224	0.500000
2.039697	3.006103	1.456859	0.500000
5.752167	3.793842	0.724661	0.500000
7.905898	10.455110	0.504724	0.500000
10.822839	5.068545	1.502845	0.500000
2.784132	2.690296	2.624686	0.500000
1.887597	8.968251	0.507378	0.500000
10.347650	8.581662	1.845095	0.500000
8.583124	0.821937	2.925207	0.500000
8.897546	2.225546	0.833292	0.500000
7.137854	4.971940	1.525585	0.500000
10.057949	3.530826	2.145233	0.500000
1.126941	7.750405	2.802060	0.500000
9.652155	4.271337	1.585960	0.500000
3.512227	4.951578	1.461746	0.500000
8.556215	9.206017	1.582848	0.500000
7.796046	5.693058	1.158598	0.500000
1.870888	8.537055	1.855199	0.500000
10.585865	5.239114	0.518345	0.500000
6.994633	9.542511	0.516056	0.500000
4.166963	2.076586	1.545495	0.500000
9.112293	8.162896	2.962114	0.500000
1.305425	7.168016	1.670629	0.500000
0.557098	1.174445	0.509405	0.500000
11.017121	6.662991	1.892092	0.500000
5.994542	3.027297	2.755670	0.500000
8.561034	7.143714	1.979704	0.500000
3.941085	0.617822	2.783790	0.500000
0.301530	7.013395	0.880681	0.500000
1.304343	10.915548	2.807346	0.500000
6.454781	4.526319	0.695710	0.500000
3.029397	5.124519	2.381339	0.500000
2.435953	3.854956	2.582731	0.500000
0.190964	6.250178	2.812600	0.500000
1.553540	5.870298	1.531853	0.500000
4.952638	2.603362	2.659804	0.500000
11.021216	1.734997	0.644204	0.500000
10.148765	4.361513	2.780944	0.500000
4.916664	0.971089	2.944290	0.500000
4.891537	9.628886	1.871770	0.500000
6.597351	9.375427	1.534177	0.500000
1.660796	1.517155	0.693908	0.500000
9.632692	5.604703	0.509136	0.500000
1.256298	0.306468	1.985453	0.500000
11.319463	8.206428	2.833069	0.500000
2.823903	10.223954	1.196566	0.500000
4.267070	9.002753	0.516322	0.500000
5.622879	5.315595	2.100881	0.500000
0.351791	9.492522	0.657711	0.500000
7.431847	4.973959	0.541114	0.500000
1.073315	6.392588	0.523459	0.500000
8.495297	8.239893	0.536940	0.500000
7.170542	5.880697	2.108528	0.500000
3.239457	2.954539	1.077195	0.500000
8.377611	4.468352	1.205853	0.500000
7.944911	6.898529	1.225949	0.500000
0.044697	8.195638	0.517526	0.500000
8.261155	8.223961	2.193575	0.500000
2.419478	3.620001	0.601611	0.500000
10.360388	3.803291	0.583989	0.500000
6.285274	5.450454	1.265950	0.500000
11.267145	10.044004	1.642883	0.500000
5.765972	8.684039	2.124466	0.500000
6.955992	9.674616	2.937015	0.500000
5.016681	11.145473	0.526048	0.500000
2.641697	0.650997	0.877254	0.500000
4.078321	4.748178	0.655861	0.500000
2.087968	5.643388	2.712863	0.500000
2.902933	0.386151	2.703441	0.500000
0.861183	5.111507	2.881967	0.500000
9.332700	8.464635	1.510598	0.500000
5.669967	3.363168	1.848735	0.500000
6.882369	10.349376	2.000250	0.500000
3.013118	6.000137	2.882676	0.500000
8.812632	3.746893	1.871206	0.500000
6.002645	0.896869	2.932825	0.500000
1.613556	5.353603	0.507398	0.500000
2.693170	3.899213	1.608979	0.500000
9.490193	0.271455	0.949324	0.500000
2.352849	7.707298	2.178686	0.500000
5.060022	9.961451	0.890475	0.500000
9.510158	7.474647	0.627353	0.500000
10.359194	11.049313	0.661327	0.500000
9.606821	4.529063	0.548248	0.500000
5.878721	4.692298	2.973092	0.500000
1.210012	1.414691	1.638834	0.500000
9.209587	10.554197	0.746580	0.500000
9.423020	3.373482	1.092923	0.500000
8.394524	1.759749	1.993503	0.500000
5.031396	5.522114	2.919854	0.500000
5.797927	11.267283	1.158085	0.500000
5.174807	5.184552	0.575659	0.500000
10.292049	2.399608	1.310570	0.500000
2.067748	2.014544	1.834381	0.500000
1.517779	3.510389	2.188976	0.500000
4.022342	1.408984	0.512417	0.500000
7.662969	4.193516	1.917746	0.500000
5.582652	7.154168	1.096800	0.500000
4.862777	4.948523	1.539018	0.500000
6.695310	7.411238	0.941675	0.500000
3.650222	4.079453	2.953949	0.500000
9.200706	10.143418	2.561853	0.500000
3.517288	10.499281	2.970143	0.500000
2.256297	2.610311	0.558129	0.500000
2.934110	11.001128	0.546914	0.500000
10.979684	0.706566	1.389223	0.500000
7.975151	3.733741	0.520660	0.500000
3.311353	7.845536	1.904085	0.500000
1.364916	10.784580	1.386619	0.500000
7.569357	7.669019	0.504274	0.500000
0.158505	6.073473	1.211679	0.500000
4.517514	7.939802	1.503093	0.500000
6.306476	10.298944	0.699025	0.500000
6.614434	2.929614	0.578959	0.500000
7.667076	0.277165	0.634113	0.500000
8.689574	10.209848	1.651151	0.500000
0.238665	1.130221	2.190619	0.500000
8.107039	3.749937	2.887605	0.500000
4.570666	10.657277	1.838190	0.500000
1.054120	3.498219	0.516756	0.500000
10.167203	7.089120	1.531977	0.500000
10.115330	9.729663	2.993969	0.500000
2.815923	4.939220	0.734652	0.500000
9.430822	9.218903	0.569845	0.500000
0.037517	2.026651	1.611857	0.500000
9.183004	3.938702	2.969358	0.500000
10.802831	9.077643	2.643225	0.500000
5.417421	6.427917	2.623941	0.500000
1.919877	11.136574	0.613027	0.500000
4.553822	11.126538	2.907455	0.500000
1.816760	4.683241	2.882665	0.500000
6.484488	0.583148	2.065720	0.500000
3.960323	8.531616	2.816760	0.500000
10.726045	0.603634	2.925783	0.500000
6.579595	8.356505	0.529743	0.500000
5.311547	9.445249	2.963166	0.500000
10.826022	2.795128	0.505781	0.500000
9.660458	0.140585	2.915683	0.500000
8.685515	5.122927	1.959166	0.500000
1.985674	9.743880	1.690117	0.500000
11.207273	10.442113	0.568982	0.500000
8.323718	2.770672	2.619367	0.500000
3.969415	7.538127	2.647022	0.500000
7.742562	9.967258	1.387818	0.500000
8.459158	2.851305	1.575996	0.500000
6.993557	0.567692	2.949717	0.500000
2.444726	6.117923	0.531645	0.500000
3.565464	0.956456	1.291171	0.500000
6.360911	8.170149	2.857183	0.500000
4.911290	3.885907	1.290319	0.500000
3.665756	3.970807	1.248828	0.500000
9.782715	7.750836	2.195356	0.500000
1.129301	2.459483	2.076517	0.500000
9.630132	1.095929	1.498190	0.500000
3.175106	9.474494	2.940766	0.500000
4.196675	6.449766	2.741628	0.500000
2.596728	7.494838	0.527964	0.500000
10.989579	2.807081	2.369715	0.500000
7.032945	5.154529	2.809231	0.500000
5.043932	8.117841	0.504388	0.500000
9.940965	6.339689	2.662854	0.500000
8.877365	1.970611	2.950997	0.500000
5.853819	10.228041	1.670623	0.500000
7.436820	0.030016	2.223894	0.500000
1.619549	2.490720	2.952628	0.500000
1.264950	0.601319	0.992460	0.500000
6.804518	7.743082	1.907660	0.500000
0.407038	7.385665	2.071504	0.500000
1.204815	9.159198	1.402464	0.500000
2.512150	1.457877	2.952534	0.500000
5.657988	7.406292	2.114440	0.500000
1.746703	8.576092	2.989324	0.500000
8.275902	7.462200	2.902904	0.500000
7.125829	6.484124	0.511068	0.500000
10.474198	7.281709	2.808332	0.500000
3.201065	8.940567	1.405688	0.500000
5.839958	4.429392	1.498384	0.500000
1.683597	4.878240	1.695300	0.500000
6.609355	7.189896	2.902673	0.500000
6.689447	3.897490	1.987187	0.500000
4.605677	7.094302	0.596947	0.500000
0.046402	4.135581	1.918504	0.500000
6.213008	1.553506	1.939468	0.500000
10.245067	0.320896	2.024860	0.500000
0.675809	3.060721	2.754923	0.500000
3.874452	5.266478	2.950353	0.500000
10.862981	3.374578	1.441314	0.500000
