200

8.899513	8.974550	1.898564	0.500000
0.794252	8.602077	1.998835	0.500000
9.891778	9.144597	1.903421	0.500000
0.355097	1.428246	1.481355	0.500000
4.352509	3.748670	1.288174	0.500000
4.803214	8.882036	1.975399	0.500000
6.640506	9.296965	1.536875	0.500000
8.416466	3.491260	1.121891	0.500000
7.528800	9.167244	1.064764	0.500000
7.350951	8.058838	1.369949	0.500000
1.672957	2.723098	0.518433	0.500000
0.483944	1.955545	0.535458	0.500000
1.301859	9.845288	1.986583	0.500000
3.006393	1.209068	0.886450	0.500000
2.374800	2.001341	0.719382	0.500000
5.206804	7.963241	0.511391	0.500000
4.757610	2.831815	0.532240	0.500000
7.579038	0.870060	1.552136	0.500000
7.899469	3.590477	1.987647	0.500000
7.492932	9.677816	1.980376	0.500000
7.089922	0.780278	0.512916	0.500000
0.249784	0.160018	1.696492	0.500000
2.912209	8.357228	1.286563	0.500000
1.023264	1.996828	1.995470	0.500000
4.957854	0.715526	0.633990	0.500000
2.068571	0.922469	0.506385	0.500000
4.811292	1.416665	1.968366	0.500000
5.476901	1.412283	1.189838	0.500000
3.652130	3.010286	1.992060	0.500000
9.382497	3.634630	0.538488	0.500000
2.450444	4.000865	1.177229	0.500000
7.388874	2.040517	1.670373	0.500000
2.081316	1.559330	1.653649	0.500000
3.592397	4.130544	1.953663	0.500000
3.959771	0.350822	0.530285	0.500000
1.715178	3.748250	0.524464	0.500000
6.740003	9.723839	0.517140	0.500000
5.270443	2.421343	1.338327	0.500000
7.012512	7.316591	1.982839	0.500000
8.721168	4.306238	1.845968	0.500000
0.159873	2.546823	1.987357	0.500000
2.487666	4.873261	0.515066	0.500000
8.316873	1.399111	1.976634	0.500000
3.045611	2.149384	1.464976	0.500000
9.380063	1.007964	1.959591	0.500000
3.013598	1.295165	1.989109	0.500000
4.147384	2.157032	1.545919	0.500000
6.157286	3.945134	0.696598	0.500000
8.431496	5.974247	0.577539	0.500000
8.961455	4.588010	0.511826	0.500000
1.364205	4.693354	0.516439	0.500000
0.934075	4.015328	1.201910	0.500000
0.562867	6.218770	0.638150	0.500000
3.561758	2.013216	0.575790	0.500000
6.612444	5.812854	0.520726	0.500000
4.403774	7.295928	1.929007	0.500000
6.925799	7.475946	0.513584	0.500000
4.519264	8.341842	1.146609	0.500000
8.032219	4.572111	0.984013	0.500000
0.571557	4.841111	1.956845	0.500000
8.882814	2.753262	0.605032	0.500000
0.632926	5.204796	0.992385	0.500000
1.358963	7.114720	0.515701	0.500000
4.676284	3.044272	1.946066	0.500000
1.881223	2.515159	1.889394	0.500000
5.455768	4.151553	1.992765	0.500000
5.958659	7.050227	0.564995	0.500000
6.470499	8.732691	0.521888	0.500000
1.552174	5.902434	0.709147	0.500000
1.680979	6.729869	1.986429	0.500000
1.361700	7.677361	1.875586	0.500000
5.102091	5.368894	1.992227	0.500000
2.664587	4.561151	1.990237	0.500000
4.080027	7.521810	0.519729	0.500000
4.541453	1.769009	0.648503	0.500000
5.875584	0.174105	0.757367	0.500000
5.361013	8.026497	1.922955	0.500000
9.125833	6.027117	1.870511	0.500000
0.316470	7.426340	0.560456	0.500000
9.637365	5.419406	0.746904	0.500000
9.262029	8.020493	1.966627	0.500000
1.822947	9.933999	0.554608	0.500000
0.911756	8.121040	1.053786	0.500000
3.250274	0.328904	1.734439	0.500000
3.704538	9.371626	0.979674	0.500000
5.812582	6.043226	1.788455	0.500000
4.866870	6.380503	1.831898	0.500000
6.450011	3.903272	1.655254	0.500000
8.496502	7.006887	0.573659	0.500000
0.248625	7.635903	1.983188	0.500000
9.047687	8.963376	0.516505	0.500000
8.360840	0.376699	1.934564	0.500000
1.515362	8.910731	0.526608	0.500000
2.568222	9.062268	0.519525	0.500000
9.262924	7.753109	0.517954	0.500000
5.765904	9.508354	1.973705	0.500000
6.579042	8.285940	1.991600	0.500000
9.898473	8.235660	1.185843	0.500000
6.741990	6.594740	1.177393	0.500000
8.466591	9.514724	1.127614	0.500000
9.849661	9.613456	0.900993	0.500000
8.613415	1.173049	1.027958	0.500000
2.927528	7.510307	0.674412	0.500000
2.091240	8.036583	0.503485	0.500000
2.906576	0.215092	0.658919	0.500000
5.759475	0.827247	1.988803	0.500000
3.928023	1.153146	1.355582	0.500000
3.400297	9.201542	1.934635	0.500000
7.939445	7.885911	0.561854	0.500000
8.045277	0.228631	0.503124	0.500000
9.265659	9.987020	1.630793	0.500000
0.820759	0.024650	0.530829	0.500000
1.150779	0.866765	1.891607	0.500000
1.051158	1.025314	0.540914	0.500000
2.218348	0.517290	1.957767	0.500000
0.933957	2.749085	1.245012	0.500000
3.991165	8.298688	1.994938	0.500000
4.905001	9.548675	0.512024	0.500000
5.122959	0.185271	1.549527	0.500000
9.588622	5.102811	1.914826	0.500000
9.392187	1.811583	0.531376	0.500000
2.781666	5.742108	1.111242	0.500000
8.336499	2.661988	1.796027	0.500000
1.380965	1.853831	1.002743	0.500000
6.796565	5.805592	1.815611	0.500000
6.258137	2.330824	1.166953	0.500000
9.162953	2.053909	1.713042	0.500000
7.067973	3.049223	1.843316	0.500000
6.690496	0.324155	1.597409	0.500000
8.219498	1.970102	0.547413	0.500000
7.944330	5.075254	1.922413	0.500000
0.340614	3.579987	1.940906	0.500000
9.788421	2.876977	1.099479	0.500000
5.872194	1.913046	1.991681	0.500000
4.255172	9.725394	1.814565	0.500000
3.178550	5.499321	1.996821	0.500000
5.764375	2.990465	0.515224	0.500000
7.322786	3.788502	1.136996	0.500000
6.791812	3.184827	0.508806	0.500000
0.459482	3.358047	0.529728	0.500000
0.126268	4.458503	0.516846	0.500000
7.697069	2.812417	0.826940	0.500000
4.165540	5.467648	1.629396	0.500000
2.791771	3.105714	0.888826	0.500000
6.565540	1.318589	1.551600	0.500000
5.012526	3.802575	0.502137	0.500000
9.173743	3.280133	1.907110	0.500000
5.967477	7.059869	1.988286	0.500000
9.697071	4.212011	1.465873	0.500000
1.495824	3.462064	1.915362	0.500000
3.872406	6.510075	1.597213	0.500000
2.202510	5.777233	1.933175	0.500000
4.515369	4.533712	1.925810	0.500000
3.812982	2.947669	0.916905	0.500000
2.691505	3.274512	1.903237	0.500000
3.680243	5.441294	0.529560	0.500000
6.065025	8.006219	1.134997	0.500000
7.051769	4.719727	1.638348	0.500000
0.054721	6.043924	1.498015	0.500000
5.998044	4.944302	0.533730	0.500000
0.767676	6.971915	1.441442	0.500000
1.086372	5.849815	1.646829	0.500000
3.422332	6.466213	0.594572	0.500000
5.121703	4.795028	1.148797	0.500000
7.441805	5.504590	1.091513	0.500000
6.083802	4.928115	1.898350	0.500000
4.581129	6.628068	0.619027	0.500000
5.857639	3.089483	1.812147	0.500000
5.227406	7.213994	1.253553	0.500000
3.385698	3.983305	0.523594	0.500000
0.380749	8.784576	0.502888	0.500000
9.075048	0.223482	0.665540	0.500000
3.311281	4.753798	1.175258	0.500000
9.565037	6.936997	1.661121	0.500000
4.256773	4.524100	0.646726	0.500000
8.768403	5.210233	1.282870	0.500000
7.518453	6.410672	0.553762	0.500000
8.661856	8.222347	1.170583	0.500000
7.071202	4.588585	0.517243	0.500000
0.739496	9.314402	1.281835	0.500000
2.458261	9.466976	1.533561	0.500000
1.585437	4.649805	1.622904	0.500000
2.359473	6.584513	0.503380	0.500000
2.064429	7.296012	1.206841	0.500000
8.096478	6.074252	1.937874	0.500000
5.660595	9.069415	1.068133	0.500000
3.688750	8.443895	0.584256	0.500000
7.870278	6.990117	1.357559	0.500000
6.227057	1.421880	0.523104	0.500000
9.996728	0.632281	0.618610	0.500000
7.185029	1.842024	0.596759	0.500000
1.929443	8.517778	1.539000	0.500000
3.462279	7.534096	1.554929	0.500000
5.549849	6.079299	0.591810	0.500000
4.718841	5.507244	0.512157	0.500000
2.790603	6.706464	1.671912	0.500000
2.568460	7.682327	1.992847	0.500000
9.541457	6.758041	0.655423	0.500000
8.268329	7.744423	1.961367	0.500000
7.848698	8.690586	1.998057	0.500000
