100

0.372067	0.227125	0.596131	0.500000
0.326349	8.796102	0.536553	0.500000
2.046646	9.672672	0.553242	0.500000
2.645969	0.264524	0.579066	0.500000
3.667976	0.223676	0.590541	0.500000
4.671579	0.147908	0.552869	0.500000
6.338184	0.629669	0.552391	0.500000
7.337412	0.576617	0.531317	0.500000
8.444938	0.531277	0.593358	0.500000
9.429694	0.364030	0.506479	0.500000
0.962826	1.306414	0.558158	0.500000
0.969903	9.687588	0.545726	0.500000
1.524830	0.322487	0.548353	0.500000
3.200464	1.124262	0.515994	0.500000
4.228466	1.072436	0.533545	0.500000
5.368304	0.913212	0.586344	0.500000
6.927917	1.652020	0.583834	0.500000
7.929360	1.441800	0.588028	0.500000
8.957685	1.444697	0.520557	0.500000
10.241175	1.201153	0.519079	0.500000
0.635370	2.288929	0.572963	0.500000
1.677818	2.172781	0.547448	0.500000
2.162012	1.252655	0.529365	0.500000
2.791461	2.073051	0.529287	0.500000
3.795269	2.042464	0.514117	0.500000
4.929556	1.864880	0.510113	0.500000
5.936003	1.783054	0.591425	0.500000
7.604713	2.508182	0.534475	0.500000
8.675348	2.453212	0.572048	0.500000
9.775270	2.214986	0.540912	0.500000
0.092547	3.183462	0.584636	0.500000
1.187168	3.135980	0.569847	0.500000
2.224850	3.110118	0.518002	0.500000
3.380230	3.083387	0.510996	0.500000
4.411950	2.929991	0.581580	0.500000
5.533403	2.753777	0.528613	0.500000
6.124908	3.883460	0.559225	0.500000
6.540294	2.630386	0.511383	0.500000
8.102523	3.386272	0.552503	0.500000
9.275844	3.285369	0.508520	0.500000
9.807861	4.210469	0.551537	0.500000
0.570638	4.210339	0.539765	0.500000
1.727226	4.163989	0.554192	0.500000
2.808898	4.082085	0.587785	0.500000
3.938230	3.966628	0.586824	0.500000
5.086403	3.742803	0.514036	0.500000
5.598452	4.835718	0.541593	0.500000
6.683531	4.882827	0.571659	0.500000
7.095109	3.574387	0.586354	0.500000
8.791623	4.218854	0.587876	0.500000
0.285010	5.263145	0.540013	0.500000
1.352100	5.163788	0.590050	0.500000
2.389606	5.022879	0.556457	0.500000
3.390905	4.979300	0.590602	0.500000
4.594143	4.841612	0.574603	0.500000
5.105138	5.888096	0.561968	0.500000
6.165876	6.007166	0.532729	0.500000
7.214864	5.824407	0.571874	0.500000
7.660670	4.474377	0.507389	0.500000
9.231819	5.231845	0.563018	0.500000
9.812592	6.102336	0.562859	0.500000
0.934778	6.076846	0.509554	0.500000
1.991406	5.974542	0.544928	0.500000
3.040874	5.926656	0.538552	0.500000
4.099727	5.907625	0.558109	0.500000
4.692716	6.976793	0.573645	0.500000
5.660956	7.226586	0.584448	0.500000
6.772935	6.803587	0.590503	0.500000
7.821744	6.638857	0.529447	0.500000
8.222417	5.311929	0.527519	0.500000
0.343654	6.909048	0.526462	0.500000
1.526733	6.913256	0.506823	0.500000
2.595992	6.931997	0.505557	0.500000
3.683960	6.824163	0.568055	0.500000
4.365708	7.962651	0.538409	0.500000
5.355772	8.184065	0.504616	0.500000
6.456136	8.065361	0.577586	0.500000
7.432224	7.581833	0.561327	0.500000
8.685624	7.983495	0.585171	0.500000
8.767776	6.177807	0.597396	0.500000
9.172173	7.109633	0.586144	0.500000
0.860358	7.890513	0.554411	0.500000
1.861240	7.881543	0.593913	0.500000
3.098841	7.845719	0.544342	0.500000
3.635461	8.700617	0.522604	0.500000
5.118442	9.168850	0.546723	0.500000
6.188690	9.111486	0.595507	0.500000
7.268540	8.794432	0.524065	0.500000
8.268459	8.903415	0.518008	0.500000
9.499414	8.640481	0.551696	0.500000
9.975751	7.717792	0.542487	0.500000
1.418540	8.790937	0.544107	0.500000
2.608136	8.764499	0.525514	0.500000
3.178043	9.604418	0.580605	0.500000
4.174221	9.544362	0.516104	0.500000
5.669569	10.014566	0.560382	0.500000
6.904351	9.928606	0.573019	0.500000
7.903454	9.916489	0.502760	0.500000
8.929571	9.734332	0.500250	0.500000
9.951795	9.755689	0.540935	0.500000
