100

10.033910	0.299217	0.530612	0.500000
0.070940	0.207754	0.567815	0.500000
1.120351	0.294923	0.535033	0.500000
2.169556	0.199022	0.542960	0.500000
3.255065	0.215353	0.509621	0.500000
4.410565	0.175024	0.562733	0.500000
5.506513	0.325436	0.565953	0.500000
6.575395	0.242526	0.520806	0.500000
7.738655	0.149072	0.555688	0.500000
8.798240	0.213949	0.548950	0.500000
10.387789	1.249763	0.581847	0.500000
0.554731	1.152560	0.517800	0.500000
1.733367	1.163495	0.585431	0.500000
2.765154	1.150386	0.524102	0.500000
3.923088	1.165295	0.588188	0.500000
5.010831	1.198925	0.564705	0.500000
6.159905	1.177472	0.572947	0.500000
7.211906	1.048954	0.503704	0.500000
8.273938	1.102825	0.535308	0.500000
9.351100	1.171564	0.593374	0.500000
9.815119	2.109035	0.594369	0.500000
0.005461	1.993219	0.506072	0.500000
1.195196	2.035191	0.508000	0.500000
2.209096	2.121374	0.521522	0.500000
3.429761	2.109265	0.555976	0.500000
4.439862	2.042433	0.596998	0.500000
5.605352	2.101761	0.599370	0.500000
6.641652	2.248006	0.511628	0.500000
7.725984	2.094835	0.575183	0.500000
8.789665	2.069558	0.594485	0.500000
10.521789	3.011520	0.580670	0.500000
0.477913	3.034328	0.559241	0.500000
1.629543	3.008482	0.597909	0.500000
2.831724	2.968999	0.537901	0.500000
3.933367	3.036715	0.565222	0.500000
4.940652	2.927709	0.524611	0.500000
5.990040	3.103116	0.541386	0.500000
7.205826	3.097714	0.533502	0.500000
8.277319	3.082206	0.510494	0.500000
9.280275	3.097108	0.578463	0.500000
10.017785	3.889138	0.512021	0.500000
0.041651	3.962367	0.521494	0.500000
1.088110	4.046926	0.595966	0.500000
2.146373	4.001972	0.524504	0.500000
3.173067	4.148993	0.524559	0.500000
4.170899	4.042562	0.548929	0.500000
5.464734	4.006933	0.587455	0.500000
6.481170	3.992754	0.542788	0.500000
7.653551	4.001656	0.566212	0.500000
8.839777	4.049381	0.521030	0.500000
10.512263	5.009523	0.594371	0.500000
0.485226	4.965320	0.548675	0.500000
1.541868	4.997593	0.520370	0.500000
2.598858	5.015264	0.574470	0.500000
3.866953	5.004625	0.595224	0.500000
4.924659	4.889853	0.523898	0.500000
6.047887	4.985837	0.562969	0.500000
7.117676	4.851360	0.503272	0.500000
8.358478	4.954678	0.514608	0.500000
9.396703	4.903598	0.546761	0.500000
9.894692	5.856641	0.553440	0.500000
11.040553	5.864012	0.529431	0.500000
1.036372	5.866934	0.575395	0.500000
2.111478	5.923995	0.565215	0.500000
3.134546	5.948876	0.563110	0.500000
4.422286	5.908623	0.504085	0.500000
5.474671	6.039122	0.599117	0.500000
6.603555	5.846699	0.587643	0.500000
7.719419	5.794838	0.545929	0.500000
8.865722	5.852895	0.571869	0.500000
10.497239	6.732274	0.569776	0.500000
0.466397	6.872998	0.500209	0.500000
1.497560	6.819099	0.537231	0.500000
2.746585	6.876099	0.590951	0.500000
3.968498	6.858027	0.508353	0.500000
5.115819	7.034943	0.548301	0.500000
6.100644	6.854161	0.581566	0.500000
7.249406	6.767838	0.548932	0.500000
8.288962	6.900645	0.543433	0.500000
9.379231	6.775585	0.503469	0.500000
9.907725	7.683168	0.591810	0.500000
10.931622	7.753932	0.522680	0.500000
1.083666	7.895437	0.572342	0.500000
2.138167	7.684949	0.594783	0.500000
3.294080	7.909722	0.585076	0.500000
4.480226	7.828037	0.560627	0.500000
5.561651	7.935146	0.575513	0.500000
6.602238	7.749826	0.578307	0.500000
7.625150	7.705845	0.505196	0.500000
8.717243	7.838161	0.588655	0.500000
10.579564	8.819561	0.570473	0.500000
0.551929	8.792602	0.567951	0.500000
1.553812	8.930898	0.568516	0.500000
2.610710	8.839023	0.575190	0.500000
3.970757	8.802014	0.551413	0.500000
5.044657	8.845028	0.553345	0.500000
6.095366	8.923987	0.527574	0.500000
7.264855	8.639488	0.544710	0.500000
8.344104	8.771663	0.570837	0.500000
9.526447	8.945030	0.599113	0.500000
