100

0.413481	0.357625	0.587012	0.500000
0.512877	8.739708	0.587944	0.500000
2.051628	9.660144	0.507413	0.500000
2.569778	0.234184	0.524329	0.500000
3.677556	0.223660	0.554110	0.500000
4.863585	0.174337	0.555546	0.500000
6.079621	0.665973	0.596045	0.500000
7.273187	0.620752	0.528342	0.500000
8.384805	0.470016	0.534353	0.500000
9.680597	0.330523	0.554032	0.500000
0.949426	1.317119	0.522709	0.500000
0.917788	9.675047	0.595770	0.500000
1.460122	0.236335	0.519698	0.500000
3.014488	1.178827	0.566526	0.500000
4.184067	1.112738	0.588914	0.500000
5.195734	1.133565	0.513910	0.500000
7.014121	1.649317	0.524768	0.500000
8.039625	1.550393	0.560691	0.500000
9.091830	1.296619	0.565525	0.500000
10.216076	1.344068	0.561093	0.500000
0.458905	2.305443	0.522586	0.500000
1.626875	2.155744	0.529007	0.500000
2.014156	1.137465	0.579133	0.500000
2.765206	2.211051	0.566828	0.500000
3.816226	2.236422	0.590232	0.500000
4.833296	2.169844	0.575566	0.500000
5.855805	1.934670	0.509633	0.500000
7.612704	2.507375	0.534285	0.500000
8.627956	2.418312	0.524099	0.500000
9.670495	2.284377	0.595140	0.500000
0.133120	3.275334	0.506040	0.500000
1.116757	3.107898	0.574862	0.500000
2.244859	3.077042	0.593123	0.500000
3.351617	3.120187	0.515023	0.500000
4.516196	3.124129	0.573333	0.500000
5.542878	2.907719	0.550350	0.500000
6.166558	3.871998	0.526398	0.500000
6.611002	2.598088	0.531939	0.500000
8.181490	3.399841	0.546121	0.500000
9.368157	3.362384	0.596600	0.500000
9.890601	4.226592	0.549705	0.500000
0.702935	4.168221	0.580252	0.500000
1.791318	3.978674	0.573119	0.500000
2.828995	4.025280	0.569094	0.500000
4.007126	4.035115	0.516992	0.500000
5.052022	4.000011	0.523648	0.500000
5.612981	4.839647	0.538655	0.500000
6.837343	4.863557	0.508099	0.500000
7.139997	3.482332	0.508736	0.500000
8.849212	4.255490	0.553157	0.500000
0.215312	5.040768	0.537961	0.500000
1.315505	4.967485	0.545401	0.500000
2.318568	4.938878	0.532186	0.500000
3.384377	4.858832	0.542028	0.500000
4.541006	4.935624	0.589065	0.500000
5.231312	5.766100	0.515788	0.500000
6.426594	5.835413	0.550429	0.500000
7.488498	5.959677	0.515828	0.500000
7.780141	4.374542	0.503206	0.500000
9.433614	5.148200	0.534171	0.500000
10.076232	6.025022	0.501461	0.500000
0.819308	5.890099	0.598793	0.500000
1.876739	5.856230	0.505590	0.500000
2.906704	5.866684	0.542913	0.500000
4.218589	5.888701	0.572746	0.500000
4.823148	6.780868	0.560710	0.500000
5.961309	6.929199	0.553752	0.500000
7.003652	6.873805	0.501967	0.500000
8.089536	6.787013	0.571315	0.500000
8.387110	5.231121	0.535124	0.500000
0.363343	6.953142	0.569917	0.500000
1.448891	6.793452	0.515262	0.500000
2.490485	6.866371	0.549915	0.500000
3.589334	6.883523	0.510743	0.500000
4.296327	7.709982	0.551553	0.500000
5.457047	7.793959	0.547693	0.500000
6.496086	7.790747	0.545794	0.500000
7.731002	7.792448	0.570973	0.500000
8.757467	7.627055	0.508818	0.500000
8.867291	6.136083	0.587290	0.500000
9.560770	6.880797	0.592021	0.500000
1.024973	7.842776	0.598084	0.500000
2.042072	7.780392	0.534083	0.500000
3.233789	7.865781	0.514156	0.500000
3.688209	8.776124	0.510751	0.500000
4.822535	8.604581	0.553024	0.500000
5.974694	8.685088	0.558241	0.500000
7.015214	8.901139	0.509872	0.500000
8.305872	8.667385	0.540557	0.500000
9.530243	8.703957	0.553259	0.500000
10.114082	7.807282	0.596134	0.500000
1.597349	8.688414	0.529328	0.500000
2.611756	8.706681	0.552012	0.500000
3.167611	9.632606	0.555527	0.500000
4.353943	9.559164	0.504863	0.500000
5.357264	9.507065	0.557921	0.500000
6.416629	9.783252	0.501614	0.500000
7.690518	9.789156	0.599424	0.500000
8.718316	9.587214	0.547699	0.500000
10.028717	9.628428	0.594200	0.500000
