200

6.492436	11.431599	1.527171	0.500000
5.800774	2.514283	0.530473	0.500000
1.775076	0.733304	0.702205	0.500000
4.936527	1.482443	0.541211	0.500000
6.640058	0.647944	0.501389	0.500000
2.809204	8.563444	0.641680	0.500000
10.327813	11.125293	0.996657	0.500000
7.131740	10.472038	1.568180	0.500000
9.444970	4.749917	1.728373	0.500000
10.322008	0.179366	1.885693	0.500000
9.577551	0.920781	1.538027	0.500000
1.904273	1.733728	0.734306	0.500000
0.076130	2.401453	0.639090	0.500000
8.193335	9.434385	0.693582	0.500000
7.563395	1.179138	0.511120	0.500000
7.661956	4.289744	1.570408	0.500000
8.921478	3.832000	1.730131	0.500000
5.530486	1.918880	1.320593	0.500000
8.298977	11.074023	1.673684	0.500000
8.670865	1.967033	0.912806	0.500000
6.708503	4.739415	1.547452	0.500000
9.329228	10.902898	1.667323	0.500000
2.792207	0.667454	0.777573	0.500000
0.787288	0.535320	0.646207	0.500000
6.320000	3.458963	0.502390	0.500000
5.796351	4.133405	1.330162	0.500000
11.399283	6.017642	1.818825	0.500000
4.325657	7.635631	0.500240	0.500000
6.667948	2.523108	1.193977	0.500000
9.018628	7.989657	0.647369	0.500000
7.353688	3.870566	0.523779	0.500000
4.089936	5.191173	0.524696	0.500000
0.480139	3.657475	0.588779	0.500000
3.781859	3.124368	0.544244	0.500000
5.758834	0.771820	1.210702	0.500000
5.099402	3.469633	0.554272	0.500000
5.194834	10.490512	0.552591	0.500000
9.434671	3.901052	0.633529	0.500000
6.666872	3.589090	1.465330	0.500000
2.500674	9.867478	0.612849	0.500000
8.356210	6.170685	1.729706	0.500000
2.049970	5.234528	0.608036	0.500000
2.988874	1.708451	0.749580	0.500000
4.901600	9.532320	0.626923	0.500000
8.569059	3.374487	0.511055	0.500000
6.149687	11.199332	0.585528	0.500000
10.669129	6.778661	1.372412	0.500000
7.730052	6.222056	0.857103	0.500000
11.006501	8.502949	0.976842	0.500000
7.463762	6.931679	1.527063	0.500000
4.008571	6.669529	0.623949	0.500000
9.511104	2.308937	1.760542	0.500000
3.944224	8.567442	0.708033	0.500000
5.490580	7.318205	0.567213	0.500000
6.818177	9.300528	1.585621	0.500000
7.668293	2.490393	0.532712	0.500000
7.201953	11.256102	0.562042	0.500000
9.691240	1.737092	0.548473	0.500000
9.917042	3.413342	1.831622	0.500000
1.696078	8.844129	0.595347	0.500000
11.232710	7.377386	0.665861	0.500000
9.757715	10.254891	0.988870	0.500000
10.254052	10.542916	1.813104	0.500000
3.113151	7.600106	0.586750	0.500000
6.528731	5.813189	1.563633	0.500000
6.294052	9.830147	0.570363	0.500000
7.269209	7.586667	0.761162	0.500000
1.472188	3.918463	0.676599	0.500000
6.356818	7.220920	1.536924	0.500000
6.316211	1.645489	0.552681	0.500000
1.688174	6.754225	0.635098	0.500000
0.447308	9.262825	0.755842	0.500000
10.312049	6.315475	0.525599	0.500000
6.357237	8.232478	0.561498	0.500000
8.409212	7.778484	1.535192	0.500000
6.834920	1.605976	1.588869	0.500000
10.195739	9.297705	1.702529	0.500000
11.278818	3.422730	1.802186	0.500000
8.569284	0.945632	0.501092	0.500000
10.905846	10.311049	0.873290	0.500000
1.605011	7.770425	0.554935	0.500000
10.515905	4.340817	1.583670	0.500000
7.614592	3.072561	1.438483	0.500000
0.621698	8.010013	0.572848	0.500000
3.785675	9.810986	0.536274	0.500000
8.054176	8.242039	0.539101	0.500000
10.445364	5.548023	1.730201	0.500000
5.979638	10.519760	1.384685	0.500000
8.648387	2.848588	1.461303	0.500000
8.595205	0.622372	1.581454	0.500000
0.991931	4.789666	0.500459	0.500000
0.631350	6.812519	0.529216	0.500000
2.626480	2.786138	0.505023	0.500000
1.361183	9.799483	0.625929	0.500000
8.923140	6.283530	0.840620	0.500000
2.813721	10.861232	0.787117	0.500000
10.333420	1.728075	1.767917	0.500000
4.246992	10.934044	0.700684	0.500000
9.183304	8.693204	1.454984	0.500000
9.699683	7.065087	0.923595	0.500000
7.175986	9.049211	0.526475	0.500000
1.144114	0.000000	1.500000	0.500000
2.288228	0.000000	1.500000	0.500000
3.432342	0.000000	1.500000	0.500000
4.576456	0.000000	1.500000	0.500000
6.179695	4.826900	0.537012	0.500000
11.219493	9.937631	1.751356	0.500000
7.396263	5.171158	0.671207	0.500000
2.935271	3.827367	0.578286	0.500000
11.243340	11.038184	1.957860	0.500000
6.709170	8.224403	1.548468	0.500000
1.144114	1.144114	1.500000	0.500000
2.288228	1.144114	1.500000	0.500000
3.432342	1.144114	1.500000	0.500000
4.576456	1.144114	1.500000	0.500000
9.229261	9.727206	1.739935	0.500000
1.340918	2.743319	0.510222	0.500000
1.461457	11.207073	0.566980	0.500000
11.360575	4.908697	1.863129	0.500000
0.417009	10.260417	0.523879	0.500000
10.809646	3.627226	0.701460	0.500000
1.144114	2.288228	1.500000	0.500000
2.288228	2.288228	1.500000	0.500000
3.432342	2.288228	1.500000	0.500000
4.576456	2.288228	1.500000	0.500000
11.425853	1.024088	1.794753	0.500000
9.434322	5.807627	1.721393	0.500000
11.389872	2.031170	1.890584	0.500000
8.248744	11.309108	0.650793	0.500000
10.739040	1.679596	0.501596	0.500000
5.044834	4.483357	0.541550	0.500000
1.144114	3.432342	1.500000	0.500000
2.288228	3.432342	1.500000	0.500000
3.432342	3.432342	1.500000	0.500000
4.576456	3.432342	1.500000	0.500000
0.021124	11.200047	0.880727	0.500000
11.294631	7.524651	1.958946	0.500000
0.010271	5.812944	0.588822	0.500000
4.048624	4.140420	0.731950	0.500000
5.740925	8.582177	1.501448	0.500000
8.459646	5.338908	0.512821	0.500000
1.144114	4.576456	1.500000	0.500000
2.288228	4.576456	1.500000	0.500000
3.432342	4.576456	1.500000	0.500000
4.576456	4.576456	1.500000	0.500000
5.143570	5.731462	0.558733	0.500000
1.179259	5.827605	0.502524	0.500000
10.540780	5.130153	0.581665	0.500000
9.479138	7.530790	1.823518	0.500000
10.085348	8.095420	0.579249	0.500000
0.060401	4.567775	0.921812	0.500000
1.144114	5.720570	1.500000	0.500000
2.288228	5.720570	1.500000	0.500000
3.432342	5.720570	1.500000	0.500000
4.576456	5.720570	1.500000	0.500000
5.006259	0.429313	0.522767	0.500000
6.563288	5.787212	0.524903	0.500000
5.454636	6.350737	1.364177	0.500000
11.320685	8.554518	1.927145	0.500000
0.876827	1.690435	0.523643	0.500000
3.075183	4.828731	0.585907	0.500000
1.144114	6.864684	1.500000	0.500000
2.288228	6.864684	1.500000	0.500000
3.432342	6.864684	1.500000	0.500000
4.576456	6.864684	1.500000	0.500000
8.277551	4.321662	0.659565	0.500000
10.669880	2.657923	1.200523	0.500000
8.653934	10.407197	0.866637	0.500000
5.550640	3.155571	1.418996	0.500000
9.493450	4.900154	0.725938	0.500000
3.028699	6.231503	0.530635	0.500000
1.144114	8.008798	1.500000	0.500000
2.288228	8.008798	1.500000	0.500000
3.432342	8.008798	1.500000	0.500000
4.576456	8.008798	1.500000	0.500000
5.657641	5.233964	1.428614	0.500000
5.580274	9.595150	1.472481	0.500000
10.298073	8.098567	1.720339	0.500000
9.330855	0.166057	0.575935	0.500000
10.234284	9.188146	0.578805	0.500000
7.791996	8.618508	1.549494	0.500000
1.144114	9.152912	1.500000	0.500000
2.288228	9.152912	1.500000	0.500000
3.432342	9.152912	1.500000	0.500000
4.576456	9.152912	1.500000	0.500000
4.034368	2.058333	0.623248	0.500000
8.480515	5.062189	1.506334	0.500000
5.112702	8.403124	0.684738	0.500000
3.821777	0.720100	0.617189	0.500000
6.599044	6.801131	0.514260	0.500000
7.230403	0.663990	1.576354	0.500000
1.144114	10.297026	1.500000	0.500000
2.288228	10.297026	1.500000	0.500000
3.432342	10.297026	1.500000	0.500000
4.576456	10.297026	1.500000	0.500000
7.931508	1.385614	1.455709	0.500000
7.933787	9.839167	1.685424	0.500000
10.760765	0.589922	0.597657	0.500000
9.260565	9.453838	0.537759	0.500000
7.315060	10.086025	0.505843	0.500000
