300

1.546556	2.561519	0.509541	0.500000
0.787028	1.735358	0.568862	0.500000
2.360937	0.659523	0.614106	0.500000
1.270344	9.010745	0.565819	0.500000
3.536235	0.399700	0.523769	0.500000
4.081234	9.368098	1.602174	0.500000
7.691928	0.441536	0.515850	0.500000
5.624435	0.959328	0.509588	0.500000
6.666987	0.800359	0.570266	0.500000
8.858380	7.848184	0.603424	0.500000
3.006220	4.273068	0.605605	0.500000
0.040584	5.647474	0.596803	0.500000
3.302347	1.452753	0.602074	0.500000
1.988573	0.994255	1.556929	0.500000
4.656452	3.254613	0.503766	0.500000
4.526466	0.196044	0.535753	0.500000
7.364613	4.598487	0.507112	0.500000
9.013799	2.014639	0.525348	0.500000
9.684709	1.308590	0.810888	0.500000
6.641777	2.032777	1.579637	0.500000
10.321965	0.927651	1.499112	0.500000
4.028108	2.276114	0.554328	0.500000
1.031866	4.100073	1.581677	0.500000
6.111738	4.887345	0.694597	0.500000
5.534941	1.552633	2.414065	0.500000
5.134641	10.104251	0.598987	0.500000
5.434129	5.247407	1.440016	0.500000
6.003679	1.197418	1.462338	0.500000
8.814216	2.480699	1.487176	0.500000
5.836618	4.265843	1.459537	0.500000
7.375727	2.955246	1.788183	0.500000
9.405800	4.093646	0.521833	0.500000
8.119956	2.439679	0.760878	0.500000
7.662554	6.538616	0.519356	0.500000
4.094315	4.259988	0.513737	0.500000
6.564158	3.940510	0.536226	0.500000
5.894614	3.138390	0.521166	0.500000
0.298464	2.819917	0.708453	0.500000
0.786704	6.725516	0.519383	0.500000
10.012902	0.238549	0.584413	0.500000
2.033898	6.826514	0.567017	0.500000
2.928535	2.424842	0.705986	0.500000
4.393782	5.359750	1.657937	0.500000
5.320355	4.042707	0.573170	0.500000
8.425770	4.394441	0.578544	0.500000
8.076832	5.626665	0.657968	0.500000
10.219621	4.722277	0.801495	0.500000
10.257453	3.949335	1.479551	0.500000
0.135970	3.106759	1.678522	0.500000
9.774000	5.844498	0.720091	0.500000
0.459074	7.260682	1.573849	0.500000
0.905457	5.071146	0.691356	0.500000
3.841222	5.430774	0.737795	0.500000
3.318237	5.593417	1.667433	0.500000
6.079170	1.939292	0.706067	0.500000
6.196839	7.694609	0.558885	0.500000
5.657562	8.587521	0.690071	0.500000
8.866058	6.268069	0.585091	0.500000
7.684012	9.246568	0.531815	0.500000
10.112777	7.967281	0.651940	0.500000
9.083142	7.408443	1.568653	0.500000
3.071660	3.623493	1.539158	0.500000
2.907046	6.719419	1.367368	0.500000
2.286696	5.908340	1.439899	0.500000
5.280294	6.928393	0.593192	0.500000
6.665800	6.723252	0.544868	0.500000
6.965541	5.670864	0.514274	0.500000
8.227818	6.755574	1.424782	0.500000
6.418322	9.529816	0.558160	0.500000
0.018957	8.741734	0.704992	0.500000
2.004113	8.783662	1.667333	0.500000
1.473770	5.966885	0.721616	0.500000
1.987728	8.118913	2.481795	0.500000
4.530895	9.169607	0.507769	0.500000
3.985163	10.135666	0.672087	0.500000
4.277418	6.975838	0.555307	0.500000
7.154361	10.247661	0.520325	0.500000
0.299130	0.173867	0.598060	0.500000
3.011254	8.637177	1.545374	0.500000
1.077216	10.105712	0.534501	0.500000
8.166124	10.323134	0.748788	0.500000
10.559421	6.766270	0.638876	0.500000
2.391294	8.186876	0.511672	0.500000
2.983104	7.363877	0.561774	0.500000
5.114629	9.332951	1.353752	0.500000
4.088903	7.985181	0.501682	0.500000
7.521049	10.547785	1.567336	0.500000
9.208481	8.787266	2.359191	0.500000
8.823624	0.755308	0.504649	0.500000
9.268346	10.310770	0.535850	0.500000
0.832599	9.025711	1.503320	0.500000
1.406185	7.603669	0.501938	0.500000
10.539645	8.151098	1.619770	0.500000
0.365750	7.679807	0.600505	0.500000
5.070479	1.954344	0.631668	0.500000
3.540925	9.021555	0.505301	0.500000
8.143962	9.568696	1.477567	0.500000
10.661666	9.331751	1.564252	0.500000
10.036969	2.235657	0.617586	0.500000
0.698432	1.133828	1.380324	0.500000
9.369486	0.422998	1.407581	0.500000
0.351758	0.573570	2.399288	0.500000
2.665282	9.627261	1.684156	0.500000
3.430127	10.367926	1.494531	0.500000
4.182800	7.671655	2.437555	0.500000
4.325224	0.602384	1.512211	0.500000
5.000754	1.340714	1.563643	0.500000
5.910721	9.933131	1.564982	0.500000
8.836218	10.336007	1.586803	0.500000
10.782283	9.984643	0.528614	0.500000
10.653599	1.160936	0.514410	0.500000
2.148191	2.432275	1.396119	0.500000
1.174240	3.621546	0.623528	0.500000
3.457425	2.605929	1.562917	0.500000
2.159914	10.698528	1.473142	0.500000
3.888440	1.584641	1.574300	0.500000
5.906780	10.759588	0.513907	0.500000
7.000671	0.269516	2.424901	0.500000
8.310621	0.461518	1.408033	0.500000
10.037637	10.417489	1.625507	0.500000
8.669419	1.823608	2.430679	0.500000
1.962535	4.480936	0.504143	0.500000
4.541767	2.355200	1.429110	0.500000
2.807810	1.680045	1.485932	0.500000
3.076450	0.648162	1.449958	0.500000
4.315210	1.286844	0.635630	0.500000
6.454070	3.020917	1.391803	0.500000
5.947693	0.551420	2.385815	0.500000
8.077368	1.440189	0.526361	0.500000
10.488963	3.584094	2.475754	0.500000
1.073050	2.441562	2.484965	0.500000
2.416481	3.322664	0.657438	0.500000
1.978777	3.627236	1.588436	0.500000
4.659603	4.378594	1.418616	0.500000
5.225594	3.178549	1.461575	0.500000
8.269793	3.550866	1.525830	0.500000
5.848745	3.473457	2.432833	0.500000
7.726233	3.658264	0.576678	0.500000
9.432465	3.714645	2.420164	0.500000
0.163407	2.083324	1.373249	0.500000
1.594113	5.172977	1.443892	0.500000
9.074545	5.156085	0.510817	0.500000
2.613189	3.999207	2.368029	0.500000
7.353785	4.950211	2.373794	0.500000
3.646099	3.271028	0.500366	0.500000
8.013288	4.578045	1.561287	0.500000
6.215937	2.454655	2.463034	0.500000
9.333827	2.613406	2.372403	0.500000
8.681082	3.363424	0.507379	0.500000
10.185332	3.294118	0.569747	0.500000
7.837988	7.983692	0.556116	0.500000
2.471493	4.518452	1.513084	0.500000
2.171382	4.895163	2.420884	0.500000
2.381645	5.420286	0.536798	0.500000
5.882587	6.972440	1.591134	0.500000
4.698891	7.185305	1.513876	0.500000
6.844365	8.580926	0.677783	0.500000
9.647314	3.139455	1.494532	0.500000
0.891011	5.437000	2.289500	0.500000
9.422488	6.248997	1.583105	0.500000
9.973350	6.568087	2.400390	0.500000
3.408432	6.750285	2.444695	0.500000
6.283140	5.969913	1.558854	0.500000
3.940771	6.411151	1.566940	0.500000
5.638734	8.001312	1.646713	0.500000
4.646074	6.052050	0.679915	0.500000
5.610629	5.811657	0.514249	0.500000
8.739189	5.432718	1.462282	0.500000
7.383167	8.719874	1.562147	0.500000
9.477283	8.364886	1.386876	0.500000
0.240022	4.061898	0.585334	0.500000
0.004827	4.955765	1.629308	0.500000
1.444912	6.960315	1.456023	0.500000
3.392593	6.435214	0.517498	0.500000
3.905879	5.754961	2.497247	0.500000
5.298011	0.235908	1.275371	0.500000
4.432109	8.435540	1.473091	0.500000
7.939383	6.079157	2.499907	0.500000
6.969794	9.708575	1.383161	0.500000
0.560437	10.094587	1.414498	0.500000
1.795550	1.587549	0.747936	0.500000
10.139912	7.136236	1.475545	0.500000
2.370642	7.744895	1.419213	0.500000
3.789225	7.626149	1.456866	0.500000
5.372071	7.339765	2.416489	0.500000
5.030518	8.307908	2.490968	0.500000
9.860362	9.513037	0.692236	0.500000
9.575868	7.080593	0.505481	0.500000
9.356199	9.454567	1.615591	0.500000
7.120709	2.801584	0.531126	0.500000
10.423522	6.156993	1.461241	0.500000
2.089594	0.361249	2.492235	0.500000
1.668957	9.734081	1.401875	0.500000
2.425094	10.270911	0.575934	0.500000
5.835456	6.275919	2.450080	0.500000
6.204891	8.887436	1.509308	0.500000
6.738427	7.790290	1.523996	0.500000
7.982508	8.903938	2.417635	0.500000
8.800251	1.341045	1.459735	0.500000
8.418109	8.462422	1.263077	0.500000
8.778596	0.786332	2.296646	0.500000
1.050569	10.295781	2.436690	0.500000
9.324269	10.541254	2.464689	0.500000
3.073707	0.199644	2.369880	0.500000
3.253948	9.904660	2.494817	0.500000
4.180048	10.735041	2.438826	0.500000
4.885294	0.760154	2.460905	0.500000
7.066786	1.783087	0.501040	0.500000
7.244879	1.235583	1.365285	0.500000
7.832753	1.248753	2.404367	0.500000
1.367125	0.320892	0.554835	0.500000
1.177010	0.257239	1.625381	0.500000
2.178385	2.101987	2.425764	0.500000
2.443471	9.190784	0.596355	0.500000
3.729474	1.016707	2.483196	0.500000
5.631288	2.157738	1.601914	0.500000
7.989125	0.050974	2.450254	0.500000
6.358333	10.200429	2.456450	0.500000
10.406275	2.535182	2.488841	0.500000
0.367422	1.672888	2.404500	0.500000
10.018313	1.553608	2.453113	0.500000
3.316552	2.077619	2.482212	0.500000
2.652783	1.219892	2.482499	0.500000
4.136704	2.819929	2.286591	0.500000
5.331886	10.535648	2.338007	0.500000
4.359437	1.806075	2.460694	0.500000
6.896267	4.886459	1.404105	0.500000
6.401988	0.052731	1.517384	0.500000
6.542896	1.369660	2.373726	0.500000
9.961068	2.135467	1.637764	0.500000
1.278145	1.928078	1.569259	0.500000
0.712394	3.490508	2.468515	0.500000
3.706410	3.752895	2.345128	0.500000
2.913083	3.002081	2.447904	0.500000
4.710358	3.707835	2.368431	0.500000
5.169414	2.630310	2.400400	0.500000
10.223988	4.815839	2.455978	0.500000
8.398036	3.082602	2.401042	0.500000
7.963715	1.892299	1.640791	0.500000
1.348705	1.174588	2.347703	0.500000
1.605318	4.065859	2.427687	0.500000
1.917924	3.091227	2.495893	0.500000
1.080268	2.908121	1.406886	0.500000
4.291215	4.732426	2.442733	0.500000
7.510494	2.228464	2.478204	0.500000
5.410364	4.438157	2.443028	0.500000
9.123089	4.691191	2.469587	0.500000
9.091162	4.469865	1.490040	0.500000
9.735670	5.272492	1.711490	0.500000
7.177241	3.889457	1.453322	0.500000
0.782256	6.052319	1.507620	0.500000
2.280557	7.070969	2.493310	0.500000
3.567694	4.529466	1.410396	0.500000
4.092605	3.428713	1.468930	0.500000
3.263498	4.815018	2.406903	0.500000
6.112885	5.115527	2.193126	0.500000
8.232927	4.117926	2.474726	0.500000
7.101506	6.805249	1.447930	0.500000
7.611243	5.708222	1.611138	0.500000
0.410421	4.511739	2.468164	0.500000
0.543699	6.625737	2.376948	0.500000
1.623369	6.116303	2.422210	0.500000
3.115273	7.743540	2.232388	0.500000
2.710428	5.906740	2.418945	0.500000
4.834140	4.934453	0.557967	0.500000
6.834829	5.855633	2.401590	0.500000
5.064027	5.537562	2.438056	0.500000
6.955767	3.730942	2.465802	0.500000
7.597785	7.049206	2.388745	0.500000
10.681458	5.743232	2.443194	0.500000
9.001135	5.897477	2.423146	0.500000
0.102437	7.655167	2.447528	0.500000
1.130505	7.438227	2.369804	0.500000
3.715446	8.575901	2.338956	0.500000
4.698679	6.599594	2.479779	0.500000
5.120251	6.180350	1.638607	0.500000
6.273169	8.044659	2.420054	0.500000
6.568391	6.971961	2.414612	0.500000
7.272474	8.083057	2.328472	0.500000
8.885217	6.901491	2.419712	0.500000
10.373374	8.686880	2.455961	0.500000
0.467514	9.440672	2.414884	0.500000
1.356553	8.028472	1.541876	0.500000
2.531874	9.000933	2.488556	0.500000
4.696531	9.299387	2.478627	0.500000
5.774504	9.242484	2.468754	0.500000
6.766433	9.026607	2.477463	0.500000
7.419778	9.933519	2.367932	0.500000
9.985627	9.673687	2.448037	0.500000
9.639433	7.824397	2.363563	0.500000
10.736751	10.366380	2.360826	0.500000
0.829860	8.467737	2.396958	0.500000
10.098024	0.546878	2.429447	0.500000
1.497859	9.241418	2.410455	0.500000
2.042985	10.139476	2.454824	0.500000
4.625861	10.297921	1.617720	0.500000
7.917682	7.690878	1.659885	0.500000
8.628376	7.947244	2.389307	0.500000
8.805542	9.191155	0.633296	0.500000
8.467115	9.913150	2.453779	0.500000
