300

0.969992	1.244545	0.521834	0.500000
0.238239	2.720712	0.548353	0.500000
2.196362	10.089009	0.648416	0.500000
1.588819	9.271184	0.550415	0.500000
3.116164	1.287600	0.506757	0.500000
3.925644	9.928679	1.477004	0.500000
7.279455	10.478399	0.523415	0.500000
7.500723	0.674065	0.544068	0.500000
6.343194	0.853889	0.558941	0.500000
8.910527	9.088670	0.548833	0.500000
4.662360	3.832991	0.648363	0.500000
2.418093	3.952294	0.524445	0.500000
2.512893	2.282170	0.504696	0.500000
2.073904	1.076993	0.527956	0.500000
4.079005	1.701713	0.506094	0.500000
5.784712	10.684257	0.541263	0.500000
6.832788	1.724112	0.629382	0.500000
9.857973	3.035485	0.525623	0.500000
8.665101	2.335295	0.582596	0.500000
7.012245	2.403213	1.485725	0.500000
10.100907	1.711378	1.613843	0.500000
1.854193	3.117471	0.599605	0.500000
0.421467	3.705322	1.446134	0.500000
5.323492	4.577661	0.526277	0.500000
6.235338	2.169213	2.465636	0.500000
4.700190	10.722303	0.510055	0.500000
6.441422	4.142174	0.537827	0.500000
6.122564	1.493088	1.311428	0.500000
8.590699	2.800633	1.500071	0.500000
5.584900	3.426613	0.674904	0.500000
7.629184	3.199699	1.317048	0.500000
0.804028	4.499563	0.611678	0.500000
6.378209	2.728987	0.523000	0.500000
6.270289	6.330267	0.526132	0.500000
4.668205	2.796670	0.602567	0.500000
7.552843	3.859225	0.520609	0.500000
5.255966	1.952640	0.617843	0.500000
9.587225	4.023682	0.599921	0.500000
0.251458	5.717462	0.506141	0.500000
9.964798	0.265984	0.552801	0.500000
2.088779	6.056982	0.556607	0.500000
2.790092	5.027806	0.530631	0.500000
4.012673	4.680465	0.624780	0.500000
4.385310	5.751124	0.527295	0.500000
8.037572	4.507352	1.144194	0.500000
7.286690	4.884901	0.504634	0.500000
9.875746	5.704717	0.541782	0.500000
9.669002	4.742319	1.535078	0.500000
10.099276	3.631757	1.495787	0.500000
10.656212	6.727549	0.706218	0.500000
0.508933	7.537726	0.571844	0.500000
10.664013	3.744282	0.575407	0.500000
3.377720	6.044587	0.522314	0.500000
3.967480	6.269902	1.429618	0.500000
4.819433	1.023546	0.612921	0.500000
6.713181	7.498072	0.661822	0.500000
5.732197	7.677277	0.560860	0.500000
9.677642	7.085049	0.605219	0.500000
8.106666	8.298401	0.562338	0.500000
10.197256	7.982032	0.588415	0.500000
9.617483	7.908527	1.620497	0.500000
2.613510	4.433963	1.402423	0.500000
1.039083	6.391624	0.526767	0.500000
3.199118	7.089463	0.506198	0.500000
6.326469	5.156823	0.785104	0.500000
7.325287	6.074788	0.634652	0.500000
8.193239	5.590298	0.825065	0.500000
8.949706	6.991019	1.324593	0.500000
7.090949	8.451670	0.531275	0.500000
0.574364	9.115078	0.512847	0.500000
2.149815	9.271563	1.570037	0.500000
1.776858	4.725317	0.521686	0.500000
1.641221	7.678285	2.404053	0.500000
3.365561	8.093236	0.541704	0.500000
4.487426	7.878161	0.608091	0.500000
5.371911	8.266469	1.372942	0.500000
6.340995	9.808865	0.566247	0.500000
0.177284	0.294104	0.515765	0.500000
1.151012	7.277668	1.487090	0.500000
0.810914	10.104802	0.622477	0.500000
8.464875	0.102300	0.564338	0.500000
1.236120	8.295536	0.567743	0.500000
3.709351	10.334258	0.535337	0.500000
2.911039	9.337076	0.584924	0.500000
4.021079	8.863943	0.651176	0.500000
5.062032	8.749167	0.500396	0.500000
7.379429	9.888114	1.352206	0.500000
9.573772	9.129454	2.495309	0.500000
9.171012	0.899242	0.508542	0.500000
9.233272	10.191460	0.535865	0.500000
0.804160	9.382661	1.457357	0.500000
2.227428	8.192486	0.653800	0.500000
0.717459	8.327381	1.477937	0.500000
1.817263	7.194417	0.553717	0.500000
3.827854	0.560822	0.508054	0.500000
5.236501	9.780481	0.587857	0.500000
7.822097	9.492176	0.539436	0.500000
10.653091	9.805066	1.569498	0.500000
9.589356	1.948384	0.586201	0.500000
10.687401	2.001202	2.431195	0.500000
9.491919	0.749895	1.455274	0.500000
10.658596	0.829675	1.355556	0.500000
1.460060	10.155408	1.400616	0.500000
3.553121	0.230585	1.455130	0.500000
3.346301	9.108759	1.530410	0.500000
4.562169	0.306529	1.572310	0.500000
5.545495	0.602920	1.440975	0.500000
6.577693	9.071017	1.286491	0.500000
8.718354	10.486915	1.467127	0.500000
10.613310	9.904970	0.566557	0.500000
10.434086	1.405694	0.515854	0.500000
1.997731	2.766190	1.568487	0.500000
1.487530	2.115347	0.561308	0.500000
3.543956	2.602224	0.660485	0.500000
2.306155	0.157833	1.470196	0.500000
4.402879	2.272285	1.478192	0.500000
6.005684	10.204093	1.422272	0.500000
6.684067	0.254804	2.405803	0.500000
8.386621	0.780832	1.325572	0.500000
10.086806	10.692614	1.540227	0.500000
9.064527	3.218075	2.460320	0.500000
0.922736	3.495375	0.520610	0.500000
2.870124	2.224476	1.455110	0.500000
2.697609	1.089838	1.547612	0.500000
3.652726	1.485595	1.461029	0.500000
5.142210	1.519526	1.515519	0.500000
4.955640	3.274480	1.445287	0.500000
6.068012	1.039774	2.486725	0.500000
8.038939	1.552154	0.518099	0.500000
9.729351	3.968476	2.417969	0.500000
1.172396	2.069900	2.457966	0.500000
3.464501	3.649090	0.601848	0.500000
1.733413	3.798160	1.419910	0.500000
2.826653	3.320801	1.355188	0.500000
3.916018	3.330218	1.590569	0.500000
6.641806	4.621096	1.581379	0.500000
5.238233	2.390931	2.222263	0.500000
8.506289	3.516869	0.510508	0.500000
8.440153	4.046167	2.357402	0.500000
10.691465	2.687613	1.583952	0.500000
1.351952	4.746852	1.442924	0.500000
9.049875	4.904133	0.630599	0.500000
3.614298	4.411656	1.524654	0.500000
4.758571	4.348442	1.515019	0.500000
5.413971	5.579519	0.595386	0.500000
6.608350	3.349311	1.291263	0.500000
6.437512	4.129195	2.439171	0.500000
8.017126	3.007124	2.339546	0.500000
10.457074	4.750202	0.610492	0.500000
9.610066	2.676094	1.559591	0.500000
8.154804	6.875519	0.515895	0.500000
2.187854	5.464521	1.465664	0.500000
2.087911	4.858039	2.299766	0.500000
3.223758	5.465668	1.512343	0.500000
6.049451	5.973226	1.481115	0.500000
5.602323	5.006218	1.507188	0.500000
7.280602	7.645632	1.482665	0.500000
9.095116	3.880199	1.544992	0.500000
0.828421	5.022070	2.279846	0.500000
9.939214	6.667381	1.560010	0.500000
10.685597	6.826709	2.418501	0.500000
2.742101	6.341152	1.338201	0.500000
4.258909	5.249133	1.473667	0.500000
5.034000	5.895185	1.507586	0.500000
4.614915	7.241187	1.539796	0.500000
5.587424	6.869042	1.451735	0.500000
5.222190	6.562732	0.535365	0.500000
9.022814	6.271606	0.504419	0.500000
8.582538	7.962597	1.523680	0.500000
10.315876	8.642587	1.559971	0.500000
0.322208	4.812750	1.431936	0.500000
10.466967	5.698299	1.462406	0.500000
1.680131	6.400991	1.606492	0.500000
4.247823	6.861693	0.657915	0.500000
4.033494	8.121491	1.597780	0.500000
5.495430	9.274888	1.424656	0.500000
6.291043	7.793168	1.553758	0.500000
6.693586	6.191864	2.312482	0.500000
7.608365	8.820492	1.304424	0.500000
0.351691	10.700559	1.538542	0.500000
1.522465	0.224476	0.830672	0.500000
0.020107	7.493164	1.598719	0.500000
2.280963	7.283975	1.493117	0.500000
3.616185	7.209520	1.450185	0.500000
2.899705	8.072458	1.468463	0.500000
4.451943	9.047812	1.676474	0.500000
9.986791	9.127859	0.649257	0.500000
9.128506	7.969920	0.610887	0.500000
8.441798	9.510740	1.343137	0.500000
7.493167	2.532803	0.533034	0.500000
0.433187	6.478461	1.514758	0.500000
0.951212	0.845635	1.450538	0.500000
1.609885	9.731783	2.414702	0.500000
2.667797	0.203125	0.512589	0.500000
5.511407	8.179820	2.399684	0.500000
6.058621	8.648196	0.534130	0.500000
6.095923	9.010179	2.278916	0.500000
8.468239	9.242595	2.318283	0.500000
8.871762	1.651435	1.517453	0.500000
9.198751	8.858820	1.509389	0.500000
8.951237	1.106784	2.358003	0.500000
0.913156	0.139849	2.456736	0.500000
9.403758	0.185453	2.493105	0.500000
2.283899	10.498382	2.416677	0.500000
3.334989	10.433215	2.476382	0.500000
3.714127	9.434374	2.493643	0.500000
4.358207	10.336058	2.407415	0.500000
7.545781	0.201222	1.557085	0.500000
6.981059	1.207352	1.806007	0.500000
7.780652	1.161002	2.456397	0.500000
0.555618	1.779847	1.583855	0.500000
1.651522	1.665155	1.441357	0.500000
2.236545	1.957109	2.269195	0.500000
2.942072	10.111492	1.352230	0.500000
4.159312	0.617045	2.489237	0.500000
5.725776	2.604204	1.328392	0.500000
8.320740	0.188132	2.412394	0.500000
6.626106	10.012314	2.298313	0.500000
10.202143	2.903244	2.459607	0.500000
9.963892	1.005048	2.344248	0.500000
8.579832	2.158726	2.379050	0.500000
3.410831	1.558544	2.431242	0.500000
2.984699	0.592853	2.496532	0.500000
4.034550	2.617978	2.443666	0.500000
5.580388	10.149338	2.446627	0.500000
5.163963	0.532118	2.382947	0.500000
5.752064	3.933770	1.528656	0.500000
6.563900	0.289357	1.380208	0.500000
7.300862	2.242250	2.480123	0.500000
9.633268	1.995449	2.452613	0.500000
0.962241	2.800245	1.308277	0.500000
0.446883	3.143499	2.411277	0.500000
2.931057	2.687733	2.429099	0.500000
3.477159	3.720641	2.466209	0.500000
4.495792	3.592871	2.464165	0.500000
4.495953	1.659219	2.451666	0.500000
7.980599	6.201146	2.492907	0.500000
5.879337	3.144242	2.405061	0.500000
7.778274	1.758795	1.550813	0.500000
1.718633	0.801886	2.362660	0.500000
0.237514	4.157452	2.483288	0.500000
1.307065	4.124176	2.401395	0.500000
1.456691	3.027973	2.399214	0.500000
3.078349	4.678425	2.402189	0.500000
6.973018	3.262885	2.417491	0.500000
4.282894	4.627443	2.375234	0.500000
5.965449	5.179401	2.473121	0.500000
8.262405	5.267806	2.092785	0.500000
9.121718	5.836460	1.399483	0.500000
7.474781	4.209439	2.068177	0.500000
1.030905	5.683386	1.252717	0.500000
1.590129	5.733126	2.457385	0.500000
2.411557	3.728326	2.386556	0.500000
2.705752	5.691262	2.387586	0.500000
3.768221	5.631144	2.392114	0.500000
4.907538	5.517701	2.483420	0.500000
5.358571	4.150389	2.460675	0.500000
7.250241	5.446825	1.425759	0.500000
7.915811	6.639339	1.541029	0.500000
10.380818	5.018279	2.421354	0.500000
10.074591	6.006615	2.495875	0.500000
0.349741	5.899399	2.377791	0.500000
2.050394	6.763710	2.478311	0.500000
3.329098	6.539663	2.317501	0.500000
4.334151	6.549923	2.365236	0.500000
5.575859	6.263083	2.456054	0.500000
6.277851	7.124611	2.389956	0.500000
7.066995	5.073674	2.480748	0.500000
8.682025	7.164364	2.291851	0.500000
9.379783	5.057109	2.472500	0.500000
8.978300	6.066812	2.463518	0.500000
0.557839	7.927057	2.486670	0.500000
0.988009	6.725235	2.409298	0.500000
2.303685	8.467367	2.465592	0.500000
3.830516	7.484286	2.470859	0.500000
5.197678	7.218628	2.449366	0.500000
6.578758	8.142364	2.452182	0.500000
7.472459	7.063451	2.429360	0.500000
7.681180	8.050719	2.450139	0.500000
9.671384	7.176771	2.467382	0.500000
10.765074	8.991023	2.398849	0.500000
0.589289	9.980120	2.248677	0.500000
1.729536	8.360971	1.615032	0.500000
2.788794	7.498811	2.404575	0.500000
4.510934	8.249017	2.486120	0.500000
5.105242	9.130999	2.442526	0.500000
7.346354	9.045217	2.443341	0.500000
7.684055	10.168761	2.282928	0.500000
10.103766	9.990863	2.406370	0.500000
10.313809	7.954741	2.366571	0.500000
0.448032	1.059952	2.386148	0.500000
1.264845	8.686792	2.487815	0.500000
10.607676	0.117376	2.489665	0.500000
2.654298	9.470920	2.483464	0.500000
3.321705	8.430416	2.320530	0.500000
4.985999	10.122029	1.580284	0.500000
6.778947	6.758099	1.470970	0.500000
8.991489	8.157642	2.420774	0.500000
9.581731	9.819298	1.412639	0.500000
9.101562	10.026106	2.340658	0.500000
