200

10.627031	2.527408	0.588206	0.500000
6.198343	11.712818	1.819475	0.500000
11.265910	4.638477	1.949809	0.500000
3.189080	6.383093	1.226245	0.500000
7.970284	8.154157	0.581580	0.500000
1.546915	10.543729	0.516106	0.500000
0.686325	8.804474	0.633605	0.500000
5.169949	1.989442	0.942428	0.500000
7.482934	5.747673	1.499208	0.500000
11.009952	5.450775	0.920103	0.500000
2.257172	8.257494	1.919183	0.500000
6.246131	0.260201	0.817282	0.500000
5.260542	6.750834	1.477056	0.500000
8.346654	10.243523	1.973200	0.500000
8.996726	8.377155	1.804653	0.500000
7.979502	7.277244	1.147405	0.500000
8.558624	1.843927	0.649977	0.500000
8.942941	7.385623	1.654170	0.500000
3.560544	3.132639	1.891013	0.500000
6.034387	10.234880	1.259672	0.500000
10.392429	6.981656	1.722091	0.500000
2.290421	0.311129	1.813700	0.500000
2.740694	0.857346	0.507226	0.500000
9.588958	6.325932	1.762443	0.500000
10.097896	4.627229	0.615919	0.500000
11.350750	0.391200	1.569801	0.500000
7.247328	0.654546	1.577290	0.500000
10.652734	8.477011	0.688196	0.500000
4.252783	8.641423	0.823199	0.500000
3.410418	5.026987	0.519751	0.500000
9.912969	7.988289	1.429970	0.500000
10.842066	4.022708	1.181572	0.500000
10.313884	2.683822	1.775609	0.500000
3.043005	2.643522	0.980891	0.500000
8.940167	8.612355	0.596860	0.500000
11.248661	9.805950	1.922487	0.500000
0.591243	1.039443	0.681433	0.500000
4.007677	0.458349	0.613062	0.500000
2.822721	3.840815	1.962162	0.500000
9.123576	2.079093	1.903199	0.500000
10.497054	9.871983	0.646213	0.500000
11.406565	8.671941	1.396373	0.500000
4.787397	9.028801	1.781356	0.500000
0.393997	4.294003	1.652198	0.500000
7.629223	1.280509	0.538871	0.500000
5.155503	11.008297	0.855809	0.500000
7.434976	3.210829	1.221663	0.500000
8.886733	3.843816	0.707783	0.500000
5.644180	1.133279	1.922219	0.500000
6.622420	3.291783	1.807580	0.500000
0.937612	11.405483	0.950730	0.500000
6.474470	10.930620	0.518399	0.500000
6.484967	3.538022	0.511494	0.500000
2.311888	3.605326	0.507292	0.500000
10.296782	10.502925	1.733227	0.500000
9.442147	2.441188	0.993077	0.500000
1.643730	11.279283	1.722606	0.500000
0.706260	2.990959	1.779438	0.500000
6.043080	7.231377	0.517596	0.500000
4.427160	10.389466	0.533674	0.500000
9.551307	9.387318	0.780830	0.500000
7.160329	2.194834	0.780725	0.500000
4.723303	6.034298	0.860157	0.500000
5.687805	9.482303	1.893905	0.500000
11.678780	9.386137	0.630628	0.500000
3.265505	8.565191	0.501920	0.500000
10.314069	8.781275	1.956778	0.500000
2.813841	11.263319	1.947069	0.500000
8.766207	4.996815	0.673688	0.500000
11.178490	1.332208	0.712865	0.500000
2.410298	9.946282	0.581823	0.500000
11.590685	11.179501	1.534692	0.500000
2.279082	5.634826	1.065638	0.500000
9.128445	3.265472	1.832408	0.500000
5.698581	7.868319	1.972522	0.500000
0.730314	1.850434	1.748824	0.500000
11.251975	1.742639	1.964840	0.500000
10.697909	11.477951	1.992350	0.500000
4.641664	3.987884	1.096848	0.500000
4.530805	3.404614	1.990012	0.500000
6.889104	4.377687	1.854236	0.500000
0.434393	9.350895	1.931067	0.500000
3.944622	4.310010	1.999429	0.500000
2.546238	4.595057	0.815783	0.500000
7.620555	8.992000	1.027745	0.500000
3.731613	9.435207	1.952909	0.500000
11.283220	6.467301	1.839075	0.500000
8.302362	0.372356	0.854555	0.500000
1.473844	8.922505	1.960759	0.500000
1.470155	7.608266	0.642352	0.500000
7.863155	8.050131	1.959228	0.500000
0.181558	10.714177	0.549841	0.500000
1.277912	6.071169	1.995165	0.500000
5.904311	5.932585	1.148083	0.500000
4.427909	2.277725	1.804886	0.500000
3.620523	9.625612	0.924763	0.500000
2.654813	9.829973	1.963915	0.500000
1.640975	3.486984	1.629577	0.500000
6.443871	1.999728	1.662639	0.500000
3.159173	0.215317	1.203944	0.500000
2.413627	11.627275	0.516814	0.500000
5.127525	11.655703	1.791642	0.500000
0.960377	9.765859	0.768758	0.500000
10.242584	4.542505	1.860706	0.500000
7.771081	5.086329	0.774070	0.500000
8.658447	11.428271	1.700264	0.500000
6.633939	9.132856	0.646934	0.500000
6.387119	5.330293	1.913451	0.500000
7.450888	10.271055	0.552834	0.500000
8.311260	2.988577	0.583119	0.500000
3.040749	7.311239	1.927331	0.500000
8.792051	0.870979	1.719424	0.500000
3.622771	7.408297	0.518102	0.500000
7.977385	1.473650	1.568559	0.500000
3.030882	10.812394	0.591197	0.500000
4.187497	5.235152	1.544290	0.500000
0.502774	10.444543	1.966638	0.500000
1.178395	6.580312	0.568796	0.500000
1.389272	3.105748	0.521744	0.500000
5.307609	4.964815	1.799424	0.500000
5.128271	0.454055	0.812259	0.500000
8.095522	6.561461	1.897098	0.500000
1.339452	5.232651	1.174324	0.500000
11.776943	4.693947	0.727617	0.500000
7.307524	4.213356	0.947097	0.500000
6.461523	1.262101	0.742927	0.500000
10.448069	0.632942	0.749131	0.500000
4.035356	10.511270	1.933324	0.500000
10.011029	6.127806	0.712539	0.500000
11.654431	0.233436	0.532539	0.500000
11.513487	6.413195	0.592834	0.500000
10.434515	5.616849	1.923453	0.500000
4.146282	0.306918	1.774788	0.500000
6.306849	4.548734	0.683448	0.500000
8.835326	4.335108	1.815512	0.500000
8.258588	5.981124	0.668783	0.500000
11.222124	3.516789	1.971522	0.500000
4.914850	7.247320	0.609321	0.500000
2.547591	7.677724	0.701065	0.500000
9.423800	5.165452	1.958837	0.500000
5.370109	5.248498	0.614400	0.500000
8.923057	6.864561	0.734894	0.500000
9.447334	10.609667	0.723720	0.500000
11.281511	7.669567	0.756003	0.500000
8.397945	5.367033	1.972893	0.500000
7.517613	11.266900	1.480074	0.500000
6.831708	8.769406	1.729414	0.500000
6.976796	7.628132	1.582293	0.500000
0.453350	6.504635	1.346128	0.500000
1.320965	0.784379	1.977963	0.500000
4.264002	2.112476	0.521300	0.500000
1.906835	2.422664	1.738260	0.500000
3.979023	3.140908	0.900814	0.500000
5.536968	8.299286	1.031191	0.500000
1.297971	4.078329	0.779603	0.500000
7.653049	9.437826	1.958449	0.500000
6.135775	2.314461	0.680176	0.500000
1.558791	1.789423	0.519242	0.500000
1.997978	7.103471	1.410590	0.500000
0.663096	11.773984	1.940270	0.500000
1.628189	4.651752	1.956297	0.500000
1.694078	0.504439	0.945805	0.500000
0.528722	7.793754	1.186704	0.500000
6.823846	5.984139	0.534592	0.500000
2.521546	6.632848	0.510904	0.500000
9.508474	0.156583	1.906827	0.500000
3.585630	4.091179	0.862089	0.500000
4.670108	7.745038	1.930802	0.500000
10.246927	0.854844	1.905522	0.500000
5.188306	10.419255	1.910006	0.500000
1.569164	9.925774	1.666100	0.500000
5.597519	3.057793	1.966862	0.500000
4.547988	1.328736	1.484542	0.500000
0.233362	3.424727	0.858323	0.500000
4.143379	6.620858	1.571786	0.500000
8.632262	9.967823	0.940608	0.500000
7.408166	0.033954	0.550319	0.500000
6.612429	6.366791	1.881618	0.500000
10.164828	3.496839	0.643268	0.500000
2.534713	1.462823	1.905397	0.500000
8.177553	11.161082	0.542498	0.500000
11.392707	7.685471	1.829127	0.500000
9.344403	0.797663	0.500154	0.500000
7.891605	3.863230	1.859712	0.500000
10.183613	1.739636	1.032883	0.500000
3.189285	5.357883	1.665437	0.500000
2.294429	8.995557	1.185147	0.500000
3.461702	1.047088	1.794594	0.500000
3.942412	11.251263	0.916966	0.500000
10.251327	7.314951	0.744424	0.500000
9.511834	9.539474	1.895285	0.500000
9.108568	11.585446	0.581057	0.500000
6.959790	7.886999	0.524372	0.500000
3.294602	1.625963	0.863865	0.500000
5.512167	3.132084	0.546941	0.500000
11.774641	2.132676	1.172215	0.500000
5.521228	9.329269	0.809755	0.500000
11.014600	10.734117	0.845282	0.500000
0.675449	5.241516	1.939891	0.500000
8.163170	2.843725	1.880695	0.500000
