500

9.808176	0.279679	0.578959	0.500000
0.669901	9.979849	0.553040	0.500000
1.484770	0.347271	0.643938	0.500000
3.449277	9.822708	0.621628	0.500000
4.215490	0.377558	0.649846	0.500000
4.401524	9.501937	0.609112	0.500000
6.101689	9.771428	0.578463	0.500000
7.040725	0.259176	0.534684	0.500000
8.071442	9.991235	0.505220	0.500000
8.809719	0.333413	0.905029	0.500000
0.564621	0.792274	0.578499	0.500000
1.264164	1.639625	0.762668	0.500000
2.154099	1.204063	0.535606	0.500000
3.123094	0.706621	0.547608	0.500000
5.049951	0.970409	0.507408	0.500000
5.145067	10.199731	0.545595	0.500000
6.018709	0.536347	0.527416	0.500000
7.892823	0.803186	0.512678	0.500000
8.637960	1.558481	0.559788	0.500000
9.717980	1.316375	0.671871	0.500000
0.317299	1.898415	0.561978	0.500000
1.041286	2.665985	0.729448	0.500000
2.056346	2.247552	0.649148	0.500000
2.975881	1.811609	0.539368	0.500000
4.835841	2.089521	0.635453	0.500000
5.864666	1.568990	0.570417	0.500000
6.626605	2.227482	0.522692	0.500000
6.898837	1.262728	0.616626	0.500000
7.664734	1.948014	0.504038	0.500000
9.460393	2.291297	0.589587	0.500000
0.045950	2.954013	0.598263	0.500000
0.794398	3.642056	0.500421	0.500000
2.834269	2.967521	0.587994	0.500000
3.398020	2.418602	2.565976	0.500000
4.654818	3.199102	0.738435	0.500000
5.671872	2.683773	0.570814	0.500000
6.468590	3.291200	0.730896	0.500000
7.507198	3.018692	0.506525	0.500000
8.449016	2.603343	0.634938	0.500000
9.332914	3.352533	0.882005	0.500000
9.980506	4.081060	0.540638	0.500000
1.527111	4.520404	0.537344	0.500000
1.860035	3.257213	0.556350	0.500000
2.566638	4.072283	0.589354	0.500000
3.666912	3.532071	0.573379	0.500000
5.555461	3.707811	0.702577	0.500000
6.323024	4.503175	0.557905	0.500000
7.271863	4.039756	0.585307	0.500000
8.292176	3.749247	0.698385	0.500000
9.037254	4.454077	0.782384	0.500000
0.547614	4.730447	0.561107	0.500000
1.344261	5.523517	0.531538	0.500000
2.517763	5.133528	0.633804	0.500000
3.530935	4.725728	0.601254	0.500000
4.504290	4.245209	0.559319	0.500000
5.238864	4.942816	0.516667	0.500000
5.903162	5.293904	1.580297	0.500000
7.112930	5.352331	0.525121	0.500000
8.200310	4.949184	0.522626	0.500000
9.838198	5.098652	0.633528	0.500000
0.287335	5.943113	0.668963	0.500000
1.163750	6.605917	0.550970	0.500000
2.213924	6.264414	0.635446	0.500000
3.298998	5.765904	0.529083	0.500000
4.276206	5.440198	0.529034	0.500000
5.147407	6.109716	0.609962	0.500000
6.094669	5.644574	0.568753	0.500000
6.781012	6.379245	0.537106	0.500000
7.864289	6.058061	0.543596	0.500000
9.603565	6.395353	0.517237	0.500000
0.210194	7.010331	0.554091	0.500000
1.012021	7.630726	0.554103	0.500000
2.010087	7.459636	0.549188	0.500000
3.171440	6.872134	0.505876	0.500000
4.136871	6.527580	0.562886	0.500000
5.894098	6.922180	0.719336	0.500000
6.700665	7.532563	0.651871	0.500000
7.695962	7.084793	0.520305	0.500000
8.638345	6.693435	0.550339	0.500000
9.482647	7.505151	0.684029	0.500000
0.099679	8.079253	0.514811	0.500000
0.876116	8.942697	0.757236	0.500000
1.887216	8.522094	0.604114	0.500000
2.886427	7.992025	0.521337	0.500000
3.854629	7.635137	0.625223	0.500000
4.904501	7.225055	0.601818	0.500000
6.416488	8.751317	0.689130	0.500000
7.386082	8.317443	0.604848	0.500000
8.448638	7.790479	0.516003	0.500000
9.273680	8.507084	0.506113	0.500000
10.013966	9.176470	0.592572	0.500000
1.658507	9.603826	0.515875	0.500000
2.653834	9.171413	0.564744	0.500000
3.251931	9.054817	1.642492	0.500000
3.621611	8.723146	0.725871	0.500000
5.430497	8.987664	0.654570	0.500000
7.280267	9.361733	0.547204	0.500000
8.269738	8.843084	0.633394	0.500000
9.033412	9.020280	1.449122	0.500000
9.129344	9.699540	0.500600	0.500000
0.279299	0.208111	1.407778	0.500000
1.261751	10.053047	1.622519	0.500000
2.311755	9.485405	1.524712	0.500000
3.103130	10.097487	1.534740	0.500000
4.139520	9.816549	1.636488	0.500000
4.773786	0.387642	1.543024	0.500000
5.831993	10.171250	1.616914	0.500000
7.747930	0.211618	1.490847	0.500000
8.641391	10.096438	1.841461	0.500000
9.631199	9.842731	1.557827	0.500000
0.183767	1.318131	1.480757	0.500000
1.131514	0.853092	1.534394	0.500000
2.502499	10.157075	0.654724	0.500000
2.798752	1.213078	1.479695	0.500000
3.734899	0.743624	1.481789	0.500000
5.612366	0.984383	1.475601	0.500000
6.667144	0.614478	1.512087	0.500000
7.506886	1.306917	1.442765	0.500000
8.500512	0.982583	1.716201	0.500000
9.603771	0.729153	1.494396	0.500000
10.076040	2.468716	1.756378	0.500000
0.883344	2.033641	1.649568	0.500000
1.849064	1.549483	1.626944	0.500000
3.964529	1.381813	0.526523	0.500000
4.580408	1.435066	1.431206	0.500000
5.516335	2.011387	1.456321	0.500000
6.428628	1.591893	1.717653	0.500000
7.339402	2.439142	1.351534	0.500000
8.315621	2.017037	1.703376	0.500000
9.264692	1.729642	1.477885	0.500000
9.811518	3.460949	1.758561	0.500000
0.635763	3.149379	1.671671	0.500000
1.718258	2.668255	1.566617	0.500000
2.710928	2.276182	1.488138	0.500000
3.729637	2.516386	0.617019	0.500000
4.348064	2.534780	1.547450	0.500000
6.370012	2.633263	1.525929	0.500000
7.124388	3.467493	1.492447	0.500000
8.067559	3.141036	1.629814	0.500000
9.076132	2.731015	1.649638	0.500000
8.907846	3.876834	1.625768	0.500000
1.506563	3.895469	1.352315	0.500000
2.492287	3.323159	1.491309	0.500000
3.300680	4.108625	1.380418	0.500000
4.227350	3.121116	2.606938	0.500000
3.450949	2.996428	1.479099	0.500000
5.299768	3.155107	1.574091	0.500000
6.075880	3.963996	1.535799	0.500000
6.868247	4.599080	1.529654	0.500000
7.828508	4.266254	1.476413	0.500000
0.473640	4.149782	1.417469	0.500000
1.199944	4.861955	1.577823	0.500000
0.198945	5.239542	1.648498	0.500000
2.213409	3.769998	2.538727	0.500000
4.122934	4.730370	1.541787	0.500000
4.298779	3.634914	1.718558	0.500000
5.115863	4.378984	1.352729	0.500000
6.856617	5.777038	1.423887	0.500000
7.758403	5.292483	1.489190	0.500000
8.793415	4.968097	1.647107	0.500000
0.028881	6.578910	1.458492	0.500000
1.149044	5.889619	1.477675	0.500000
2.095366	5.497618	1.495175	0.500000
3.035574	5.106528	1.534075	0.500000
3.836169	5.703938	1.471350	0.500000
4.610272	6.565335	1.509371	0.500000
4.921753	5.509519	1.606306	0.500000
7.374686	7.712712	1.408348	0.500000
8.209875	6.223227	1.677685	0.500000
8.857312	5.714142	0.523542	0.500000
10.013881	7.547398	1.631575	0.500000
0.931417	7.240278	1.736479	0.500000
1.826938	6.714737	1.557309	0.500000
2.884196	6.195601	1.475186	0.500000
3.619269	6.951829	1.536983	0.500000
4.446600	7.734577	1.492534	0.500000
5.993416	6.451271	1.619308	0.500000
7.147719	8.706363	1.599078	0.500000
9.083207	7.906501	1.522394	0.500000
9.203087	6.665001	1.502055	0.500000
9.084406	6.206541	2.411990	0.500000
0.653603	8.229620	1.715944	0.500000
1.606336	7.917432	1.360407	0.500000
2.584812	7.377283	1.441063	0.500000
3.504071	7.500615	2.633639	0.500000
5.279115	8.313275	1.385404	0.500000
5.762732	7.996843	0.526066	0.500000
6.911889	9.855715	1.501774	0.500000
8.154711	8.334640	1.507228	0.500000
8.941664	7.276318	2.296041	0.500000
9.987321	8.620301	1.467024	0.500000
0.458891	9.381359	1.676362	0.500000
1.366115	8.931872	1.739031	0.500000
2.459823	8.476967	1.425598	0.500000
3.432712	8.044055	1.599974	0.500000
4.613200	8.349991	0.605974	0.500000
5.165487	9.412868	1.579386	0.500000
6.153098	8.738179	1.846183	0.500000
7.971446	9.372125	1.441746	0.500000
9.915295	6.833758	2.376529	0.500000
0.157981	9.901538	2.509374	0.500000
2.103234	0.478873	1.652694	0.500000
2.539623	1.761730	2.541008	0.500000
3.011134	9.689268	2.467056	0.500000
3.750461	0.180552	2.385271	0.500000
4.736655	9.843972	2.479860	0.500000
6.406318	0.107605	2.436882	0.500000
7.589193	9.869176	2.302420	0.500000
8.703317	9.455786	2.607962	0.500000
9.457831	0.113373	2.541746	0.500000
0.987170	0.362346	2.516612	0.500000
1.774576	1.004925	2.718919	0.500000
2.722550	0.627382	2.487667	0.500000
3.457711	1.341084	2.540455	0.500000
4.404027	1.004008	2.549352	0.500000
5.337962	0.513053	2.451327	0.500000
6.183170	1.067532	2.621970	0.500000
7.353316	0.803240	2.310093	0.500000
8.256641	0.239682	2.738279	0.500000
9.219761	1.152689	2.517093	0.500000
0.033867	0.721522	2.523875	0.500000
0.558244	2.434163	2.564661	0.500000
1.619018	2.156695	2.518827	0.500000
3.622120	1.795689	1.562471	0.500000
3.852949	1.874733	3.303870	0.500000
5.271733	1.534771	2.351904	0.500000
7.309447	1.877573	2.243066	0.500000
8.235197	1.495310	2.586254	0.500000
9.038502	2.215679	2.657683	0.500000
10.047157	1.744392	2.522437	0.500000
9.807434	2.859245	2.649438	0.500000
1.282132	3.223992	2.512590	0.500000
2.452999	2.794522	2.360676	0.500000
2.904597	2.206926	3.468980	0.500000
4.144067	4.854322	3.655391	0.500000
6.401955	2.160674	2.566305	0.500000
7.067732	2.957023	2.473155	0.500000
7.990839	2.536317	2.609843	0.500000
8.827427	3.279458	2.570996	0.500000
9.590643	3.949819	2.693915	0.500000
0.328693	3.557139	2.536167	0.500000
0.268623	4.581598	2.523529	0.500000
2.213402	4.534475	1.742472	0.500000
3.161124	3.511564	2.314787	0.500000
3.923912	4.235477	2.667522	0.500000
5.211093	2.567332	2.453692	0.500000
6.020307	3.178136	2.444063	0.500000
7.700212	3.736900	2.454936	0.500000
7.579677	4.819234	2.379079	0.500000
9.721368	4.485872	1.678848	0.500000
10.201459	5.759818	2.507877	0.500000
9.485360	5.036473	2.544715	0.500000
1.324198	4.873402	3.378940	0.500000
2.990435	4.673326	2.609482	0.500000
4.563915	6.259560	2.488925	0.500000
5.914581	4.652643	2.519560	0.500000
6.571379	5.506871	2.453214	0.500000
6.674616	3.988914	2.387888	0.500000
7.516533	5.839743	2.456012	0.500000
8.588235	4.297898	2.478871	0.500000
0.734828	6.425540	2.294697	0.500000
1.674299	6.116210	2.443137	0.500000
2.677766	5.789905	2.443680	0.500000
3.786688	5.261555	2.415127	0.500000
4.754298	7.342803	2.480405	0.500000
5.468851	5.598367	2.517273	0.500000
6.781245	6.492730	2.272138	0.500000
6.594731	5.623451	3.505562	0.500000
7.256842	6.709450	1.417222	0.500000
9.503712	5.701780	1.538837	0.500000
0.440987	7.474263	2.577124	0.500000
1.510136	7.252516	2.560397	0.500000
2.483170	6.929260	2.552003	0.500000
3.537688	6.468801	2.609228	0.500000
4.211904	8.226973	2.557280	0.500000
5.380768	7.241199	1.525561	0.500000
6.405101	7.425079	1.713238	0.500000
8.013069	6.797853	2.572913	0.500000
8.265034	7.212359	1.353097	0.500000
8.505859	5.345164	2.529263	0.500000
0.485416	8.054272	3.575900	0.500000
1.176414	8.375962	2.574514	0.500000
2.330686	7.985160	2.403288	0.500000
2.514092	7.245734	3.584595	0.500000
4.310442	8.810133	1.571184	0.500000
5.738060	8.031265	2.446412	0.500000
6.918950	8.027628	2.506950	0.500000
7.886909	7.770229	2.372674	0.500000
7.786613	8.777346	2.408797	0.500000
9.862231	8.550737	3.290659	0.500000
1.267773	9.400638	2.804468	0.500000
2.034764	9.987645	2.397199	0.500000
2.098342	8.966463	2.420434	0.500000
3.211608	8.506035	2.525113	0.500000
3.944779	9.213943	2.446782	0.500000
4.981445	8.857085	2.425346	0.500000
5.803210	9.517443	2.388214	0.500000
6.818905	9.127733	2.501938	0.500000
8.728345	8.388374	2.576652	0.500000
0.318741	8.894482	2.650273	0.500000
0.329283	0.271929	3.544189	0.500000
1.268461	10.055564	3.631295	0.500000
2.039694	0.660085	3.775609	0.500000
2.952361	0.154153	3.501339	0.500000
3.986477	9.860488	3.423130	0.500000
4.794351	0.229877	3.342291	0.500000
5.905286	0.059106	3.518021	0.500000
7.731042	0.446606	3.641632	0.500000
8.808121	10.123440	3.584694	0.500000
9.720400	9.655863	3.292378	0.500000
0.134368	1.334603	3.472093	0.500000
0.877850	1.391113	2.447304	0.500000
1.089025	0.963541	3.507485	0.500000
2.906067	1.163216	3.580620	0.500000
3.820900	0.778580	3.364703	0.500000
5.656109	1.032124	3.545267	0.500000
6.750423	0.694031	3.525983	0.500000
7.488130	1.386026	3.351919	0.500000
8.556889	0.988699	3.426421	0.500000
9.579054	0.624557	3.428265	0.500000
0.992265	2.020273	3.467407	0.500000
2.040782	1.694057	3.462420	0.500000
1.884327	2.293847	4.467793	0.500000
3.545809	2.969078	3.576249	0.500000
4.711740	1.376470	3.462879	0.500000
5.518343	2.039981	3.371337	0.500000
6.448655	1.680732	3.516232	0.500000
6.177518	2.817781	3.400224	0.500000
8.345754	2.047654	3.491145	0.500000
9.299653	1.695455	3.512298	0.500000
10.109724	2.330135	3.448710	0.500000
1.744072	2.694996	3.508110	0.500000
2.612582	3.278714	3.342183	0.500000
4.673676	2.270866	4.464592	0.500000
5.606148	2.744700	4.230437	0.500000
4.346645	2.035421	2.435561	0.500000
5.278830	3.266607	3.229231	0.500000
7.120116	3.514460	3.388495	0.500000
8.102833	3.122586	3.417401	0.500000
9.193950	2.744193	3.547314	0.500000
9.967994	3.390595	3.554681	0.500000
1.572219	3.809829	3.538556	0.500000
1.220015	4.244923	2.472139	0.500000
2.376781	4.401853	3.600698	0.500000
3.318768	3.959754	3.609971	0.500000
5.096112	4.234095	3.419675	0.500000
6.152840	3.905398	3.258856	0.500000
6.966374	4.666445	3.154077	0.500000
7.861032	4.237306	3.314303	0.500000
8.909204	3.812835	3.433293	0.500000
0.479821	4.092117	3.388453	0.500000
1.031179	5.233810	2.491035	0.500000
3.053291	4.596298	4.445751	0.500000
3.104411	5.219831	3.567963	0.500000
5.202830	3.877802	2.281808	0.500000
4.906158	5.537950	3.347932	0.500000
5.766237	5.001780	3.491037	0.500000
7.678886	5.432365	3.472437	0.500000
8.694933	4.799317	3.413890	0.500000
9.670004	4.497188	3.641020	0.500000
0.118929	5.346050	3.530861	0.500000
2.023237	4.930593	2.662715	0.500000
2.059556	5.553719	3.542199	0.500000
2.889961	6.185824	3.347475	0.500000
4.727574	4.854224	2.471951	0.500000
5.530301	6.650029	2.499169	0.500000
5.668259	6.254230	3.410380	0.500000
7.232397	6.509186	3.383470	0.500000
8.483807	6.089497	3.528219	0.500000
9.398201	5.750241	3.294679	0.500000
0.013926	6.322128	3.335406	0.500000
0.927858	5.915050	3.301349	0.500000
1.760785	6.575258	3.380031	0.500000
2.724941	6.711309	4.472928	0.500000
3.700740	6.892410	3.592865	0.500000
5.388437	7.342212	3.398277	0.500000
6.317492	7.208980	2.909534	0.500000
7.193074	7.516418	3.341584	0.500000
8.139454	7.085222	3.614334	0.500000
9.083390	6.861331	3.246363	0.500000
9.935811	7.411871	3.418343	0.500000
0.719704	7.034807	3.462410	0.500000
1.536370	7.777222	3.428136	0.500000
2.377359	8.499431	3.269853	0.500000
3.309426	7.977662	3.573972	0.500000
5.112197	8.448974	3.341351	0.500000
6.215580	8.158460	3.321801	0.500000
7.171603	8.698239	3.382299	0.500000
8.065295	8.116324	3.352319	0.500000
9.012046	7.825262	3.540166	0.500000
0.387879	9.362314	3.628714	0.500000
1.235501	8.770441	3.615986	0.500000
2.196862	9.722486	3.365168	0.500000
3.144883	9.300869	3.388021	0.500000
4.018898	8.793490	3.432891	0.500000
5.078208	9.480674	3.369036	0.500000
6.048174	9.139561	3.526850	0.500000
6.990345	9.937331	3.150255	0.500000
7.891571	9.515264	3.366738	0.500000
9.575323	8.990106	2.429784	0.500000
9.749966	0.041571	4.412924	0.500000
1.290210	0.458194	4.410338	0.500000
2.385422	9.040821	4.124134	0.500000
3.197997	9.660306	4.449477	0.500000
4.101347	10.206796	4.499655	0.500000
5.138564	10.001713	4.354659	0.500000
5.850500	0.533382	4.453771	0.500000
6.984259	0.168486	4.471750	0.500000
7.594688	1.087984	4.403359	0.500000
8.966258	9.477833	4.495160	0.500000
0.358157	0.877358	4.415086	0.500000
1.285947	1.482619	4.403684	0.500000
2.286640	10.101101	4.457179	0.500000
3.377902	0.683272	4.477578	0.500000
3.827702	1.574285	4.393477	0.500000
4.874760	0.792415	4.491629	0.500000
6.605731	1.229904	4.462528	0.500000
7.560649	2.099881	4.260894	0.500000
8.748078	0.389044	4.472328	0.500000
9.599713	1.128056	4.349485	0.500000
0.055492	1.985260	4.373662	0.500000
0.646309	2.970713	3.527398	0.500000
0.922670	2.595843	4.448036	0.500000
2.396645	1.403164	4.412868	0.500000
3.139847	2.410822	4.448241	0.500000
5.558883	1.554161	4.401526	0.500000
6.564590	2.443955	4.319051	0.500000
7.207513	2.412313	3.369385	0.500000
8.533668	1.451207	4.420700	0.500000
9.295804	2.100079	4.470648	0.500000
0.017289	3.035397	4.463141	0.500000
0.898485	3.696318	4.363779	0.500000
1.929753	3.357301	4.415135	0.500000
4.072416	3.088527	4.472082	0.500000
4.932051	3.715789	4.371858	0.500000
4.600220	2.566857	3.471745	0.500000
6.333898	3.439335	4.383292	0.500000
7.410602	3.107294	4.275228	0.500000
8.532796	2.781416	4.394229	0.500000
9.277816	3.485370	4.320852	0.500000
0.741694	4.721780	4.180860	0.500000
1.834101	4.744529	4.414963	0.500000
4.002421	4.085374	4.374644	0.500000
3.797187	5.330919	4.478884	0.500000
2.908912	3.551881	4.495783	0.500000
4.329727	3.589103	3.529362	0.500000
7.108467	4.092287	4.446790	0.500000
8.147799	3.802303	4.266926	0.500000
9.069009	4.514469	4.482424	0.500000
10.078337	4.084081	4.493252	0.500000
10.057245	5.185662	4.476335	0.500000
0.586680	5.924171	4.485301	0.500000
2.670275	5.709717	4.425849	0.500000
3.722201	6.394780	4.485232	0.500000
4.763469	5.961650	4.384086	0.500000
4.903950	4.717123	4.459027	0.500000
5.875680	4.475280	4.382216	0.500000
6.828021	5.063046	4.391441	0.500000
7.970222	4.832524	4.422637	0.500000
8.820400	5.511824	4.375073	0.500000
10.126240	8.094366	4.442123	0.500000
1.586385	5.778831	4.490821	0.500000
1.119334	6.777143	4.368120	0.500000
3.909568	5.766990	3.317434	0.500000
4.707221	6.578999	3.513005	0.500000
5.672252	5.535079	4.364516	0.500000
6.589594	6.241179	4.345840	0.500000
7.583376	5.853725	4.399051	0.500000
8.373352	6.501234	4.458808	0.500000
9.616664	6.121851	4.254866	0.500000
0.744715	8.751988	4.488705	0.500000
0.078290	6.926204	4.376544	0.500000
1.953468	7.366588	4.406930	0.500000
4.695756	7.085495	4.404840	0.500000
4.381672	7.626524	3.621425	0.500000
5.664067	6.623610	4.487940	0.500000
6.344566	7.222005	3.952629	0.500000
7.432415	6.884795	4.401339	0.500000
8.178829	7.831316	4.456781	0.500000
9.257967	7.075579	4.415473	0.500000
9.145807	8.318430	4.424242	0.500000
0.480149	9.931075	4.450311	0.500000
0.855799	7.743082	4.463142	0.500000
3.551441	7.554201	4.473917	0.500000
4.640148	8.091454	4.476623	0.500000
5.571210	7.649539	4.438920	0.500000
6.331215	8.477377	4.385947	0.500000
7.144989	7.886083	4.381148	0.500000
8.068671	8.869286	4.477248	0.500000
8.891447	8.967589	3.528203	0.500000
1.438480	9.507780	4.458396	0.500000
1.663406	8.344925	4.458811	0.500000
2.702804	8.106068	4.497669	0.500000
3.555115	8.632050	4.334765	0.500000
4.406143	9.275558	4.282463	0.500000
5.312876	8.833990	4.287228	0.500000
6.129335	9.674626	4.442764	0.500000
7.061388	9.209313	4.460677	0.500000
8.003716	9.937870	4.392282	0.500000
10.019505	9.170755	4.457693	0.500000
