500

0.314626	0.089189	0.572207	0.500000
1.305341	0.515338	0.514704	0.500000
2.267702	0.120374	0.504383	0.500000
3.408823	10.198825	0.600101	0.500000
3.999818	1.641405	0.512462	0.500000
4.440546	9.747304	0.546651	0.500000
7.741688	9.430138	0.553614	0.500000
7.800620	0.553801	1.510248	0.500000
8.465827	0.245114	0.550910	0.500000
0.109332	1.080897	0.625663	0.500000
1.194121	1.683329	0.677974	0.500000
2.208208	1.328953	0.646993	0.500000
3.163948	0.936233	0.740186	0.500000
4.186538	0.642132	0.573886	0.500000
4.772857	1.716184	1.751292	0.500000
5.153876	0.226122	0.592572	0.500000
6.251648	10.066494	0.693871	0.500000
7.362434	0.316180	0.586008	0.500000
9.512982	0.303475	0.509070	0.500000
8.889997	1.498439	0.539054	0.500000
0.169229	2.141865	0.731840	0.500000
0.917358	2.806417	0.513434	0.500000
2.108059	2.449925	0.580698	0.500000
3.043246	1.963311	0.580471	0.500000
3.913587	2.730666	0.511567	0.500000
4.988059	1.294148	0.522145	0.500000
6.114851	0.848853	0.530291	0.500000
6.938831	1.558248	0.543565	0.500000
7.944194	1.140465	0.512471	0.500000
9.102333	2.492799	0.525812	0.500000
9.399344	1.953010	1.378371	0.500000
10.103540	3.132377	0.793212	0.500000
1.797079	3.556793	0.543520	0.500000
2.891180	3.075535	0.546274	0.500000
5.961798	1.845281	0.599022	0.500000
5.057076	2.397322	0.511397	0.500000
6.823921	2.655380	0.563422	0.500000
6.673738	3.858556	0.715566	0.500000
7.890545	2.169377	0.699017	0.500000
9.006059	3.568809	0.555251	0.500000
9.936956	4.258793	0.550562	0.500000
1.741035	4.640191	0.535194	0.500000
2.723364	4.092927	0.509900	0.500000
3.910921	3.740075	0.507459	0.500000
4.914422	3.429140	0.543537	0.500000
5.871751	3.006901	0.526145	0.500000
5.591901	4.190572	0.508168	0.500000
7.690411	4.208757	0.553578	0.500000
8.065072	3.188241	0.779834	0.500000
8.883089	4.104323	1.518764	0.500000
0.516093	4.858711	0.633078	0.500000
0.963063	5.823974	0.521954	0.500000
2.555730	5.260751	0.600209	0.500000
3.486239	4.741883	0.674080	0.500000
3.818968	5.701994	0.670308	0.500000
4.506947	4.921442	0.540650	0.500000
5.454469	5.346796	0.521637	0.500000
6.487063	4.839386	0.630250	0.500000
8.849599	5.216532	1.512757	0.500000
9.761820	5.368474	0.702340	0.500000
10.024000	6.366887	0.624072	0.500000
0.720746	6.865094	0.597795	0.500000
1.799824	6.422845	0.508571	0.500000
2.911891	6.233478	0.503053	0.500000
2.672960	7.220051	0.652777	0.500000
3.740584	6.796500	0.518709	0.500000
6.226714	5.995460	0.633929	0.500000
7.475490	5.217572	0.508711	0.500000
8.638803	4.526145	0.500122	0.500000
8.668117	5.542379	0.529517	0.500000
9.887684	7.435430	0.521255	0.500000
0.632617	8.024086	0.525017	0.500000
1.496392	8.649464	0.607124	0.500000
1.629428	7.480532	0.539831	0.500000
4.597635	7.401365	0.510370	0.500000
4.866355	6.372933	0.645715	0.500000
6.932629	6.786359	0.586938	0.500000
7.739459	7.510248	0.536403	0.500000
7.756882	6.195123	0.507387	0.500000
8.939060	6.677719	0.615598	0.500000
0.522440	9.179471	0.608447	0.500000
2.388359	8.179337	0.545743	0.500000
3.467007	7.975346	0.500445	0.500000
4.712586	8.618540	0.549842	0.500000
5.663264	8.148510	0.527825	0.500000
5.754269	6.969604	0.567478	0.500000
6.649411	7.750159	0.514251	0.500000
6.224331	8.217239	1.469559	0.500000
7.252062	7.802209	1.384010	0.500000
9.617975	8.402480	0.684620	0.500000
9.680238	9.424254	0.601412	0.500000
1.519217	9.691307	0.592276	0.500000
2.436477	9.926981	1.420398	0.500000
2.608753	9.335244	0.500641	0.500000
3.599109	9.074560	0.546286	0.500000
5.448625	9.336307	0.593655	0.500000
6.453951	9.011763	0.531563	0.500000
7.330304	8.479500	0.649250	0.500000
7.201237	8.945581	1.577360	0.500000
8.713633	9.159687	0.526340	0.500000
9.831672	10.054827	1.367776	0.500000
10.144779	8.932194	1.439537	0.500000
0.513549	9.712439	1.696225	0.500000
3.240968	0.427977	1.598589	0.500000
4.217917	10.129625	1.483325	0.500000
4.910602	0.599695	1.729384	0.500000
5.892168	0.251887	1.699987	0.500000
6.862188	0.926999	1.343328	0.500000
8.781915	10.212622	1.625326	0.500000
8.701566	7.969519	0.529756	0.500000
0.088626	0.779473	2.555408	0.500000
0.320623	0.491791	1.597989	0.500000
1.356720	10.222488	1.517283	0.500000
3.001573	1.457845	1.699398	0.500000
4.001415	1.104076	1.459724	0.500000
6.597071	1.880820	1.485126	0.500000
7.604760	1.674733	1.592858	0.500000
8.661784	1.204238	1.723486	0.500000
10.181586	2.518833	1.731401	0.500000
9.623723	0.841954	1.359687	0.500000
0.935814	2.181476	1.683469	0.500000
1.217620	1.018134	1.581580	0.500000
1.878300	1.773120	1.511225	0.500000
3.727913	2.168080	1.327438	0.500000
5.756175	1.352519	1.682115	0.500000
5.561184	2.468496	1.412613	0.500000
7.260521	2.642020	1.470462	0.500000
8.415104	2.275071	1.583957	0.500000
9.135178	3.031978	1.439422	0.500000
0.150994	1.479249	1.549097	0.500000
1.432840	4.008967	1.429571	0.500000
1.683934	2.889884	1.507177	0.500000
2.777427	2.481657	1.473713	0.500000
3.539560	3.161459	1.461883	0.500000
4.620127	2.905849	1.432477	0.500000
5.378183	3.570292	1.526350	0.500000
7.314883	3.899748	1.566361	0.500000
8.199209	3.405514	1.752375	0.500000
9.818954	4.776515	1.573250	0.500000
0.700028	3.178526	1.479259	0.500000
0.774533	3.825285	0.591730	0.500000
1.170410	4.513958	2.302858	0.500000
2.452675	3.656629	1.460509	0.500000
3.211570	4.401954	1.582538	0.500000
4.387018	3.934364	1.582411	0.500000
5.152944	4.602130	1.522105	0.500000
6.192306	4.169196	1.647417	0.500000
6.930721	3.143488	2.574686	0.500000
7.931274	4.724861	1.405985	0.500000
9.829826	3.774502	1.530063	0.500000
0.333800	3.779835	2.498495	0.500000
1.294157	5.224218	1.338635	0.500000
2.209323	4.649627	1.571985	0.500000
2.166618	5.836295	1.392798	0.500000
3.163170	5.437727	1.558127	0.500000
4.823799	5.625784	1.339288	0.500000
5.877468	5.283785	1.654820	0.500000
6.835346	4.973054	1.613145	0.500000
7.964424	5.840890	1.443896	0.500000
9.582107	4.215422	2.419206	0.500000
9.584307	5.990673	1.470778	0.500000
0.255714	5.529908	1.567617	0.500000
1.198008	6.333672	1.385281	0.500000
3.038203	6.705103	1.458015	0.500000
3.983236	6.102950	1.601108	0.500000
4.788956	6.753214	1.567738	0.500000
5.739164	6.376608	1.475761	0.500000
6.713405	6.124608	1.614106	0.500000
7.733888	6.826507	1.381785	0.500000
8.671947	6.571861	1.775711	0.500000
0.169423	6.693302	1.498379	0.500000
1.051028	7.564498	1.427970	0.500000
1.938772	7.060433	1.512246	0.500000
2.800458	7.744222	1.510702	0.500000
3.806877	7.363945	1.596050	0.500000
4.523221	8.034778	1.356407	0.500000
5.473730	7.495479	1.546306	0.500000
6.421748	7.131700	1.524170	0.500000
8.522471	7.658350	1.487287	0.500000
9.497572	7.200213	1.462530	0.500000
0.020347	7.879740	1.448268	0.500000
0.861392	8.644724	1.737777	0.500000
1.802663	8.197326	1.669543	0.500000
2.640005	8.851146	1.391398	0.500000
3.584807	8.380695	1.487175	0.500000
4.320557	9.049699	1.366457	0.500000
5.312312	8.644516	1.482057	0.500000
6.916051	8.285377	2.449998	0.500000
8.269729	8.609542	1.267805	0.500000
8.759140	8.574333	2.578045	0.500000
8.421025	9.119364	3.418669	0.500000
9.148849	9.255322	1.511694	0.500000
1.690771	9.206208	1.455730	0.500000
2.053479	0.079522	2.293795	0.500000
3.387174	9.544661	1.603377	0.500000
5.162728	9.766554	1.527009	0.500000
6.217242	9.293838	1.467483	0.500000
6.882977	10.065916	1.491303	0.500000
7.614343	0.919095	2.543244	0.500000
9.313083	8.269446	1.781566	0.500000
10.196107	0.218951	3.538558	0.500000
0.169235	9.875094	2.669015	0.500000
2.193422	0.737251	1.456008	0.500000
2.913390	9.922813	2.687317	0.500000
3.841505	0.310430	2.617874	0.500000
4.856888	10.183256	2.616960	0.500000
5.504766	0.725980	2.646135	0.500000
8.625816	0.586075	2.516012	0.500000
7.766654	10.159383	2.499229	0.500000
9.466992	0.033239	2.649342	0.500000
0.036434	1.879616	2.543557	0.500000
1.016768	0.403785	2.380704	0.500000
1.951936	1.138105	2.374161	0.500000
2.867913	0.759044	2.537719	0.500000
3.701747	1.841987	2.316655	0.500000
4.469551	1.159902	2.531748	0.500000
6.490387	1.334933	2.406003	0.500000
8.232700	1.800780	2.463102	0.500000
8.045606	1.076037	3.461012	0.500000
9.466702	1.291200	2.387862	0.500000
0.612088	2.731299	2.493611	0.500000
0.962091	1.505409	2.448239	0.500000
1.699072	2.306643	2.419457	0.500000
2.688292	1.827581	2.575114	0.500000
4.487471	2.335932	2.715213	0.500000
5.403537	1.862960	2.687943	0.500000
6.250590	2.425492	2.355020	0.500000
7.253273	1.937253	2.739502	0.500000
9.088311	2.373161	2.471905	0.500000
9.821371	3.079130	2.508453	0.500000
0.079671	4.323098	3.361748	0.500000
1.302059	3.456999	2.687035	0.500000
2.390078	3.259239	2.533107	0.500000
3.291899	2.757788	2.589865	0.500000
4.353886	3.403252	2.508506	0.500000
5.309405	2.854737	2.390905	0.500000
6.356749	3.198268	1.408466	0.500000
6.055088	3.685197	2.550922	0.500000
7.985057	2.778691	2.698383	0.500000
7.725064	3.806963	2.585731	0.500000
0.290514	4.874457	4.271625	0.500000
0.471935	4.262394	1.565130	0.500000
2.155864	4.232348	2.597909	0.500000
3.411260	3.804874	2.491497	0.500000
4.057620	4.570768	2.504488	0.500000
5.128798	4.152857	2.415460	0.500000
6.835852	4.379250	2.694646	0.500000
7.626123	5.025734	2.602581	0.500000
9.374666	5.211972	2.442297	0.500000
8.863660	3.369546	2.595528	0.500000
0.084167	5.938691	2.527999	0.500000
1.101571	5.513544	2.464636	0.500000
2.090841	5.257684	2.430652	0.500000
3.043839	4.873303	2.456224	0.500000
4.058963	4.949762	1.484253	0.500000
5.911783	4.776047	2.586596	0.500000
6.698346	5.417764	2.646241	0.500000
7.443534	6.080248	2.430973	0.500000
8.429725	5.600420	2.336746	0.500000
0.223073	4.918862	2.558535	0.500000
10.102250	7.218591	2.388748	0.500000
0.850612	6.646350	2.599415	0.500000
1.806342	6.343352	2.536719	0.500000
2.861345	5.913932	2.450265	0.500000
3.655130	6.620650	2.439284	0.500000
4.860265	5.164576	2.423079	0.500000
5.708213	5.815154	2.673714	0.500000
6.426000	6.520970	2.630812	0.500000
8.380590	6.697558	2.745592	0.500000
9.445683	6.434340	2.429666	0.500000
0.591069	7.926119	2.566892	0.500000
0.442672	7.190389	3.409578	0.500000
1.659171	7.519263	2.498168	0.500000
2.571073	7.084274	2.335378	0.500000
4.425750	7.260642	2.473804	0.500000
4.772322	6.187074	2.401072	0.500000
5.498147	6.884883	2.490235	0.500000
6.111828	7.669154	2.334842	0.500000
7.377787	7.118518	2.424065	0.500000
9.037889	7.382831	2.386532	0.500000
0.467193	8.914322	2.731188	0.500000
1.436722	8.557301	2.579902	0.500000
2.476832	8.171297	2.541801	0.500000
3.444769	7.773065	2.468692	0.500000
4.205676	8.447516	2.294066	0.500000
5.136539	8.065498	2.355565	0.500000
5.943743	8.741285	2.319742	0.500000
6.748055	8.744637	3.509396	0.500000
8.014414	7.911659	2.394413	0.500000
9.441952	8.640914	3.621836	0.500000
9.566896	9.212086	2.547244	0.500000
1.201923	9.591645	2.472381	0.500000
2.203967	9.241283	2.374172	0.500000
3.233528	8.926311	2.626708	0.500000
4.085411	9.462085	2.613145	0.500000
5.042980	9.166130	2.449936	0.500000
5.881733	9.799595	2.435241	0.500000
6.746086	0.287449	2.541480	0.500000
8.023357	9.534509	1.569161	0.500000
8.610140	9.608369	2.459615	0.500000
0.986691	10.119964	3.438640	0.500000
1.742390	0.583413	3.307372	0.500000
2.663126	0.184061	3.550212	0.500000
3.737445	9.991867	3.508998	0.500000
4.597843	0.542605	3.536733	0.500000
5.543120	0.140105	3.516912	0.500000
6.326066	0.832205	3.276054	0.500000
7.416432	9.487487	3.552025	0.500000
9.071004	0.623896	3.600798	0.500000
9.223352	9.720170	3.534195	0.500000
0.727211	0.978177	3.434677	0.500000
0.465507	1.947650	3.529238	0.500000
1.630941	1.746689	3.440306	0.500000
2.501677	1.251392	3.371093	0.500000
3.431929	0.895683	3.537542	0.500000
4.193685	1.607711	3.459478	0.500000
5.399494	1.204816	3.619723	0.500000
7.093467	1.400813	3.620995	0.500000
7.288677	0.415427	3.384861	0.500000
9.868200	1.245722	3.585961	0.500000
9.738582	2.459715	3.302186	0.500000
0.231359	3.124217	3.511592	0.500000
1.301770	2.688717	3.543158	0.500000
2.255091	2.540459	3.274206	0.500000
3.174704	2.092302	3.476357	0.500000
5.149689	2.224143	3.598169	0.500000
6.237871	1.849359	3.319032	0.500000
6.914178	2.656294	3.481501	0.500000
7.793065	2.130171	3.612845	0.500000
8.933376	1.698850	3.268734	0.500000
9.441754	3.489725	3.456706	0.500000
1.999898	3.675174	3.437829	0.500000
2.947424	4.381243	3.562595	0.500000
3.109829	3.340099	3.562059	0.500000
4.053216	2.618991	3.579207	0.500000
4.895589	3.172880	3.342374	0.500000
5.921331	2.918659	3.222905	0.500000
6.624334	3.740781	3.504597	0.500000
8.433607	3.826776	3.376077	0.500000
8.739169	2.695300	3.395360	0.500000
1.045377	3.991852	3.494274	0.500000
0.902885	5.059037	3.364908	0.500000
1.892490	4.680648	3.540888	0.500000
3.830607	5.028895	3.522756	0.500000
3.977567	4.039342	3.502525	0.500000
5.686663	4.167995	3.510031	0.500000
6.596388	4.809145	3.648003	0.500000
7.514741	4.388989	3.431320	0.500000
8.579258	4.463136	2.566658	0.500000
9.665325	4.012054	4.306871	0.500000
10.069985	5.325915	3.480577	0.500000
0.814536	6.074514	3.430247	0.500000
1.747829	5.669502	3.469569	0.500000
2.868130	5.377603	3.431507	0.500000
3.900925	5.622857	2.585126	0.500000
4.772180	4.630835	3.340842	0.500000
5.636445	5.183501	3.507626	0.500000
7.301092	5.546149	3.498058	0.500000
8.345774	4.994977	3.413800	0.500000
9.362728	4.595382	3.520246	0.500000
9.918658	6.498036	3.314382	0.500000
1.462260	6.876774	3.585639	0.500000
2.384727	6.457522	3.439745	0.500000
3.636944	6.030742	3.461116	0.500000
4.621320	5.753025	3.368841	0.500000
5.297666	6.508628	3.427894	0.500000
6.364043	5.943463	3.503412	0.500000
7.120393	6.603069	3.466457	0.500000
8.166862	6.062912	3.506417	0.500000
9.139327	5.866605	3.345206	0.500000
0.820748	7.740076	4.423422	0.500000
1.275534	7.904332	3.380840	0.500000
2.269051	7.512855	3.515861	0.500000
3.230855	7.032155	3.463770	0.500000
4.319597	6.814242	3.419753	0.500000
5.086748	7.496527	3.332161	0.500000
6.116430	7.109328	3.484507	0.500000
6.986382	7.629186	3.209514	0.500000
7.897222	7.259906	3.552704	0.500000
8.939013	6.828548	3.637509	0.500000
9.875388	8.239151	2.613286	0.500000
0.253561	8.288757	3.490883	0.500000
1.991933	8.811401	3.412980	0.500000
2.904192	8.299672	3.547542	0.500000
4.009427	7.780770	3.317762	0.500000
4.764826	8.544014	3.302421	0.500000
5.762663	8.374216	3.387535	0.500000
7.846478	8.951806	2.391061	0.500000
7.705101	8.302120	3.434606	0.500000
8.669351	8.003483	3.436920	0.500000
10.179305	9.362860	3.563871	0.500000
0.966055	8.983553	3.627365	0.500000
1.921466	9.796812	3.230279	0.500000
2.936996	9.333183	3.539600	0.500000
3.803112	8.765448	3.503630	0.500000
4.636094	9.552410	3.478620	0.500000
5.640856	9.378898	3.434278	0.500000
6.537480	9.970309	3.367724	0.500000
6.837105	9.473770	2.469622	0.500000
8.290807	10.190183	3.370041	0.500000
0.258569	9.916560	4.452037	0.500000
0.971911	0.400742	4.389733	0.500000
1.992137	0.024306	4.410491	0.500000
3.059077	9.989080	4.446351	0.500000
3.889377	0.345751	4.340513	0.500000
4.851070	10.196656	4.419936	0.500000
5.662644	0.671075	4.424596	0.500000
6.626455	0.365610	4.174162	0.500000
7.538830	10.195628	4.266007	0.500000
9.467657	10.228337	4.496894	0.500000
0.025586	0.764819	4.428604	0.500000
0.885459	1.466473	4.356916	0.500000
1.836803	1.097663	4.268329	0.500000
2.798325	0.815175	4.471507	0.500000
3.548065	1.476002	4.401383	0.500000
4.704070	0.965786	4.458376	0.500000
6.445057	1.359651	4.487052	0.500000
7.417649	1.017499	4.498535	0.500000
8.356799	0.518867	4.412788	0.500000
9.283464	1.185390	4.444460	0.500000
10.048722	1.951471	4.352507	0.500000
0.592655	2.756868	4.460742	0.500000
1.682959	2.269181	4.388326	0.500000
2.589331	1.802828	4.345445	0.500000
4.480527	2.186778	4.481074	0.500000
5.431637	1.787534	4.499214	0.500000
6.148848	2.526588	4.327846	0.500000
7.119155	2.123034	4.385958	0.500000
8.286360	1.606371	4.351415	0.500000
8.959737	2.344068	4.427572	0.500000
9.816090	3.004258	4.295952	0.500000
1.478323	3.375311	4.331256	0.500000
2.520250	3.034470	4.446078	0.500000
3.475136	2.528851	4.457610	0.500000
4.166578	3.336282	4.361854	0.500000
5.163537	2.999868	4.333260	0.500000
5.992964	3.596123	4.299685	0.500000
6.920852	3.178076	4.352313	0.500000
8.001692	2.772060	4.387956	0.500000
8.847412	3.370520	4.377837	0.500000
0.529426	3.806540	4.406636	0.500000
1.327295	4.570080	4.451090	0.500000
2.285965	4.257716	4.385930	0.500000
3.186963	3.792488	4.498598	0.500000
4.048842	4.587467	4.450774	0.500000
4.938673	4.051098	4.405654	0.500000
5.853879	4.735686	4.444587	0.500000
6.921709	4.172852	4.463669	0.500000
7.862742	3.804873	4.341759	0.500000
8.590375	4.552099	4.365503	0.500000
0.149865	5.902345	4.398430	0.500000
1.127917	5.697922	4.313322	0.500000
2.067495	5.315459	4.473063	0.500000
3.074042	4.883909	4.461875	0.500000
3.949522	5.654514	4.448339	0.500000
4.917849	5.188826	4.239996	0.500000
6.682560	5.409780	4.465832	0.500000
7.587502	4.922003	4.461502	0.500000
8.322198	5.709810	4.499322	0.500000
9.355073	5.222524	4.430366	0.500000
9.200747	6.270489	4.484776	0.500000
0.989646	6.694762	4.468537	0.500000
1.926529	6.334869	4.486590	0.500000
2.851431	5.936091	4.312321	0.500000
4.690431	6.331005	4.453886	0.500000
5.658829	5.878816	4.285044	0.500000
6.457790	6.498541	4.405570	0.500000
7.395255	6.136731	4.354889	0.500000
8.230021	6.762883	4.475691	0.500000
10.088068	6.921980	4.326037	0.500000
9.698726	7.473791	3.398615	0.500000
1.807576	7.412565	4.413009	0.500000
2.741353	6.955433	4.437281	0.500000
3.709658	6.615136	4.305892	0.500000
4.471088	7.329363	4.490901	0.500000
5.497172	6.952771	4.388403	0.500000
6.232904	7.650772	4.476274	0.500000
7.188079	7.321903	4.411740	0.500000
8.063230	7.854273	4.476541	0.500000
9.003932	7.431587	4.481654	0.500000
9.883234	7.936870	4.392474	0.500000
1.428009	8.535479	4.467150	0.500000
2.457095	8.202555	4.465302	0.500000
3.534089	7.660130	4.325060	0.500000
4.270271	8.400817	4.361525	0.500000
5.240658	8.011718	4.236534	0.500000
6.074342	8.691531	4.335026	0.500000
7.032721	8.360350	4.388359	0.500000
7.770200	9.084495	4.415660	0.500000
8.771622	8.644241	4.405550	0.500000
0.365792	8.905788	4.477064	0.500000
1.193486	9.518551	4.489324	0.500000
2.243610	9.208371	4.463033	0.500000
3.235349	8.887438	4.391494	0.500000
4.069906	9.493947	4.478842	0.500000
5.090322	9.164983	4.305564	0.500000
5.899298	9.855092	4.425492	0.500000
6.799264	9.392034	4.359705	0.500000
8.557278	9.720508	4.285729	0.500000
9.648695	9.218887	4.433837	0.500000
