500

6.079412	9.773760	2.252475	0.500000
9.186380	9.903731	1.666443	0.500000
5.309691	0.970986	1.502175	0.500000
1.405786	1.346235	0.531318	0.500000
5.005799	9.188043	1.856843	0.500000
4.708383	10.205834	2.252591	0.500000
7.688002	8.998536	0.546724	0.500000
8.818770	1.610993	0.562727	0.500000
0.316268	4.091017	2.052079	0.500000
10.613231	0.641520	0.535779	0.500000
2.793040	2.474763	0.708232	0.500000
0.158290	5.416472	0.581793	0.500000
10.307483	2.345559	4.473195	0.500000
5.813347	9.840242	0.557166	0.500000
5.968229	2.838544	3.386293	0.500000
4.164317	0.101886	2.962453	0.500000
8.872446	3.210031	1.629019	0.500000
8.412710	9.915170	0.699599	0.500000
1.611501	2.712457	0.510061	0.500000
10.341199	0.299967	3.544914	0.500000
7.023131	10.755175	0.536329	0.500000
1.313386	5.729940	0.734998	0.500000
6.781595	1.130623	0.563804	0.500000
1.466609	0.003252	2.362186	0.500000
6.391938	2.533029	1.444609	0.500000
10.196504	8.343211	0.517209	0.500000
6.975796	8.277960	0.722094	0.500000
5.643449	0.286068	0.591922	0.500000
10.741992	5.082557	2.442338	0.500000
10.225862	3.885095	1.596383	0.500000
2.512558	1.453937	0.526536	0.500000
7.546790	1.042633	2.484553	0.500000
3.982749	6.492388	0.554769	0.500000
2.373415	0.452747	0.633649	0.500000
8.420718	4.144677	3.589616	0.500000
4.686566	0.676030	0.637163	0.500000
8.980537	4.856762	0.707161	0.500000
5.989401	4.221177	0.502235	0.500000
0.194689	1.122598	1.427519	0.500000
10.021642	1.243018	1.839475	0.500000
10.073302	4.718855	0.544469	0.500000
1.780833	4.936997	1.476322	0.500000
2.702820	5.561606	1.753363	0.500000
3.797445	2.419860	4.236583	0.500000
2.936730	4.677106	0.700598	0.500000
9.976800	2.902431	1.476400	0.500000
6.080129	4.724402	1.363992	0.500000
6.889953	2.130007	0.622889	0.500000
3.920585	2.146317	2.091204	0.500000
6.485824	3.239765	0.506080	0.500000
0.964543	6.451058	1.638790	0.500000
2.663879	9.305164	0.633912	0.500000
4.081643	6.417855	2.544638	0.500000
0.347664	8.483716	1.410719	0.500000
5.801083	7.053222	0.606067	0.500000
9.176308	2.925266	0.659824	0.500000
7.511552	9.459931	3.595894	0.500000
10.370348	5.926080	1.269318	0.500000
8.767100	4.679295	4.363909	0.500000
10.153656	7.763046	1.511065	0.500000
3.394327	8.595775	0.729242	0.500000
0.252787	9.573271	1.555312	0.500000
3.144466	5.149937	2.606944	0.500000
3.670685	7.034972	1.850386	0.500000
5.122923	6.301938	0.508166	0.500000
5.983348	6.632898	2.555814	0.500000
3.544162	1.818518	0.544597	0.500000
8.288701	2.380412	1.462177	0.500000
9.831326	1.224368	0.836472	0.500000
0.273593	4.052767	0.635907	0.500000
0.182539	9.054666	0.510889	0.500000
8.797722	3.859959	0.551980	0.500000
1.825176	6.575647	0.504794	0.500000
3.646081	9.158363	2.097336	0.500000
8.122417	3.119050	0.504364	0.500000
4.122378	9.386169	0.521955	0.500000
7.745864	6.008159	0.566957	0.500000
7.408744	10.148670	1.600525	0.500000
7.977823	7.155776	0.588418	0.500000
8.439301	8.816905	3.477579	0.500000
10.338816	8.133022	3.191094	0.500000
2.543567	10.347426	2.556740	0.500000
10.440354	10.233379	0.501392	0.500000
7.582781	8.064133	1.593435	0.500000
3.764553	4.976347	1.613763	0.500000
6.705452	8.522292	2.357175	0.500000
7.314238	4.031421	0.587669	0.500000
3.117914	7.179320	2.734776	0.500000
5.594992	8.095757	0.501648	0.500000
8.716503	5.819358	1.009393	0.500000
3.365567	10.751491	1.464580	0.500000
2.055129	3.564421	2.478180	0.500000
3.828129	0.982870	1.473773	0.500000
3.135006	1.886889	1.501781	0.500000
3.046439	7.803840	1.484702	0.500000
3.322100	0.453397	2.366533	0.500000
8.464143	0.704267	2.716023	0.500000
9.458469	10.115557	0.707215	0.500000
8.158509	4.185930	1.341986	0.500000
4.740973	7.214213	0.857405	0.500000
4.493655	3.583786	0.517619	0.500000
2.291818	3.036068	1.471622	0.500000
5.848631	1.722028	2.016395	0.500000
2.755477	0.932804	1.658298	0.500000
5.179805	8.971819	0.805992	0.500000
1.868393	9.094850	3.733319	0.500000
10.541011	3.143444	2.336522	0.500000
4.880939	10.237871	0.625175	0.500000
4.521491	8.223349	0.515545	0.500000
10.159500	9.423875	1.051341	0.500000
0.828490	0.512877	0.514862	0.500000
5.906783	2.334920	0.557340	0.500000
4.945173	3.185669	3.551523	0.500000
7.893492	0.748504	0.537748	0.500000
6.623442	4.289278	4.065912	0.500000
6.944644	7.271640	0.515946	0.500000
9.306114	0.526961	4.448748	0.500000
6.540077	2.132677	2.944885	0.500000
7.120950	9.065547	1.437781	0.500000
7.815283	8.686408	2.556126	0.500000
1.967391	5.690512	2.452941	0.500000
4.283675	3.191569	2.245438	0.500000
2.918642	10.358671	0.610615	0.500000
5.344945	10.620414	1.562731	0.500000
4.490040	5.730158	3.439823	0.500000
6.634387	10.728311	2.538045	0.500000
5.129681	4.492142	0.955236	0.500000
5.112967	6.592704	3.576452	0.500000
3.973217	3.939946	1.329086	0.500000
0.556638	4.577156	3.250059	0.500000
2.951020	3.872398	1.755295	0.500000
2.276314	0.619141	2.481078	0.500000
0.949190	4.784119	0.740943	0.500000
4.881744	2.380302	0.528185	0.500000
4.976271	3.623615	1.577709	0.500000
7.347527	2.269599	1.808717	0.500000
7.589124	3.705281	2.936278	0.500000
0.397095	3.577611	3.419273	0.500000
9.205496	2.028735	1.750440	0.500000
0.010931	3.080755	0.748519	0.500000
0.957002	5.549041	2.519116	0.500000
4.123621	4.708546	0.575083	0.500000
1.222683	7.491630	0.524820	0.500000
2.335432	5.520759	0.717688	0.500000
5.885331	5.554825	0.752533	0.500000
6.733656	7.527242	3.100481	0.500000
7.359170	4.869392	1.533271	0.500000
0.698883	6.629953	0.614114	0.500000
9.545017	3.329547	2.394228	0.500000
9.843390	3.747771	0.650399	0.500000
3.838149	4.111846	2.350255	0.500000
4.373049	5.507937	2.236767	0.500000
2.956001	9.381376	2.806967	0.500000
3.653546	8.054928	3.447517	0.500000
5.462210	3.355155	0.629792	0.500000
9.737631	4.543273	2.239043	0.500000
9.278774	4.193838	1.395838	0.500000
7.855498	7.670997	2.724179	0.500000
0.126490	7.119695	1.623879	0.500000
0.604678	5.514671	1.535085	0.500000
8.671617	4.967789	1.710683	0.500000
5.511800	7.079849	1.784273	0.500000
4.923803	6.948602	2.646934	0.500000
6.773751	5.055479	0.608369	0.500000
5.012208	10.589563	3.498274	0.500000
6.199447	8.914393	0.532295	0.500000
0.095520	7.644245	0.758460	0.500000
9.640023	5.758206	0.554539	0.500000
2.809965	6.220266	2.551460	0.500000
7.532502	0.335634	1.400774	0.500000
3.565847	7.441769	0.555654	0.500000
3.651172	10.152164	2.396515	0.500000
0.385799	10.309730	4.478709	0.500000
9.699565	9.052327	2.771806	0.500000
3.924694	10.750194	0.514350	0.500000
5.182487	7.632093	3.659361	0.500000
5.723495	10.111480	4.426463	0.500000
0.015483	6.214864	2.135830	0.500000
2.912362	6.517079	0.561624	0.500000
1.824267	9.884244	3.092592	0.500000
0.151001	1.623970	2.408578	0.500000
1.657311	9.270614	0.543452	0.500000
1.691738	10.368898	0.767283	0.500000
2.411739	5.993413	3.551868	0.500000
0.497237	8.587254	3.511438	0.500000
2.554624	8.747375	1.653329	0.500000
4.670343	6.470583	1.645847	0.500000
9.316449	9.084952	0.622120	0.500000
4.930715	0.810051	3.489789	0.500000
9.328687	7.681808	0.537483	0.500000
0.243258	9.114737	4.474189	0.500000
2.027552	9.814541	1.751707	0.500000
3.325652	0.760908	0.637281	0.500000
4.162371	8.920742	2.962006	0.500000
4.734090	2.440980	2.776866	0.500000
8.859623	1.097043	1.528730	0.500000
5.250629	8.142371	1.470228	0.500000
7.297857	2.937142	1.063382	0.500000
8.016037	10.526877	3.478395	0.500000
0.996824	8.468612	0.545055	0.500000
8.125119	9.628425	2.812596	0.500000
0.635084	0.722058	2.362753	0.500000
1.334243	1.137734	3.571823	0.500000
0.944655	1.780448	1.632027	0.500000
6.470950	0.478870	1.524709	0.500000
4.780737	2.497035	4.482250	0.500000
6.413878	10.272318	1.424395	0.500000
6.995949	0.046774	3.729067	0.500000
9.661163	0.174005	2.647005	0.500000
10.058760	6.810311	0.548518	0.500000
10.050456	2.254469	2.342030	0.500000
9.294941	1.557494	2.694341	0.500000
10.193068	1.219577	3.032182	0.500000
10.092796	10.043497	2.112563	0.500000
6.746916	0.976169	3.117628	0.500000
8.258414	1.373809	4.308464	0.500000
7.759332	2.593451	2.710256	0.500000
6.007797	3.686144	1.505457	0.500000
8.589070	3.711765	2.511900	0.500000
8.944306	9.756526	3.452735	0.500000
2.378486	3.698176	0.656160	0.500000
1.873240	1.500921	2.159680	0.500000
4.247708	9.746499	1.475463	0.500000
4.521860	1.749966	1.265521	0.500000
0.681246	10.180826	2.525847	0.500000
9.912773	10.035619	3.402268	0.500000
4.181430	1.862097	3.475985	0.500000
5.786295	4.294878	2.302910	0.500000
1.438157	2.909759	3.249804	0.500000
8.822118	10.331150	2.529417	0.500000
10.320609	4.185528	3.044978	0.500000
2.356055	2.446809	2.508853	0.500000
6.856554	1.398842	1.708454	0.500000
5.881623	3.419787	4.215172	0.500000
3.502855	5.549064	0.532987	0.500000
7.866522	1.341509	1.396167	0.500000
6.509229	1.535903	3.989785	0.500000
7.915514	2.103523	0.547423	0.500000
0.615053	2.705341	2.647476	0.500000
1.909975	1.894784	1.215370	0.500000
0.070885	2.270004	1.596430	0.500000
1.768937	3.903473	1.457442	0.500000
0.603002	2.735900	3.935134	0.500000
6.073418	5.386533	2.527684	0.500000
5.236403	5.068704	1.824424	0.500000
5.963963	9.118970	1.487286	0.500000
7.658292	5.695482	3.652961	0.500000
7.788533	3.309113	1.901112	0.500000
8.292342	8.185755	0.503228	0.500000
7.231908	5.266486	2.526374	0.500000
8.257425	5.883154	4.464087	0.500000
3.908397	7.796536	2.494073	0.500000
2.933420	3.333503	4.427009	0.500000
10.562058	7.204959	3.509134	0.500000
8.324028	5.512083	2.618059	0.500000
6.766103	6.276362	0.626504	0.500000
6.548418	7.327178	4.499725	0.500000
7.426885	4.704158	3.422579	0.500000
8.049319	6.652216	2.365760	0.500000
9.921643	6.654817	2.409444	0.500000
0.800661	6.875918	4.331292	0.500000
2.157403	8.803523	2.606139	0.500000
5.181770	5.973484	2.643454	0.500000
0.656069	8.331335	2.400203	0.500000
2.353428	7.725664	2.334916	0.500000
3.607978	8.348412	4.496014	0.500000
4.578881	7.456313	1.833023	0.500000
6.542544	8.147976	3.886318	0.500000
9.298687	5.580329	4.395476	0.500000
9.495050	6.763812	1.485921	0.500000
7.556318	7.121149	3.595946	0.500000
1.991848	8.312515	0.515996	0.500000
4.265069	9.863001	3.288501	0.500000
6.647297	9.038742	3.234657	0.500000
5.666924	8.548338	3.580481	0.500000
4.158202	8.391311	1.634639	0.500000
7.252492	8.893271	4.452056	0.500000
9.090649	10.167703	4.463355	0.500000
10.264925	9.037874	3.661061	0.500000
1.616715	8.309502	1.898578	0.500000
3.525158	9.120476	3.725409	0.500000
0.697426	6.693505	2.927523	0.500000
0.206760	10.781598	1.465268	0.500000
4.911661	8.095555	2.559458	0.500000
4.195687	9.187824	4.471222	0.500000
3.084821	8.371022	2.615800	0.500000
4.364616	0.071313	1.471832	0.500000
7.396238	6.804428	1.391185	0.500000
9.750426	5.536077	2.405608	0.500000
7.835543	5.781283	1.715728	0.500000
10.672981	0.063627	2.452378	0.500000
8.534214	7.760108	3.594344	0.500000
1.227034	9.116312	1.441868	0.500000
2.179562	0.061283	1.612412	0.500000
7.161789	9.813751	2.570535	0.500000
5.375167	0.305736	4.485611	0.500000
5.289196	9.164684	4.279630	0.500000
0.347540	1.579415	4.239710	0.500000
9.243304	8.861280	1.710654	0.500000
0.888552	9.525361	3.532211	0.500000
7.683148	2.876010	3.748515	0.500000
10.064415	9.651555	4.475954	0.500000
9.213076	0.000447	3.545791	0.500000
5.663869	3.821354	3.268825	0.500000
2.141155	0.100813	3.599084	0.500000
3.570863	10.344402	4.356875	0.500000
5.951363	2.293866	4.483303	0.500000
8.489372	2.061290	3.619118	0.500000
8.578311	0.091253	1.640350	0.500000
8.278571	9.491207	4.366136	0.500000
10.211628	10.687775	4.461215	0.500000
3.529650	3.209028	0.602944	0.500000
1.110923	1.833733	2.790759	0.500000
4.933085	4.952516	3.890079	0.500000
3.033087	3.443645	2.705811	0.500000
5.162358	2.452193	1.683615	0.500000
5.816414	1.445980	3.059996	0.500000
7.942596	4.912220	0.534930	0.500000
1.065992	10.165360	1.600177	0.500000
1.495536	2.626447	2.000386	0.500000
4.084507	3.953077	3.403586	0.500000
1.208163	0.590842	1.489165	0.500000
5.380213	1.399779	0.575986	0.500000
4.057058	4.911398	3.005731	0.500000
6.978355	3.916754	1.744237	0.500000
5.817215	4.875148	4.461927	0.500000
5.231840	2.148471	3.598919	0.500000
3.066430	2.071704	3.364255	0.500000
8.685791	3.169042	3.455290	0.500000
10.578285	4.810685	1.423433	0.500000
10.580432	2.182408	3.268885	0.500000
3.356591	2.913123	1.771025	0.500000
5.962606	7.749766	2.374698	0.500000
7.095285	6.231860	2.280406	0.500000
3.178033	4.429610	3.473101	0.500000
6.741919	5.695060	1.449639	0.500000
10.594211	5.852674	3.089327	0.500000
9.186787	6.615612	4.486373	0.500000
9.637540	5.250898	1.418923	0.500000
9.886024	2.193708	0.579896	0.500000
1.227807	3.653499	0.625294	0.500000
10.706564	6.346809	4.490638	0.500000
1.559759	2.864680	4.267619	0.500000
1.908044	4.627586	0.501097	0.500000
2.671723	8.469715	3.585290	0.500000
6.776970	3.075977	2.403548	0.500000
6.193213	6.272555	4.420142	0.500000
9.589150	7.434340	3.387217	0.500000
10.022834	3.100402	3.281455	0.500000
0.724661	7.547369	3.524707	0.500000
1.769543	4.885128	4.484363	0.500000
2.458847	7.296744	3.666429	0.500000
0.133445	7.460017	2.580786	0.500000
1.987233	7.482633	1.217249	0.500000
5.723515	8.705183	2.590554	0.500000
6.417403	6.653647	1.532011	0.500000
4.473151	6.519342	4.478574	0.500000
8.346378	6.474048	3.657148	0.500000
1.039367	7.466083	2.007792	0.500000
8.827005	7.233338	2.732330	0.500000
8.644594	5.454400	3.628388	0.500000
0.649911	6.042945	3.776691	0.500000
4.582308	5.510093	1.134589	0.500000
5.220883	4.983297	2.876271	0.500000
5.610949	6.054801	1.679032	0.500000
5.693140	8.026150	4.493756	0.500000
8.280692	7.093146	4.461110	0.500000
8.698898	8.003703	1.506615	0.500000
10.296960	8.781238	1.921714	0.500000
8.978283	6.706255	0.542489	0.500000
0.212907	0.607069	4.467918	0.500000
1.566104	7.523381	4.229991	0.500000
3.132815	0.047715	3.355404	0.500000
2.534716	10.614667	4.486909	0.500000
5.576841	10.581261	2.593839	0.500000
5.226099	9.550210	3.054072	0.500000
1.503206	7.967340	2.916165	0.500000
6.237963	7.823719	1.388331	0.500000
9.544080	5.008608	3.554279	0.500000
9.202778	7.919475	4.492714	0.500000
2.386073	6.477881	4.430209	0.500000
1.155845	8.634717	4.442793	0.500000
1.937172	6.163807	1.417351	0.500000
3.350212	0.583446	4.480618	0.500000
5.871392	5.920402	3.538029	0.500000
7.835195	10.693828	2.458789	0.500000
6.221964	10.124214	3.498809	0.500000
6.924606	7.360065	2.097806	0.500000
9.228353	0.372854	0.679097	0.500000
1.197301	9.184539	2.480062	0.500000
2.621212	1.107778	3.493474	0.500000
0.654696	9.956603	0.592471	0.500000
9.493082	2.268025	3.516170	0.500000
5.629908	3.163595	2.320851	0.500000
4.630055	8.561117	3.797929	0.500000
3.994749	1.213951	2.526169	0.500000
6.390892	0.590049	4.321890	0.500000
8.244402	8.935215	1.395594	0.500000
1.162629	10.679987	3.429603	0.500000
2.016457	2.106703	3.422901	0.500000
10.408725	3.341438	4.401412	0.500000
2.410161	2.371982	4.456856	0.500000
6.884144	9.756153	0.656999	0.500000
2.964322	1.399157	2.596768	0.500000
3.837677	0.811802	3.615579	0.500000
5.402683	7.063661	4.453449	0.500000
5.382812	1.467743	4.484612	0.500000
6.832048	3.092593	4.442469	0.500000
10.064316	7.274511	4.465209	0.500000
5.900135	0.721392	2.320148	0.500000
9.757697	7.779286	2.445667	0.500000
6.022226	4.837158	3.459888	0.500000
0.212868	10.307824	3.436097	0.500000
4.791931	0.572131	2.316748	0.500000
4.866909	1.625476	2.203951	0.500000
2.325094	0.814301	4.411103	0.500000
7.266171	1.050838	4.496307	0.500000
9.169155	1.218188	3.713802	0.500000
4.714013	10.073683	4.431528	0.500000
0.049894	1.682825	0.559160	0.500000
8.755947	2.658925	2.494301	0.500000
8.348302	2.593183	4.471143	0.500000
1.427356	1.672770	4.448563	0.500000
5.089153	4.024171	4.314268	0.500000
10.639329	4.476904	3.995842	0.500000
4.227092	3.425215	4.302584	0.500000
4.244770	1.320722	4.470836	0.500000
7.325977	2.069812	4.473717	0.500000
0.682903	5.122884	4.392773	0.500000
9.434407	3.010532	4.255468	0.500000
8.618802	3.579575	4.462172	0.500000
2.406050	3.050934	3.589971	0.500000
3.916340	2.982620	3.216775	0.500000
1.785536	6.728604	2.556092	0.500000
2.634903	5.465082	4.397633	0.500000
8.314008	1.761679	2.441634	0.500000
6.850560	6.386759	3.598868	0.500000
9.328473	2.003254	4.477959	0.500000
0.739239	3.333304	1.440080	0.500000
2.907296	4.497266	4.491158	0.500000
2.020955	3.907100	4.302865	0.500000
1.815509	4.286636	3.377759	0.500000
1.226349	4.306906	2.477781	0.500000
7.524692	3.853089	4.132248	0.500000
4.283021	2.883997	1.291629	0.500000
6.750078	3.469844	3.432363	0.500000
6.769874	4.335363	2.737426	0.500000
3.629744	6.486894	3.458622	0.500000
6.013464	7.039150	3.631081	0.500000
6.709771	5.396726	4.402568	0.500000
9.357404	8.393839	3.592381	0.500000
1.560514	6.623108	3.720462	0.500000
8.909886	4.611232	2.830980	0.500000
3.642073	5.985473	1.470827	0.500000
4.288876	7.239178	3.378769	0.500000
3.439808	5.545518	3.760901	0.500000
7.401075	1.715399	3.534502	0.500000
4.001261	4.974402	4.477806	0.500000
9.392961	3.910674	3.415511	0.500000
0.902201	3.740666	4.328623	0.500000
2.623422	6.887066	1.754009	0.500000
2.374558	8.070993	4.497165	0.500000
9.207483	9.100066	4.419668	0.500000
2.772610	9.941269	3.646773	0.500000
4.435788	7.718906	4.451492	0.500000
10.358991	5.398667	4.481589	0.500000
7.887325	4.475943	2.308267	0.500000
7.619782	4.941815	4.450524	0.500000
9.689347	4.277447	4.376497	0.500000
8.483159	6.778406	1.442595	0.500000
1.573321	5.390762	3.368964	0.500000
2.343708	4.539802	2.429266	0.500000
2.836435	9.065793	4.461850	0.500000
1.743094	10.042301	4.089213	0.500000
1.281706	0.554464	4.463353	0.500000
3.313961	7.155337	4.482653	0.500000
4.810051	3.946300	2.710492	0.500000
8.118636	0.219829	4.497870	0.500000
7.534249	8.302661	3.572928	0.500000
1.427283	5.873377	4.424880	0.500000
0.336828	7.923735	4.433218	0.500000
9.375984	6.284521	3.287853	0.500000
10.127731	8.293501	4.383696	0.500000
4.378041	0.263772	4.335611	0.500000
5.847495	0.399809	3.501958	0.500000
5.141302	5.770245	4.450582	0.500000
9.733076	0.066711	1.640423	0.500000
7.350575	6.335565	4.463419	0.500000
7.473495	7.796927	4.498165	0.500000
7.006180	10.022493	4.381056	0.500000
10.176523	1.175607	4.208382	0.500000
0.100765	9.364385	2.859609	0.500000
0.388820	0.864257	3.321747	0.500000
3.124811	1.585968	4.413054	0.500000
3.013777	9.790100	1.580078	0.500000
8.999585	6.228142	2.301667	0.500000
8.313784	8.445340	4.493494	0.500000
6.275976	9.274922	4.421869	0.500000
8.771987	8.253151	2.595600	0.500000
7.797510	0.728718	3.618605	0.500000
