500

6.861156	8.578627	2.056907	0.500000
9.480960	8.562089	1.638050	0.500000
5.934907	1.088421	1.598193	0.500000
0.232012	2.233809	1.356496	0.500000
6.061722	9.802264	1.947931	0.500000
4.127823	9.272176	2.503144	0.500000
8.265720	9.080286	0.567166	0.500000
10.188837	0.803841	0.757245	0.500000
1.215399	5.421793	2.480830	0.500000
9.724497	10.501855	0.647313	0.500000
0.769293	3.071308	1.608250	0.500000
9.709254	6.565025	0.724719	0.500000
0.597375	2.192694	4.427760	0.500000
6.414278	9.613007	0.989612	0.500000
6.987516	1.874512	1.363284	0.500000
4.728201	9.709891	4.456917	0.500000
7.563372	4.309178	0.626685	0.500000
10.522442	9.686473	0.525172	0.500000
1.494989	2.794999	0.534547	0.500000
10.624931	9.401879	2.492651	0.500000
8.979061	0.562613	0.574868	0.500000
2.419675	4.297818	1.705739	0.500000
4.992069	10.661341	0.790350	0.500000
2.221302	9.975397	2.374637	0.500000
7.949410	2.912632	1.312266	0.500000
10.164053	6.657588	1.655027	0.500000
8.161122	8.023719	0.576682	0.500000
6.080740	10.490810	0.542433	0.500000
0.685921	2.297553	2.342969	0.500000
0.022210	1.484771	2.541458	0.500000
2.108494	0.976560	0.736277	0.500000
7.306620	0.330202	3.392039	0.500000
3.289878	3.852825	2.467872	0.500000
1.047462	1.591374	0.827214	0.500000
7.987517	4.606004	4.467443	0.500000
3.896693	0.159105	0.633336	0.500000
9.339237	5.621905	0.531058	0.500000
6.650648	2.648696	0.510740	0.500000
1.941411	10.742603	1.591768	0.500000
0.280918	8.294980	1.919145	0.500000
0.205303	5.132262	2.427018	0.500000
3.295190	4.705440	0.681973	0.500000
4.294204	4.498763	0.710328	0.500000
2.491710	0.924029	3.206695	0.500000
5.627168	3.398150	1.651047	0.500000
10.647493	3.803200	0.697608	0.500000
7.696409	3.908806	1.568327	0.500000
8.291019	1.359544	0.666996	0.500000
4.585298	1.572022	3.428313	0.500000
7.477324	3.318834	0.510428	0.500000
2.611882	8.520315	0.563599	0.500000
3.796373	0.963996	1.368648	0.500000
5.439721	5.767633	4.403472	0.500000
1.430021	4.900349	0.637044	0.500000
7.479162	8.374251	1.282831	0.500000
7.583334	2.363980	3.515041	0.500000
7.968856	10.197681	3.666210	0.500000
10.737405	3.808918	2.593466	0.500000
7.662546	5.525839	4.227613	0.500000
9.437425	9.452845	0.612151	0.500000
3.859654	7.276555	1.517192	0.500000
2.198922	8.927429	2.347268	0.500000
3.475143	6.334199	2.219744	0.500000
2.848656	7.355999	1.429835	0.500000
7.221751	7.455989	0.565917	0.500000
4.070420	5.538187	2.538199	0.500000
4.670341	0.887149	0.521351	0.500000
9.672730	4.081380	1.424688	0.500000
10.096297	0.520913	2.098607	0.500000
1.041440	3.892357	0.593347	0.500000
0.375065	0.829281	0.511540	0.500000
1.404353	4.752822	1.687948	0.500000
4.738125	7.766456	1.526954	0.500000
3.157428	9.186837	2.202215	0.500000
8.649862	4.711830	0.614211	0.500000
2.816730	9.842063	1.489051	0.500000
7.428159	5.299057	0.532287	0.500000
9.190841	9.865658	3.627495	0.500000
9.703109	7.684568	0.686023	0.500000
6.564533	10.609812	2.549602	0.500000
10.268357	8.385125	4.294507	0.500000
4.039683	10.447737	1.593284	0.500000
1.554420	9.774780	1.603339	0.500000
1.003093	7.143394	0.536135	0.500000
5.050277	3.747661	0.647461	0.500000
6.091545	8.190076	2.676304	0.500000
8.616185	3.623929	1.884931	0.500000
2.549830	8.745249	3.396768	0.500000
3.586609	7.315704	2.663686	0.500000
8.363119	7.011300	0.543264	0.500000
1.665047	2.057081	1.646037	0.500000
1.993615	2.897136	2.289285	0.500000
1.846196	4.005077	2.603031	0.500000
4.560428	1.612107	1.508264	0.500000
4.761454	10.646875	2.712872	0.500000
1.486336	1.482108	2.724988	0.500000
6.016786	2.514825	2.572026	0.500000
9.176654	10.668601	1.572371	0.500000
7.246510	3.854207	2.599867	0.500000
5.557123	6.268026	2.708482	0.500000
2.461241	3.200416	0.519623	0.500000
10.631862	2.406777	3.523457	0.500000
3.182163	2.726683	2.311361	0.500000
2.850300	1.530594	1.297456	0.500000
4.658587	7.876002	0.523259	0.500000
0.248597	8.621073	3.486008	0.500000
10.439804	4.926130	1.588391	0.500000
5.508704	9.612879	0.522491	0.500000
5.960229	6.739710	1.555719	0.500000
1.140448	8.842390	1.519371	0.500000
1.416740	0.955564	1.616771	0.500000
6.417059	1.645895	0.570895	0.500000
4.891079	2.742802	3.409031	0.500000
8.618763	2.584136	0.516452	0.500000
5.076600	3.538643	4.340099	0.500000
7.115948	7.508962	1.721192	0.500000
9.748531	0.758489	4.424523	0.500000
5.693960	1.491560	2.490364	0.500000
7.750106	9.018170	2.330652	0.500000
7.803396	0.410315	2.517696	0.500000
8.670371	4.500207	2.390697	0.500000
4.842250	2.080502	2.605664	0.500000
3.629823	3.748749	0.526475	0.500000
5.047670	9.883647	1.429696	0.500000
3.005256	3.839270	4.255042	0.500000
9.962998	10.113049	2.864552	0.500000
3.402350	2.623020	0.522005	0.500000
4.637774	4.018307	1.684870	0.500000
3.631218	2.178129	1.416557	0.500000
10.173115	4.221194	3.534748	0.500000
2.822186	5.981177	2.992278	0.500000
3.563960	10.141759	2.424402	0.500000
2.234901	4.303521	0.568441	0.500000
4.083128	1.834080	0.559897	0.500000
4.121720	4.501363	2.641917	0.500000
7.037487	2.407978	2.665368	0.500000
5.762924	0.854285	0.612422	0.500000
9.718057	1.432424	2.437858	0.500000
10.621978	1.716351	0.562593	0.500000
10.188238	2.684691	0.821582	0.500000
9.515311	4.662274	2.913954	0.500000
2.210628	1.995867	0.665814	0.500000
3.596232	9.084561	0.555727	0.500000
3.035149	3.487864	1.402855	0.500000
5.490073	7.333606	0.870769	0.500000
8.654086	9.119809	2.804178	0.500000
6.139993	3.668960	0.567417	0.500000
2.485533	6.587506	0.611204	0.500000
8.793751	5.074937	3.472051	0.500000
0.428492	4.741039	0.641375	0.500000
2.745355	4.118898	3.282318	0.500000
3.274238	5.351003	1.695941	0.500000
2.163570	9.014198	1.338446	0.500000
4.470566	6.583151	2.612150	0.500000
4.532778	2.787634	0.509283	0.500000
10.064479	6.503657	3.202443	0.500000
0.592227	5.343662	1.494793	0.500000
7.917435	7.931299	2.463650	0.500000
1.378200	8.357242	0.520056	0.500000
2.132182	7.584872	0.566193	0.500000
6.830518	4.900248	2.639093	0.500000
7.249341	9.050812	0.575519	0.500000
4.849944	5.921065	3.400038	0.500000
6.969923	5.101359	1.545184	0.500000
5.086771	9.260881	3.545420	0.500000
7.281040	1.007857	0.605988	0.500000
0.499222	5.773990	0.509448	0.500000
9.429635	4.949519	1.869129	0.500000
0.840519	3.319508	2.591036	0.500000
8.989964	1.986254	1.335352	0.500000
3.618641	8.062312	0.865323	0.500000
4.234309	9.929861	3.409310	0.500000
1.758418	9.749345	4.241262	0.500000
0.853711	7.950665	2.730291	0.500000
3.025972	0.127402	1.335265	0.500000
7.042483	6.490388	3.724010	0.500000
5.384570	8.755956	4.391813	0.500000
0.316144	6.092396	2.169524	0.500000
3.411053	7.002586	0.600633	0.500000
2.708050	9.410750	4.440436	0.500000
9.165825	2.442665	2.261385	0.500000
3.213215	10.096577	0.514293	0.500000
1.303956	9.916047	0.610342	0.500000
2.611320	6.165315	1.651375	0.500000
0.733376	10.162862	4.482290	0.500000
4.828963	8.834975	1.747169	0.500000
4.607117	5.077022	1.471181	0.500000
0.125617	7.959351	0.979653	0.500000
5.095095	10.488376	3.830208	0.500000
9.090364	8.480898	0.706446	0.500000
1.572649	7.678152	4.485642	0.500000
1.374500	0.282706	0.601874	0.500000
3.913190	0.418551	2.285046	0.500000
5.362045	7.154326	3.625636	0.500000
5.642548	0.338629	4.425402	0.500000
0.917611	0.083969	1.631507	0.500000
5.816284	8.920518	1.402394	0.500000
7.026943	2.909086	1.727715	0.500000
6.850345	1.575278	3.322827	0.500000
2.293555	9.611937	0.526015	0.500000
9.589752	9.191981	2.457428	0.500000
10.058288	1.862353	1.600686	0.500000
1.839230	7.635905	2.368698	0.500000
2.221955	0.988622	2.226696	0.500000
8.550234	0.707945	1.635419	0.500000
3.416582	0.030904	3.228534	0.500000
8.889420	10.287857	2.543686	0.500000
9.184494	0.517918	2.557886	0.500000
0.509114	0.142708	3.544537	0.500000
10.705323	7.020688	0.619357	0.500000
9.493397	0.197241	3.565240	0.500000
9.572077	1.729847	0.536268	0.500000
0.520169	4.216039	1.546418	0.500000
0.212091	10.618180	2.371312	0.500000
6.598307	10.781621	4.473686	0.500000
7.345572	1.963644	4.426010	0.500000
6.067662	2.379995	1.462444	0.500000
5.644870	2.681381	0.538783	0.500000
8.046127	5.989009	3.357675	0.500000
10.701819	10.156752	3.823257	0.500000
2.568098	2.602505	1.423648	0.500000
3.203268	1.201699	2.226969	0.500000
5.171348	9.645718	2.515070	0.500000
5.977879	2.072228	3.525045	0.500000
0.782950	7.474063	1.582153	0.500000
8.743906	8.830300	3.763035	0.500000
2.747743	3.085864	3.453283	0.500000
5.110513	1.820254	0.532496	0.500000
2.488088	1.870760	4.372523	0.500000
10.193483	9.241705	3.499339	0.500000
10.253231	2.327263	4.470429	0.500000
1.708669	3.543188	1.572534	0.500000
6.616878	2.607224	4.175531	0.500000
5.116773	1.489051	4.381168	0.500000
6.436102	4.803410	0.716764	0.500000
9.348087	2.928572	1.379226	0.500000
6.212136	1.263503	4.302029	0.500000
8.463266	3.624920	0.612256	0.500000
10.194716	1.318693	3.481286	0.500000
1.628311	3.032952	3.240477	0.500000
1.960958	0.082456	2.749527	0.500000
2.348768	5.204026	1.066917	0.500000
0.795511	2.101165	3.408639	0.500000
6.427598	6.963400	2.477206	0.500000
5.039983	2.582436	1.517850	0.500000
6.517736	8.160886	0.975874	0.500000
7.874520	4.696216	3.265613	0.500000
8.043063	1.802326	1.641557	0.500000
8.958722	6.914029	1.505676	0.500000
5.881703	5.040780	3.013622	0.500000
8.999520	6.296895	3.343964	0.500000
3.376606	7.856712	3.630378	0.500000
2.497603	4.678928	4.463047	0.500000
0.475028	6.662394	3.047307	0.500000
8.218026	3.561317	2.828362	0.500000
6.453998	7.381151	3.537161	0.500000
8.543352	7.034662	2.839256	0.500000
6.125949	5.516810	2.135564	0.500000
5.836169	7.919227	1.697772	0.500000
10.358078	5.760722	0.942747	0.500000
0.578048	6.279917	4.223373	0.500000
4.058191	6.261602	1.271561	0.500000
6.645058	3.839635	1.479989	0.500000
10.180605	8.585329	0.505060	0.500000
2.781507	8.060932	2.643650	0.500000
3.925873	8.320265	1.811373	0.500000
5.616402	8.344991	0.532753	0.500000
8.732783	7.146812	4.362123	0.500000
9.735730	5.528487	3.555251	0.500000
0.652601	6.455380	1.236879	0.500000
9.206296	8.167662	4.429797	0.500000
4.395854	9.846845	0.563335	0.500000
2.898161	0.143183	2.371293	0.500000
6.246286	0.399779	3.563436	0.500000
6.047937	6.746037	4.445015	0.500000
7.761656	7.382599	3.526497	0.500000
6.402830	8.894998	4.473100	0.500000
8.634003	9.728915	4.493409	0.500000
8.585524	5.830085	4.475000	0.500000
4.491538	6.863629	0.589511	0.500000
3.096825	9.670428	3.184607	0.500000
2.102857	6.192597	3.675307	0.500000
1.040942	9.057068	2.592805	0.500000
5.028301	8.609515	2.721177	0.500000
3.591071	8.904985	3.649219	0.500000
5.451177	7.210723	2.377701	0.500000
4.697416	0.567551	1.651989	0.500000
7.561072	6.790493	2.564678	0.500000
3.765957	5.984149	3.433920	0.500000
8.906539	7.892194	2.152598	0.500000
1.605130	0.861728	3.699401	0.500000
7.027500	8.203540	4.099573	0.500000
4.618076	8.871097	0.719535	0.500000
3.829902	1.966561	2.421054	0.500000
6.807930	0.857690	2.586024	0.500000
7.132777	9.062554	3.497999	0.500000
4.852138	7.694432	4.473995	0.500000
9.367061	1.828299	4.286435	0.500000
8.645725	10.173902	0.517590	0.500000
1.455351	8.505403	3.381236	0.500000
7.465190	6.495447	0.932018	0.500000
8.935306	0.040745	4.455038	0.500000
8.430780	0.340666	3.323159	0.500000
4.739285	3.660013	2.904293	0.500000
3.028705	1.967606	3.240645	0.500000
3.127555	8.429984	4.440746	0.500000
7.234875	3.349310	4.485020	0.500000
9.156132	1.136908	3.461924	0.500000
0.392654	9.899761	1.504975	0.500000
7.215914	9.850917	4.390483	0.500000
1.109653	10.170265	2.507773	0.500000
4.060370	3.138040	1.324901	0.500000
0.922985	0.581125	2.514751	0.500000
5.019276	4.752555	4.466662	0.500000
3.954221	3.205732	4.450716	0.500000
3.099973	4.969428	2.702201	0.500000
4.517344	2.332192	4.492915	0.500000
8.306953	5.803843	0.763511	0.500000
2.936584	8.354087	1.568766	0.500000
0.918612	3.830079	3.579766	0.500000
3.802159	2.665115	3.281245	0.500000
3.199582	0.967181	0.501342	0.500000
7.630593	2.299580	0.541963	0.500000
4.644911	5.480840	0.544319	0.500000
5.398627	4.686642	0.663186	0.500000
5.432407	4.186622	3.503093	0.500000
4.130112	1.045234	4.487993	0.500000
0.412464	1.145607	3.528656	0.500000
10.156371	5.689747	2.435982	0.500000
1.643056	5.993143	0.538459	0.500000
8.683347	1.462534	2.355276	0.500000
2.426327	1.973965	2.408730	0.500000
6.739238	9.406787	2.611857	0.500000
5.311705	6.287461	0.652445	0.500000
0.721665	5.272896	4.181285	0.500000
8.045436	4.966120	1.370462	0.500000
9.606430	3.661725	2.395762	0.500000
0.147392	4.301066	4.453212	0.500000
0.896478	4.362343	2.479933	0.500000
9.932899	4.643835	0.589210	0.500000
0.476226	2.983084	0.570076	0.500000
10.564876	5.607049	4.494435	0.500000
1.372448	4.897833	3.319130	0.500000
3.194838	5.806937	0.511426	0.500000
2.163748	7.697617	3.550791	0.500000
6.834226	3.201349	3.274490	0.500000
6.669506	5.832223	4.453514	0.500000
8.126710	7.571551	1.475765	0.500000
10.280630	3.234549	1.692839	0.500000
1.873106	6.883153	1.452383	0.500000
4.690099	4.856892	3.412812	0.500000
2.627892	7.450119	4.429852	0.500000
10.010650	7.485141	2.905523	0.500000
4.048518	9.438460	1.440170	0.500000
7.990349	10.622973	1.586396	0.500000
5.732163	5.488298	1.208655	0.500000
4.726595	6.586648	4.482852	0.500000
7.690155	10.105651	2.456053	0.500000
0.553355	9.074586	0.680025	0.500000
9.616357	6.026495	4.464443	0.500000
10.363253	6.967182	4.428099	0.500000
1.763672	5.509822	4.490513	0.500000
7.242701	6.066585	1.870283	0.500000
5.915286	4.529143	1.622340	0.500000
6.360717	6.928079	0.552347	0.500000
5.876763	7.766139	4.422263	0.500000
8.787350	7.783381	3.569903	0.500000
9.626096	7.251278	3.811040	0.500000
8.728195	9.588302	1.841022	0.500000
9.330377	5.906423	1.541606	0.500000
0.052550	9.302017	4.493593	0.500000
1.436714	6.974990	3.338237	0.500000
2.758937	10.527340	4.491912	0.500000
1.679890	10.760245	4.458601	0.500000
7.005503	10.157608	1.653665	0.500000
4.427432	8.176332	3.651328	0.500000
1.141484	6.690543	2.176302	0.500000
7.279437	10.303268	0.670134	0.500000
9.099084	3.899683	3.561865	0.500000
10.782578	7.394958	3.573685	0.500000
2.368357	5.227030	3.532435	0.500000
8.040290	7.912885	4.482827	0.500000
1.705753	7.955297	1.399683	0.500000
2.324067	0.876091	4.489133	0.500000
6.774109	5.324314	3.559077	0.500000
0.063392	1.232133	1.453120	0.500000
5.756000	0.100588	1.410091	0.500000
7.060527	8.031915	2.974837	0.500000
9.445782	1.076196	1.371329	0.500000
0.801325	9.580625	3.651489	0.500000
2.758286	2.859801	4.481087	0.500000
0.170393	10.612920	0.725328	0.500000
9.578700	2.122946	3.318841	0.500000
6.729664	0.309739	1.286293	0.500000
3.684651	9.871718	4.264554	0.500000
4.691562	1.058221	2.532287	0.500000
7.226013	0.940130	4.227371	0.500000
7.868184	9.664192	1.313603	0.500000
1.409901	10.408850	3.476325	0.500000
9.834774	10.362861	4.306384	0.500000
8.943118	2.901136	3.250722	0.500000
1.128840	5.966263	3.413323	0.500000
8.015746	0.194918	0.532001	0.500000
4.407073	0.504971	3.490726	0.500000
5.366695	0.893352	3.564625	0.500000
4.652766	7.673182	2.784674	0.500000
3.540654	1.084212	3.197896	0.500000
6.942969	4.815410	4.474511	0.500000
10.365377	9.201546	1.400099	0.500000
0.814697	0.754836	4.367045	0.500000
8.489289	8.634854	1.524662	0.500000
5.103601	5.442218	2.346619	0.500000
9.488301	8.470259	3.164202	0.500000
5.631884	0.474998	2.575246	0.500000
7.519822	0.867872	1.639348	0.500000
2.023035	2.060310	3.425505	0.500000
7.888719	0.051280	4.451784	0.500000
6.854801	10.059180	3.457499	0.500000
6.038330	9.853617	4.382117	0.500000
9.663986	3.627201	0.528914	0.500000
7.878719	1.180095	3.481780	0.500000
9.215998	2.869458	4.375704	0.500000
1.419569	1.590049	4.480956	0.500000
4.198148	4.193787	4.203205	0.500000
9.909045	3.688120	4.466100	0.500000
3.533265	1.976931	4.319991	0.500000
4.114896	10.766578	4.484656	0.500000
8.289447	2.323585	4.369859	0.500000
1.342456	4.520470	4.463264	0.500000
6.768372	6.022082	2.785840	0.500000
8.320386	3.455303	4.482985	0.500000
2.032539	3.655899	4.462732	0.500000
4.198052	2.916402	2.298154	0.500000
1.625549	5.824480	1.580929	0.500000
3.821341	8.329089	2.834268	0.500000
7.594504	1.500890	2.496419	0.500000
8.221658	6.296773	1.839086	0.500000
10.388455	0.326242	3.069541	0.500000
10.375422	2.468919	2.511935	0.500000
3.735693	6.316966	4.447724	0.500000
2.132491	5.002388	2.427406	0.500000
3.156009	5.513850	4.293202	0.500000
10.128386	3.229299	3.219578	0.500000
6.142206	3.821601	4.419206	0.500000
3.676488	4.275169	1.559615	0.500000
5.905276	3.116636	3.650864	0.500000
5.284081	4.333876	2.390601	0.500000
4.335356	6.843732	3.581711	0.500000
6.503215	4.175766	3.498651	0.500000
5.990191	4.839385	4.151050	0.500000
0.040587	5.817138	3.438813	0.500000
2.558654	6.941476	2.485877	0.500000
8.037075	2.480796	2.500895	0.500000
6.550591	5.860355	0.697375	0.500000
6.085653	6.148539	3.572530	0.500000
4.136466	5.284629	4.497442	0.500000
5.513733	2.505936	4.347486	0.500000
2.647853	6.441148	4.484097	0.500000
9.134688	5.677251	2.563818	0.500000
0.972937	3.264737	4.467541	0.500000
4.943197	6.290152	1.775664	0.500000
0.970851	8.871954	4.410850	0.500000
9.530736	9.127279	4.320283	0.500000
1.764408	9.476165	3.214943	0.500000
3.814709	7.428723	4.475865	0.500000
10.757799	3.414286	3.976624	0.500000
6.202659	3.690137	2.531778	0.500000
7.856255	6.520384	4.418390	0.500000
8.950765	4.307149	4.471843	0.500000
9.375975	6.656240	2.380202	0.500000
1.884984	6.176613	2.620024	0.500000
0.309647	4.683946	3.471110	0.500000
4.206084	8.741260	4.480264	0.500000
1.960569	8.742810	4.493488	0.500000
3.279889	0.553768	4.097494	0.500000
1.507849	6.647951	4.391587	0.500000
3.674499	4.798728	3.532044	0.500000
8.560209	1.236233	4.482677	0.500000
5.453365	8.159333	3.565298	0.500000
2.995007	6.811198	3.611700	0.500000
0.034751	7.261949	2.355528	0.500000
9.851297	4.855610	4.405694	0.500000
0.390004	7.852396	4.480002	0.500000
2.422912	10.335355	3.527230	0.500000
5.878957	9.992667	3.194288	0.500000
3.725133	3.788003	3.369915	0.500000
10.127050	10.342603	1.560330	0.500000
7.687685	3.792410	3.704558	0.500000
6.994636	7.228841	4.499352	0.500000
7.873612	8.391678	3.454271	0.500000
10.649517	0.203217	4.396133	0.500000
10.222896	8.405119	2.472866	0.500000
10.733648	1.382549	4.467041	0.500000
1.794404	2.601915	4.289278	0.500000
2.322453	10.624675	0.641342	0.500000
8.065223	5.433818	2.495907	0.500000
7.897786	8.970381	4.278973	0.500000
6.077235	9.072797	3.539316	0.500000
10.111081	7.714482	1.608746	0.500000
8.521692	1.979732	3.246443	0.500000
