500

7.648092	6.452835	2.409992	0.500000
10.670896	7.250263	0.680493	0.500000
7.648744	0.967772	0.568303	0.500000
1.637277	5.105533	1.406981	0.500000
3.935265	8.617457	0.556585	0.500000
6.620177	8.288161	2.129997	0.500000
7.635008	9.552562	1.633833	0.500000
2.180933	0.320161	0.528203	0.500000
10.779458	7.727824	3.394852	0.500000
9.319580	0.235412	0.580576	0.500000
0.712377	3.852395	0.536017	0.500000
10.486671	5.197733	0.545126	0.500000
1.671387	3.406512	4.424797	0.500000
6.770086	10.160644	1.551923	0.500000
6.893691	2.227949	2.299028	0.500000
5.780092	9.053230	3.470930	0.500000
6.841104	7.337381	2.661388	0.500000
9.309817	9.035956	1.743912	0.500000
3.426756	0.597678	0.516540	0.500000
9.633238	10.117881	1.711268	0.500000
10.734514	2.489667	1.766056	0.500000
0.148231	5.934071	2.516010	0.500000
3.332540	10.201285	0.627067	0.500000
1.181170	8.966452	2.478550	0.500000
9.363239	3.338324	0.550232	0.500000
9.449223	5.731851	0.709005	0.500000
8.786765	7.669884	3.347550	0.500000
4.235829	9.600034	0.524417	0.500000
1.352783	2.657360	3.388767	0.500000
1.516213	0.539906	3.680039	0.500000
1.873646	1.474400	1.547772	0.500000
8.100212	8.516089	3.333515	0.500000
1.240630	2.041077	2.497061	0.500000
1.970876	3.323035	2.933237	0.500000
8.246277	6.611964	3.410394	0.500000
4.795470	1.054588	0.511693	0.500000
0.851328	6.879542	1.456833	0.500000
6.576361	2.191010	0.553798	0.500000
3.990993	9.587157	3.427050	0.500000
0.869095	10.098907	2.376992	0.500000
8.959607	4.655940	3.531197	0.500000
3.665806	5.724269	1.375858	0.500000
5.265354	5.905028	0.638090	0.500000
2.451005	1.200869	3.286019	0.500000
7.144253	3.202045	0.501492	0.500000
1.416249	1.631106	3.426983	0.500000
8.785338	1.097071	0.587921	0.500000
9.429531	1.334483	1.450295	0.500000
7.406698	2.660017	3.356281	0.500000
8.982507	4.179427	1.753532	0.500000
4.350006	8.318496	2.362114	0.500000
4.543163	2.051935	0.560573	0.500000
6.580797	3.388323	4.465362	0.500000
4.442201	5.237736	0.678832	0.500000
8.965312	8.106113	1.526892	0.500000
8.070205	0.859854	4.284956	0.500000
10.648264	0.590042	1.989477	0.500000
10.415201	3.884128	2.245383	0.500000
6.727712	2.436467	4.063185	0.500000
10.081006	2.054316	0.559450	0.500000
0.889622	8.311430	0.521771	0.500000
1.984096	9.752459	2.731745	0.500000
1.243320	3.720920	3.565128	0.500000
3.063801	8.051329	0.611333	0.500000
5.662199	7.848031	2.347411	0.500000
3.435418	3.492354	2.521232	0.500000
4.563395	0.031799	0.507296	0.500000
8.767773	6.229287	2.626352	0.500000
0.894192	2.120148	1.510659	0.500000
0.624498	2.743328	0.741194	0.500000
3.418800	3.531609	0.513428	0.500000
2.601597	2.994090	4.384668	0.500000
6.578762	9.451584	0.569648	0.500000
3.330739	9.655933	4.460197	0.500000
7.548422	6.597426	0.872355	0.500000
3.707553	9.692436	1.614841	0.500000
8.044137	4.741266	1.541556	0.500000
9.018605	7.259011	4.311697	0.500000
8.540339	9.399870	0.528341	0.500000
4.490620	2.267797	3.442563	0.500000
10.397928	8.791279	3.642338	0.500000
2.587298	9.441487	1.621290	0.500000
0.811186	1.059365	1.693183	0.500000
0.408356	8.579285	1.405811	0.500000
8.204306	3.010188	0.632007	0.500000
5.029048	7.137263	3.510891	0.500000
10.039250	4.644873	3.688319	0.500000
2.559973	7.549169	4.498061	0.500000
4.512796	9.370055	2.348296	0.500000
9.639547	7.934172	0.670888	0.500000
4.488497	1.742359	1.677543	0.500000
3.788229	10.752757	1.689207	0.500000
4.114402	3.219637	3.465726	0.500000
4.652790	0.552143	1.490751	0.500000
6.180809	9.969661	2.658378	0.500000
3.238880	3.035056	1.419328	0.500000
6.656797	1.806221	3.285201	0.500000
8.197877	9.510567	2.546822	0.500000
8.532838	5.675001	3.616310	0.500000
5.627143	8.485363	1.542153	0.500000
2.849403	4.990459	1.567954	0.500000
2.845071	2.643428	2.521126	0.500000
1.691589	10.161661	1.709819	0.500000
10.381842	0.678819	3.218609	0.500000
7.075423	6.051358	1.570280	0.500000
10.629224	5.614043	3.415772	0.500000
3.257951	4.559357	2.499348	0.500000
7.524296	9.096037	0.603592	0.500000
6.896144	7.274436	0.505754	0.500000
9.552033	9.046434	0.533592	0.500000
3.610230	2.434316	0.508106	0.500000
6.068228	3.068152	0.533514	0.500000
5.841352	2.437277	3.545208	0.500000
0.551112	1.747422	0.524126	0.500000
6.224416	5.141310	4.413972	0.500000
9.014907	8.526251	2.655520	0.500000
8.726553	10.067255	4.278188	0.500000
9.560997	0.925816	2.569972	0.500000
10.420545	9.841160	3.612881	0.500000
9.920449	1.843769	2.356683	0.500000
10.592915	2.837091	3.597748	0.500000
4.240818	4.263471	2.450499	0.500000
5.088154	4.311361	1.771854	0.500000
5.404008	10.005992	0.547590	0.500000
4.926295	1.708490	4.182600	0.500000
9.110746	1.951210	4.423317	0.500000
5.527584	1.847107	0.519488	0.500000
1.223110	6.033375	1.947149	0.500000
2.538995	1.739885	0.546971	0.500000
9.893391	6.299714	2.358009	0.500000
4.036302	6.165998	0.546791	0.500000
2.778730	0.502240	2.531012	0.500000
2.344968	4.165123	2.216039	0.500000
2.633401	10.526689	1.342872	0.500000
3.459955	2.077925	1.610234	0.500000
6.063342	3.463123	3.397937	0.500000
5.340899	8.999993	0.510817	0.500000
0.897053	4.868327	2.268538	0.500000
3.296556	4.081959	1.539658	0.500000
1.629527	5.665736	0.560629	0.500000
1.608598	4.440671	0.567243	0.500000
1.657661	3.424473	0.788538	0.500000
7.789953	8.507679	2.143755	0.500000
2.443663	5.044725	0.571837	0.500000
7.825656	7.659079	0.521690	0.500000
0.020168	9.675657	2.697309	0.500000
7.388393	4.351261	0.712544	0.500000
10.470083	6.200476	0.546236	0.500000
7.373432	7.270971	1.601739	0.500000
1.671334	4.992383	3.492743	0.500000
4.454161	4.222668	0.613980	0.500000
2.475820	2.302198	1.561151	0.500000
2.608121	2.904592	0.629067	0.500000
4.680856	10.133026	1.445429	0.500000
4.232493	2.710001	1.494846	0.500000
9.737883	7.483517	3.633120	0.500000
10.565577	8.485786	0.573369	0.500000
9.411130	8.550062	3.595808	0.500000
0.775575	0.725976	0.615482	0.500000
4.571522	5.298549	2.411426	0.500000
7.898652	5.464964	2.374769	0.500000
5.148579	9.846026	3.289595	0.500000
5.961339	7.254023	4.470467	0.500000
8.208437	6.088987	1.457459	0.500000
4.329607	8.530198	3.776124	0.500000
8.478970	4.063755	0.539237	0.500000
2.865005	5.955417	0.650799	0.500000
9.075094	2.403869	2.489771	0.500000
1.526536	4.281461	2.785480	0.500000
9.844983	3.500737	1.511970	0.500000
3.469219	9.199321	2.587255	0.500000
5.321059	1.624422	3.206020	0.500000
0.550394	8.418543	4.371539	0.500000
1.764832	6.943225	3.298561	0.500000
1.896856	10.753704	2.850727	0.500000
5.287196	6.170752	4.118080	0.500000
4.042561	7.909639	1.403772	0.500000
8.464713	7.235113	1.572516	0.500000
6.450191	5.040131	0.588199	0.500000
1.593573	7.851963	4.379975	0.500000
9.633119	2.406300	1.558452	0.500000
1.216188	9.559213	0.555896	0.500000
1.306029	10.577277	0.794236	0.500000
3.050261	7.651929	1.572689	0.500000
2.336666	8.866851	4.406277	0.500000
6.495021	10.534599	0.619933	0.500000
3.618278	7.357460	2.384655	0.500000
10.015881	8.142554	2.843322	0.500000
3.472023	8.590428	4.338426	0.500000
9.962960	10.129549	0.674826	0.500000
2.405577	6.449661	4.450553	0.500000
10.561266	0.724950	0.520900	0.500000
4.866781	6.071830	1.542531	0.500000
1.289532	7.932843	2.371828	0.500000
6.135753	1.609605	4.405719	0.500000
10.752653	9.411767	4.495080	0.500000
6.414739	7.559552	1.454952	0.500000
5.240170	3.170353	1.523644	0.500000
5.632742	0.310954	2.431216	0.500000
3.360879	8.761096	1.427805	0.500000
1.667653	1.246472	0.588882	0.500000
2.183589	3.256963	1.746010	0.500000
2.519397	7.532365	2.536973	0.500000
2.885092	10.173103	2.258979	0.500000
8.988173	2.144560	0.500539	0.500000
5.266540	4.057615	3.010621	0.500000
0.410573	2.560516	2.828261	0.500000
8.817187	10.467212	2.764525	0.500000
10.053667	0.153897	1.295105	0.500000
1.293219	7.775273	1.315709	0.500000
7.959042	7.492779	4.247637	0.500000
1.137279	3.031544	1.898729	0.500000
9.218815	3.436046	2.604654	0.500000
0.480934	10.734705	3.355897	0.500000
7.221457	1.530818	4.479031	0.500000
8.592791	3.003089	4.373456	0.500000
8.023180	10.513135	1.812548	0.500000
4.384012	3.208667	0.577518	0.500000
6.952275	6.823873	3.584168	0.500000
0.815689	0.453811	4.434133	0.500000
3.467379	4.645036	0.661855	0.500000
6.202505	1.451136	2.396059	0.500000
4.252571	0.543528	2.463160	0.500000
8.791844	3.111157	1.565749	0.500000
0.703861	0.066000	1.651437	0.500000
7.267324	0.551052	3.506015	0.500000
1.089442	1.491696	4.428715	0.500000
5.599968	0.255231	0.505697	0.500000
3.977480	1.940020	4.489935	0.500000
0.185941	8.415269	2.522877	0.500000
10.069262	2.796275	2.676580	0.500000
2.489673	3.998733	0.896398	0.500000
9.989967	3.628485	3.351236	0.500000
8.233925	1.905106	1.379005	0.500000
6.294920	2.552604	1.557609	0.500000
10.366791	3.116915	0.534548	0.500000
9.137001	1.535477	3.391981	0.500000
8.455993	2.541258	3.342220	0.500000
9.845682	1.036419	4.496873	0.500000
1.356505	4.001504	1.703099	0.500000
3.335746	0.539335	3.396383	0.500000
0.876851	7.291311	0.516749	0.500000
3.127629	0.900277	4.387793	0.500000
6.934284	4.823939	2.506753	0.500000
5.515189	5.803277	2.415927	0.500000
8.667444	8.384865	0.503510	0.500000
8.093174	3.913729	4.264350	0.500000
10.365403	4.134400	0.690682	0.500000
2.053313	7.653077	0.538368	0.500000
5.959986	5.849182	3.411314	0.500000
0.082418	4.589225	2.808677	0.500000
1.751537	6.000853	3.737484	0.500000
1.601567	2.355385	4.428479	0.500000
9.204217	6.426525	1.483226	0.500000
9.547461	5.579409	3.294802	0.500000
6.148444	6.598251	2.191227	0.500000
9.392614	6.541752	3.563051	0.500000
3.966716	7.445580	0.507547	0.500000
5.418482	9.472336	1.732371	0.500000
0.131729	9.501236	0.531145	0.500000
3.087944	6.269931	3.073020	0.500000
2.351405	6.933066	1.373285	0.500000
8.102402	5.060539	0.590014	0.500000
8.510269	10.416994	0.536834	0.500000
1.172058	9.424725	4.452687	0.500000
6.501459	8.588290	4.336107	0.500000
4.949920	7.939670	0.542375	0.500000
7.397520	5.386403	4.445370	0.500000
5.018652	3.782645	4.098314	0.500000
0.548602	9.021789	3.280573	0.500000
10.240687	7.130952	4.458953	0.500000
8.282509	8.829401	1.323769	0.500000
4.991721	10.322861	2.416233	0.500000
7.182883	1.568230	1.225895	0.500000
7.557010	8.422925	4.455179	0.500000
7.320604	7.798903	3.537152	0.500000
5.785575	9.515658	4.410038	0.500000
8.737480	9.339143	3.457427	0.500000
7.850733	7.417818	2.688869	0.500000
3.073252	6.992295	0.503606	0.500000
2.667164	0.748386	1.425781	0.500000
0.683065	3.661152	2.543178	0.500000
2.065008	8.038439	3.420390	0.500000
2.216498	8.788703	2.347575	0.500000
4.433569	9.567281	4.412701	0.500000
5.820909	7.333044	0.524774	0.500000
4.832079	2.282213	2.501413	0.500000
7.195395	8.317985	1.191428	0.500000
6.721935	5.863023	2.763530	0.500000
1.121688	5.689300	2.915945	0.500000
10.201574	1.655231	3.419016	0.500000
5.463347	0.578464	4.441771	0.500000
3.005067	9.156972	0.569421	0.500000
4.229785	3.719901	1.456465	0.500000
7.019229	8.685912	3.182051	0.500000
5.122737	6.963260	2.313089	0.500000
5.044343	8.071135	3.112529	0.500000
6.835555	9.632930	4.301421	0.500000
7.525736	10.143849	0.548308	0.500000
2.827897	10.435124	3.294349	0.500000
9.682242	6.819607	0.524986	0.500000
6.602408	0.714450	4.296437	0.500000
6.336462	7.902667	3.354384	0.500000
5.953027	3.753052	2.115515	0.500000
5.524479	1.905377	1.558138	0.500000
4.490112	7.662055	4.450756	0.500000
8.424828	5.077863	4.489286	0.500000
9.689964	9.486001	2.663272	0.500000
10.201869	8.291770	1.852525	0.500000
1.662782	9.042532	3.382908	0.500000
9.469282	10.182027	3.513698	0.500000
7.169940	1.114783	2.492628	0.500000
0.048427	1.252310	4.391822	0.500000
3.471160	4.153318	3.472099	0.500000
5.845682	2.640098	2.530558	0.500000
4.146031	4.763434	1.586163	0.500000
3.683395	0.998430	1.757050	0.500000
10.178450	5.740287	1.402880	0.500000
1.683709	0.374641	1.663080	0.500000
3.360849	1.606886	3.653193	0.500000
2.255780	1.804367	2.464271	0.500000
3.782939	1.470399	0.870682	0.500000
7.249734	0.242745	1.263864	0.500000
5.368270	4.895171	0.504796	0.500000
6.040827	4.596213	1.402537	0.500000
4.739114	6.245668	3.032171	0.500000
4.335400	1.228508	3.234826	0.500000
0.653296	9.649460	1.423612	0.500000
10.342770	9.305817	1.439804	0.500000
8.559381	6.158954	0.510197	0.500000
8.911024	3.549298	3.576125	0.500000
1.670234	0.969646	2.497179	0.500000
7.774049	9.763622	3.424916	0.500000
5.398896	3.874766	0.822448	0.500000
2.116436	6.192213	2.681671	0.500000
9.936758	5.285406	2.269596	0.500000
0.316223	4.459282	1.443341	0.500000
2.817240	2.001624	4.467404	0.500000
1.773783	4.409397	4.354631	0.500000
0.681417	4.871544	0.511883	0.500000
2.436414	2.353754	3.390942	0.500000
10.183419	8.182058	4.469180	0.500000
3.003747	3.265355	3.495735	0.500000
5.619848	6.784002	1.342018	0.500000
0.607979	7.090504	2.559264	0.500000
7.572951	3.068579	4.485963	0.500000
5.100597	4.767257	4.327636	0.500000
9.638599	4.416148	2.706063	0.500000
7.759395	3.690710	1.672092	0.500000
2.024481	5.189648	2.367546	0.500000
4.448296	4.474195	3.498676	0.500000
4.445048	6.609745	4.498277	0.500000
8.107708	9.297329	4.478448	0.500000
6.327125	8.259020	0.674501	0.500000
6.426527	9.214404	1.558221	0.500000
6.369806	4.041966	0.571620	0.500000
3.532889	3.374321	4.397104	0.500000
7.865899	0.875460	1.742071	0.500000
1.372188	8.867342	1.490652	0.500000
7.533151	5.837081	3.362767	0.500000
0.488733	7.277296	4.415131	0.500000
1.044501	5.655893	4.359075	0.500000
5.882870	4.669350	3.581596	0.500000
5.020982	7.657266	1.570955	0.500000
6.108262	5.633335	1.509697	0.500000
5.024892	5.344561	3.391569	0.500000
8.900179	5.289252	1.622975	0.500000
8.574393	6.308802	4.461406	0.500000
10.643149	6.632923	1.670936	0.500000
7.770761	3.623012	3.353297	0.500000
1.413807	10.052115	3.542077	0.500000
0.535425	4.951247	3.786585	0.500000
1.598228	10.478685	4.453000	0.500000
0.547289	0.946635	3.525779	0.500000
5.063649	1.147979	2.325012	0.500000
2.897173	6.619288	2.151096	0.500000
0.850264	6.474093	3.635383	0.500000
6.535362	0.759110	1.750603	0.500000
10.436990	6.686597	3.559152	0.500000
1.024647	7.664329	3.446599	0.500000
0.146625	7.602272	1.746817	0.500000
3.918216	10.209201	2.641436	0.500000
1.857233	8.733577	0.601538	0.500000
2.124681	1.185250	4.377164	0.500000
6.761226	4.195240	3.287412	0.500000
9.006697	0.228898	1.540757	0.500000
6.550353	0.837636	0.699870	0.500000
8.642933	8.215980	4.492822	0.500000
0.127831	1.602068	2.655079	0.500000
10.643073	10.314253	1.833410	0.500000
3.968045	5.392857	3.290075	0.500000
1.757457	2.362285	0.836216	0.500000
8.670892	1.451042	2.198270	0.500000
7.913882	2.047921	2.469670	0.500000
2.365905	9.814474	4.048982	0.500000
4.472413	3.272798	2.371596	0.500000
4.148515	0.756195	4.312380	0.500000
8.382713	0.719079	2.834008	0.500000
0.227730	3.464876	1.375152	0.500000
9.987787	10.191597	4.481312	0.500000
8.031323	2.087197	4.134735	0.500000
9.186745	4.762182	0.726896	0.500000
7.729356	2.089239	0.515723	0.500000
4.339391	10.739179	3.654339	0.500000
5.069096	10.382184	4.435875	0.500000
5.443233	8.840963	2.541454	0.500000
6.847992	3.344202	2.714092	0.500000
6.391405	6.159159	4.452216	0.500000
2.173478	8.245280	1.415242	0.500000
0.542341	2.929971	4.310042	0.500000
8.776294	7.298647	0.566855	0.500000
4.074847	6.254511	2.272469	0.500000
10.353416	7.226373	2.496963	0.500000
5.674031	10.560521	1.456529	0.500000
4.806406	6.922335	0.675121	0.500000
5.100569	3.044944	3.120948	0.500000
9.591632	2.599428	3.651239	0.500000
8.672555	9.808800	1.518002	0.500000
6.245643	0.844764	3.212615	0.500000
7.279212	5.657617	0.601252	0.500000
9.183903	0.441434	3.465038	0.500000
9.009786	0.223019	4.494749	0.500000
10.199317	2.068916	4.345842	0.500000
2.852048	4.113686	4.336906	0.500000
9.298430	7.403702	2.434556	0.500000
3.686539	10.654124	4.443116	0.500000
5.461969	8.260122	4.431602	0.500000
8.161928	10.726439	3.759162	0.500000
4.428372	2.867555	4.478042	0.500000
7.024274	4.913349	1.461238	0.500000
9.747327	6.240621	4.488675	0.500000
0.416292	2.032095	3.739477	0.500000
3.853762	2.430928	2.686916	0.500000
1.633369	6.658957	0.690373	0.500000
3.730151	6.866693	1.469503	0.500000
7.808726	1.411346	3.283530	0.500000
8.830351	5.164941	2.639351	0.500000
10.030296	10.684031	2.675725	0.500000
0.760976	4.218989	4.492554	0.500000
2.879971	5.386736	3.521905	0.500000
0.401907	5.491274	1.484808	0.500000
1.598535	6.946824	2.168717	0.500000
0.208979	3.827981	3.569581	0.500000
7.165928	4.305976	4.311854	0.500000
3.160563	5.587426	2.344368	0.500000
6.758425	3.575165	1.401817	0.500000
6.804374	5.187055	3.579517	0.500000
3.318685	8.261030	3.050515	0.500000
10.656441	1.501191	1.558231	0.500000
5.908597	4.875011	2.394474	0.500000
1.426580	6.724039	4.435987	0.500000
4.641577	8.854152	1.262533	0.500000
9.930347	4.551064	1.578095	0.500000
6.251362	6.159421	0.626836	0.500000
5.904734	4.176642	4.460213	0.500000
5.183332	0.621909	3.422028	0.500000
5.695256	0.949741	1.236363	0.500000
5.487446	2.915528	4.435887	0.500000
8.286741	4.238093	2.636886	0.500000
10.422095	4.037983	4.493916	0.500000
2.250955	5.889527	1.609161	0.500000
3.540216	7.345881	4.227012	0.500000
9.322988	9.131589	4.484660	0.500000
0.749031	0.588135	2.592650	0.500000
6.970052	7.315370	4.481776	0.500000
9.501357	5.066068	4.448269	0.500000
7.336963	2.594691	1.343127	0.500000
5.987366	6.954973	3.267802	0.500000
7.564741	6.397324	4.293176	0.500000
0.700844	6.129699	0.588901	0.500000
3.428453	4.982554	4.381707	0.500000
0.095521	6.231617	4.479635	0.500000
2.596252	10.737519	4.467786	0.500000
2.690950	9.254907	3.260634	0.500000
3.244719	1.617845	2.563634	0.500000
3.495089	6.080736	4.474975	0.500000
4.435905	5.602835	4.169788	0.500000
7.296379	10.567069	4.461228	0.500000
2.776238	7.240181	3.495214	0.500000
3.994893	6.640125	3.582425	0.500000
0.448644	10.296622	4.275533	0.500000
10.553991	5.168264	4.411383	0.500000
2.133357	5.395784	4.448134	0.500000
7.610395	10.599450	2.829725	0.500000
6.827975	10.284272	3.420618	0.500000
4.160542	4.285836	4.440609	0.500000
6.615964	0.095594	2.641028	0.500000
9.338329	4.020047	4.469381	0.500000
4.089234	7.608296	3.270897	0.500000
6.263022	10.510819	4.429732	0.500000
10.489719	0.252654	4.129768	0.500000
9.850609	7.374369	1.489122	0.500000
9.883142	3.147843	4.441992	0.500000
2.536351	4.475111	3.204542	0.500000
2.171700	9.836284	0.700724	0.500000
7.762858	4.835483	3.634178	0.500000
7.137258	9.547326	2.532857	0.500000
5.841871	10.589043	3.433127	0.500000
0.097917	10.540523	0.705494	0.500000
7.906965	3.051687	2.477201	0.500000
