100

7.948433	9.988290	0.597649	0.500000
9.634309	8.243152	0.579782	0.500000
0.671979	9.729393	0.603491	0.500000
3.169420	7.897283	0.687919	0.500000
3.670918	9.751391	0.554430	0.500000
7.104004	0.199415	0.562496	0.500000
7.075390	2.119544	0.513424	0.500000
7.780779	2.834722	0.596678	0.500000
9.017054	0.375792	0.650314	0.500000
8.681453	8.686616	0.553969	0.500000
9.227254	9.623156	0.547270	0.500000
1.712589	0.146695	0.584571	0.500000
1.644481	9.483629	0.620165	0.500000
4.257336	1.164398	0.686241	0.500000
4.767855	9.456779	0.588454	0.500000
1.917925	3.293813	0.517132	0.500000
5.119086	3.100868	0.537628	0.500000
6.858317	3.433205	0.685084	0.500000
10.114065	0.967039	0.578139	0.500000
9.123990	1.385172	0.668236	0.500000
10.142157	10.376857	0.577539	0.500000
1.539677	1.312688	0.613885	0.500000
2.645937	10.151299	0.654745	0.500000
2.918932	9.019124	0.609429	0.500000
4.372192	0.040038	0.533916	0.500000
6.249813	1.340210	0.630416	0.500000
5.120851	1.806825	0.547826	0.500000
6.039600	2.686756	0.659084	0.500000
2.452264	0.889707	0.509284	0.500000
0.621987	0.387904	0.536892	0.500000
1.346220	2.315282	0.588040	0.500000
3.308168	1.786931	0.692948	0.500000
3.417390	0.433535	0.599764	0.500000
2.920011	2.931137	0.546291	0.500000
3.951039	3.519131	0.608441	0.500000
3.617814	4.478390	0.693743	0.500000
9.668403	3.161304	0.534297	0.500000
8.925459	2.462875	0.562186	0.500000
0.454871	1.648989	0.594608	0.500000
0.878790	3.527403	0.509802	0.500000
10.264863	5.084925	0.545881	0.500000
10.399443	3.944410	0.527566	0.500000
5.391066	0.836417	0.525030	0.500000
2.311246	2.022022	0.686093	0.500000
1.710983	4.272547	0.643940	0.500000
2.705044	3.923834	0.507995	0.500000
4.125984	2.436442	0.558723	0.500000
9.871955	2.051544	0.505828	0.500000
0.165199	2.758277	0.563824	0.500000
8.696498	3.487771	0.672289	0.500000
0.757822	4.680438	0.515641	0.500000
0.681167	5.827463	0.509110	0.500000
1.568922	5.279103	0.520205	0.500000
2.521905	4.942671	0.674257	0.500000
5.902547	3.733210	0.582188	0.500000
8.136344	5.810228	0.530794	0.500000
7.394656	5.137682	0.509796	0.500000
7.714688	4.036333	0.686008	0.500000
8.420879	4.807166	0.535025	0.500000
9.447544	4.294879	0.676535	0.500000
9.227111	5.516252	0.642667	0.500000
0.282529	6.895316	0.652400	0.500000
1.390519	6.534095	0.626691	0.500000
2.305876	6.088492	0.627087	0.500000
4.809602	4.155220	0.592534	0.500000
5.267262	5.878491	0.563768	0.500000
6.624689	4.463670	0.627876	0.500000
6.292330	5.574310	0.592848	0.500000
8.889594	6.489185	0.689555	0.500000
9.694822	7.222744	0.500869	0.500000
1.180280	7.596397	0.568926	0.500000
2.086720	8.452262	0.581930	0.500000
2.274859	7.131289	0.578222	0.500000
5.155075	6.954187	0.629673	0.500000
5.634192	4.739678	0.526463	0.500000
4.471966	5.129193	0.571086	0.500000
6.127082	6.561888	0.674992	0.500000
7.142759	6.181521	0.641892	0.500000
7.939189	6.962572	0.616896	0.500000
10.062856	6.120090	0.515728	0.500000
0.152045	7.973359	0.639595	0.500000
1.068968	8.617970	0.618573	0.500000
4.203114	7.358321	0.570744	0.500000
3.196118	6.672841	0.632870	0.500000
4.261912	6.181800	0.568047	0.500000
3.353677	5.510490	0.545011	0.500000
5.829372	7.697317	0.515037	0.500000
8.162004	1.723896	0.581430	0.500000
6.560215	9.804461	0.648483	0.500000
6.961488	7.329952	0.575272	0.500000
8.723464	7.678182	0.655874	0.500000
10.139376	9.122244	0.683606	0.500000
3.939319	8.690301	0.533032	0.500000
4.983766	8.213281	0.652802	0.500000
5.697601	10.315015	0.612248	0.500000
6.544832	8.488772	0.570640	0.500000
5.762382	9.114524	0.662431	0.500000
8.039368	0.574447	0.505123	0.500000
7.374834	9.159424	0.642486	0.500000
7.787903	8.136616	0.523713	0.500000
