100

8.382758	0.349929	0.548362	0.500000
9.472477	9.463873	0.687392	0.500000
0.801848	0.301163	0.529088	0.500000
2.921186	9.027074	0.647273	0.500000
3.576241	0.450381	0.512067	0.500000
5.516737	1.636823	0.620728	0.500000
6.399769	2.554816	0.587488	0.500000
7.232158	1.931011	0.524819	0.500000
9.515565	1.363175	0.609170	0.500000
8.467375	9.764021	0.524695	0.500000
9.353157	0.121055	0.669472	0.500000
1.604323	1.136229	0.563182	0.500000
1.824184	10.329239	0.635562	0.500000
3.600781	1.460165	0.559936	0.500000
4.658793	10.348975	0.544836	0.500000
3.512146	5.611437	0.586741	0.500000
5.959390	3.533561	0.692578	0.500000
8.106375	2.761085	0.685658	0.500000
0.592646	2.730826	0.591371	0.500000
8.365435	1.504020	0.552136	0.500000
10.382642	0.855294	0.649867	0.500000
0.653871	1.675753	0.674133	0.500000
2.544763	0.795709	0.688445	0.500000
2.800109	10.106721	0.517914	0.500000
4.563071	0.958741	0.546342	0.500000
5.296224	2.764930	0.651956	0.500000
4.290729	3.341854	0.501540	0.500000
7.207185	3.385282	0.562293	0.500000
1.699786	2.296159	0.697352	0.500000
10.159153	2.142395	0.587223	0.500000
1.469490	3.275338	0.575640	0.500000
2.592777	3.026021	0.665576	0.500000
2.601286	1.865351	0.537561	0.500000
3.647871	2.476883	0.571930	0.500000
2.882249	4.822472	0.511114	0.500000
3.916767	4.685651	0.553578	0.500000
8.892144	3.500015	0.634943	0.500000
9.019837	2.260656	0.641218	0.500000
0.226645	3.715731	0.562684	0.500000
1.259482	4.260150	0.540785	0.500000
0.145677	5.922103	0.521592	0.500000
0.223100	4.859972	0.582213	0.500000
4.521481	1.964936	0.521605	0.500000
3.321197	3.797358	0.524296	0.500000
2.249314	3.973233	0.616737	0.500000
2.370552	5.820109	0.557969	0.500000
4.953372	4.108162	0.509291	0.500000
9.825462	3.141062	0.661752	0.500000
9.740891	4.262044	0.623819	0.500000
8.713068	4.763948	0.605329	0.500000
1.224858	5.450187	0.672565	0.500000
0.598095	6.816609	0.524517	0.500000
1.547376	6.429729	0.516740	0.500000
3.348565	6.673113	0.627935	0.500000
5.699718	4.792546	0.566855	0.500000
6.850084	5.689486	0.558060	0.500000
6.788215	4.383695	0.643165	0.500000
7.618846	5.030357	0.646284	0.500000
8.224207	5.886193	0.682110	0.500000
9.621823	5.293841	0.653580	0.500000
9.150047	6.246333	0.522417	0.500000
0.343373	7.822900	0.669281	0.500000
1.463765	7.476042	0.647733	0.500000
2.464399	7.151347	0.578913	0.500000
4.740057	5.280735	0.626411	0.500000
6.183553	6.724094	0.643631	0.500000
7.988355	4.071550	0.617773	0.500000
7.016067	7.346420	0.684503	0.500000
7.932680	6.837813	0.543727	0.500000
9.615112	8.266789	0.685725	0.500000
0.984392	8.608466	0.511791	0.500000
1.895081	9.284219	0.687588	0.500000
2.205480	8.231499	0.639011	0.500000
5.057146	8.257511	0.506950	0.500000
5.644448	5.816112	0.560186	0.500000
5.186748	6.978493	0.543144	0.500000
5.931981	7.698120	0.653713	0.500000
7.798980	8.011806	0.526845	0.500000
8.892537	7.220320	0.663821	0.500000
9.930210	7.135766	0.510688	0.500000
10.443658	8.991153	0.534316	0.500000
0.979669	9.751654	0.684132	0.500000
4.002657	8.524977	0.624986	0.500000
3.176532	7.871321	0.636868	0.500000
4.141707	7.499789	0.581105	0.500000
4.352161	6.267233	0.566756	0.500000
5.877314	8.908149	0.542100	0.500000
6.494401	1.240817	0.598665	0.500000
6.579346	0.216602	0.509185	0.500000
6.823112	8.334982	0.552470	0.500000
8.675932	8.626050	0.683022	0.500000
10.276558	10.084526	0.560597	0.500000
3.765694	9.772309	0.545946	0.500000
4.695816	9.245813	0.569622	0.500000
5.487415	0.519950	0.631367	0.500000
6.671053	9.592473	0.593171	0.500000
5.751055	9.976505	0.695291	0.500000
7.457445	0.948816	0.563737	0.500000
7.520834	10.137171	0.511081	0.500000
7.657274	9.052244	0.619837	0.500000
