100

8.243277	10.376275	0.694675	0.500000
8.539387	8.170158	0.555843	0.500000
0.344727	10.154780	0.516172	0.500000
2.696926	8.256665	0.580262	0.500000
5.119735	0.255022	0.590375	0.500000
6.734220	1.177442	0.664477	0.500000
6.476720	2.230661	0.513918	0.500000
7.250366	2.968487	0.632951	0.500000
8.933675	0.633679	0.506245	0.500000
9.273500	8.880855	0.555673	0.500000
9.308729	10.064256	0.652951	0.500000
2.659237	9.292016	0.632368	0.500000
1.673389	8.696623	0.660748	0.500000
3.777542	1.667486	0.643659	0.500000
4.589112	9.811224	0.501349	0.500000
1.704832	3.461098	0.592362	0.500000
4.732177	3.306662	0.693061	0.500000
6.278849	3.598689	0.512806	0.500000
9.799433	1.216644	0.526964	0.500000
8.539082	1.668319	0.696646	0.500000
0.336635	0.813635	0.628597	0.500000
1.112625	1.501362	0.599038	0.500000
3.125094	0.877515	0.694381	0.500000
3.548324	8.842654	0.539289	0.500000
3.408887	9.981525	0.619656	0.500000
5.730280	1.255579	0.594405	0.500000
4.765587	2.301334	0.598062	0.500000
5.617265	2.847496	0.575645	0.500000
2.439183	0.081974	0.543817	0.500000
1.454553	0.472014	0.592957	0.500000
0.805743	2.899609	0.635287	0.500000
2.125869	1.364019	0.566423	0.500000
4.010372	0.371586	0.591372	0.500000
2.741800	3.218996	0.512424	0.500000
3.701760	2.925105	0.500176	0.500000
3.463443	5.020354	0.586812	0.500000
9.159863	3.375226	0.571699	0.500000
8.380490	2.747840	0.698019	0.500000
0.101382	2.082857	0.536846	0.500000
0.650590	4.025203	0.667771	0.500000
9.979409	5.533063	0.573837	0.500000
10.051296	4.265667	0.513991	0.500000
4.699311	1.243611	0.655342	0.500000
1.681550	2.390271	0.642972	0.500000
1.383567	4.752373	0.551528	0.500000
2.439581	4.157617	0.696719	0.500000
2.767525	2.225375	0.686291	0.500000
9.447216	2.229458	0.529188	0.500000
10.250185	3.254693	0.667161	0.500000
8.250948	3.812871	0.567950	0.500000
0.385256	4.993679	0.698986	0.500000
0.342840	6.112312	0.686539	0.500000
1.285101	5.780332	0.503033	0.500000
2.329723	5.338717	0.519041	0.500000
5.386123	4.116590	0.638459	0.500000
7.993585	5.936099	0.543604	0.500000
7.103534	5.205556	0.662981	0.500000
7.195654	4.131120	0.516677	0.500000
8.040414	4.824339	0.633843	0.500000
9.047746	4.491415	0.604731	0.500000
8.953762	5.494301	0.600904	0.500000
0.209767	7.220895	0.542039	0.500000
1.209316	6.811743	0.569744	0.500000
2.114915	6.392222	0.686166	0.500000
3.574663	3.897728	0.695029	0.500000
4.280194	5.700643	0.532853	0.500000
6.304076	4.614894	0.500447	0.500000
6.105063	5.689923	0.695115	0.500000
8.580007	7.065725	0.666586	0.500000
9.536214	7.487291	0.593122	0.500000
0.895398	7.979598	0.592993	0.500000
1.748083	9.762129	0.527285	0.500000
1.893486	7.623543	0.674847	0.500000
4.883487	7.460562	0.559441	0.500000
4.387364	4.636917	0.653524	0.500000
5.197833	5.261292	0.694452	0.500000
5.132676	6.317268	0.645958	0.500000
6.112228	6.725283	0.545271	0.500000
7.038024	6.271574	0.686383	0.500000
9.374342	6.467920	0.552605	0.500000
10.263448	8.309729	0.519266	0.500000
0.744329	9.219227	0.688166	0.500000
3.793126	7.751941	0.628999	0.500000
2.997231	7.099267	0.620790	0.500000
4.123416	6.739285	0.663814	0.500000
3.129225	5.988661	0.505789	0.500000
5.494598	8.265195	0.581140	0.500000
7.552466	2.005493	0.609869	0.500000
7.193156	0.131117	0.619573	0.500000
6.515609	7.654059	0.638434	0.500000
7.489911	7.237106	0.679349	0.500000
10.166325	9.358803	0.646944	0.500000
5.792262	9.730557	0.680542	0.500000
4.571965	8.785000	0.597218	0.500000
6.130892	0.279812	0.644355	0.500000
6.418480	8.689427	0.629950	0.500000
6.900910	9.603515	0.535317	0.500000
7.860374	0.943647	0.559111	0.500000
7.999555	9.409753	0.561149	0.500000
7.547531	8.301249	0.614905	0.500000
