100

8.647867	10.220067	0.617879	0.500000
9.636770	8.810277	0.574361	0.500000
1.063743	10.225263	0.517096	0.500000
3.132884	8.436798	0.552766	0.500000
3.657289	0.064076	0.596990	0.500000
6.696276	1.044536	0.563534	0.500000
7.062906	2.813688	0.660662	0.500000
8.196870	2.231158	0.568855	0.500000
9.732024	0.443071	0.616800	0.500000
8.687580	9.196975	0.522979	0.500000
9.600882	9.839262	0.587823	0.500000
1.354619	0.776394	0.554058	0.500000
2.091250	9.878808	0.687427	0.500000
4.291667	1.372468	0.592857	0.500000
4.535575	9.965590	0.507798	0.500000
2.757334	4.008941	0.512291	0.500000
5.841239	3.047283	0.582334	0.500000
7.893105	3.376219	0.649965	0.500000
10.245994	2.649097	0.680070	0.500000
8.682553	1.212530	0.512365	0.500000
0.287313	0.482809	0.626094	0.500000
1.281904	1.804598	0.693492	0.500000
2.352923	0.432954	0.667106	0.500000
3.099715	9.653836	0.684700	0.500000
4.836486	0.514177	0.546050	0.500000
6.357651	2.005025	0.531743	0.500000
5.081515	2.387342	0.515275	0.500000
6.704689	3.829193	0.543066	0.500000
2.279497	1.555146	0.586558	0.500000
0.284376	1.642752	0.577790	0.500000
1.945665	2.544857	0.501218	0.500000
3.230728	2.049486	0.680283	0.500000
3.185079	1.014338	0.542737	0.500000
4.034098	2.692422	0.623761	0.500000
3.741699	3.674501	0.541522	0.500000
3.509497	4.913774	0.515160	0.500000
9.552363	3.564618	0.674308	0.500000
9.672988	1.604634	0.552888	0.500000
0.956262	2.881552	0.638217	0.500000
0.839797	4.353625	0.662681	0.500000
9.974330	5.742006	0.638549	0.500000
10.272954	4.558243	0.688805	0.500000
5.593348	1.232975	0.632278	0.500000
2.912136	3.017837	0.606763	0.500000
1.762500	3.550927	0.668769	0.500000
1.863964	4.641111	0.587365	0.500000
4.822972	3.371480	0.662737	0.500000
9.192568	2.566509	0.678709	0.500000
0.158596	3.595433	0.692381	0.500000
8.633285	4.054615	0.579122	0.500000
0.499997	5.422458	0.516976	0.500000
0.579600	6.476792	0.524787	0.500000
1.444545	5.905703	0.598382	0.500000
2.577531	5.349032	0.656300	0.500000
5.524309	4.185868	0.543197	0.500000
7.996503	6.267653	0.625249	0.500000
6.333426	4.781326	0.571150	0.500000
7.167995	5.491142	0.627897	0.500000
8.266298	5.103851	0.509233	0.500000
9.283338	4.929156	0.674824	0.500000
8.994659	6.029839	0.512407	0.500000
0.472230	7.511644	0.529764	0.500000
1.470830	7.213714	0.646202	0.500000
2.323419	6.606942	0.621884	0.500000
4.456295	4.395707	0.597773	0.500000
5.186181	6.285589	0.615289	0.500000
7.520210	4.433010	0.582435	0.500000
6.227152	5.958347	0.609772	0.500000
8.931044	7.132210	0.615627	0.500000
9.950823	7.843369	0.622498	0.500000
1.247873	8.207085	0.603666	0.500000
2.199809	8.836893	0.532142	0.500000
2.349283	7.804723	0.527086	0.500000
5.082946	7.404285	0.633035	0.500000
5.336991	5.298983	0.552242	0.500000
4.319645	5.509584	0.646579	0.500000
5.990050	6.931848	0.609245	0.500000
7.050713	6.757122	0.561923	0.500000
7.928824	7.404364	0.582634	0.500000
10.008932	6.781386	0.631657	0.500000
0.208108	8.649418	0.690193	0.500000
1.213801	9.204891	0.686150	0.500000
4.079587	7.686660	0.594074	0.500000
3.190843	7.137897	0.626155	0.500000
4.247686	6.696260	0.502922	0.500000
3.436731	6.011274	0.663573	0.500000
5.842392	8.141705	0.539502	0.500000
7.669645	1.320261	0.599807	0.500000
6.842968	0.012320	0.551135	0.500000
6.834004	7.830140	0.682229	0.500000
8.801553	8.182142	0.521841	0.500000
0.148277	9.715958	0.544986	0.500000
3.980691	9.098950	0.697958	0.500000
4.824448	8.523769	0.561613	0.500000
5.730674	10.324978	0.597001	0.500000
6.743738	9.196878	0.557533	0.500000
5.686741	9.178515	0.538261	0.500000
7.817403	0.325308	0.515405	0.500000
7.660360	9.763968	0.547526	0.500000
7.831910	8.680776	0.580297	0.500000
