100

9.972807	7.733578	0.544315	0.500000
8.240682	7.200081	0.540014	0.500000
5.702329	2.626219	0.640848	0.500000
2.002052	4.569053	0.621603	0.500000
7.090138	11.234223	0.679352	0.500000
2.345758	5.616817	0.662425	0.500000
9.418041	10.480945	0.581694	0.500000
2.079717	9.632846	0.656873	0.500000
8.911084	2.456687	0.629919	0.500000
0.008027	11.999691	0.636334	0.500000
6.421022	0.219148	0.631272	0.500000
3.250791	4.413029	0.586807	0.500000
6.141782	6.989627	0.578188	0.500000
3.979004	0.861329	0.674857	0.500000
7.541309	2.174469	0.635799	0.500000
5.293038	9.299600	0.627106	0.500000
5.198072	5.046567	0.667944	0.500000
4.534878	2.012192	0.580310	0.500000
7.140570	6.825992	0.583586	0.500000
9.409242	1.519711	0.515144	0.500000
7.905341	11.966505	0.580714	0.500000
11.658253	8.678287	0.501526	0.500000
1.722105	8.492467	0.504456	0.500000
10.922179	3.570662	0.664882	0.500000
5.293585	0.375505	0.562552	0.500000
6.587392	3.976586	0.660271	0.500000
10.533919	2.375594	0.501605	0.500000
0.950300	4.273152	0.626122	0.500000
4.313338	11.801997	0.567375	0.500000
0.787145	9.672085	0.572706	0.500000
0.654021	2.264821	0.670587	0.500000
0.470263	5.323452	0.587173	0.500000
0.207098	3.341430	0.670271	0.500000
9.652515	9.367750	0.606200	0.500000
10.098640	6.459562	0.689485	0.500000
11.788436	10.773232	0.628633	0.500000
2.786347	10.379590	0.654001	0.500000
7.997755	10.768669	0.504596	0.500000
9.772445	0.086066	0.566515	0.500000
9.263206	5.646702	0.565586	0.500000
2.485806	3.560022	0.531056	0.500000
8.535599	9.573979	0.521591	0.500000
11.529184	1.716897	0.603498	0.500000
7.291677	0.722819	0.680039	0.500000
5.328485	10.444881	0.689151	0.500000
10.481566	11.228644	0.606469	0.500000
5.714175	5.946217	0.587326	0.500000
6.519394	5.264325	0.664996	0.500000
5.830296	1.471209	0.612291	0.500000
7.823840	3.195862	0.568339	0.500000
11.211714	6.213860	0.640804	0.500000
0.370978	0.921108	0.596225	0.500000
4.139439	8.593010	0.645612	0.500000
2.308007	2.031700	0.515408	0.500000
1.628352	0.919558	0.671543	0.500000
3.857482	5.543660	0.558078	0.500000
7.939096	8.286520	0.621596	0.500000
6.895302	9.006758	0.545843	0.500000
7.887387	5.809647	0.540961	0.500000
1.097324	11.900348	0.572030	0.500000
9.864959	3.978114	0.558849	0.500000
8.787322	0.596402	0.522377	0.500000
11.040836	0.504513	0.690917	0.500000
1.886407	6.539533	0.528239	0.500000
6.881645	7.939954	0.608981	0.500000
2.958449	8.815667	0.567362	0.500000
11.409705	9.781707	0.689491	0.500000
10.414373	5.490160	0.545547	0.500000
3.390998	2.313522	0.620846	0.500000
8.947877	8.358480	0.588532	0.500000
2.934033	6.667802	0.586437	0.500000
3.738023	10.704776	0.636992	0.500000
6.352608	10.363676	0.546883	0.500000
10.439383	1.301800	0.588967	0.500000
4.292065	9.821954	0.597607	0.500000
4.285636	6.664398	0.643413	0.500000
2.227253	7.585540	0.552568	0.500000
1.513171	3.019380	0.644568	0.500000
5.604532	3.763451	0.533359	0.500000
7.425629	4.785132	0.548748	0.500000
3.822341	7.589399	0.518552	0.500000
5.749644	8.404754	0.533242	0.500000
8.761140	3.554992	0.517762	0.500000
0.680880	8.211988	0.565876	0.500000
11.898384	7.601045	0.539773	0.500000
8.817841	11.346842	0.540590	0.500000
9.156412	6.770224	0.510766	0.500000
2.265229	11.931646	0.632874	0.500000
3.879699	3.335450	0.509579	0.500000
10.436547	10.173515	0.539202	0.500000
0.777945	6.630122	0.522783	0.500000
5.866321	11.402636	0.693425	0.500000
5.155777	7.545556	0.592299	0.500000
7.303633	10.021939	0.629973	0.500000
4.541500	4.132231	0.541957	0.500000
1.806282	10.630093	0.643001	0.500000
8.501461	4.823550	0.562770	0.500000
11.634590	4.435488	0.542304	0.500000
2.898350	1.100103	0.514951	0.500000
10.622828	8.862726	0.536533	0.500000
