100

8.203676	8.054713	0.574732	0.500000
6.376297	5.058954	0.586855	0.500000
5.977977	2.476517	0.623006	0.500000
1.823568	6.345753	0.549862	0.500000
11.719805	11.097368	0.597196	0.500000
4.858231	4.445380	0.630980	0.500000
10.069686	9.515085	0.698530	0.500000
11.880583	7.714590	0.693389	0.500000
7.022583	11.270800	0.620372	0.500000
2.061303	0.505844	0.507827	0.500000
8.243462	5.105927	0.550128	0.500000
1.634370	7.386172	0.654884	0.500000
8.092228	10.803894	0.539987	0.500000
2.829956	1.263605	0.679365	0.500000
9.987292	1.272376	0.653662	0.500000
6.074645	7.390032	0.648801	0.500000
8.059763	6.806577	0.651603	0.500000
9.464765	4.431308	0.639065	0.500000
9.190222	7.033637	0.534726	0.500000
7.034365	8.241937	0.637711	0.500000
8.694815	1.320221	0.602912	0.500000
0.883153	0.784238	0.655524	0.500000
5.754795	6.426247	0.655403	0.500000
0.712596	9.173936	0.506593	0.500000
5.976437	1.269155	0.680010	0.500000
1.140377	5.451508	0.554931	0.500000
0.688651	3.078678	0.544025	0.500000
5.898565	3.622567	0.688457	0.500000
3.547795	2.238017	0.527327	0.500000
3.740256	8.793538	0.631628	0.500000
2.362195	11.066470	0.693382	0.500000
4.664873	9.815642	0.676807	0.500000
11.266052	6.741115	0.620997	0.500000
10.312738	8.106679	0.530758	0.500000
11.320362	3.069258	0.685463	0.500000
1.002546	11.278921	0.660744	0.500000
4.706173	11.064913	0.684416	0.500000
4.903088	6.979754	0.633775	0.500000
5.504278	10.400401	0.526308	0.500000
10.158898	6.385448	0.604579	0.500000
1.692475	3.028605	0.664657	0.500000
10.101897	11.164497	0.559227	0.500000
9.922784	5.400308	0.537930	0.500000
4.766433	3.446738	0.558719	0.500000
4.968570	5.703845	0.601696	0.500000
10.977375	11.782986	0.571753	0.500000
7.417463	6.005515	0.511360	0.500000
3.703359	3.457348	0.511806	0.500000
2.495476	2.259073	0.535161	0.500000
7.990809	3.994913	0.577035	0.500000
0.867767	8.092201	0.577178	0.500000
3.278780	9.719086	0.503717	0.500000
5.949822	11.455042	0.618839	0.500000
10.980045	0.901206	0.639197	0.500000
2.906974	4.474990	0.659881	0.500000
3.926498	6.237812	0.635827	0.500000
8.734786	6.029042	0.554871	0.500000
9.071948	11.098118	0.546779	0.500000
8.999216	3.540441	0.577309	0.500000
1.347455	1.781644	0.609040	0.500000
0.312705	1.782316	0.652038	0.500000
7.113809	2.877724	0.568932	0.500000
0.202960	4.024281	0.624668	0.500000
11.180188	9.812259	0.672248	0.500000
2.617841	5.498638	0.529405	0.500000
5.552821	8.436456	0.641214	0.500000
9.191892	10.047200	0.651812	0.500000
0.553633	6.911561	0.654291	0.500000
3.068516	0.218198	0.610834	0.500000
9.482596	0.097684	0.567535	0.500000
3.441895	10.841842	0.690307	0.500000
6.894022	1.867984	0.540820	0.500000
4.706870	2.146782	0.597172	0.500000
11.591057	8.856012	0.589753	0.500000
2.100415	8.870282	0.507007	0.500000
1.230362	4.362715	0.590483	0.500000
11.917255	0.302212	0.513282	0.500000
2.730341	8.008040	0.566904	0.500000
10.501416	4.513140	0.538530	0.500000
8.584338	9.119159	0.632640	0.500000
3.922686	4.943550	0.540159	0.500000
6.327219	9.139798	0.534139	0.500000
6.769366	4.081565	0.505204	0.500000
0.434093	10.278547	0.517816	0.500000
9.254632	8.032901	0.697004	0.500000
8.030226	0.020542	0.587878	0.500000
12.041748	5.841536	0.513292	0.500000
7.545343	0.896479	0.580244	0.500000
2.699159	3.360557	0.543591	0.500000
11.167396	1.959432	0.634337	0.500000
7.301086	9.387084	0.602910	0.500000
5.369534	0.222705	0.671321	0.500000
4.108254	7.587228	0.617563	0.500000
6.720498	10.244481	0.593971	0.500000
4.407471	0.762855	0.680152	0.500000
1.736482	9.964103	0.635979	0.500000
10.331937	3.428145	0.650604	0.500000
9.565437	2.507447	0.527382	0.500000
7.964950	2.244093	0.687219	0.500000
7.063917	7.055096	0.671693	0.500000
