100

9.545289	0.899782	0.613783	0.500000
0.958322	9.321553	0.529913	0.500000
1.729337	0.055678	0.528116	0.500000
2.602262	9.526512	0.684846	0.500000
3.581694	9.127793	0.566111	0.500000
4.471737	9.804704	0.643682	0.500000
5.454432	9.561125	0.532455	0.500000
6.207758	0.202371	0.685211	0.500000
7.208155	9.764862	0.613921	0.500000
8.880348	0.125574	0.692808	0.500000
8.593243	1.236689	0.633380	0.500000
0.608164	0.468638	0.559480	0.500000
1.501396	1.030644	0.648962	0.500000
2.466000	0.727187	0.689773	0.500000
3.461736	0.333766	0.680935	0.500000
4.326242	0.872622	0.544188	0.500000
5.286208	0.577585	0.532566	0.500000
5.964472	1.421691	0.512603	0.500000
6.990715	0.845824	0.695029	0.500000
7.929321	0.487391	0.527666	0.500000
9.398675	1.902946	0.699179	0.500000
0.479229	1.515731	0.523201	0.500000
1.259035	2.152978	0.651273	0.500000
2.245691	1.791571	0.615114	0.500000
3.313972	1.337021	0.500007	0.500000
3.944759	2.118925	0.533785	0.500000
4.893151	1.734311	0.553585	0.500000
5.684618	2.384772	0.587467	0.500000
6.699569	2.110282	0.682375	0.500000
7.648719	1.638692	0.641613	0.500000
9.206952	2.941369	0.527321	0.500000
0.202042	2.582595	0.653161	0.500000
0.964275	3.271910	0.654600	0.500000
2.007174	2.854480	0.503202	0.500000
2.971582	2.496205	0.532792	0.500000
3.733286	3.238605	0.600395	0.500000
4.723162	2.776979	0.512609	0.500000
6.467421	3.081177	0.511402	0.500000
7.455894	2.776221	0.554815	0.500000
8.458355	2.259645	0.590160	0.500000
9.106115	4.065451	0.638201	0.500000
9.983556	3.574541	0.607859	0.500000
0.812489	4.323552	0.683199	0.500000
1.809703	3.950925	0.511231	0.500000
2.734562	3.557217	0.554969	0.500000
3.655234	4.299720	0.580153	0.500000
4.576247	3.788182	0.698487	0.500000
5.501765	3.392673	0.683567	0.500000
7.265265	3.771304	0.586141	0.500000
8.214577	3.434352	0.592207	0.500000
8.938951	5.223491	0.504650	0.500000
9.843996	4.796527	0.549380	0.500000
0.633217	5.416319	0.660870	0.500000
1.618786	5.001920	0.511190	0.500000
2.597982	4.589779	0.679753	0.500000
3.392750	5.310675	0.500938	0.500000
4.409117	4.968386	0.626273	0.500000
5.379839	4.603368	0.530146	0.500000
6.240807	4.089776	0.617771	0.500000
8.010981	4.482328	0.688618	0.500000
8.795487	6.305618	0.579034	0.500000
9.756156	5.979991	0.616190	0.500000
0.852378	7.140137	0.597071	0.500000
1.382469	6.211470	0.532487	0.500000
2.385364	5.659678	0.569467	0.500000
4.176830	5.995437	0.578044	0.500000
5.214859	5.600628	0.560265	0.500000
6.153982	5.244495	0.529240	0.500000
7.084549	4.852603	0.595759	0.500000
8.020706	5.669185	0.505538	0.500000
8.598072	7.348540	0.668048	0.500000
9.776391	7.058708	0.697320	0.500000
1.070406	8.144907	0.669222	0.500000
1.992303	7.728314	0.515202	0.500000
2.233895	6.755947	0.503457	0.500000
5.018013	6.604536	0.550757	0.500000
5.990235	6.248486	0.577202	0.500000
6.786969	6.928753	0.535587	0.500000
6.944055	5.906323	0.576251	0.500000
7.789769	6.642331	0.668807	0.500000
9.132378	9.008449	0.605841	0.500000
9.407585	8.047485	0.563384	0.500000
1.828876	8.826215	0.661554	0.500000
2.983851	7.467899	0.680874	0.500000
3.178124	6.289134	0.665543	0.500000
4.881713	7.670879	0.636072	0.500000
5.816171	7.239434	0.661585	0.500000
6.506732	8.018694	0.521049	0.500000
7.474201	7.689203	0.663785	0.500000
8.320766	8.342534	0.597597	0.500000
9.901191	9.705892	0.683476	0.500000
0.185863	8.678369	0.681064	0.500000
2.786993	8.503179	0.645457	0.500000
3.797562	8.138229	0.562193	0.500000
4.065561	7.015024	0.638605	0.500000
4.600320	8.790618	0.668603	0.500000
5.579270	8.427704	0.689534	0.500000
6.414407	9.093933	0.633163	0.500000
7.352547	8.728618	0.523003	0.500000
8.164167	9.346570	0.603751	0.500000
