300

4.816830	3.164650	0.510168	0.500000
10.681772	6.838725	0.724295	0.500000
8.538583	0.743918	1.450870	0.500000
2.462306	10.241324	1.633821	0.500000
8.718957	11.023875	1.506106	0.500000
3.318651	5.540283	0.531371	0.500000
2.721534	8.948321	2.462896	0.500000
8.134609	0.743680	0.515006	0.500000
5.117597	2.371009	2.350511	0.500000
11.246839	1.298206	0.664478	0.500000
7.646507	9.121798	1.474700	0.500000
4.113717	9.632482	2.311535	0.500000
7.257654	6.134699	0.507084	0.500000
2.431806	2.978723	2.489989	0.500000
4.864793	1.951905	0.505457	0.500000
7.740133	5.711029	2.483056	0.500000
2.731286	2.163481	0.503215	0.500000
0.663053	9.092613	0.632321	0.500000
10.000694	0.195158	1.275308	0.500000
3.068300	6.953828	1.599964	0.500000
1.364845	10.577650	1.429684	0.500000
2.706093	8.270211	1.651366	0.500000
7.516780	6.353732	1.680553	0.500000
4.462534	1.541729	2.483155	0.500000
5.631154	9.116633	1.531201	0.500000
7.638576	7.358722	1.504004	0.500000
3.607234	2.524096	1.580967	0.500000
9.857015	5.941740	2.497859	0.500000
4.147997	2.592546	2.464376	0.500000
0.045265	10.426144	2.388325	0.500000
6.360763	2.842976	2.480614	0.500000
6.864838	1.266000	0.532376	0.500000
2.256336	4.908415	0.999231	0.500000
8.537506	6.525842	2.433320	0.500000
5.486240	9.737461	0.645474	0.500000
2.903213	1.269294	1.671700	0.500000
3.398283	0.596904	2.467167	0.500000
11.264968	1.372865	2.363671	0.500000
5.790138	3.755263	2.168230	0.500000
0.036897	8.885649	1.547764	0.500000
4.975901	6.066810	0.548589	0.500000
10.364087	11.232245	2.278611	0.500000
0.276542	10.712045	0.552396	0.500000
1.112541	7.217585	2.456463	0.500000
11.323667	0.234659	2.446530	0.500000
8.928455	8.721827	0.707402	0.500000
7.265883	8.993037	0.517341	0.500000
4.070729	6.815570	0.745428	0.500000
0.756510	5.298308	2.293325	0.500000
8.370102	5.831907	1.441040	0.500000
9.049068	2.865473	2.325666	0.500000
9.454961	10.266784	1.523024	0.500000
0.920791	7.927739	0.669801	0.500000
10.658331	2.140401	0.633372	0.500000
9.283170	10.887291	2.404655	0.500000
2.617115	3.062858	0.962829	0.500000
6.236822	3.072414	1.468987	0.500000
9.399336	7.986052	1.312193	0.500000
8.859896	4.268209	2.461401	0.500000
0.053592	4.636273	0.500491	0.500000
9.141926	0.732522	0.554250	0.500000
6.799188	10.588985	2.409354	0.500000
4.174741	7.454543	2.427191	0.500000
4.978916	5.242029	1.647521	0.500000
1.519366	3.401352	2.474093	0.500000
2.914246	8.218820	0.639185	0.500000
7.501052	7.270692	0.509089	0.500000
3.251471	10.939966	2.477282	0.500000
5.002994	1.110051	1.552410	0.500000
3.434036	9.561338	1.471928	0.500000
5.117727	0.364524	0.557396	0.500000
2.098615	7.554105	0.596547	0.500000
7.201863	3.502167	0.585584	0.500000
9.378993	11.185827	0.599744	0.500000
6.695605	9.623668	1.288734	0.500000
9.535264	6.971645	2.474827	0.500000
7.021506	9.458865	2.396314	0.500000
7.536625	2.821188	1.398235	0.500000
5.891135	4.509209	1.350051	0.500000
7.036524	8.300453	1.518839	0.500000
7.634575	10.703272	1.296231	0.500000
8.699258	3.718835	1.458506	0.500000
7.657432	1.860032	0.708590	0.500000
1.283143	1.277560	0.594145	0.500000
3.466495	10.812185	0.753377	0.500000
0.898331	8.231788	2.481287	0.500000
10.198022	5.907102	1.485687	0.500000
3.728867	8.877313	0.597951	0.500000
9.320549	1.400776	1.372404	0.500000
2.203007	0.167258	2.448636	0.500000
6.080821	0.253903	0.853378	0.500000
5.837643	6.679290	0.504258	0.500000
11.342909	4.189113	2.421005	0.500000
8.121396	8.083551	0.521773	0.500000
0.577832	11.153609	1.685025	0.500000
1.434677	9.561315	1.443460	0.500000
0.720857	4.123743	1.215101	0.500000
10.216118	9.066532	2.449084	0.500000
11.137032	9.725617	0.592222	0.500000
6.645680	4.580705	0.555701	0.500000
3.136688	4.527917	0.631468	0.500000
8.262845	8.183437	1.729844	0.500000
11.154636	8.326363	2.442282	0.500000
3.015062	7.128417	0.568105	0.500000
5.974289	9.518267	2.479211	0.500000
10.968783	5.708241	0.646554	0.500000
4.255630	0.167715	1.696161	0.500000
9.685070	1.708959	2.269058	0.500000
0.990014	4.300309	2.313063	0.500000
7.702636	4.921812	0.562224	0.500000
7.967065	10.096746	2.248432	0.500000
8.449570	9.850098	0.883036	0.500000
3.870386	1.301232	1.399164	0.500000
5.439251	7.947459	1.638938	0.500000
8.829416	5.542729	2.466027	0.500000
6.573426	6.299598	1.220802	0.500000
2.060037	10.245930	0.535753	0.500000
7.040097	5.370464	1.364505	0.500000
0.563459	7.746405	1.612172	0.500000
8.226485	10.980009	0.500568	0.500000
11.145593	0.702909	1.533177	0.500000
8.389976	0.798239	2.451474	0.500000
9.354636	4.441948	0.911891	0.500000
1.340125	4.533616	0.506206	0.500000
4.007260	3.546144	1.335490	0.500000
4.783956	2.468331	1.387988	0.500000
7.532134	8.050067	2.499853	0.500000
10.929550	10.684377	1.537466	0.500000
11.183499	9.444252	2.380568	0.500000
4.910259	4.639236	2.482774	0.500000
4.424564	6.308424	1.597085	0.500000
0.473361	2.180673	0.501069	0.500000
0.870913	1.216198	2.491245	0.500000
5.184569	7.897205	0.620632	0.500000
6.992675	2.025501	1.747249	0.500000
3.014191	9.909424	0.558772	0.500000
8.687878	7.216215	1.466230	0.500000
5.521408	1.391782	2.460693	0.500000
9.779371	3.649220	2.484909	0.500000
1.722255	1.762796	1.466650	0.500000
1.273918	5.074936	1.419282	0.500000
8.605266	6.449072	0.527866	0.500000
2.539948	4.169176	2.487313	0.500000
0.843634	9.635483	2.358821	0.500000
11.427941	5.363374	1.483802	0.500000
7.284520	0.479365	2.452254	0.500000
6.887933	4.058691	1.440215	0.500000
3.969270	5.011678	2.433434	0.500000
9.473950	9.217284	1.550023	0.500000
5.803148	5.344660	2.229038	0.500000
6.222632	5.582598	0.502645	0.500000
5.185862	4.732758	0.591968	0.500000
5.949616	10.273597	1.576288	0.500000
10.359103	8.955783	0.540196	0.500000
8.063847	9.067005	2.384551	0.500000
4.337838	8.783549	1.439080	0.500000
3.731570	7.970642	1.511854	0.500000
4.757289	8.737030	2.348347	0.500000
10.179550	0.966527	0.517946	0.500000
5.958022	7.290415	2.479761	0.500000
1.582088	5.973113	2.412530	0.500000
6.543540	10.393221	0.534215	0.500000
8.730463	1.915487	2.498902	0.500000
1.879371	4.914362	2.249230	0.500000
6.640017	7.322598	1.668211	0.500000
3.061788	5.655941	2.445402	0.500000
9.358756	0.558737	2.197216	0.500000
7.216212	3.599646	2.389333	0.500000
4.480948	10.800521	0.582015	0.500000
4.166443	4.300766	0.556484	0.500000
6.118054	3.413865	0.523058	0.500000
2.022510	11.366579	1.380881	0.500000
5.178747	11.192952	1.480151	0.500000
6.575555	7.826141	0.723612	0.500000
1.060084	8.611916	1.545708	0.500000
2.175452	1.332588	2.498392	0.500000
4.509168	10.911909	2.487262	0.500000
10.136905	10.264674	2.419050	0.500000
1.765453	2.781261	1.514717	0.500000
9.285806	5.240484	1.579660	0.500000
10.388760	3.166246	0.507323	0.500000
10.892982	3.268934	2.383973	0.500000
0.623242	6.339653	2.322756	0.500000
9.542251	9.908369	0.571711	0.500000
9.108327	9.751059	2.315267	0.500000
3.705455	8.601718	2.348209	0.500000
2.495812	6.251715	0.517685	0.500000
6.598954	6.056050	2.209053	0.500000
10.357282	9.780379	1.217630	0.500000
0.684947	5.530129	0.622475	0.500000
5.953874	2.094178	1.588775	0.500000
5.775853	2.419921	0.558251	0.500000
10.562441	2.269299	2.469129	0.500000
1.902076	9.868700	2.392047	0.500000
4.212593	9.808330	0.570095	0.500000
2.221724	3.949779	0.608753	0.500000
1.922868	7.692332	2.036468	0.500000
0.470271	3.363471	1.915300	0.500000
10.807405	2.985446	1.422343	0.500000
11.438141	0.271342	0.580419	0.500000
5.514779	10.835114	0.500563	0.500000
3.270602	4.579385	1.659743	0.500000
6.681265	4.721946	2.463024	0.500000
2.220193	0.686865	0.541404	0.500000
8.455023	4.141606	0.543884	0.500000
4.821301	3.506776	2.473140	0.500000
1.068209	6.616138	0.597337	0.500000
0.626186	1.223550	1.368338	0.500000
1.082430	10.030310	0.575726	0.500000
7.568697	1.447764	2.492787	0.500000
8.722829	1.753603	0.592174	0.500000
0.747161	2.318298	1.517804	0.500000
6.639120	11.295578	1.605649	0.500000
8.758907	7.726271	2.478248	0.500000
10.464007	8.518306	1.449576	0.500000
3.104395	7.607771	2.371994	0.500000
11.362623	8.204344	0.557850	0.500000
5.539513	6.246547	1.469328	0.500000
8.218524	3.468212	2.491269	0.500000
1.710711	8.559636	0.593936	0.500000
6.518593	1.481697	2.462308	0.500000
10.014588	7.235296	1.602069	0.500000
10.432094	7.837715	0.512331	0.500000
5.855326	8.723261	0.504151	0.500000
2.358876	6.789222	2.404662	0.500000
3.636851	6.473418	2.352995	0.500000
5.046365	6.826926	2.416026	0.500000
4.063703	7.921372	0.509107	0.500000
6.500280	8.345918	2.431442	0.500000
1.084594	3.169439	0.660372	0.500000
1.550567	2.280653	0.582966	0.500000
3.678387	2.682627	0.506762	0.500000
3.179976	0.054166	1.625555	0.500000
9.869574	2.594166	1.751689	0.500000
5.664237	1.247789	0.535943	0.500000
8.674922	5.217856	0.575223	0.500000
6.420335	1.144314	1.484026	0.500000
7.453346	9.977277	0.571723	0.500000
0.170155	2.382780	2.376309	0.500000
4.342420	4.473025	1.567612	0.500000
9.275134	6.352932	1.596248	0.500000
8.666390	2.637822	1.388773	0.500000
9.498657	2.436844	0.712050	0.500000
5.127033	3.817382	1.349356	0.500000
10.619493	4.768516	2.039639	0.500000
1.958548	6.588018	1.340943	0.500000
3.150923	9.929733	2.379637	0.500000
7.167417	0.193442	0.653538	0.500000
8.000029	11.249718	2.225465	0.500000
10.409776	0.816357	2.417077	0.500000
10.146945	7.911864	2.391508	0.500000
0.201781	7.210187	0.618786	0.500000
7.630022	2.563074	2.424357	0.500000
2.624630	2.275351	1.593004	0.500000
9.155539	8.690499	2.441521	0.500000
11.414631	3.484475	0.657973	0.500000
0.022863	6.412443	1.223353	0.500000
3.540073	5.757868	1.552841	0.500000
11.189916	1.936497	1.486936	0.500000
9.856184	5.305583	0.624674	0.500000
9.413109	7.190144	0.680443	0.500000
1.751210	3.997502	1.639524	0.500000
0.284460	9.876382	1.544947	0.500000
9.306475	3.449605	0.579653	0.500000
8.180206	1.720355	1.576948	0.500000
4.907677	7.160964	1.286914	0.500000
3.190942	0.764418	0.769906	0.500000
3.780916	3.996767	2.322096	0.500000
9.692946	4.952681	2.461651	0.500000
1.153771	11.395752	0.790124	0.500000
0.042630	7.289908	2.388733	0.500000
2.317484	5.718477	1.775905	0.500000
2.517132	9.116646	0.923016	0.500000
10.319546	1.376663	1.515755	0.500000
7.216098	6.915659	2.482800	0.500000
4.109167	0.292710	0.562653	0.500000
6.207892	0.465219	2.476190	0.500000
4.249957	5.288937	0.915113	0.500000
10.281927	10.745903	0.633128	0.500000
5.095119	10.077190	2.387072	0.500000
11.130642	4.126688	1.424900	0.500000
11.032862	7.582277	1.407664	0.500000
4.781201	8.841545	0.522220	0.500000
10.109017	3.839439	1.384670	0.500000
6.761819	2.515430	0.763505	0.500000
10.379993	4.361929	0.516392	0.500000
4.818447	0.605903	2.432846	0.500000
7.845458	4.649472	2.474846	0.500000
3.087619	3.405540	1.857528	0.500000
8.277746	3.145830	0.593924	0.500000
1.306926	2.341630	2.408102	0.500000
8.224107	4.756937	1.513739	0.500000
10.555730	6.659295	2.499952	0.500000
5.826156	10.961913	2.293266	0.500000
4.839756	5.827435	2.491512	0.500000
3.422202	1.807114	2.497405	0.500000
1.145620	0.171428	2.496382	0.500000
4.266017	10.389933	1.500755	0.500000
7.480091	1.009054	1.298955	0.500000
1.515546	0.825093	1.751936	0.500000
