300

1.568266	1.618477	0.536132	0.500000
3.238165	8.854490	2.425127	0.500000
4.064581	1.634718	1.572822	0.500000
6.048184	3.323201	0.736870	0.500000
5.031422	10.222446	2.460823	0.500000
10.131459	1.137650	0.564396	0.500000
4.856544	3.255278	2.328947	0.500000
3.091344	0.291445	1.509726	0.500000
4.031570	10.321408	2.351500	0.500000
1.655960	9.237771	0.511553	0.500000
10.987030	8.110854	2.295106	0.500000
9.499769	2.523867	1.423494	0.500000
8.763030	7.227139	0.539893	0.500000
4.311188	4.096570	2.429679	0.500000
10.862982	6.905966	0.517833	0.500000
8.000107	0.757362	1.550344	0.500000
7.132148	3.748099	1.132104	0.500000
3.082998	1.388947	1.443209	0.500000
7.861289	9.765102	1.686316	0.500000
8.857216	4.982802	2.469674	0.500000
8.397673	10.395581	2.460223	0.500000
2.125275	6.185280	1.486762	0.500000
6.652112	3.103567	1.729434	0.500000
3.598896	11.226497	2.398710	0.500000
9.785693	3.559281	1.497984	0.500000
1.781763	10.034751	1.412618	0.500000
3.123371	9.403938	1.574979	0.500000
8.473695	2.987350	1.208816	0.500000
4.959692	2.277264	1.648819	0.500000
9.796023	9.269736	1.463808	0.500000
2.774089	7.501067	1.438265	0.500000
9.446368	3.172750	0.541769	0.500000
8.511837	11.415092	2.430542	0.500000
10.909147	0.687588	1.692267	0.500000
10.454730	11.155415	0.576386	0.500000
0.546822	8.649518	2.202685	0.500000
3.275892	6.565260	1.560866	0.500000
5.557902	3.103225	1.582161	0.500000
6.927940	0.341199	1.487036	0.500000
5.385276	8.630973	0.589576	0.500000
5.449765	6.535962	1.440025	0.500000
10.679399	7.110631	2.190852	0.500000
3.623447	3.581939	0.543750	0.500000
7.022727	9.335060	0.633380	0.500000
5.854324	6.063279	2.476853	0.500000
8.355099	2.752026	2.484712	0.500000
4.579802	1.763158	0.514393	0.500000
5.234864	5.227979	2.044291	0.500000
0.011710	8.289756	0.501153	0.500000
1.140709	9.722773	2.411025	0.500000
1.719564	10.570533	2.303881	0.500000
9.504686	0.244096	0.514733	0.500000
11.378215	8.950031	1.441863	0.500000
6.656017	7.986318	2.441022	0.500000
1.674634	3.555169	1.460019	0.500000
2.638137	8.515169	1.549707	0.500000
10.687155	5.343946	1.505125	0.500000
1.118884	4.976721	2.476123	0.500000
3.604029	3.369139	2.378735	0.500000
7.791585	8.947771	2.468270	0.500000
2.272149	3.760856	0.531010	0.500000
3.879722	1.162929	2.475334	0.500000
6.981985	5.901869	2.330701	0.500000
1.874879	0.371556	2.437627	0.500000
3.842294	5.764182	0.581391	0.500000
7.263573	4.724198	1.501892	0.500000
0.248176	6.301980	0.516278	0.500000
7.029759	5.739451	0.515791	0.500000
2.509661	5.714371	2.318245	0.500000
3.619792	6.996306	0.583061	0.500000
2.563356	8.098249	2.464198	0.500000
6.351657	10.947889	1.403085	0.500000
1.679558	1.418323	2.464276	0.500000
6.288506	0.358566	2.350270	0.500000
11.291399	2.867638	0.664113	0.500000
4.469992	6.284305	1.455396	0.500000
6.190559	10.499462	0.502247	0.500000
9.326065	9.422046	0.586511	0.500000
0.674764	1.306100	2.101540	0.500000
0.869183	0.295513	2.445552	0.500000
2.796452	1.097552	2.360425	0.500000
2.844611	5.594860	0.552908	0.500000
6.108333	3.540632	2.486581	0.500000
7.695466	6.766505	2.499119	0.500000
1.607613	4.888816	1.604944	0.500000
6.079494	9.790853	2.420745	0.500000
0.400955	7.750373	1.697190	0.500000
7.133038	2.668519	0.575058	0.500000
10.567193	9.108460	0.575178	0.500000
7.415899	3.939155	2.238110	0.500000
2.695928	4.969601	1.465396	0.500000
0.125721	6.825639	1.394746	0.500000
2.096703	4.806274	0.596864	0.500000
10.371144	3.545430	2.389018	0.500000
6.060994	8.740898	1.535143	0.500000
1.823484	4.240875	2.370751	0.500000
9.604034	5.859349	1.282738	0.500000
7.195835	10.399039	0.551588	0.500000
9.891176	0.226821	1.460694	0.500000
10.403188	1.865563	1.456647	0.500000
5.145482	7.796492	2.474295	0.500000
8.046632	0.011626	0.544208	0.500000
7.058852	0.498488	0.500118	0.500000
5.855061	7.417339	0.616135	0.500000
2.741294	9.869978	2.449963	0.500000
4.701198	9.888192	0.532944	0.500000
8.964455	8.273748	0.567241	0.500000
3.146699	4.464682	0.534052	0.500000
0.299260	3.873849	1.622600	0.500000
1.731878	0.454818	0.583029	0.500000
9.220506	6.126210	2.368575	0.500000
7.569753	10.758134	1.543554	0.500000
3.724639	1.204316	0.663042	0.500000
5.341520	4.190641	2.379996	0.500000
3.690413	0.005103	0.525824	0.500000
8.183180	2.255712	0.565473	0.500000
4.817189	0.663399	0.503004	0.500000
5.953253	2.432337	2.292413	0.500000
8.606738	1.928832	1.552290	0.500000
6.452170	1.958349	1.325027	0.500000
9.160846	10.759588	0.732832	0.500000
7.974044	1.407691	2.498363	0.500000
6.822798	10.914548	2.442695	0.500000
1.266924	8.907474	1.549547	0.500000
5.393086	0.301091	1.643647	0.500000
11.232499	6.240839	2.195338	0.500000
5.990282	9.434623	0.760431	0.500000
0.604133	1.528800	1.027648	0.500000
9.445809	4.168392	2.375521	0.500000
1.936686	2.762648	0.716428	0.500000
1.377600	2.508004	1.526618	0.500000
3.917132	4.585164	1.630450	0.500000
8.191234	5.900244	2.326643	0.500000
8.555259	11.215362	1.394433	0.500000
4.450591	8.224171	0.501146	0.500000
4.515569	5.267874	1.143298	0.500000
8.039665	9.228452	0.787439	0.500000
9.961922	8.527734	2.474789	0.500000
7.744518	4.958164	2.478404	0.500000
4.862102	6.266652	2.493708	0.500000
7.893922	5.204394	0.534571	0.500000
5.082175	2.775748	0.763219	0.500000
2.036666	8.957626	2.357939	0.500000
3.425948	7.978678	0.798213	0.500000
3.592884	9.389296	0.532354	0.500000
9.744663	4.892984	1.578518	0.500000
11.070149	0.688836	0.597475	0.500000
10.425188	3.435378	0.539952	0.500000
10.517534	6.402996	1.372228	0.500000
8.553414	7.622528	2.075052	0.500000
3.514580	6.182996	2.474411	0.500000
4.995058	0.742286	2.460488	0.500000
1.552095	2.776217	2.477801	0.500000
6.547955	4.682881	2.412346	0.500000
3.685765	10.377708	0.674418	0.500000
10.769299	4.285192	1.395334	0.500000
6.433535	5.374632	1.653648	0.500000
8.556495	1.091839	0.507078	0.500000
10.895501	7.591527	1.325468	0.500000
2.599792	9.609917	0.621062	0.500000
1.144765	5.491044	0.608121	0.500000
0.512052	5.016495	1.280206	0.500000
0.967491	3.413446	0.767217	0.500000
8.872175	9.976887	1.393028	0.500000
4.974352	9.253619	1.291278	0.500000
3.121878	2.739702	1.372853	0.500000
8.205897	8.340785	1.465490	0.500000
9.971271	8.099972	0.703264	0.500000
10.057060	10.207264	0.532809	0.500000
2.600775	11.128159	2.351692	0.500000
5.485595	4.183213	0.655876	0.500000
2.127825	1.741598	1.538909	0.500000
11.055514	10.107634	0.568246	0.500000
4.788039	8.150709	1.551781	0.500000
9.404012	8.186585	1.666459	0.500000
7.533650	8.082562	0.544262	0.500000
1.425061	1.040925	1.406455	0.500000
11.229634	5.145962	0.593049	0.500000
3.930148	8.729327	1.283059	0.500000
9.554463	2.891363	2.442873	0.500000
2.270521	8.107116	0.522033	0.500000
3.812472	7.472070	1.594503	0.500000
4.862400	11.004853	0.785804	0.500000
4.228590	5.123492	2.466419	0.500000
4.636908	7.184290	0.828913	0.500000
5.805272	7.519629	1.732198	0.500000
5.936868	0.132420	0.695884	0.500000
11.295262	9.739808	2.353477	0.500000
7.196340	9.918484	2.465901	0.500000
1.257747	7.575346	2.247267	0.500000
4.091285	3.003347	1.512746	0.500000
2.631033	3.151632	2.165802	0.500000
8.281805	10.276959	0.571943	0.500000
6.451306	6.989837	2.429161	0.500000
7.064027	8.762609	1.456259	0.500000
1.493319	6.611121	0.649338	0.500000
4.084978	9.728355	1.423261	0.500000
3.549561	5.521984	1.675453	0.500000
6.163383	4.020892	1.468547	0.500000
7.593140	6.126727	1.550626	0.500000
11.141837	1.290368	2.494519	0.500000
7.213710	2.400162	2.416331	0.500000
0.593107	9.332934	0.586400	0.500000
0.661867	2.281869	2.469481	0.500000
2.663936	2.062699	0.581984	0.500000
4.831791	6.219481	0.513743	0.500000
10.714408	9.744705	1.473391	0.500000
1.131511	4.407174	0.761159	0.500000
2.725952	1.033407	0.533618	0.500000
10.717453	3.143841	1.488865	0.500000
3.304985	7.415187	2.464060	0.500000
9.121319	0.725383	2.161617	0.500000
0.646587	7.397569	0.702442	0.500000
0.138345	3.146814	2.313744	0.500000
2.396304	2.188724	2.421086	0.500000
2.814520	3.962164	1.605271	0.500000
10.285346	2.423377	0.518754	0.500000
0.738262	0.649824	0.560233	0.500000
10.884993	2.381099	2.474052	0.500000
4.490932	9.344698	2.417094	0.500000
0.758098	9.915716	1.448954	0.500000
1.328922	10.249977	0.500838	0.500000
9.619108	1.780529	2.171796	0.500000
5.504641	5.193720	0.902441	0.500000
10.968710	11.340902	2.385799	0.500000
7.610815	2.189060	1.441103	0.500000
11.315975	4.131600	0.518208	0.500000
6.143659	1.001097	1.191177	0.500000
11.033515	1.760289	0.624396	0.500000
5.449585	10.285377	1.228196	0.500000
2.173782	10.883291	0.560687	0.500000
6.824068	4.616539	0.568383	0.500000
8.148063	4.265815	1.614910	0.500000
9.239435	2.009423	0.525660	0.500000
5.768035	1.859526	0.591816	0.500000
10.255514	0.738897	2.456080	0.500000
8.520991	3.753836	2.432599	0.500000
4.396938	2.097071	2.489518	0.500000
0.015368	4.893886	2.290879	0.500000
10.326130	5.862532	2.392127	0.500000
6.025115	6.066438	0.559368	0.500000
8.959545	3.901551	1.048927	0.500000
9.393617	10.118695	2.353097	0.500000
10.403136	4.632294	2.305394	0.500000
6.472133	8.375167	0.526489	0.500000
8.760236	6.186904	0.515062	0.500000
1.007530	3.667986	2.451242	0.500000
9.884542	7.193852	1.480938	0.500000
0.426055	10.776896	2.443173	0.500000
0.676346	5.979605	1.498547	0.500000
9.577714	11.201006	2.393401	0.500000
4.298429	7.180285	2.421162	0.500000
6.755753	9.019858	2.432519	0.500000
2.302710	6.984423	2.165732	0.500000
10.474769	8.484616	1.503120	0.500000
6.880318	7.128625	0.659378	0.500000
4.804294	3.745165	1.370323	0.500000
9.887824	4.396101	0.716460	0.500000
9.345426	1.228633	1.207312	0.500000
8.425902	5.545288	1.341083	0.500000
2.561802	6.690836	0.592949	0.500000
9.640298	6.677973	0.638663	0.500000
7.262608	7.558804	1.505384	0.500000
10.278239	5.643653	0.506744	0.500000
5.482159	8.864838	2.429159	0.500000
7.376896	0.331421	2.443637	0.500000
7.669132	7.954784	2.456663	0.500000
1.778255	7.812279	1.420136	0.500000
4.104698	0.600955	1.411479	0.500000
4.516908	11.188933	1.994331	0.500000
4.136598	8.287191	2.371965	0.500000
10.205322	9.504307	2.353027	0.500000
11.322135	2.303739	1.502045	0.500000
4.222959	4.386950	0.621957	0.500000
0.644377	11.347413	1.531862	0.500000
8.384304	6.746608	1.559721	0.500000
0.861309	2.411415	0.555317	0.500000
0.122440	11.149163	0.672877	0.500000
6.701853	9.995764	1.547565	0.500000
5.806186	10.914758	2.443674	0.500000
7.998557	4.103606	0.593380	0.500000
3.405155	2.273749	2.455270	0.500000
3.105987	10.476377	1.503397	0.500000
1.447719	6.199807	2.236610	0.500000
1.704221	11.222452	1.528013	0.500000
5.062440	1.316482	1.300627	0.500000
8.840041	8.726759	2.367886	0.500000
9.829614	10.457782	1.510908	0.500000
3.756158	2.564238	0.546859	0.500000
9.479331	7.336155	2.450284	0.500000
3.105225	4.618028	2.476041	0.500000
1.239083	8.303858	0.627345	0.500000
6.455080	6.479675	1.433378	0.500000
5.798482	1.420392	2.460133	0.500000
10.964887	10.829778	1.454916	0.500000
9.047736	5.133588	0.564467	0.500000
7.828671	6.619866	0.599067	0.500000
6.883235	1.359197	2.237371	0.500000
7.247192	1.278784	1.097375	0.500000
0.624971	6.766409	2.437767	0.500000
