100

9.304600	1.389966	0.745804	0.500000
4.466266	10.188931	0.796370	0.500000
3.273812	2.224882	0.784850	0.500000
3.887878	4.093758	0.721043	0.500000
4.164744	3.119042	0.713960	0.500000
0.272161	2.378791	0.674935	0.500000
8.308939	10.225830	0.755069	0.500000
5.804336	6.545058	0.702941	0.500000
7.035426	8.670395	0.625654	0.500000
6.574520	10.290361	0.724452	0.500000
4.153900	8.185725	0.664220	0.500000
4.953022	6.000100	0.680407	0.500000
2.333180	2.658382	0.742394	0.500000
8.292012	1.374083	0.780703	0.500000
8.576131	7.525757	0.514451	0.500000
7.130503	1.467395	0.762553	0.500000
8.089224	3.433543	0.664380	0.500000
7.977913	5.747041	0.629372	0.500000
10.389590	10.336290	0.782996	0.500000
8.811990	0.356221	0.623930	0.500000
4.111669	5.077461	0.708807	0.500000
4.136719	9.246656	0.541775	0.500000
2.165924	6.084117	0.536748	0.500000
6.546590	7.394763	0.510108	0.500000
2.469022	9.446785	0.709902	0.500000
8.250762	4.480514	0.709472	0.500000
7.536918	9.594770	0.577526	0.500000
3.392722	1.213899	0.714810	0.500000
1.563136	0.672525	0.769353	0.500000
3.049789	6.608709	0.512789	0.500000
4.233193	1.927000	0.717640	0.500000
0.234121	0.521474	0.652093	0.500000
6.286462	0.930821	0.686126	0.500000
5.647172	1.783717	0.716572	0.500000
5.244005	4.821084	0.511165	0.500000
10.480674	6.623634	0.531730	0.500000
0.511996	3.488248	0.766607	0.500000
2.891765	4.429697	0.702437	0.500000
7.075932	3.875444	0.769743	0.500000
0.865188	1.553604	0.712235	0.500000
9.659860	7.300128	0.624996	0.500000
7.053921	4.900034	0.566246	0.500000
4.324876	7.106682	0.709752	0.500000
5.936747	5.522295	0.785619	0.500000
2.321248	1.624721	0.661650	0.500000
8.886017	6.329178	0.688397	0.500000
3.953216	6.144089	0.615846	0.500000
6.183523	9.364432	0.676326	0.500000
1.380708	2.401743	0.543997	0.500000
2.059997	10.363790	0.590508	0.500000
0.837111	7.500578	0.655755	0.500000
2.602853	0.583235	0.528044	0.500000
1.468815	9.218673	0.670729	0.500000
9.855663	2.287075	0.768472	0.500000
3.098180	5.614425	0.778152	0.500000
9.107546	5.312849	0.534570	0.500000
7.731171	2.306195	0.719330	0.500000
6.622162	2.437701	0.530566	0.500000
9.726774	4.505791	0.763308	0.500000
5.116375	2.619419	0.553925	0.500000
9.345105	8.241917	0.764389	0.500000
10.253867	8.832099	0.504559	0.500000
3.167509	3.393656	0.507273	0.500000
6.141057	3.279748	0.778543	0.500000
10.175403	5.563000	0.717023	0.500000
6.205995	4.375678	0.706606	0.500000
9.098856	3.520407	0.647654	0.500000
7.028341	6.256886	0.637834	0.500000
9.111004	9.240556	0.504161	0.500000
8.735279	2.404891	0.748407	0.500000
0.554328	8.518410	0.652124	0.500000
10.580108	7.711613	0.726983	0.500000
10.436913	1.408531	0.713406	0.500000
2.062278	3.754294	0.722565	0.500000
0.756184	5.427024	0.712661	0.500000
7.572668	7.790086	0.609234	0.500000
5.136870	3.655198	0.708266	0.500000
3.366694	7.567521	0.667919	0.500000
9.391930	10.199287	0.690306	0.500000
3.169567	8.637928	0.737674	0.500000
3.885929	0.326882	0.700228	0.500000
5.114386	8.606266	0.785121	0.500000
10.172274	3.525506	0.545714	0.500000
1.962350	5.074154	0.554902	0.500000
1.181208	4.354399	0.656162	0.500000
7.897534	6.793427	0.668454	0.500000
5.217664	9.587233	0.510120	0.500000
10.724175	4.713299	0.750085	0.500000
6.101512	8.287357	0.789006	0.500000
7.700656	0.324081	0.683325	0.500000
0.488863	9.638526	0.731503	0.500000
1.881917	7.349132	0.714064	0.500000
3.163801	10.310246	0.501049	0.500000
2.135996	8.331456	0.689438	0.500000
4.810841	0.908046	0.507527	0.500000
8.375028	8.512829	0.789686	0.500000
1.192631	6.560787	0.521722	0.500000
5.539141	0.134416	0.544578	0.500000
5.376165	7.521289	0.692668	0.500000
0.997297	10.588806	0.612046	0.500000
