100

9.713275	1.298681	0.578161	0.500000
4.638748	10.573506	0.579877	0.500000
3.371384	2.619465	0.574808	0.500000
3.626551	3.702709	0.668742	0.500000
4.363199	2.926438	0.638589	0.500000
0.146811	2.823397	0.608426	0.500000
8.436664	9.951758	0.568465	0.500000
6.161468	6.855451	0.712335	0.500000
6.526615	8.963824	0.796324	0.500000
6.566821	0.382439	0.537778	0.500000
4.497653	8.452916	0.630084	0.500000
5.189872	6.464226	0.636798	0.500000
2.147246	2.684000	0.795534	0.500000
7.480130	2.247315	0.799892	0.500000
8.462899	7.539281	0.508670	0.500000
7.219947	1.191230	0.503001	0.500000
8.228672	4.133686	0.513167	0.500000
7.563863	5.265123	0.611910	0.500000
10.193414	10.103829	0.786119	0.500000
8.379471	0.933508	0.762595	0.500000
3.737866	5.448487	0.711182	0.500000
3.799254	9.954105	0.744228	0.500000
2.006128	6.504674	0.691940	0.500000
7.389556	7.271715	0.787183	0.500000
2.733978	9.588580	0.678310	0.500000
9.259553	4.207386	0.787343	0.500000
7.444988	9.757743	0.565452	0.500000
3.024317	1.555457	0.604238	0.500000
1.161045	0.688044	0.731619	0.500000
3.092178	6.691594	0.523157	0.500000
4.277967	1.889404	0.739693	0.500000
10.641366	0.398512	0.578932	0.500000
5.569809	1.410158	0.715248	0.500000
5.395079	2.408519	0.760029	0.500000
4.896481	5.499435	0.576392	0.500000
0.331261	6.442550	0.606165	0.500000
0.589122	3.756183	0.529060	0.500000
3.137497	4.608650	0.522551	0.500000
7.123091	4.064427	0.502545	0.500000
0.980320	1.701526	0.685665	0.500000
9.371577	7.193104	0.777107	0.500000
6.513923	4.924132	0.605495	0.500000
4.133003	7.495599	0.540646	0.500000
5.911120	5.752683	0.660967	0.500000
2.025504	1.682028	0.788040	0.500000
9.056103	6.123618	0.658222	0.500000
4.177162	6.375663	0.620558	0.500000
6.341806	9.962323	0.543712	0.500000
1.165821	2.865203	0.595684	0.500000
1.858353	10.423586	0.767500	0.500000
1.107988	7.139219	0.653387	0.500000
2.366756	0.709265	0.646702	0.500000
1.689986	9.392429	0.763887	0.500000
10.029921	2.278529	0.767462	0.500000
2.660317	5.629640	0.596625	0.500000
8.570813	5.235896	0.626230	0.500000
7.762914	3.202006	0.675828	0.500000
6.388061	2.028276	0.514508	0.500000
9.588729	5.160241	0.641316	0.500000
5.281903	3.488661	0.632192	0.500000
9.373344	8.259154	0.565721	0.500000
10.363472	8.689520	0.579935	0.500000
2.598651	3.767358	0.762989	0.500000
6.635873	3.031134	0.711182	0.500000
10.073276	6.185329	0.628691	0.500000
5.576108	4.550586	0.546340	0.500000
8.826451	3.290437	0.623264	0.500000
6.860828	6.097714	0.701238	0.500000
9.273542	9.418935	0.704884	0.500000
8.757213	1.912514	0.559150	0.500000
0.562227	8.109210	0.680354	0.500000
10.390534	7.455055	0.661520	0.500000
10.711844	1.497805	0.637032	0.500000
1.579192	3.932206	0.594345	0.500000
10.572332	5.320160	0.793444	0.500000
7.488014	8.362535	0.533583	0.500000
4.571095	4.380808	0.575808	0.500000
3.104092	7.797888	0.569369	0.500000
9.591597	0.220489	0.611359	0.500000
3.353567	8.796723	0.598911	0.500000
3.554613	0.687973	0.712991	0.500000
5.523747	8.814405	0.699565	0.500000
9.904335	3.361926	0.587322	0.500000
2.103796	4.783000	0.690624	0.500000
0.946886	4.754657	0.598403	0.500000
7.934902	6.437715	0.545893	0.500000
4.741524	9.474758	0.774091	0.500000
10.394151	4.289380	0.567767	0.500000
6.592177	7.890689	0.729883	0.500000
7.571542	0.042601	0.639014	0.500000
0.693577	9.385782	0.517067	0.500000
2.015809	7.567673	0.721318	0.500000
2.942892	10.617000	0.778452	0.500000
2.287617	8.560326	0.563556	0.500000
4.693795	0.922533	0.571097	0.500000
8.324497	8.939108	0.508886	0.500000
1.287943	5.781367	0.599045	0.500000
5.536077	0.327448	0.676788	0.500000
5.198202	7.568663	0.621574	0.500000
0.738144	10.470157	0.709397	0.500000
