100

10.294897	3.340709	0.724672	0.500000
1.924724	10.686506	0.732055	0.500000
1.639119	1.278189	0.501409	0.500000
2.651933	1.469902	0.686398	0.500000
4.766645	0.728625	0.758842	0.500000
8.975119	3.361974	0.790163	0.500000
7.011749	9.139178	0.706205	0.500000
3.049859	8.013768	0.720103	0.500000
8.350572	9.305176	0.754769	0.500000
7.496667	1.917031	0.629768	0.500000
4.396917	4.874911	0.733498	0.500000
3.933994	3.471289	0.727159	0.500000
2.868147	3.486568	0.788708	0.500000
6.140565	0.918637	0.502188	0.500000
6.027571	6.240761	0.758673	0.500000
9.117326	1.628339	0.783292	0.500000
6.896821	2.894129	0.726019	0.500000
7.697409	10.113245	0.544191	0.500000
9.344770	9.463663	0.562930	0.500000
0.421206	8.786174	0.740299	0.500000
5.489294	4.612840	0.768762	0.500000
0.985694	0.342103	0.569893	0.500000
2.883344	9.046620	0.528031	0.500000
4.805338	10.223280	0.507594	0.500000
3.866391	0.011898	0.780928	0.500000
7.022571	6.060868	0.790269	0.500000
7.007551	0.415811	0.532521	0.500000
10.640370	2.299347	0.730572	0.500000
9.572938	2.554855	0.510822	0.500000
4.192004	6.058800	0.679510	0.500000
8.505220	2.436036	0.650719	0.500000
9.688676	10.638843	0.582013	0.500000
2.902778	0.496602	0.678941	0.500000
4.256341	2.119363	0.607442	0.500000
5.907226	2.816002	0.559572	0.500000
7.700442	5.216753	0.657357	0.500000
6.386281	3.796632	0.509213	0.500000
3.213996	2.377363	0.699925	0.500000
7.933155	1.001996	0.540637	0.500000
10.693460	0.226087	0.700319	0.500000
8.190183	6.091816	0.611139	0.500000
5.973418	7.493687	0.522882	0.500000
2.369864	4.487447	0.798566	0.500000
6.484399	5.063190	0.508482	0.500000
1.623271	3.464403	0.546295	0.500000
6.888185	8.128825	0.716759	0.500000
4.080460	7.305819	0.513365	0.500000
6.401420	1.880613	0.777664	0.500000
10.496761	6.475606	0.618469	0.500000
10.484869	9.727119	0.779970	0.500000
1.148309	7.846022	0.533426	0.500000
1.042357	2.162857	0.656834	0.500000
1.595063	9.606160	0.709550	0.500000
0.243054	5.359096	0.533591	0.500000
3.415998	4.629204	0.606150	0.500000
6.889888	7.075488	0.508612	0.500000
9.461734	4.298464	0.782089	0.500000
7.939040	3.308995	0.621997	0.500000
0.627226	3.428058	0.771182	0.500000
7.331158	4.124396	0.552230	0.500000
9.254214	7.335930	0.658390	0.500000
10.078106	8.714530	0.512692	0.500000
3.092508	6.919100	0.745698	0.500000
5.093391	5.557912	0.507198	0.500000
10.579918	4.347457	0.682763	0.500000
5.025032	6.862672	0.779027	0.500000
8.904043	5.202683	0.634310	0.500000
2.096065	6.491681	0.674996	0.500000
8.049316	8.227245	0.505413	0.500000
8.417237	4.306854	0.651057	0.500000
0.687072	10.023247	0.548924	0.500000
0.663783	6.964056	0.548785	0.500000
1.028470	4.667172	0.769445	0.500000
2.055004	5.439550	0.506874	0.500000
9.294992	6.147319	0.631210	0.500000
5.779656	9.579525	0.556707	0.500000
4.988657	3.258775	0.792994	0.500000
4.029758	8.549184	0.695772	0.500000
9.112644	8.325212	0.613762	0.500000
3.112586	5.745656	0.523904	0.500000
2.159566	2.411110	0.605446	0.500000
3.676048	1.161217	0.711662	0.500000
1.140572	5.918357	0.606685	0.500000
2.099692	7.518078	0.530911	0.500000
0.073163	7.848917	0.781577	0.500000
6.666681	10.151669	0.586513	0.500000
5.621982	0.071828	0.694695	0.500000
9.954050	5.383708	0.544747	0.500000
5.037723	8.019388	0.687290	0.500000
8.710448	10.362412	0.760014	0.500000
8.888770	0.641073	0.513591	0.500000
3.994276	9.604598	0.558222	0.500000
10.005139	1.014052	0.663175	0.500000
1.954749	8.600712	0.680586	0.500000
5.396316	1.678480	0.601183	0.500000
4.924850	9.027238	0.514500	0.500000
7.914719	7.113537	0.617803	0.500000
5.945674	8.574945	0.700809	0.500000
2.987300	10.160086	0.581853	0.500000
0.507146	1.300696	0.538233	0.500000
