100

10.446098	1.944465	0.784306	0.500000
3.988186	10.629915	0.709123	0.500000
2.647569	0.409226	0.748862	0.500000
3.287361	2.139733	0.763626	0.500000
5.677562	1.292916	0.796426	0.500000
8.622457	2.713018	0.501065	0.500000
7.680406	8.121595	0.526531	0.500000
4.116762	8.337006	0.645406	0.500000
6.701109	9.065843	0.577681	0.500000
6.698064	10.137442	0.542387	0.500000
5.167695	5.201262	0.780265	0.500000
3.065814	5.040349	0.772843	0.500000
2.408398	4.087666	0.751204	0.500000
7.746272	10.561744	0.554170	0.500000
7.777363	4.702912	0.757070	0.500000
9.028365	1.640991	0.790724	0.500000
7.501505	2.472120	0.632707	0.500000
5.878076	5.890653	0.528752	0.500000
9.949519	9.526959	0.776594	0.500000
8.411759	8.834393	0.788191	0.500000
3.495504	4.111108	0.733207	0.500000
2.987852	9.995970	0.685158	0.500000
2.108290	7.185890	0.650691	0.500000
4.808300	10.035245	0.511266	0.500000
3.700340	9.264162	0.618958	0.500000
8.085203	3.653285	0.777154	0.500000
7.544663	9.602247	0.788545	0.500000
0.786428	2.673127	0.624843	0.500000
9.763187	0.938197	0.773665	0.500000
3.030106	6.779486	0.552142	0.500000
7.648896	1.457944	0.691134	0.500000
10.717308	10.492230	0.652499	0.500000
4.246236	1.813281	0.602972	0.500000
3.515558	1.012234	0.688622	0.500000
5.397892	3.577155	0.752415	0.500000
8.858073	5.537403	0.555540	0.500000
4.373633	2.861305	0.795598	0.500000
2.803955	3.015109	0.748346	0.500000
8.740128	0.298734	0.536835	0.500000
0.108427	0.758768	0.596719	0.500000
9.820951	5.002976	0.772778	0.500000
6.885358	5.205584	0.581944	0.500000
4.196782	4.963198	0.745463	0.500000
4.484980	3.979893	0.613753	0.500000
1.507389	3.502512	0.633742	0.500000
6.026728	6.954440	0.577161	0.500000
3.963948	6.219406	0.686054	0.500000
6.953336	0.576447	0.799544	0.500000
0.443726	3.799833	0.728742	0.500000
0.982698	10.245885	0.595392	0.500000
10.352517	8.164125	0.722782	0.500000
1.947651	2.543806	0.532513	0.500000
1.644123	9.257297	0.688613	0.500000
10.483767	3.059926	0.776533	0.500000
2.067835	5.022884	0.639670	0.500000
7.737516	5.727147	0.651654	0.500000
9.595465	2.456418	0.636804	0.500000
6.673135	1.830433	0.747814	0.500000
10.122759	3.994538	0.772653	0.500000
6.393118	3.013455	0.726276	0.500000
8.613449	6.522870	0.662451	0.500000
9.332453	8.424275	0.759100	0.500000
2.076731	6.123719	0.610143	0.500000
7.013913	3.921444	0.759501	0.500000
0.182829	4.855782	0.689957	0.500000
5.875593	4.521594	0.587452	0.500000
8.817595	4.526590	0.560110	0.500000
4.974157	6.437754	0.591804	0.500000
7.744934	7.059229	0.685584	0.500000
9.232027	3.494322	0.730603	0.500000
0.278883	9.532764	0.509226	0.500000
0.628869	7.504425	0.771823	0.500000
1.188663	1.727913	0.768073	0.500000
1.215744	4.478665	0.794595	0.500000
9.624809	6.436551	0.523393	0.500000
6.911822	6.434617	0.758771	0.500000
5.440466	2.227683	0.516789	0.500000
3.989190	7.293406	0.795213	0.500000
8.625093	7.638706	0.718727	0.500000
1.685385	8.237089	0.698483	0.500000
2.447316	1.410846	0.717509	0.500000
4.564569	0.743832	0.662132	0.500000
1.017188	5.520902	0.660240	0.500000
0.739552	6.494206	0.691114	0.500000
10.537539	6.902286	0.593683	0.500000
5.869026	8.490817	0.765942	0.500000
5.806196	9.650166	0.748583	0.500000
10.511607	5.812595	0.596238	0.500000
5.053660	7.570718	0.563267	0.500000
8.791195	9.761888	0.573701	0.500000
9.687921	10.578820	0.574912	0.500000
2.936233	7.968132	0.513610	0.500000
1.355051	0.645056	0.672044	0.500000
0.575284	8.564343	0.687050	0.500000
5.752686	0.170441	0.528398	0.500000
6.696829	7.867013	0.690159	0.500000
9.637087	7.436297	0.580757	0.500000
4.927271	8.992127	0.799296	0.500000
2.711857	9.010703	0.701306	0.500000
2.001920	10.282841	0.779146	0.500000
