400

0.547149	11.513184	3.245491	0.500000
10.601149	4.933779	2.623341	0.500000
10.496705	5.727101	0.505496	0.500000
6.423845	6.486625	2.443498	0.500000
6.844528	8.430382	1.466520	0.500000
1.293054	6.867306	2.380961	0.500000
4.473598	10.620494	3.350287	0.500000
1.731735	2.255592	2.418323	0.500000
5.212420	3.567301	3.381315	0.500000
11.818457	5.764642	0.544890	0.500000
6.803635	6.798008	1.556092	0.500000
0.341740	12.189962	0.557828	0.500000
1.582855	10.230874	1.520975	0.500000
0.573157	0.274173	1.479059	0.500000
0.074209	1.817792	3.499405	0.500000
3.220841	2.939546	0.867846	0.500000
1.925292	8.655200	2.483046	0.500000
2.101211	4.895351	2.030928	0.500000
10.442462	2.476858	1.385090	0.500000
10.214710	6.741742	3.231793	0.500000
8.761399	5.613719	3.408451	0.500000
5.558784	1.656254	2.675686	0.500000
2.080428	8.152341	3.429223	0.500000
3.575676	4.749536	3.116592	0.500000
1.646156	5.882664	2.308461	0.500000
3.847687	6.039558	3.253799	0.500000
7.227075	4.526209	2.816186	0.500000
8.871665	8.430676	2.991122	0.500000
9.607731	12.100341	3.335065	0.500000
4.018319	1.179805	2.557712	0.500000
3.814746	1.851746	1.255998	0.500000
12.144398	6.702153	1.366278	0.500000
11.349514	8.582423	0.657330	0.500000
5.590872	10.917888	1.361148	0.500000
11.365853	7.515706	1.174198	0.500000
2.030145	9.936967	2.645568	0.500000
2.157386	8.817705	0.541254	0.500000
5.578214	2.271155	3.488246	0.500000
2.179377	10.539411	0.511125	0.500000
5.178920	0.841086	1.770878	0.500000
10.282779	10.608494	0.525743	0.500000
6.399452	9.422144	1.281156	0.500000
0.752260	1.243205	0.730561	0.500000
2.646044	3.939381	2.307254	0.500000
1.844182	1.799010	0.818818	0.500000
10.094614	6.737169	0.534346	0.500000
0.672656	7.741563	2.483624	0.500000
1.184580	1.446945	3.080765	0.500000
1.521055	7.847500	0.580406	0.500000
0.576929	6.160530	2.139561	0.500000
3.939121	0.569969	3.418109	0.500000
10.542432	10.598915	1.516117	0.500000
4.822717	11.653560	1.586111	0.500000
4.812623	1.971320	1.549334	0.500000
11.856236	3.107574	0.573113	0.500000
0.321008	2.778218	3.041001	0.500000
11.914081	8.633520	2.663751	0.500000
6.236095	0.805130	3.492661	0.500000
2.022104	0.552201	3.435117	0.500000
4.815674	6.326503	3.493782	0.500000
3.124719	7.001446	2.223729	0.500000
7.404599	3.122049	1.182497	0.500000
4.024225	3.861065	3.484122	0.500000
4.254955	0.939111	1.343790	0.500000
5.366913	0.028558	3.415066	0.500000
9.208073	2.853068	2.550419	0.500000
8.028637	8.213227	2.109720	0.500000
7.700382	6.257826	1.382233	0.500000
6.251437	9.223367	2.280635	0.500000
5.885604	10.262040	0.501661	0.500000
0.150549	10.018092	0.742128	0.500000
5.485967	2.353207	0.690420	0.500000
5.528862	0.684352	0.788330	0.500000
10.838012	4.564598	0.556976	0.500000
10.631988	7.858920	3.178885	0.500000
2.074022	0.838820	1.582857	0.500000
4.771637	8.186011	2.306633	0.500000
9.698445	9.975994	1.513782	0.500000
5.006712	3.536927	0.633761	0.500000
5.601448	4.189959	2.699811	0.500000
9.830171	2.677294	3.491457	0.500000
9.514220	1.872940	2.478437	0.500000
6.332685	3.267291	0.725616	0.500000
11.835584	4.649278	0.663485	0.500000
6.412010	10.234668	2.367761	0.500000
7.998169	1.526350	2.307884	0.500000
11.154125	8.115307	2.065892	0.500000
10.067702	12.111684	2.288853	0.500000
3.819606	8.096573	3.423724	0.500000
8.309288	11.394902	0.577517	0.500000
1.454172	9.201483	3.433714	0.500000
4.896756	0.053701	2.491071	0.500000
2.900509	11.694663	1.521227	0.500000
0.290634	6.819022	3.137887	0.500000
11.876402	7.454498	2.515234	0.500000
6.687072	11.020040	1.481695	0.500000
8.471695	3.540477	3.494580	0.500000
1.732682	5.819489	3.360131	0.500000
10.719404	12.183526	3.487410	0.500000
7.095381	6.104280	3.444998	0.500000
5.050598	4.682709	1.625054	0.500000
4.138052	1.985161	3.426367	0.500000
4.823498	2.724985	2.956016	0.500000
6.317879	11.222886	0.505783	0.500000
0.852337	9.839596	2.951813	0.500000
6.782973	1.848706	2.683950	0.500000
10.526116	9.038720	1.467034	0.500000
3.539411	5.885778	1.520266	0.500000
4.380028	6.248370	2.392140	0.500000
7.411139	8.381018	0.552856	0.500000
4.198352	4.767213	2.217190	0.500000
8.259983	6.884276	3.346481	0.500000
0.600767	5.157712	2.244714	0.500000
4.216602	10.738170	2.385104	0.500000
10.637651	11.419952	2.743349	0.500000
1.332094	7.676491	1.633473	0.500000
9.156991	11.976440	0.688460	0.500000
2.490933	9.186808	3.470370	0.500000
2.470163	11.850425	2.521308	0.500000
7.342100	1.590380	3.472993	0.500000
6.540624	0.317107	0.595388	0.500000
5.494426	9.304352	0.550656	0.500000
7.767738	1.597810	0.873331	0.500000
6.439185	5.074057	3.467668	0.500000
3.243213	2.901762	3.463061	0.500000
11.606568	1.744903	2.546122	0.500000
4.447521	6.921495	1.413390	0.500000
1.503256	4.749959	0.512168	0.500000
5.910907	4.286720	0.542911	0.500000
1.804391	10.996864	2.404857	0.500000
8.707027	4.520480	0.688192	0.500000
4.207850	2.723007	0.546114	0.500000
10.872240	5.231381	1.632223	0.500000
9.278292	1.436106	1.440510	0.500000
9.100448	3.693455	1.711367	0.500000
2.852661	2.340925	2.671745	0.500000
3.309819	3.987997	0.507613	0.500000
10.464425	3.450493	0.638784	0.500000
2.491716	5.075180	0.755802	0.500000
6.116991	4.998441	1.254848	0.500000
9.931422	11.590036	1.370570	0.500000
7.746733	8.993970	1.454527	0.500000
5.343736	11.231119	3.322607	0.500000
3.514398	3.468433	1.992811	0.500000
2.978508	1.967083	0.648319	0.500000
7.173314	10.074672	1.723202	0.500000
0.693759	5.916988	3.455334	0.500000
3.574019	7.089465	3.274414	0.500000
7.559305	0.596401	0.685971	0.500000
8.605196	10.396367	2.378451	0.500000
9.052523	10.993224	3.451769	0.500000
2.233414	2.152126	3.477813	0.500000
1.533045	11.718459	0.566915	0.500000
2.825229	10.464546	1.891109	0.500000
11.487779	1.170704	3.384856	0.500000
12.083126	5.201028	1.474764	0.500000
11.520162	10.207615	2.252543	0.500000
6.327274	1.391760	0.565056	0.500000
5.286465	6.963602	2.768702	0.500000
9.113465	6.189902	0.602884	0.500000
4.159464	10.307789	1.341670	0.500000
4.098723	7.337090	2.353114	0.500000
2.412969	0.336241	0.506201	0.500000
3.141048	12.164928	3.491508	0.500000
1.295831	4.302968	2.546783	0.500000
8.668980	8.466558	0.884694	0.500000
7.383080	9.049274	2.414558	0.500000
3.127508	1.178911	1.555122	0.500000
9.085240	2.135741	0.524131	0.500000
5.495753	3.482546	1.506557	0.500000
10.176191	3.558669	2.130970	0.500000
2.883955	3.955376	3.279344	0.500000
7.156491	11.121854	2.571055	0.500000
11.546757	2.100919	1.564618	0.500000
2.319443	1.394487	2.560483	0.500000
0.587419	3.925656	3.357844	0.500000
0.083689	4.856940	3.332803	0.500000
10.915447	6.919783	2.455855	0.500000
10.686966	6.591807	1.448688	0.500000
6.736019	2.362256	0.506382	0.500000
2.133538	6.476776	0.621094	0.500000
4.974028	1.042923	3.300936	0.500000
5.303102	9.770873	3.470515	0.500000
11.263300	10.769490	3.466176	0.500000
9.335628	6.358455	2.943160	0.500000
7.887911	10.738466	3.259264	0.500000
7.280045	7.043206	3.118712	0.500000
4.038638	9.636287	0.500360	0.500000
6.808268	5.751111	1.782048	0.500000
1.511946	9.687434	0.617987	0.500000
2.503207	2.115855	1.673586	0.500000
10.485900	5.626557	3.467321	0.500000
4.720694	10.550422	0.509549	0.500000
4.843035	5.736392	1.455461	0.500000
11.883517	4.429537	2.466937	0.500000
1.223646	2.347699	1.541331	0.500000
8.416786	9.864488	1.467943	0.500000
11.888409	3.521769	3.265002	0.500000
1.033686	3.705720	0.633494	0.500000
4.659183	0.147404	0.793767	0.500000
7.545345	8.191331	3.267261	0.500000
7.247538	6.874281	0.616420	0.500000
5.784721	7.124562	1.364882	0.500000
12.041858	8.399849	1.361573	0.500000
7.586268	2.691871	3.472583	0.500000
7.441869	9.995813	2.736852	0.500000
3.153330	1.586303	3.320170	0.500000
1.258135	5.495708	1.456821	0.500000
8.940263	4.766249	1.682674	0.500000
3.173604	7.655871	1.406004	0.500000
3.868270	11.784001	2.251204	0.500000
9.692932	6.640258	1.968851	0.500000
10.236355	0.907236	3.499838	0.500000
4.548822	8.688738	0.564834	0.500000
6.099861	2.440310	1.476521	0.500000
0.603528	8.372504	0.584894	0.500000
11.370976	4.457731	3.390008	0.500000
0.429931	2.418841	0.550696	0.500000
9.340215	8.928338	1.643722	0.500000
5.436724	8.778110	2.939733	0.500000
7.579870	9.464510	0.514089	0.500000
1.193049	10.659348	3.414566	0.500000
8.406572	4.438043	2.589848	0.500000
2.684322	11.456891	0.549304	0.500000
0.702640	11.428044	1.358806	0.500000
8.886448	11.223718	1.786954	0.500000
2.552524	7.151749	3.483979	0.500000
6.117744	5.159354	2.357790	0.500000
5.473288	6.448913	0.555762	0.500000
3.368990	10.158289	3.447318	0.500000
8.017415	6.768742	2.212834	0.500000
9.251557	4.246620	3.159772	0.500000
2.266619	6.901685	1.605192	0.500000
5.389290	4.893212	3.395501	0.500000
8.367767	3.267471	0.537965	0.500000
10.138010	7.848813	2.296351	0.500000
7.534148	7.585946	1.458837	0.500000
10.227874	12.022201	0.502361	0.500000
2.522637	5.787099	1.607667	0.500000
10.246787	10.166263	2.407736	0.500000
6.793492	11.798750	3.262889	0.500000
0.353406	1.867731	1.408795	0.500000
3.570990	8.825611	2.261063	0.500000
5.693392	8.598383	1.401029	0.500000
0.064551	10.460535	3.490969	0.500000
5.808318	5.842806	1.696210	0.500000
10.998431	11.324445	0.546731	0.500000
10.475363	9.635519	3.390619	0.500000
2.880212	9.750358	0.659601	0.500000
7.722061	5.614611	2.607003	0.500000
8.751997	6.900133	1.332496	0.500000
1.585670	11.775802	3.041670	0.500000
0.262513	3.001224	1.393028	0.500000
7.229116	3.984508	1.775778	0.500000
11.249113	11.170465	1.940547	0.500000
7.277495	11.728948	0.898350	0.500000
12.208875	11.079954	0.600721	0.500000
1.155349	6.687453	1.253381	0.500000
6.237354	5.801601	0.509080	0.500000
3.161526	0.562036	2.369174	0.500000
1.891242	3.193960	0.731042	0.500000
11.466925	10.280986	1.077140	0.500000
0.196130	0.515598	3.361186	0.500000
7.825064	5.129511	3.488604	0.500000
11.655682	11.719448	3.281271	0.500000
5.191038	9.651153	1.581726	0.500000
4.733400	3.614684	2.148696	0.500000
12.181985	10.996896	2.626887	0.500000
4.144727	4.072858	1.444967	0.500000
11.709742	5.535836	2.530937	0.500000
9.612825	11.043106	2.454648	0.500000
4.143001	7.834280	0.988606	0.500000
1.695500	12.150833	1.941930	0.500000
8.109394	0.875783	3.301805	0.500000
0.377607	1.398041	2.476278	0.500000
4.633687	9.345242	2.463738	0.500000
10.729944	9.591426	0.559686	0.500000
9.363818	7.787140	1.217373	0.500000
0.332248	12.182920	2.497189	0.500000
9.881120	9.181393	2.556424	0.500000
7.996072	0.693437	1.638471	0.500000
1.280115	0.916089	2.217355	0.500000
3.818405	11.246163	1.408134	0.500000
6.379168	7.460709	0.615242	0.500000
0.131066	9.439296	1.821827	0.500000
4.004884	9.076347	1.373483	0.500000
1.931801	3.607320	3.286005	0.500000
10.684340	1.879633	3.457771	0.500000
4.118415	2.428365	2.109330	0.500000
0.847471	5.793211	0.540129	0.500000
8.616018	7.501086	2.609476	0.500000
10.585570	7.769041	0.568511	0.500000
7.945555	5.014439	1.705569	0.500000
6.840637	1.105374	1.801037	0.500000
11.562805	2.559786	3.405227	0.500000
6.450785	2.697534	3.163129	0.500000
5.140265	10.246826	2.512902	0.500000
6.174822	7.585437	3.427869	0.500000
11.281288	3.190250	1.753176	0.500000
8.751699	2.170090	3.450576	0.500000
9.308387	10.892696	0.767791	0.500000
2.247869	4.736234	3.061887	0.500000
7.065385	2.038398	1.486572	0.500000
8.381627	10.360166	0.571953	0.500000
9.654901	5.526711	1.142781	0.500000
2.151444	3.072480	1.979520	0.500000
9.585266	5.126755	2.676584	0.500000
3.677100	5.159980	0.555386	0.500000
10.851920	0.828917	2.669877	0.500000
1.292232	9.458130	2.112346	0.500000
1.486510	4.298350	1.419131	0.500000
11.449573	6.498581	3.453696	0.500000
1.341140	8.865402	1.168090	0.500000
4.169338	11.742978	3.449290	0.500000
10.994933	2.231490	0.539527	0.500000
9.611867	0.833385	2.462094	0.500000
8.886122	0.085857	1.648277	0.500000
6.317032	8.493373	0.569933	0.500000
7.801949	4.072037	0.751254	0.500000
4.458767	5.264880	3.080613	0.500000
3.655053	1.038896	0.523019	0.500000
10.000051	1.764066	0.769750	0.500000
5.368285	7.756116	0.659052	0.500000
6.124490	0.488603	2.524542	0.500000
8.483905	2.581398	1.513568	0.500000
0.042619	3.400965	2.291643	0.500000
1.130607	10.710005	0.649386	0.500000
11.194045	0.317589	0.550382	0.500000
5.888526	7.887847	2.120690	0.500000
9.904603	4.482363	1.274965	0.500000
7.791517	11.926307	3.152053	0.500000
10.060835	8.698656	3.488129	0.500000
4.757057	7.734014	3.349544	0.500000
9.207053	1.126522	3.486477	0.500000
7.888828	11.766307	2.148598	0.500000
7.127017	10.387722	0.736828	0.500000
4.477023	1.742722	0.506088	0.500000
11.391826	0.070202	1.963789	0.500000
9.780506	0.522321	1.483565	0.500000
9.488461	7.612413	3.265869	0.500000
3.289818	8.676993	0.654000	0.500000
8.695988	5.868674	2.122249	0.500000
3.164946	4.945870	2.031742	0.500000
10.284489	5.844267	2.205128	0.500000
7.074438	0.562541	2.955597	0.500000
10.642651	2.427141	2.581876	0.500000
11.326958	6.710272	0.582359	0.500000
6.626298	3.914043	3.395400	0.500000
11.705149	1.507737	0.523341	0.500000
3.897637	9.314795	3.340243	0.500000
8.796153	0.907193	0.623840	0.500000
9.711469	8.936011	0.524120	0.500000
2.847743	5.976063	3.384227	0.500000
10.967787	9.408681	2.508505	0.500000
2.453203	7.428723	0.583468	0.500000
9.363327	9.663604	3.419562	0.500000
1.031678	3.287971	2.494232	0.500000
9.415564	3.194902	0.685681	0.500000
7.073259	8.028820	2.398615	0.500000
8.761430	0.142920	2.797428	0.500000
2.398312	9.582190	1.601741	0.500000
2.923898	8.203766	2.736265	0.500000
5.789201	12.021383	1.483831	0.500000
0.211509	8.936837	3.481099	0.500000
11.201894	8.807401	3.425310	0.500000
4.904191	4.946117	0.532334	0.500000
10.348313	1.342496	1.801589	0.500000
4.364860	6.348542	0.529317	0.500000
7.668014	3.396153	2.544959	0.500000
11.509500	1.096221	1.667553	0.500000
5.659007	3.150520	2.506339	0.500000
7.270648	5.268484	0.609117	0.500000
3.300631	6.401375	0.606146	0.500000
7.860120	10.934590	1.477907	0.500000
6.642447	10.567943	3.382351	0.500000
5.312374	5.947062	2.659955	0.500000
1.276141	4.880311	3.489175	0.500000
3.000722	9.663800	2.611717	0.500000
2.363004	10.506803	3.403551	0.500000
8.312791	9.495161	3.478866	0.500000
6.951907	0.091801	1.919768	0.500000
5.891327	11.648500	2.545493	0.500000
3.686559	12.064947	0.643015	0.500000
8.606741	9.258982	2.484936	0.500000
1.238651	2.841140	3.452618	0.500000
2.686933	8.610342	1.693374	0.500000
3.348210	11.174328	3.351307	0.500000
0.257390	7.162756	0.539382	0.500000
8.111427	7.602265	0.518132	0.500000
1.057122	8.283213	3.488964	0.500000
6.701341	3.062578	2.160724	0.500000
0.575607	10.476957	2.000560	0.500000
5.374315	11.650485	0.520156	0.500000
2.486960	4.127521	1.165315	0.500000
11.943012	3.868682	1.420414	0.500000
8.418693	5.470697	0.565601	0.500000
6.582116	9.427307	3.471996	0.500000
1.359531	6.998019	3.408513	0.500000
10.438772	3.889867	3.400775	0.500000
3.463170	10.806352	0.525440	0.500000
