400

4.089943	0.863842	3.253422	0.500000
11.461284	3.203686	1.527347	0.500000
2.014149	5.403005	0.548563	0.500000
6.505358	4.489763	0.578128	0.500000
5.754179	9.612849	0.524111	0.500000
1.870578	4.628977	1.359794	0.500000
5.144800	8.082969	1.008988	0.500000
3.023036	3.464773	2.667796	0.500000
4.697888	6.035763	1.942783	0.500000
11.654108	8.790544	1.125975	0.500000
4.453940	8.474518	3.467475	0.500000
3.267107	0.560020	1.308754	0.500000
2.821972	11.503674	2.588295	0.500000
1.394438	12.171478	3.486416	0.500000
8.599210	2.988782	0.618230	0.500000
3.119461	1.359510	0.555774	0.500000
2.597884	7.788282	2.040909	0.500000
3.875808	4.081152	1.373326	0.500000
7.133416	3.897661	3.421560	0.500000
9.881473	7.688974	1.796441	0.500000
6.742735	5.599479	1.667027	0.500000
3.920615	0.706405	0.503437	0.500000
10.417975	9.431238	3.471189	0.500000
6.912332	5.792421	2.947732	0.500000
3.945896	1.686791	2.688219	0.500000
4.436401	9.366260	2.572146	0.500000
3.383061	8.166267	3.386646	0.500000
8.543203	7.887226	2.697011	0.500000
7.807399	9.375458	1.624229	0.500000
7.255156	3.471638	2.390595	0.500000
1.245819	3.547283	1.788459	0.500000
3.880074	6.671384	0.629472	0.500000
0.029459	5.990373	0.777328	0.500000
7.363590	1.695197	3.443421	0.500000
0.493871	9.934881	1.660568	0.500000
4.856218	11.430282	1.602112	0.500000
3.892045	5.682829	1.218694	0.500000
8.155107	3.918813	2.944096	0.500000
2.552780	9.834836	2.459633	0.500000
0.428728	2.787887	1.368237	0.500000
11.417783	9.036330	2.412886	0.500000
4.641894	10.106428	0.636317	0.500000
10.241866	6.062958	2.453303	0.500000
3.052466	1.686369	2.101469	0.500000
2.637275	2.824200	0.551050	0.500000
9.020654	5.611844	1.204615	0.500000
1.364488	9.780455	2.461300	0.500000
11.362827	1.358293	3.479206	0.500000
11.417503	6.555686	0.984947	0.500000
1.684622	6.294722	1.452659	0.500000
2.497307	0.246664	2.295387	0.500000
11.545614	1.148503	2.518657	0.500000
8.171451	9.393593	3.335200	0.500000
4.001741	4.036004	2.395609	0.500000
12.047558	3.269952	0.657868	0.500000
8.724784	3.129926	3.384625	0.500000
10.217504	2.808149	3.044878	0.500000
7.486365	10.000689	2.427813	0.500000
4.386789	2.304310	3.472682	0.500000
2.101716	10.030101	1.525951	0.500000
3.259459	7.675122	0.775635	0.500000
9.312199	11.757687	0.537403	0.500000
7.039786	4.869061	2.387411	0.500000
11.975541	2.136950	0.528753	0.500000
6.764593	1.052970	1.799319	0.500000
9.397666	4.735503	0.511047	0.500000
7.373153	6.724876	0.885102	0.500000
9.826151	8.244748	2.965207	0.500000
3.415388	9.458462	3.396879	0.500000
2.573962	9.585099	0.692287	0.500000
1.311751	8.125416	2.492794	0.500000
8.313300	12.147288	0.677250	0.500000
7.613741	2.736950	3.394827	0.500000
10.778218	4.645327	0.614106	0.500000
9.103628	2.215347	1.445780	0.500000
0.408169	1.326495	2.609743	0.500000
3.874799	6.149455	2.776024	0.500000
10.407568	6.911449	0.665828	0.500000
3.591601	11.490189	0.946445	0.500000
7.786019	1.828238	0.558373	0.500000
9.779541	0.002227	2.527898	0.500000
9.950717	11.241413	2.444933	0.500000
5.998732	6.329312	1.936709	0.500000
0.775566	4.744270	1.028255	0.500000
5.088650	11.646414	2.618484	0.500000
5.095951	1.247937	2.256007	0.500000
8.366718	7.559696	0.667053	0.500000
8.952302	0.716429	0.510570	0.500000
3.889138	8.080137	1.466505	0.500000
6.708267	8.977661	0.550230	0.500000
0.238394	9.134514	2.321025	0.500000
6.086656	2.069803	1.635287	0.500000
1.551711	12.026242	2.426673	0.500000
1.357001	3.587105	3.435547	0.500000
7.715586	6.463281	3.270962	0.500000
7.831250	8.732081	0.605761	0.500000
5.500941	4.726354	3.494253	0.500000
1.489083	4.590622	3.437545	0.500000
2.111714	1.746605	2.855469	0.500000
6.623994	6.847320	3.493039	0.500000
6.703267	1.017428	2.896833	0.500000
7.951647	2.020969	2.384635	0.500000
2.656732	2.785526	1.876825	0.500000
6.454011	11.260147	0.534012	0.500000
10.189657	9.247794	2.514905	0.500000
6.904603	2.031933	1.045669	0.500000
10.844611	5.994025	1.582680	0.500000
2.343069	6.754422	0.668999	0.500000
6.311306	10.410821	2.320395	0.500000
9.368216	7.192016	0.982956	0.500000
5.584758	5.125655	2.421087	0.500000
11.269959	5.293811	2.488466	0.500000
1.412229	7.689596	0.629477	0.500000
3.216442	0.101330	3.136668	0.500000
8.065371	11.522536	1.693603	0.500000
2.219759	5.400564	3.475140	0.500000
9.160943	11.057936	3.479506	0.500000
1.532373	8.656216	3.480015	0.500000
2.077541	10.715524	2.435610	0.500000
8.112531	12.074636	2.780360	0.500000
2.257562	0.909381	1.330626	0.500000
4.311725	7.586507	0.521516	0.500000
8.153128	4.029115	0.854490	0.500000
4.700317	1.661247	1.081853	0.500000
4.570781	5.989455	3.484569	0.500000
0.950176	11.181244	2.585324	0.500000
5.608112	6.249189	0.929306	0.500000
9.803052	3.195234	0.568462	0.500000
10.180010	5.030336	2.595595	0.500000
9.662841	12.120970	1.483427	0.500000
11.576285	5.368796	1.275115	0.500000
4.754840	3.197387	0.508619	0.500000
9.746948	5.922129	3.410714	0.500000
0.035937	5.354891	2.995217	0.500000
5.366249	0.894701	0.787382	0.500000
3.934273	1.248849	1.634900	0.500000
2.643317	6.749896	2.350255	0.500000
0.273192	3.058170	3.476768	0.500000
3.188731	5.850278	0.507614	0.500000
11.762224	8.178973	1.941186	0.500000
8.498807	11.135863	0.877618	0.500000
8.177922	6.349560	2.349983	0.500000
7.762001	10.555028	1.294225	0.500000
2.075039	4.080502	0.545340	0.500000
11.148362	2.523895	3.438510	0.500000
5.289147	6.610455	2.725065	0.500000
0.344521	3.512721	2.468410	0.500000
2.800525	6.507827	3.369816	0.500000
6.002764	1.990252	0.570159	0.500000
7.864254	8.049314	1.782939	0.500000
10.491038	10.507481	3.206425	0.500000
1.001728	6.835783	2.566827	0.500000
12.102999	11.269089	0.654609	0.500000
4.912757	10.531611	2.687526	0.500000
0.318751	1.885438	3.483005	0.500000
2.202558	8.907361	2.183129	0.500000
0.493748	8.510406	3.243328	0.500000
7.713194	1.347142	1.528349	0.500000
6.082731	4.575052	1.645678	0.500000
10.837396	7.905358	2.313197	0.500000
1.706848	11.340178	0.966758	0.500000
6.425000	9.953352	1.208669	0.500000
4.492984	12.078324	0.729705	0.500000
11.771593	6.119084	2.070126	0.500000
11.002682	3.982477	3.228345	0.500000
8.837290	8.827887	0.512125	0.500000
0.213071	6.697842	1.591860	0.500000
3.397710	5.562055	3.496205	0.500000
4.905394	5.028412	1.322073	0.500000
2.955952	3.767907	1.645181	0.500000
9.899741	6.346217	1.431328	0.500000
3.003732	1.049669	3.425387	0.500000
3.191433	7.015897	1.543469	0.500000
9.156850	3.702451	1.270407	0.500000
2.445501	4.202317	3.293934	0.500000
1.808440	0.970676	3.464044	0.500000
11.674123	3.102093	2.754818	0.500000
1.659971	7.388298	1.853058	0.500000
8.494299	6.422397	0.589113	0.500000
7.837655	0.819413	0.503477	0.500000
3.584832	3.393077	0.546329	0.500000
3.282862	2.209059	3.456518	0.500000
2.589543	11.305759	1.481944	0.500000
8.736589	1.375815	2.389887	0.500000
0.984200	5.648546	3.495602	0.500000
6.694509	11.138908	3.223184	0.500000
4.157100	5.094794	2.172312	0.500000
7.275155	7.179724	2.146626	0.500000
7.978642	5.897361	1.286646	0.500000
0.331168	10.346616	0.549691	0.500000
11.726262	0.019916	2.235072	0.500000
9.217299	6.325964	2.605695	0.500000
4.251452	12.210078	2.749217	0.500000
4.270354	6.964265	1.570458	0.500000
6.434431	7.867143	2.060056	0.500000
8.603108	9.753285	2.489668	0.500000
10.854932	1.059748	1.562429	0.500000
8.564086	1.739419	3.378147	0.500000
1.650025	2.424412	2.026063	0.500000
3.923362	11.103173	2.579502	0.500000
11.950259	7.345831	3.365677	0.500000
9.477377	1.804516	0.575985	0.500000
3.228638	8.731185	2.314166	0.500000
1.081037	0.222665	1.582507	0.500000
1.268596	1.551862	1.406513	0.500000
5.406209	9.687500	2.380290	0.500000
8.968941	12.081490	3.339547	0.500000
3.209720	5.016476	1.642746	0.500000
0.076435	6.272530	3.456654	0.500000
5.908004	4.178727	2.697453	0.500000
5.034791	0.323563	3.307587	0.500000
11.995912	9.700227	3.481949	0.500000
9.161425	0.921364	3.319253	0.500000
2.299780	8.292692	0.620873	0.500000
3.200490	4.529223	0.593065	0.500000
0.384740	7.670793	2.371937	0.500000
4.836342	3.489415	2.025196	0.500000
10.870464	2.458055	2.349124	0.500000
10.492628	8.454415	1.359427	0.500000
7.787554	8.861279	2.546695	0.500000
8.316927	5.013223	0.624022	0.500000
10.595100	7.609973	3.445299	0.500000
4.335231	3.301228	3.231149	0.500000
5.863318	12.061808	1.567517	0.500000
1.304662	10.685213	1.769973	0.500000
0.627790	0.649573	3.407437	0.500000
2.399510	8.233493	3.109221	0.500000
9.175934	4.974434	3.323496	0.500000
5.383663	7.164998	0.503240	0.500000
3.215067	10.607471	1.954183	0.500000
5.197858	2.726602	1.422062	0.500000
0.108002	4.090888	1.640370	0.500000
5.160574	4.274336	0.551499	0.500000
4.879690	2.178487	2.609038	0.500000
3.027692	9.450262	1.623072	0.500000
10.874222	6.568867	3.313593	0.500000
11.148420	7.904672	0.691465	0.500000
10.147315	0.743975	3.193790	0.500000
0.836701	3.696834	0.765756	0.500000
10.725868	0.080601	1.731692	0.500000
9.400488	7.450985	3.456684	0.500000
0.339707	11.250366	1.680824	0.500000
3.605333	10.490977	3.330129	0.500000
7.238349	10.014285	0.505393	0.500000
9.405758	9.356803	1.386967	0.500000
5.928299	12.167031	0.551899	0.500000
8.368258	9.658167	0.844972	0.500000
11.489634	0.755909	0.617352	0.500000
7.236971	0.129382	2.194307	0.500000
5.322226	3.454944	3.094207	0.500000
4.234341	5.006711	3.242493	0.500000
12.057566	11.746606	3.075795	0.500000
0.501674	0.829005	0.530940	0.500000
7.205204	5.388090	0.781094	0.500000
10.446048	11.300421	1.488458	0.500000
7.848748	0.905831	2.634845	0.500000
11.951545	10.860268	2.447146	0.500000
0.750131	1.952562	0.598387	0.500000
6.941925	2.387855	2.220441	0.500000
0.759415	11.736604	0.566329	0.500000
2.176163	4.454046	2.348347	0.500000
10.455253	9.548110	1.493897	0.500000
4.860083	9.802655	3.421491	0.500000
3.700013	7.046721	3.294956	0.500000
0.841661	9.551549	3.387181	0.500000
6.174744	11.486306	2.333243	0.500000
6.475906	4.888470	3.334034	0.500000
10.462588	10.504880	0.555658	0.500000
5.940815	5.789303	3.428836	0.500000
0.505470	4.395899	3.245300	0.500000
8.525694	11.195486	2.530027	0.500000
6.550086	6.140900	0.556113	0.500000
12.162064	12.081123	1.295680	0.500000
6.887629	0.115705	0.874703	0.500000
11.536631	0.359223	3.473928	0.500000
4.583168	11.542494	3.495293	0.500000
10.178376	2.592971	1.404548	0.500000
11.307961	10.032271	2.815682	0.500000
8.777723	8.818113	2.097496	0.500000
0.424078	9.167827	0.876660	0.500000
2.585858	10.930718	0.519210	0.500000
0.153961	0.821031	1.648103	0.500000
6.174771	0.262644	2.430010	0.500000
1.752826	6.628077	3.486533	0.500000
2.523471	10.838090	3.324903	0.500000
4.704532	8.503514	2.077227	0.500000
3.310478	4.656744	2.979901	0.500000
0.141437	5.137924	1.896266	0.500000
6.128273	2.970524	3.468539	0.500000
9.090398	8.171125	1.303548	0.500000
5.655260	8.726527	3.449949	0.500000
0.315543	7.054258	0.533060	0.500000
9.985390	5.738321	0.551476	0.500000
7.548786	11.485255	0.578586	0.500000
10.208976	1.774576	3.342905	0.500000
7.830521	2.860216	1.423702	0.500000
6.992507	11.517843	1.442544	0.500000
3.253145	8.744653	0.828149	0.500000
9.998906	5.102659	1.417519	0.500000
9.543337	2.086605	2.622594	0.500000
9.452055	10.082535	0.670844	0.500000
1.672235	2.808243	0.981019	0.500000
8.202690	0.318899	1.758568	0.500000
10.307250	9.002600	0.508836	0.500000
1.112658	7.544896	3.392892	0.500000
10.405981	1.271961	0.530674	0.500000
10.897536	5.551412	3.443957	0.500000
5.874243	5.298031	0.529583	0.500000
10.344664	1.353157	2.389432	0.500000
2.367364	9.322531	3.441703	0.500000
2.406446	2.793015	3.446932	0.500000
10.672248	3.502945	2.159446	0.500000
2.878317	5.774905	2.520734	0.500000
7.985016	11.272021	3.451307	0.500000
8.115123	3.703606	1.920984	0.500000
9.491105	9.892232	3.213648	0.500000
6.239509	3.243089	2.371056	0.500000
0.497695	0.064737	2.432989	0.500000
6.790237	2.998958	1.443171	0.500000
8.916789	7.257540	2.009503	0.500000
5.360396	1.290686	3.341853	0.500000
11.094739	2.593847	0.672731	0.500000
6.047112	8.675603	2.508974	0.500000
3.686352	2.096817	1.077900	0.500000
10.124759	3.995565	1.275600	0.500000
11.829394	4.328276	2.576293	0.500000
11.347291	11.054751	3.339178	0.500000
9.881052	0.353660	0.598947	0.500000
7.844233	5.382242	3.287218	0.500000
11.048615	4.393850	1.687889	0.500000
7.472108	11.227557	2.586056	0.500000
6.997935	8.431801	1.399874	0.500000
5.001160	0.333610	1.791595	0.500000
8.829858	5.410089	2.427407	0.500000
3.436794	10.177489	0.773223	0.500000
8.708633	10.497488	1.706981	0.500000
2.080785	1.886489	0.838793	0.500000
9.663238	3.004063	2.156871	0.500000
6.210762	1.859878	3.462512	0.500000
10.041155	7.040521	2.784928	0.500000
2.730940	5.980305	1.517339	0.500000
1.122623	5.870986	0.533557	0.500000
2.020531	3.285313	2.573966	0.500000
11.008091	8.618486	3.463444	0.500000
5.335775	11.274849	0.580778	0.500000
1.188249	4.905673	2.178224	0.500000
10.962427	11.020558	2.395275	0.500000
6.558764	7.986768	0.524647	0.500000
11.523651	2.069824	1.646523	0.500000
4.334320	10.089726	1.593013	0.500000
11.422988	10.857989	1.352426	0.500000
11.480869	7.013291	2.415144	0.500000
4.221321	9.143973	0.522732	0.500000
10.284961	11.502870	3.394171	0.500000
1.685021	8.492123	1.398260	0.500000
6.174087	9.535667	3.066919	0.500000
9.791084	4.043415	3.144625	0.500000
9.604524	0.903962	1.664115	0.500000
4.676956	7.515304	2.393018	0.500000
6.650134	1.126596	0.551210	0.500000
3.573045	2.610038	2.558094	0.500000
0.576239	8.225718	1.499271	0.500000
6.025023	8.716782	1.351808	0.500000
1.364828	10.005888	0.678348	0.500000
12.050056	4.297683	0.646691	0.500000
4.222676	2.975050	1.396044	0.500000
8.592674	2.870168	2.424913	0.500000
4.955432	9.280678	1.334071	0.500000
7.306588	4.438173	1.512519	0.500000
10.914112	12.026000	2.802028	0.500000
4.046293	12.202395	1.729677	0.500000
4.755973	7.050502	3.456134	0.500000
6.470810	7.203629	1.309188	0.500000
7.145698	9.618317	3.328434	0.500000
7.043831	0.078602	3.493047	0.500000
5.879476	3.089833	0.718295	0.500000
1.478478	5.958834	2.487837	0.500000
5.676883	10.600774	1.413917	0.500000
1.518250	10.968200	3.389523	0.500000
4.680319	5.983582	0.566605	0.500000
6.195825	7.867936	3.441066	0.500000
9.870335	10.298170	1.836665	0.500000
1.484629	0.634133	0.529361	0.500000
7.513019	8.393713	3.398621	0.500000
1.147954	2.489849	3.287486	0.500000
11.499264	9.918181	0.612827	0.500000
0.219891	10.609535	3.396240	0.500000
0.175012	8.066977	0.585050	0.500000
8.909720	8.700672	3.168203	0.500000
5.646257	10.798628	3.330581	0.500000
8.430056	4.769321	1.656755	0.500000
10.932551	11.697797	0.657688	0.500000
5.841154	11.943521	3.273207	0.500000
1.646605	0.776720	2.240735	0.500000
0.498314	2.429768	2.466066	0.500000
7.104753	3.684947	0.529270	0.500000
5.401172	7.219755	1.738975	0.500000
3.528549	7.549548	2.444023	0.500000
9.636353	4.092671	2.153741	0.500000
2.537676	0.159916	0.617337	0.500000
