400

0.679568	3.849898	2.152955	0.500000
0.604346	3.078466	1.452046	0.500000
5.539240	2.017656	1.405729	0.500000
10.270300	11.320421	1.669012	0.500000
4.194081	10.650280	3.420313	0.500000
6.132668	4.872918	0.518961	0.500000
8.792786	1.265292	3.411337	0.500000
6.691857	0.705745	2.815786	0.500000
3.013556	1.291211	0.980473	0.500000
1.270602	1.827373	3.386736	0.500000
11.057180	10.939663	1.157766	0.500000
7.185249	7.046740	1.590277	0.500000
6.254613	1.641528	3.471154	0.500000
2.806449	10.087369	2.171998	0.500000
1.357366	4.895338	2.403740	0.500000
0.025294	8.932006	2.342262	0.500000
7.650398	3.308882	0.650641	0.500000
4.792396	7.445498	0.697167	0.500000
2.501947	2.798221	1.830424	0.500000
12.199606	7.016049	2.425354	0.500000
7.254469	5.932589	1.269916	0.500000
6.756986	0.432758	0.532306	0.500000
1.383855	4.407644	1.306407	0.500000
11.118960	4.808860	0.519275	0.500000
1.322146	6.357521	3.480336	0.500000
9.325080	5.940170	2.312756	0.500000
4.602183	8.505329	1.025434	0.500000
0.924993	4.858285	3.424996	0.500000
3.299253	4.374303	3.450417	0.500000
11.248935	7.390944	0.573535	0.500000
0.681153	9.138839	3.277827	0.500000
1.628106	5.156477	0.630685	0.500000
0.786834	6.930209	1.340480	0.500000
9.476006	11.292426	2.500123	0.500000
1.763087	9.533600	3.081006	0.500000
4.112152	10.371613	0.710525	0.500000
11.013589	9.616845	3.031129	0.500000
2.025200	2.956316	0.707920	0.500000
12.068591	2.253547	1.529079	0.500000
11.251365	7.491681	2.506487	0.500000
1.475613	10.728593	3.476570	0.500000
5.080500	5.962494	1.610384	0.500000
4.504879	6.364581	3.473648	0.500000
5.577160	11.677987	1.513361	0.500000
0.550935	12.213021	0.553633	0.500000
3.090585	2.723098	0.666504	0.500000
10.381513	7.270994	1.608430	0.500000
4.550597	8.050263	2.453867	0.500000
10.363111	11.850800	0.505197	0.500000
11.365951	11.934761	3.371774	0.500000
11.278302	10.713654	3.274220	0.500000
12.072917	1.266651	2.294853	0.500000
5.969761	12.111043	2.495722	0.500000
3.289194	1.764408	2.392551	0.500000
4.692898	3.507050	2.393945	0.500000
5.426684	11.137480	2.465993	0.500000
10.118268	3.353407	1.726792	0.500000
0.968741	1.285051	2.376055	0.500000
2.858221	7.966919	3.240172	0.500000
9.474531	7.543377	2.058240	0.500000
1.954326	6.464102	0.559530	0.500000
6.268612	3.597507	0.710456	0.500000
5.782942	2.609191	3.377321	0.500000
4.493151	11.507682	2.801841	0.500000
11.871127	11.321658	1.597383	0.500000
9.688288	0.427276	1.572887	0.500000
0.807790	0.647013	3.449018	0.500000
1.864194	8.376732	3.353923	0.500000
0.270459	11.409163	2.599865	0.500000
4.151087	5.109402	3.497618	0.500000
3.998103	1.270791	1.406044	0.500000
8.654712	12.039951	3.318289	0.500000
11.823146	4.054625	0.584001	0.500000
10.753148	0.824941	3.482779	0.500000
3.491520	2.188257	1.502888	0.500000
5.401859	7.317385	2.121858	0.500000
5.947311	9.236329	1.567781	0.500000
6.078354	6.301369	2.354931	0.500000
1.462733	3.535173	3.451270	0.500000
8.230016	8.320194	1.566881	0.500000
1.293803	5.718789	1.641978	0.500000
7.606376	10.207138	2.461533	0.500000
4.712247	9.995489	2.645075	0.500000
9.866854	9.017071	3.415803	0.500000
7.421819	4.342668	0.654111	0.500000
9.154416	11.666101	1.372400	0.500000
2.779395	6.400335	2.170894	0.500000
5.236949	4.913645	3.237632	0.500000
9.348660	4.334359	3.492905	0.500000
10.037833	1.280797	2.878923	0.500000
7.771761	4.853195	2.518866	0.500000
4.416943	6.709091	2.147280	0.500000
10.903970	9.467660	0.533504	0.500000
8.522177	7.619158	0.805337	0.500000
9.514652	0.178974	0.502896	0.500000
8.908257	0.744007	2.310992	0.500000
8.576384	4.053526	2.838922	0.500000
0.974517	1.742707	1.468402	0.500000
0.623025	10.070429	2.411931	0.500000
0.102019	9.947065	1.437475	0.500000
7.028646	5.849492	2.453972	0.500000
5.062996	3.070037	1.492771	0.500000
5.402057	6.834287	3.495347	0.500000
10.346162	11.461398	3.190900	0.500000
2.268264	5.397839	3.398346	0.500000
8.624527	3.746826	1.052069	0.500000
7.631708	12.198770	0.703587	0.500000
10.523487	0.464708	2.513408	0.500000
10.346427	6.048812	1.938960	0.500000
8.046667	8.540127	3.341450	0.500000
3.250215	3.928318	2.322578	0.500000
9.719086	3.085642	0.805886	0.500000
9.032979	8.598942	2.889480	0.500000
2.226442	9.396205	0.531814	0.500000
7.972568	0.570684	3.232871	0.500000
5.725427	0.691062	3.462232	0.500000
3.059254	4.759033	1.705243	0.500000
2.038306	3.910290	2.327416	0.500000
2.638826	6.332888	3.273620	0.500000
6.767489	0.072001	1.513684	0.500000
2.034213	0.526924	3.409955	0.500000
7.366841	8.020106	2.013652	0.500000
3.797138	7.484033	0.599874	0.500000
5.977570	0.885117	1.071661	0.500000
7.113879	12.042980	3.257702	0.500000
1.877147	10.730424	1.091192	0.500000
0.881205	3.787577	0.683713	0.500000
1.239185	9.763142	0.731728	0.500000
10.401697	4.624975	3.365154	0.500000
3.478693	5.778898	1.774734	0.500000
5.590246	6.479546	0.668041	0.500000
2.400942	5.803026	1.430606	0.500000
11.552218	5.351238	2.444091	0.500000
6.944979	2.841284	2.133864	0.500000
6.181368	5.891856	1.227213	0.500000
3.965579	6.592778	1.180736	0.500000
8.835537	2.498527	0.748668	0.500000
5.823402	3.207269	2.187985	0.500000
2.116735	7.264266	3.367236	0.500000
0.040096	6.175098	1.561455	0.500000
0.757992	6.264479	2.608041	0.500000
6.687910	8.956228	2.547177	0.500000
7.527224	6.532702	0.505819	0.500000
6.944944	11.392029	0.846762	0.500000
5.909178	5.669288	3.376448	0.500000
8.164558	0.410513	1.484397	0.500000
3.839399	3.309257	3.135572	0.500000
3.544057	7.611296	2.525044	0.500000
11.267297	8.117258	1.594363	0.500000
7.534593	8.920930	0.552157	0.500000
5.961727	10.557205	3.170193	0.500000
10.167002	10.543196	0.554649	0.500000
2.005226	1.419413	0.512992	0.500000
2.884855	9.023355	2.671741	0.500000
7.486200	7.815050	0.703524	0.500000
8.562195	2.926981	2.591376	0.500000
3.766329	5.120584	0.845624	0.500000
5.746393	7.351598	1.135809	0.500000
3.902737	3.495447	0.549374	0.500000
11.524493	4.562952	3.481059	0.500000
5.579248	9.571758	3.456558	0.500000
8.296717	11.193903	1.734370	0.500000
6.864267	1.973308	2.666399	0.500000
9.568417	6.541714	1.462689	0.500000
0.119851	7.856107	0.693319	0.500000
8.307958	7.700958	2.442620	0.500000
10.152896	5.185949	2.467555	0.500000
1.693881	6.889833	1.798851	0.500000
7.645954	3.696433	2.590281	0.500000
11.706831	7.552825	3.418045	0.500000
10.014273	4.473207	1.764751	0.500000
7.297615	1.449991	3.481006	0.500000
6.019774	9.235273	0.535779	0.500000
7.412745	1.371732	0.600943	0.500000
4.988720	0.615224	1.436206	0.500000
6.682167	2.304734	0.746044	0.500000
9.033859	5.692802	0.503911	0.500000
7.217768	5.311870	3.371171	0.500000
0.900822	8.070863	3.239668	0.500000
1.080662	11.901887	3.026997	0.500000
11.374789	3.273220	3.279308	0.500000
2.662978	11.508194	0.565903	0.500000
11.329305	6.341343	2.417641	0.500000
9.225466	6.836783	0.570740	0.500000
0.218659	6.624890	0.552709	0.500000
8.257140	7.325739	3.390152	0.500000
7.759427	6.722007	2.350927	0.500000
11.340515	9.415336	1.817760	0.500000
2.133899	1.364136	2.640621	0.500000
12.049612	0.265496	2.735564	0.500000
2.658347	8.425119	0.524013	0.500000
11.242904	4.101183	2.598948	0.500000
6.297654	8.598542	3.395665	0.500000
11.654687	7.009178	1.557848	0.500000
9.544063	9.564669	2.624245	0.500000
12.152473	3.202737	2.481123	0.500000
8.043844	11.154355	0.651336	0.500000
5.177934	3.742794	0.676874	0.500000
10.444256	6.681435	0.751619	0.500000
9.986758	8.460896	2.338548	0.500000
9.464924	9.305810	1.544387	0.500000
11.991046	9.179205	0.633747	0.500000
11.176058	8.464110	0.504444	0.500000
9.365014	2.308427	3.426248	0.500000
1.139072	8.370688	0.672323	0.500000
7.030983	6.533803	3.457640	0.500000
5.424748	2.688750	0.630065	0.500000
5.385246	8.423060	1.818066	0.500000
3.745773	8.682345	2.098226	0.500000
0.459926	5.166066	1.566869	0.500000
3.737917	12.215458	3.214907	0.500000
7.130025	10.725727	3.418809	0.500000
0.608686	2.338384	2.195546	0.500000
9.620346	0.193197	3.368939	0.500000
6.172701	4.199591	2.519502	0.500000
6.596411	6.819787	0.769067	0.500000
7.332369	10.115379	1.083318	0.500000
11.171056	2.562141	2.188498	0.500000
9.549733	8.079496	1.212662	0.500000
2.556639	3.369486	3.262150	0.500000
8.879201	4.695772	0.633549	0.500000
6.063722	11.899218	0.603955	0.500000
2.076303	7.521620	0.645252	0.500000
9.268588	3.324711	3.468728	0.500000
7.596910	2.241041	1.604081	0.500000
0.577142	2.232018	0.645581	0.500000
7.511072	4.305142	3.469209	0.500000
5.753210	3.664247	3.465782	0.500000
1.789374	8.714273	2.400295	0.500000
11.121455	2.827667	1.142354	0.500000
11.281630	6.025850	1.400182	0.500000
5.354781	4.637252	1.601179	0.500000
5.387621	8.076509	3.192447	0.500000
4.343475	0.902746	0.502647	0.500000
7.031706	7.699972	3.376896	0.500000
1.981946	4.053782	0.554438	0.500000
8.026031	9.967636	3.375393	0.500000
4.359425	7.394114	3.314411	0.500000
2.736200	12.074706	2.417985	0.500000
1.602178	8.093792	1.595128	0.500000
8.723526	11.976360	2.314269	0.500000
2.123087	10.901680	2.381615	0.500000
5.735580	5.223847	2.364314	0.500000
11.363286	11.484257	2.450347	0.500000
10.385583	9.803594	1.412227	0.500000
8.190147	9.022928	2.388567	0.500000
5.608422	8.299895	0.590029	0.500000
11.036982	4.653232	1.690286	0.500000
3.619534	2.910008	2.243930	0.500000
6.700850	9.644998	3.467440	0.500000
3.730876	9.933650	2.845512	0.500000
6.807251	1.606671	1.549362	0.500000
9.465760	5.291862	1.452689	0.500000
5.671232	9.040927	2.604163	0.500000
2.968203	1.105925	3.439369	0.500000
0.530911	12.188329	1.626939	0.500000
2.128208	4.380517	3.272121	0.500000
3.848246	0.822099	2.379932	0.500000
11.663684	10.243121	2.410153	0.500000
0.877969	10.707878	0.547027	0.500000
1.786400	6.114908	2.520185	0.500000
9.691099	3.852459	2.546010	0.500000
10.947873	6.764755	3.459608	0.500000
4.460568	9.722763	1.671349	0.500000
0.141374	1.164055	1.317045	0.500000
2.373487	7.512662	2.401957	0.500000
8.418762	1.623701	1.190470	0.500000
6.816268	2.866198	3.424760	0.500000
8.780938	10.530565	2.878922	0.500000
5.918599	10.522460	0.593300	0.500000
2.818853	11.015479	1.613955	0.500000
1.582156	2.799841	2.307545	0.500000
3.387082	0.181414	0.519522	0.500000
2.430362	0.290682	0.819777	0.500000
2.421525	2.056700	3.400462	0.500000
0.175227	4.767761	2.580587	0.500000
2.020491	1.788461	1.512567	0.500000
10.354002	8.778790	1.454167	0.500000
5.031289	9.946996	0.776778	0.500000
10.069379	4.548155	0.525141	0.500000
3.858904	11.520574	0.849931	0.500000
5.114394	0.018101	0.553445	0.500000
0.599191	2.656910	3.198122	0.500000
7.359239	0.796651	2.059265	0.500000
4.454623	5.194099	1.862119	0.500000
4.125453	1.010283	3.376230	0.500000
3.556551	11.495612	2.428459	0.500000
2.761902	8.183647	1.640151	0.500000
11.511823	0.073258	0.577440	0.500000
9.011556	4.872760	2.328122	0.500000
4.934587	1.101752	2.730266	0.500000
5.759986	11.603529	3.478088	0.500000
11.612711	1.880235	0.501577	0.500000
3.807048	2.072733	3.444758	0.500000
8.582836	0.549165	0.527397	0.500000
3.345804	7.039368	3.396662	0.500000
4.836563	2.404363	2.728625	0.500000
5.195559	1.788761	3.496637	0.500000
11.035795	8.640517	2.728616	0.500000
7.038846	3.748532	1.592628	0.500000
8.056908	5.470560	0.734075	0.500000
3.463127	9.528953	1.602338	0.500000
8.192393	4.749929	1.548163	0.500000
4.543203	2.181490	1.768762	0.500000
11.986679	9.784201	3.361993	0.500000
1.701328	11.737562	1.075552	0.500000
10.386315	5.634571	0.741334	0.500000
3.939511	0.257993	1.372007	0.500000
7.113910	4.945933	1.525504	0.500000
1.693877	9.522622	1.797738	0.500000
3.032335	7.237898	1.307488	0.500000
12.226881	6.097917	3.496876	0.500000
10.519823	10.447315	2.266249	0.500000
11.096578	5.788998	3.276495	0.500000
10.528214	3.270032	2.694547	0.500000
9.743584	6.724223	3.402287	0.500000
0.484670	4.948262	0.566180	0.500000
9.576307	8.992832	0.520451	0.500000
2.610768	10.034243	3.274945	0.500000
4.702968	0.193819	3.439747	0.500000
4.400460	4.174330	3.132069	0.500000
8.450665	4.872643	3.418556	0.500000
9.980380	2.088300	0.853391	0.500000
6.430306	7.656607	2.035825	0.500000
0.605231	7.125284	3.492616	0.500000
3.772548	10.644681	1.716435	0.500000
4.476684	11.390232	1.715661	0.500000
8.478922	9.183635	0.841160	0.500000
8.336505	2.153954	3.497173	0.500000
2.569740	0.853465	1.870557	0.500000
9.542818	10.540731	1.461412	0.500000
10.817156	3.838041	0.668615	0.500000
6.787918	8.611507	1.230077	0.500000
8.021949	3.123380	3.468933	0.500000
11.685180	10.278104	0.699614	0.500000
3.057829	10.978694	3.146458	0.500000
10.255244	7.780187	0.508401	0.500000
3.738937	9.168548	0.545390	0.500000
10.970500	1.473944	2.517409	0.500000
9.653725	5.571999	3.286442	0.500000
6.223442	9.901136	2.325597	0.500000
3.675583	8.820177	3.354420	0.500000
1.426058	0.522701	0.548870	0.500000
2.162774	11.465601	3.353270	0.500000
8.945409	2.943730	1.664828	0.500000
8.994287	9.522892	3.490591	0.500000
2.955506	10.210586	0.647250	0.500000
2.634584	5.154729	0.539068	0.500000
5.959725	1.271729	2.268922	0.500000
8.799047	9.900967	2.040032	0.500000
4.511774	4.352551	1.119428	0.500000
8.097361	11.205983	3.200787	0.500000
10.362719	6.867844	2.549746	0.500000
0.954547	5.899915	0.578328	0.500000
8.387853	1.785373	2.244731	0.500000
1.026053	7.406670	2.496333	0.500000
1.671883	0.365751	1.800765	0.500000
6.257890	7.106251	2.930498	0.500000
0.167682	7.853933	1.902317	0.500000
6.792306	10.813989	2.481098	0.500000
8.528733	6.732242	1.447760	0.500000
12.019929	1.189678	3.476963	0.500000
11.049937	1.474658	1.252858	0.500000
8.301278	5.767183	2.257639	0.500000
9.772919	7.854262	3.106443	0.500000
5.137599	5.092018	0.642253	0.500000
12.033548	8.576700	3.489078	0.500000
3.344984	5.546924	2.921269	0.500000
10.565160	2.254457	3.349520	0.500000
0.895670	11.089028	1.516134	0.500000
10.561353	0.640797	0.591137	0.500000
4.187525	2.015987	0.505196	0.500000
8.704012	10.165227	0.669063	0.500000
11.054140	0.135775	1.610353	0.500000
6.386303	10.608394	1.556592	0.500000
6.369466	4.458868	3.476118	0.500000
7.988394	6.207735	3.384083	0.500000
11.624635	2.276616	3.195198	0.500000
0.145766	10.863293	3.481599	0.500000
7.956175	3.241139	1.674999	0.500000
12.014522	2.905850	0.514071	0.500000
2.396744	4.963907	2.488560	0.500000
4.643693	5.957342	0.546042	0.500000
7.448810	11.879200	2.155864	0.500000
8.894932	6.733024	2.776677	0.500000
11.905561	3.851332	1.586753	0.500000
4.688687	8.937416	3.449687	0.500000
2.962017	3.882220	1.097389	0.500000
10.119666	1.366569	1.627906	0.500000
0.155151	3.571644	3.443469	0.500000
5.064102	11.215158	0.612633	0.500000
9.704767	10.673455	3.320256	0.500000
0.806829	8.833602	1.622437	0.500000
12.217692	11.343537	0.647052	0.500000
4.874249	3.188257	3.424950	0.500000
5.351038	10.368167	1.645423	0.500000
11.846399	5.719684	0.508365	0.500000
3.155494	6.066490	0.737053	0.500000
9.355115	2.210257	2.367704	0.500000
5.129716	6.031723	2.726161	0.500000
