400

1.620719	3.459532	2.328442	0.500000
11.461171	2.435953	0.588114	0.500000
6.573088	1.835548	0.560021	0.500000
10.847785	12.127732	2.287826	0.500000
4.003530	10.647777	3.289185	0.500000
6.200902	5.575117	1.098633	0.500000
8.030698	11.812989	2.364563	0.500000
8.179452	0.517106	2.820218	0.500000
2.805032	2.052331	0.856701	0.500000
0.842564	2.017966	3.388254	0.500000
9.949453	10.409066	1.548649	0.500000
7.256697	5.999209	1.737991	0.500000
5.752030	2.074877	2.218602	0.500000
3.208153	8.939157	2.243486	0.500000
1.377664	4.582669	3.150493	0.500000
11.336072	7.866659	1.553278	0.500000
7.617021	4.049360	0.509907	0.500000
5.162781	5.262461	1.328882	0.500000
3.243872	1.718445	2.465772	0.500000
11.661710	6.156480	1.232107	0.500000
7.228057	5.891840	0.523696	0.500000
6.194530	12.097079	0.702026	0.500000
0.668381	3.419814	1.472840	0.500000
11.314827	4.375041	0.532295	0.500000
0.223508	7.743807	3.419727	0.500000
8.836370	5.374457	3.382343	0.500000
3.473245	8.309035	0.519705	0.500000
1.318372	5.623913	3.398955	0.500000
2.554085	6.533690	3.385741	0.500000
0.098174	6.540614	0.556696	0.500000
0.123399	9.530898	3.306318	0.500000
2.599265	7.060357	1.028939	0.500000
11.504821	5.733426	3.078561	0.500000
10.063553	11.075777	2.387008	0.500000
1.445453	9.623630	3.383323	0.500000
4.031848	10.516015	1.789357	0.500000
12.168410	10.168288	2.523984	0.500000
1.605584	3.610480	0.936002	0.500000
0.824686	1.041983	1.559118	0.500000
11.631385	6.641377	2.305462	0.500000
11.891603	10.929850	3.439038	0.500000
4.775350	6.537371	1.574617	0.500000
3.575173	6.174623	3.442623	0.500000
7.072220	10.373769	1.586843	0.500000
1.382377	0.593747	0.702769	0.500000
2.139691	2.859870	0.515227	0.500000
10.363909	6.917494	3.064300	0.500000
3.622474	6.437504	1.623436	0.500000
11.067557	11.425964	1.548827	0.500000
11.394206	0.316769	3.483490	0.500000
11.007549	11.547332	3.141285	0.500000
0.417793	0.462129	3.418616	0.500000
6.063987	12.180040	1.726477	0.500000
3.754488	2.193126	0.523491	0.500000
4.442026	2.656199	1.322804	0.500000
5.187921	10.902054	2.482740	0.500000
10.530766	1.429533	2.131165	0.500000
1.336781	12.149493	1.703942	0.500000
2.434575	9.131298	3.347355	0.500000
8.820798	8.745052	2.248275	0.500000
1.213745	6.636522	2.249641	0.500000
6.601153	2.645469	1.185224	0.500000
5.375840	3.166681	2.929528	0.500000
4.042691	11.746064	3.448574	0.500000
11.926849	10.815850	1.632106	0.500000
10.137623	11.809700	1.630197	0.500000
0.529535	11.493546	3.428947	0.500000
0.989736	8.493736	3.410406	0.500000
0.781208	11.082589	1.266232	0.500000
3.257448	4.306421	3.497056	0.500000
3.485368	2.355488	1.549775	0.500000
7.691884	11.812957	3.453244	0.500000
1.043971	2.428774	1.189791	0.500000
11.287813	2.386064	3.479371	0.500000
4.228784	1.130742	2.161518	0.500000
5.077339	7.930070	1.571498	0.500000
5.575324	8.936943	1.114308	0.500000
5.967590	7.361848	1.968434	0.500000
0.451651	4.042217	3.425598	0.500000
7.560047	7.436748	2.464189	0.500000
3.314802	7.208006	3.374121	0.500000
7.023078	9.620739	3.452554	0.500000
4.113134	9.385905	1.439880	0.500000
11.444393	10.000204	3.253584	0.500000
6.671528	3.596793	0.714908	0.500000
8.558985	9.626206	0.522602	0.500000
4.241161	5.659527	1.800762	0.500000
3.924749	5.082664	3.438557	0.500000
10.341152	4.663485	3.171119	0.500000
8.779312	1.912791	2.390774	0.500000
7.652325	4.223187	1.516190	0.500000
4.044055	7.466186	1.601284	0.500000
10.237323	11.025881	0.550662	0.500000
9.115257	7.405941	0.710979	0.500000
10.362139	12.019177	0.672605	0.500000
9.542894	1.267043	2.355168	0.500000
7.265087	3.161460	3.079896	0.500000
3.138951	0.201938	1.141581	0.500000
1.891505	10.571467	3.297111	0.500000
0.404357	10.000221	1.418800	0.500000
7.002951	5.267609	2.514933	0.500000
5.595087	2.812574	1.249814	0.500000
4.416299	7.513959	3.475583	0.500000
10.367152	10.778785	3.481396	0.500000
2.255084	3.609286	3.140201	0.500000
7.859585	2.900601	0.617184	0.500000
8.241255	11.400625	0.997166	0.500000
9.517831	2.007789	3.414508	0.500000
9.763189	5.755321	2.676424	0.500000
7.880415	8.938116	3.078237	0.500000
3.257503	2.821509	2.470143	0.500000
10.080568	2.301037	0.568715	0.500000
10.391947	9.220829	3.302482	0.500000
4.302351	8.405435	2.199624	0.500000
9.088490	2.668130	1.098385	0.500000
6.037082	1.135428	3.470618	0.500000
2.298315	4.503885	1.501715	0.500000
1.083638	4.693284	1.387762	0.500000
0.235823	7.238596	2.525179	0.500000
7.295483	12.023673	0.637117	0.500000
2.358083	0.945883	2.744462	0.500000
7.976449	8.337360	0.548091	0.500000
3.241806	7.867990	2.270562	0.500000
6.432844	0.803448	1.070566	0.500000
7.416636	11.431114	1.667117	0.500000
2.730053	11.686086	0.578302	0.500000
1.766907	1.674574	0.915731	0.500000
1.798802	9.922440	1.488850	0.500000
10.688865	3.479693	3.480869	0.500000
4.323805	4.578513	1.459072	0.500000
6.706560	7.236394	0.513927	0.500000
3.311279	5.792215	2.487042	0.500000
11.893820	4.122519	1.390026	0.500000
7.441747	1.004889	2.181469	0.500000
5.817451	6.180280	1.816984	0.500000
4.528562	5.819836	0.718850	0.500000
8.285104	1.976340	0.575994	0.500000
6.188194	4.757529	0.503562	0.500000
1.414611	6.682828	3.477801	0.500000
10.412718	5.354047	0.548893	0.500000
0.969838	5.700916	1.182176	0.500000
7.084371	9.468860	2.158343	0.500000
8.191163	6.750603	0.666798	0.500000
5.843406	11.133481	0.539435	0.500000
5.064101	6.074176	2.505383	0.500000
8.957767	10.543630	1.296874	0.500000
2.369754	5.129034	3.384567	0.500000
2.089358	7.171927	2.497300	0.500000
11.499994	8.917686	2.286570	0.500000
6.828172	8.262159	1.057236	0.500000
5.800364	11.056508	3.338496	0.500000
10.933357	0.612809	0.699570	0.500000
1.102838	2.211226	2.399446	0.500000
2.124927	8.178488	2.362515	0.500000
5.762925	7.848683	0.597920	0.500000
7.992531	1.535061	2.979615	0.500000
5.138924	5.323890	3.475984	0.500000
3.574384	7.183118	0.604970	0.500000
5.328103	4.166281	1.584786	0.500000
12.107581	4.872889	3.346731	0.500000
6.122067	11.165350	1.898631	0.500000
8.921596	11.345571	1.914235	0.500000
7.115025	0.835293	3.279890	0.500000
10.814800	6.478073	0.573959	0.500000
11.400190	9.053994	0.556537	0.500000
9.275447	9.330228	3.413279	0.500000
10.802765	5.109066	2.284762	0.500000
2.608727	6.088009	1.754588	0.500000
8.416016	3.522855	2.423207	0.500000
10.525280	5.990104	3.430384	0.500000
9.630998	4.610597	0.510569	0.500000
9.233546	0.308190	2.544574	0.500000
4.853757	9.368542	0.529891	0.500000
7.287540	1.094111	0.607560	0.500000
4.675726	1.104405	0.585128	0.500000
8.659245	0.202041	1.624541	0.500000
8.282132	7.204107	1.736723	0.500000
5.912674	5.462317	2.751950	0.500000
1.172176	7.672081	1.970567	0.500000
1.372138	0.680476	2.387476	0.500000
9.646945	3.299553	3.458738	0.500000
3.847924	11.297335	0.606172	0.500000
11.435964	4.038253	2.382350	0.500000
10.713668	8.011958	0.519909	0.500000
0.472458	6.885805	1.544065	0.500000
7.917677	7.736517	3.380817	0.500000
8.402471	6.707731	2.728866	0.500000
9.510539	9.485902	1.315314	0.500000
1.605840	11.800241	3.497192	0.500000
2.392608	11.019002	2.536828	0.500000
2.427294	9.100344	0.576303	0.500000
10.895192	4.468813	1.503065	0.500000
6.443952	7.452261	3.106684	0.500000
10.443930	7.609224	2.296291	0.500000
10.881866	9.964985	1.377226	0.500000
12.183380	2.662052	2.749845	0.500000
9.251474	11.204809	0.520827	0.500000
5.013954	4.561313	0.597460	0.500000
10.526329	7.279713	1.201591	0.500000
10.530614	8.647448	2.476834	0.500000
9.927275	8.571965	1.520398	0.500000
12.004467	8.810808	1.375977	0.500000
10.408331	9.239933	0.602062	0.500000
10.109746	12.065764	2.993038	0.500000
0.212514	9.334608	0.645114	0.500000
6.626042	6.652533	2.281568	0.500000
4.548195	2.249629	2.344330	0.500000
5.221618	7.953817	2.632480	0.500000
3.516852	9.613741	3.388794	0.500000
12.118193	5.358893	0.567847	0.500000
4.659112	0.911588	3.490430	0.500000
6.957422	11.117931	3.464892	0.500000
1.995848	2.696564	1.524354	0.500000
9.829805	0.938095	3.426257	0.500000
6.212822	3.663090	1.702946	0.500000
4.683152	7.231781	0.545383	0.500000
7.558592	8.508990	1.936523	0.500000
11.216588	2.731624	2.394386	0.500000
9.146731	7.644447	2.061757	0.500000
2.577046	4.355509	2.541693	0.500000
9.982005	4.956267	1.478908	0.500000
4.999711	10.350453	0.668040	0.500000
0.123162	8.318853	0.514704	0.500000
9.139012	4.233126	2.995724	0.500000
6.848634	1.657979	1.633903	0.500000
0.770561	1.391282	0.597560	0.500000
7.090656	4.448631	3.318164	0.500000
6.334985	3.603110	3.419830	0.500000
1.264966	7.562486	2.989619	0.500000
0.214030	3.315332	0.551062	0.500000
9.668524	6.619392	1.044594	0.500000
6.618545	4.615647	1.708061	0.500000
4.661086	8.700494	3.328963	0.500000
5.031440	2.401176	0.500741	0.500000
6.077963	8.532292	2.949738	0.500000
2.707993	5.094387	0.667850	0.500000
8.407986	10.009521	3.403633	0.500000
4.760729	7.078806	2.472739	0.500000
2.283951	0.254824	1.714079	0.500000
0.932894	7.861801	0.940168	0.500000
9.182351	11.693357	3.098705	0.500000
0.929325	11.399016	2.367470	0.500000
5.726386	4.110844	2.514660	0.500000
12.054490	11.971741	2.335621	0.500000
9.725658	8.366909	0.531816	0.500000
7.087066	8.220525	3.059259	0.500000
4.495449	8.382696	0.726508	0.500000
10.667663	3.181667	1.435684	0.500000
4.330865	2.946108	3.497568	0.500000
6.208905	10.116253	3.118007	0.500000
5.222168	10.237172	3.279406	0.500000
5.764754	1.560612	1.124222	0.500000
8.935605	5.331781	1.899020	0.500000
6.094450	9.575589	2.009010	0.500000
3.124235	3.184550	3.480879	0.500000
11.278640	0.868742	1.686117	0.500000
1.986880	2.297139	2.907293	0.500000
2.804823	1.775746	3.475634	0.500000
0.720873	10.331202	3.465779	0.500000
0.016182	10.895560	0.625336	0.500000
1.830703	5.592398	0.678365	0.500000
10.143852	3.987957	1.977291	0.500000
11.516380	6.970218	3.454287	0.500000
3.040355	6.808241	2.438568	0.500000
0.329726	0.173420	0.991176	0.500000
1.903966	8.493791	1.405004	0.500000
9.251596	0.060724	0.819275	0.500000
6.124756	2.505452	3.323860	0.500000
8.849571	9.896082	2.490639	0.500000
5.874537	10.312406	1.340465	0.500000
3.205738	10.768826	1.255678	0.500000
2.701589	3.473666	1.848680	0.500000
3.992368	0.129782	0.528681	0.500000
2.444266	0.921107	0.609747	0.500000
1.549966	1.228494	3.269904	0.500000
0.548530	4.587938	2.529175	0.500000
1.914318	1.621625	1.925414	0.500000
8.541634	9.633690	1.524111	0.500000
3.499776	9.396847	0.521032	0.500000
10.136652	3.699609	0.547521	0.500000
3.905647	11.772952	1.572841	0.500000
5.043035	12.065665	0.664679	0.500000
1.299935	3.063353	3.227134	0.500000
8.176160	0.487217	0.795967	0.500000
4.004576	4.179307	2.676027	0.500000
2.975184	0.071047	2.478206	0.500000
2.896172	10.934510	3.486208	0.500000
1.919741	9.372197	2.468769	0.500000
11.741236	1.371825	0.511715	0.500000
8.926804	4.087164	1.751422	0.500000
5.586115	11.847783	2.540721	0.500000
8.834279	1.176406	3.433805	0.500000
10.090048	1.294426	0.736611	0.500000
3.875307	1.921555	3.261275	0.500000
9.839509	0.668056	1.592468	0.500000
2.542852	7.907643	3.305563	0.500000
4.222803	3.350229	2.106090	0.500000
4.626215	12.143108	2.607355	0.500000
11.619575	7.893817	2.785134	0.500000
7.537667	3.084866	1.608351	0.500000
8.457470	6.171353	1.504894	0.500000
3.379591	11.324411	2.697410	0.500000
7.303379	4.977093	0.945105	0.500000
5.326612	1.120021	2.648813	0.500000
11.282186	8.698754	3.462678	0.500000
1.421528	11.682341	0.523263	0.500000
9.172192	5.590487	0.823269	0.500000
3.724528	0.651060	3.130366	0.500000
5.932950	4.596041	3.418538	0.500000
1.305301	9.834525	0.563000	0.500000
1.423180	6.780712	1.053430	0.500000
11.893033	5.212171	1.610653	0.500000
11.073040	10.416742	2.412250	0.500000
10.479591	6.359713	1.860171	0.500000
10.284094	2.613640	2.955176	0.500000
9.322674	7.275232	3.051986	0.500000
3.465154	4.012761	1.481347	0.500000
8.984959	8.612331	1.176984	0.500000
3.139452	10.335853	2.664811	0.500000
6.192273	11.994037	3.402518	0.500000
5.119326	2.187111	3.430830	0.500000
8.047699	3.926082	3.277950	0.500000
8.973236	1.287816	0.860732	0.500000
6.149840	8.406197	1.862125	0.500000
0.388885	6.222067	3.444331	0.500000
2.335564	10.218847	0.698665	0.500000
5.135123	0.028279	3.469831	0.500000
7.769036	10.482475	0.860120	0.500000
6.261417	0.929276	2.306587	0.500000
2.771671	0.018304	3.465283	0.500000
7.491422	9.256414	0.758945	0.500000
0.050740	1.902404	1.592261	0.500000
7.270757	7.366424	1.480439	0.500000
7.038726	3.831009	2.265166	0.500000
11.629124	10.102420	0.530223	0.500000
2.726869	11.530346	1.744715	0.500000
11.671623	7.555556	0.511964	0.500000
1.849577	7.611587	0.568345	0.500000
0.444147	1.212116	2.489013	0.500000
9.454145	6.329401	3.486915	0.500000
4.866814	9.205734	2.417053	0.500000
3.499557	8.420140	3.117705	0.500000
3.712215	1.153177	0.961617	0.500000
1.288397	10.462116	2.491153	0.500000
8.654790	4.037505	0.580002	0.500000
10.080584	9.660863	2.452157	0.500000
2.903793	8.409390	1.376170	0.500000
3.004345	6.087121	0.652265	0.500000
6.537886	2.777512	2.433025	0.500000
8.819291	8.421146	3.345651	0.500000
4.813415	3.367910	0.671591	0.500000
8.370341	10.961504	2.911312	0.500000
10.748110	7.780983	3.492132	0.500000
1.854765	4.519209	0.504278	0.500000
8.163953	1.299064	1.551641	0.500000
0.055961	5.869163	2.336156	0.500000
1.773839	11.097554	1.611765	0.500000
7.200117	6.820366	3.339168	0.500000
10.875470	8.919670	1.495498	0.500000
7.079202	12.118726	2.314618	0.500000
8.312848	4.912387	0.932603	0.500000
12.193070	1.545734	3.473268	0.500000
10.662119	1.500393	3.203500	0.500000
8.321239	4.533274	2.445797	0.500000
9.825750	8.343317	3.473668	0.500000
3.701944	5.249511	0.639632	0.500000
0.504904	8.216387	2.558375	0.500000
1.170985	5.598872	2.323245	0.500000
8.563662	2.383461	3.423694	0.500000
3.085351	9.788375	1.473521	0.500000
9.882863	2.219554	1.726961	0.500000
3.154263	3.128475	0.995295	0.500000
6.269448	9.729903	0.515356	0.500000
11.583940	1.635450	2.621036	0.500000
6.846161	10.809008	2.517185	0.500000
4.795985	4.954143	2.349007	0.500000
7.508617	5.399381	3.388415	0.500000
11.674794	3.694136	3.464370	0.500000
0.654427	9.301472	2.362745	0.500000
7.939554	2.496360	2.611353	0.500000
2.848354	1.257184	1.654999	0.500000
2.178383	5.275002	2.257254	0.500000
5.392345	6.459605	0.576233	0.500000
8.030039	10.411174	2.126922	0.500000
9.301029	6.533425	2.133139	0.500000
11.854127	3.095620	1.496825	0.500000
5.595919	9.320858	3.464570	0.500000
2.763386	4.042892	0.731212	0.500000
11.077253	1.852062	1.348299	0.500000
0.280080	3.613522	2.497988	0.500000
4.757596	0.264212	1.650781	0.500000
9.333414	10.643535	3.050833	0.500000
0.940636	8.619220	1.645819	0.500000
11.428890	11.581581	0.585885	0.500000
4.883622	4.338037	3.167792	0.500000
4.923934	11.184322	1.304621	0.500000
0.489109	4.353756	0.555031	0.500000
3.199444	5.133875	1.631112	0.500000
9.442779	2.970030	2.354136	0.500000
5.255298	6.731812	3.487016	0.500000
