400

4.263860	7.777137	1.387757	0.500000
3.754993	3.862288	1.364665	0.500000
2.120557	10.763728	0.501225	0.500000
3.507725	5.653780	0.526265	0.500000
3.898128	4.727570	0.637532	0.500000
6.370475	11.423670	1.816900	0.500000
10.164347	11.669443	3.481805	0.500000
6.857541	11.587190	0.644420	0.500000
8.280599	10.226284	0.695754	0.500000
3.947279	5.447983	1.436085	0.500000
0.195111	12.225924	3.293196	0.500000
3.272932	8.913369	0.826421	0.500000
5.378797	4.907014	0.627836	0.500000
11.476594	11.900388	3.121220	0.500000
8.454449	10.323419	3.280965	0.500000
4.254478	1.702632	1.831187	0.500000
4.572681	0.062488	0.711228	0.500000
7.326545	2.963957	3.449355	0.500000
3.075576	11.555908	2.240557	0.500000
0.132238	3.206253	1.557310	0.500000
6.050395	0.947346	2.606367	0.500000
5.059828	11.247953	2.088608	0.500000
9.987406	7.381650	1.527221	0.500000
10.937692	4.738860	0.799130	0.500000
5.126595	0.232565	2.522885	0.500000
3.420701	7.825272	2.494795	0.500000
6.968348	7.583975	1.605945	0.500000
1.426193	6.291960	1.572410	0.500000
7.282282	5.887389	2.868324	0.500000
11.328465	0.441082	1.525480	0.500000
2.380105	3.513542	3.488072	0.500000
0.339757	8.926563	1.430795	0.500000
12.090651	9.514778	0.722096	0.500000
10.082410	6.134752	1.720801	0.500000
7.299765	2.661270	2.469535	0.500000
8.531398	0.426810	3.441117	0.500000
5.457494	7.778822	0.728416	0.500000
0.912212	6.018778	3.407896	0.500000
8.136081	9.461251	2.434658	0.500000
11.122806	8.225858	3.389661	0.500000
1.405149	11.946807	1.246646	0.500000
3.996421	6.935622	0.560884	0.500000
2.258612	2.963821	0.729220	0.500000
1.190448	10.821077	2.373506	0.500000
2.655515	0.774090	1.406995	0.500000
9.953044	5.391264	2.788991	0.500000
9.108086	11.723062	2.003646	0.500000
10.125805	0.475949	2.219136	0.500000
9.621790	3.193868	2.243101	0.500000
11.933932	5.130389	2.871836	0.500000
0.765799	9.703401	2.430356	0.500000
3.459494	11.776016	0.541554	0.500000
10.425991	9.129972	1.302720	0.500000
0.811598	5.941323	2.289570	0.500000
2.442165	7.498362	3.003894	0.500000
4.792108	12.050351	3.461455	0.500000
5.071884	7.185076	1.478633	0.500000
11.733018	10.484200	1.065039	0.500000
7.537394	5.243449	0.597326	0.500000
10.909547	9.349771	3.351322	0.500000
0.674736	10.212830	3.310587	0.500000
5.893074	2.513466	0.573188	0.500000
9.206732	6.591747	1.416165	0.500000
10.584249	8.051233	2.132657	0.500000
2.788477	11.290968	1.143680	0.500000
9.151352	1.672412	3.306053	0.500000
8.927752	9.298567	3.174221	0.500000
8.860871	8.555618	2.105037	0.500000
10.085815	1.956981	3.059687	0.500000
6.507785	8.426204	1.193028	0.500000
0.165332	2.154027	1.536689	0.500000
1.339700	2.254437	3.495821	0.500000
0.374576	2.546976	0.516062	0.500000
0.117502	3.277319	2.585104	0.500000
1.575284	8.957626	2.530798	0.500000
9.018171	1.628832	0.501975	0.500000
11.131702	0.299265	0.515802	0.500000
6.952369	2.706464	0.517045	0.500000
5.681309	8.756787	0.692643	0.500000
7.230023	4.891870	3.150215	0.500000
9.014749	11.847781	3.004585	0.500000
5.050689	6.476502	3.475670	0.500000
3.156285	8.011667	3.493472	0.500000
2.920372	10.578588	1.978898	0.500000
7.592713	1.771523	0.544792	0.500000
5.777241	0.061225	3.320191	0.500000
0.331105	11.264894	1.827970	0.500000
5.578983	5.367522	3.393647	0.500000
4.141949	2.678986	1.462321	0.500000
8.189205	3.181396	2.449692	0.500000
3.391731	0.111055	1.580083	0.500000
7.451142	0.758930	1.875045	0.500000
3.133182	5.571640	3.494442	0.500000
1.295228	3.553378	0.510429	0.500000
3.890443	3.701673	2.344894	0.500000
8.676864	7.382495	2.447794	0.500000
5.115184	11.351662	0.670359	0.500000
10.003837	9.672820	3.038391	0.500000
10.867306	5.900623	2.382124	0.500000
0.766912	1.999275	2.326182	0.500000
10.699278	6.983506	2.579135	0.500000
2.282610	0.083349	0.548750	0.500000
2.513824	6.515133	2.610347	0.500000
12.041805	0.334836	2.397785	0.500000
5.169573	9.204020	3.372359	0.500000
6.494314	6.668178	2.006674	0.500000
10.046739	2.237752	0.800280	0.500000
0.596158	5.993181	0.662320	0.500000
7.176721	9.028140	2.382252	0.500000
0.338692	1.063971	0.613892	0.500000
9.266496	5.383073	1.816414	0.500000
1.582935	7.888664	1.394313	0.500000
10.857044	11.481269	0.513510	0.500000
3.211515	2.058369	1.581054	0.500000
6.188346	4.568876	2.550339	0.500000
3.234799	11.511022	3.482229	0.500000
6.319880	10.527309	2.388217	0.500000
0.643842	0.371816	1.328631	0.500000
10.800511	3.659855	0.653424	0.500000
9.840773	6.773183	0.581135	0.500000
2.607862	3.753343	2.493729	0.500000
6.520671	0.204535	1.499982	0.500000
8.471007	4.304013	0.727885	0.500000
3.750322	2.067530	3.390914	0.500000
11.854758	5.732989	0.514740	0.500000
0.054457	3.818372	3.480728	0.500000
8.630526	4.038617	2.035302	0.500000
3.728072	7.940419	0.556505	0.500000
7.426423	1.924474	1.653290	0.500000
4.547552	10.921171	3.450249	0.500000
1.458867	1.965633	0.529525	0.500000
6.468316	4.869070	0.739629	0.500000
1.036329	5.178029	1.427708	0.500000
1.197635	0.131723	3.391685	0.500000
1.926037	5.950925	0.579495	0.500000
2.933857	7.106810	0.618740	0.500000
1.762668	10.741508	1.496141	0.500000
2.863458	3.041563	1.594853	0.500000
11.441893	9.133110	1.491258	0.500000
9.395034	0.505888	1.394172	0.500000
2.943423	10.250226	3.169729	0.500000
10.363176	12.202610	1.371689	0.500000
8.398342	6.205067	0.840574	0.500000
6.213552	3.982382	1.554073	0.500000
2.649210	5.104178	0.870477	0.500000
5.051948	3.706146	2.758409	0.500000
8.444575	9.589863	1.464396	0.500000
7.146540	3.892857	2.980781	0.500000
3.168413	1.208181	3.400822	0.500000
7.363432	9.396177	1.257001	0.500000
9.209703	4.970594	3.474742	0.500000
0.622282	4.808964	0.578688	0.500000
5.223860	10.238603	2.593015	0.500000
5.149047	6.794367	0.547376	0.500000
5.186414	1.513539	2.455838	0.500000
10.234127	7.507404	3.456869	0.500000
4.519566	0.687632	1.827279	0.500000
8.432263	11.041426	2.330854	0.500000
8.308884	2.606071	1.632927	0.500000
10.262131	1.744913	1.801054	0.500000
10.903999	4.812129	3.078375	0.500000
1.115394	3.129150	2.007730	0.500000
8.610834	11.451396	0.509847	0.500000
1.213008	9.368818	3.464445	0.500000
1.664078	0.906458	0.689952	0.500000
0.374440	10.178733	1.563084	0.500000
12.130322	6.587364	1.237144	0.500000
3.619341	9.645501	1.682974	0.500000
9.659406	4.456032	1.998125	0.500000
4.441106	3.793135	0.520204	0.500000
0.896631	3.975554	1.456083	0.500000
9.027213	9.923391	2.384544	0.500000
2.846497	4.927454	2.659151	0.500000
6.424826	6.396000	3.294366	0.500000
10.619936	2.743156	2.175307	0.500000
11.035634	2.379558	0.855253	0.500000
4.721626	2.772938	0.531782	0.500000
0.438735	1.148651	3.440856	0.500000
0.870165	6.940577	1.041167	0.500000
10.891302	10.992889	3.286437	0.500000
7.790773	4.051995	1.424104	0.500000
5.888658	3.715839	3.349833	0.500000
1.130301	3.458032	3.384428	0.500000
7.632793	10.329803	1.651014	0.500000
9.480707	10.261505	0.582335	0.500000
10.161993	3.306282	1.404079	0.500000
5.833852	8.571962	2.490290	0.500000
4.164185	11.591659	1.353788	0.500000
5.850904	5.019622	1.517837	0.500000
3.234075	0.761900	0.566090	0.500000
10.567297	1.147917	0.549200	0.500000
10.633915	3.884838	2.229405	0.500000
5.918928	7.674379	1.889606	0.500000
4.915622	6.713447	2.433062	0.500000
2.918992	8.752883	2.795203	0.500000
8.453999	8.559946	0.636783	0.500000
9.350754	10.777968	3.429697	0.500000
6.958555	5.739174	1.893267	0.500000
6.358692	9.705172	1.780377	0.500000
5.569107	0.966380	0.582710	0.500000
8.302452	2.481646	0.531591	0.500000
9.270854	2.918387	3.175453	0.500000
6.273924	7.100587	0.843209	0.500000
7.089918	4.726227	1.987562	0.500000
0.054388	8.543829	0.525700	0.500000
7.196282	10.036020	2.531242	0.500000
2.892502	2.023151	0.545263	0.500000
2.962129	3.801253	0.702654	0.500000
9.271018	3.574371	0.576528	0.500000
1.765801	0.699176	1.974500	0.500000
6.648027	12.125576	2.653122	0.500000
1.176669	11.141768	0.588789	0.500000
8.816704	10.556689	1.514431	0.500000
7.638141	8.139621	2.160171	0.500000
2.104667	4.289405	0.514332	0.500000
5.621459	10.689072	3.428986	0.500000
7.545332	0.854399	2.906450	0.500000
0.047605	3.514805	0.521606	0.500000
10.832592	9.055873	2.329952	0.500000
1.815656	6.984154	0.538031	0.500000
6.442182	9.507811	0.696948	0.500000
11.265888	1.659492	1.707379	0.500000
10.670546	4.916256	2.109575	0.500000
2.546434	0.147133	2.571842	0.500000
2.124706	2.679152	2.235274	0.500000
11.572967	4.136765	2.533220	0.500000
7.236362	1.847758	3.346552	0.500000
6.074615	3.104315	2.504161	0.500000
4.692095	5.656407	0.785988	0.500000
3.142956	2.895598	3.143301	0.500000
3.123362	10.466090	0.524346	0.500000
0.511285	7.910085	2.345465	0.500000
0.526626	7.140438	3.488362	0.500000
4.162154	4.073697	3.380242	0.500000
7.515071	12.033499	3.358379	0.500000
9.061808	6.407507	2.450643	0.500000
5.480404	9.895514	0.846479	0.500000
7.361065	11.888464	1.738575	0.500000
1.584681	11.735957	2.503747	0.500000
3.744538	2.591376	2.387062	0.500000
10.019792	4.247099	0.881859	0.500000
5.891397	5.547323	2.391259	0.500000
8.036903	4.100234	3.489390	0.500000
8.470098	5.636350	3.287670	0.500000
8.054259	6.553668	3.472360	0.500000
3.298973	1.157056	2.291576	0.500000
6.562319	1.520470	0.549398	0.500000
10.011114	6.426951	3.199031	0.500000
10.434902	9.799558	0.524020	0.500000
7.755048	3.485686	0.540834	0.500000
2.261800	8.149186	0.621532	0.500000
4.359259	3.085798	3.264407	0.500000
2.074395	9.550272	0.592067	0.500000
4.262017	6.493914	1.493153	0.500000
6.346774	1.892880	2.212199	0.500000
2.003691	4.591176	1.929421	0.500000
9.999145	3.717559	3.181244	0.500000
0.172344	2.439894	3.237893	0.500000
7.447484	6.379855	1.271353	0.500000
11.947462	8.695321	2.270022	0.500000
0.474932	4.533371	2.214850	0.500000
10.513716	10.175325	2.113848	0.500000
11.393704	8.046737	1.248135	0.500000
8.608702	7.715568	3.437424	0.500000
4.203454	11.990464	2.614155	0.500000
9.561281	8.353386	1.200192	0.500000
11.107019	3.663907	3.368221	0.500000
7.887308	5.409111	1.551777	0.500000
4.449881	10.385056	1.751419	0.500000
0.241267	10.992000	2.828114	0.500000
11.678816	1.581403	0.706463	0.500000
8.209759	7.193760	1.471434	0.500000
11.757071	11.691339	1.247422	0.500000
11.920497	4.447792	1.221003	0.500000
11.206958	0.893174	2.535352	0.500000
5.417934	1.937531	1.554109	0.500000
2.639630	5.955039	1.416032	0.500000
1.788738	4.586682	3.486747	0.500000
3.138509	4.269007	3.498411	0.500000
11.886131	10.395668	3.381820	0.500000
4.903622	4.689339	2.448500	0.500000
12.173496	8.026381	3.424880	0.500000
12.186628	1.074578	1.580250	0.500000
9.632410	9.889231	1.546119	0.500000
11.682991	7.082812	3.477885	0.500000
6.574178	10.355452	3.440384	0.500000
2.062166	10.960890	3.077999	0.500000
3.985883	7.011777	2.707731	0.500000
2.053992	3.669614	1.419861	0.500000
7.431965	9.392939	3.450985	0.500000
4.298487	7.677272	3.449253	0.500000
1.214757	8.512582	0.571041	0.500000
5.440110	2.590634	3.326859	0.500000
3.679490	0.306775	3.334950	0.500000
3.503504	2.840166	0.572215	0.500000
4.739956	4.777627	1.436882	0.500000
9.576369	11.744650	0.645461	0.500000
4.800897	8.225036	2.761319	0.500000
11.416783	1.993732	3.459258	0.500000
4.350447	5.058344	3.497464	0.500000
0.734053	0.743273	2.406123	0.500000
1.327843	4.020330	2.518466	0.500000
6.599692	8.544976	3.219659	0.500000
9.046165	2.090255	2.310949	0.500000
8.082406	6.308849	2.041005	0.500000
1.996744	10.090984	2.492560	0.500000
1.093265	11.356367	3.495170	0.500000
0.394591	11.812997	0.613333	0.500000
0.603369	8.789184	2.820850	0.500000
6.417357	2.818084	1.419935	0.500000
4.185597	1.615690	0.724801	0.500000
1.845111	5.590092	2.786248	0.500000
10.971572	6.192145	3.488742	0.500000
6.165287	1.804627	3.382657	0.500000
7.385102	10.670409	0.502416	0.500000
0.026407	7.337613	0.530992	0.500000
5.834138	12.036593	0.550968	0.500000
5.573583	6.285480	1.711177	0.500000
9.765695	7.548444	2.565980	0.500000
11.639951	2.607850	2.216749	0.500000
4.484845	9.105675	1.362165	0.500000
6.108293	3.522474	0.576251	0.500000
5.417246	12.066041	1.494636	0.500000
1.956094	6.487312	3.490244	0.500000
3.866040	4.906929	2.545552	0.500000
6.135582	9.601109	2.863544	0.500000
1.530579	1.975286	1.622944	0.500000
11.813240	10.071310	2.218219	0.500000
5.544574	7.682447	3.356671	0.500000
0.652764	4.847875	3.211473	0.500000
7.932824	11.232660	1.215404	0.500000
8.959213	3.946678	2.977279	0.500000
12.072520	1.491211	2.714033	0.500000
4.695407	8.482834	0.592486	0.500000
10.257623	10.817380	1.184686	0.500000
11.357112	3.425696	1.533857	0.500000
11.684808	0.671115	3.492753	0.500000
0.001589	6.373836	3.029237	0.500000
3.921706	10.204814	2.817891	0.500000
3.125007	6.819579	3.346924	0.500000
12.203420	5.602399	1.807250	0.500000
1.299284	6.993711	2.306261	0.500000
6.546239	11.458217	3.393587	0.500000
10.914157	6.873775	1.552752	0.500000
0.474717	7.838150	1.310559	0.500000
5.182396	0.876085	3.407757	0.500000
7.372157	7.431214	0.515026	0.500000
2.544260	9.678426	1.606354	0.500000
8.174741	12.012307	2.351631	0.500000
4.805932	3.807944	1.785651	0.500000
2.242163	0.702190	3.479107	0.500000
7.567563	8.385017	1.159064	0.500000
4.483708	10.495301	0.698561	0.500000
11.162844	10.954038	2.071751	0.500000
2.455139	2.078065	3.437347	0.500000
4.117921	8.976671	3.229170	0.500000
7.603019	10.966243	2.888434	0.500000
1.479131	1.279790	2.813870	0.500000
9.210789	9.252783	0.667520	0.500000
7.800076	8.352195	3.389163	0.500000
8.071771	1.996145	2.669031	0.500000
10.440866	7.863259	0.555042	0.500000
6.627977	7.420640	2.927683	0.500000
9.678843	0.375693	3.250107	0.500000
8.873247	0.603101	0.518325	0.500000
2.323892	1.697413	2.456978	0.500000
9.532255	10.777516	2.252784	0.500000
3.876674	8.700506	2.219183	0.500000
7.770190	0.130083	0.599538	0.500000
8.813061	1.477025	1.498005	0.500000
3.176334	4.682885	1.632790	0.500000
4.356601	5.824395	2.503715	0.500000
9.695139	5.547527	0.543061	0.500000
5.293688	8.518082	1.613585	0.500000
10.434446	1.054628	3.358700	0.500000
1.145984	7.930741	3.430910	0.500000
8.955572	7.379961	0.729754	0.500000
3.160571	8.256137	1.573933	0.500000
11.194632	8.797718	0.565958	0.500000
7.069893	3.544007	1.945566	0.500000
8.163732	4.833506	2.569437	0.500000
1.506996	9.457496	1.440255	0.500000
5.848755	5.848427	0.828320	0.500000
9.060335	0.741247	2.467808	0.500000
10.442914	2.813868	3.488248	0.500000
2.105895	7.031601	1.587330	0.500000
5.011401	9.331559	2.183558	0.500000
6.780755	6.073973	0.505605	0.500000
2.028720	8.499835	3.348005	0.500000
0.970868	10.120508	0.571652	0.500000
3.374213	5.880132	2.305909	0.500000
10.331600	11.556358	2.223309	0.500000
6.612283	0.739286	3.498026	0.500000
11.170994	5.790379	1.300395	0.500000
3.194420	6.862369	1.635669	0.500000
7.594216	7.114932	2.731104	0.500000
8.469833	12.137009	1.327599	0.500000
3.964397	6.250054	3.470231	0.500000
11.569056	7.362754	2.135750	0.500000
9.822316	8.512718	2.854666	0.500000
