400

1.764199	12.030199	3.178647	0.500000
9.339655	3.016604	2.618954	0.500000
12.175698	5.162877	0.588558	0.500000
7.645317	5.098382	0.563715	0.500000
6.691335	9.706363	0.522198	0.500000
0.490973	6.226959	0.613067	0.500000
4.412210	9.702013	1.857264	0.500000
2.565767	2.582278	3.214157	0.500000
4.824902	4.019038	1.104060	0.500000
10.644183	7.258353	0.736822	0.500000
3.785942	6.806653	2.672108	0.500000
1.919598	1.032888	0.540569	0.500000
3.065613	11.284615	2.198403	0.500000
1.186087	11.203776	3.287306	0.500000
11.480359	1.963670	1.652495	0.500000
3.387222	0.653812	0.587450	0.500000
4.041748	8.995476	2.529342	0.500000
2.738495	4.262103	0.858463	0.500000
7.507728	3.524143	2.233613	0.500000
9.672797	7.007575	0.538001	0.500000
6.109789	6.564339	1.499866	0.500000
5.566447	0.827604	0.634356	0.500000
11.213352	9.558969	3.468420	0.500000
6.298457	5.851149	3.457548	0.500000
4.816440	2.053750	1.176109	0.500000
5.849303	7.450776	3.253853	0.500000
3.720336	7.758182	3.366463	0.500000
8.216490	6.886541	3.410795	0.500000
8.974319	9.573083	2.016521	0.500000
7.028188	2.666706	1.890157	0.500000
1.532206	3.377562	1.613410	0.500000
3.752849	5.858440	1.239771	0.500000
1.501100	6.744111	0.642712	0.500000
7.954600	1.014465	3.460629	0.500000
11.844661	8.444737	2.252290	0.500000
3.810543	8.445091	1.605012	0.500000
3.684828	5.559597	2.317456	0.500000
8.171166	4.118704	3.463059	0.500000
3.088582	10.063973	1.439491	0.500000
0.250442	1.164130	1.609506	0.500000
10.950988	8.355633	1.082670	0.500000
5.200705	11.750082	0.625919	0.500000
9.983952	3.672774	1.460455	0.500000
3.539159	0.851942	2.354767	0.500000
2.447587	1.894012	0.550177	0.500000
9.260441	6.305650	1.349938	0.500000
2.005032	9.961495	1.586893	0.500000
0.741968	0.572162	3.490316	0.500000
10.053400	7.367969	1.701812	0.500000
0.950726	6.023662	1.630792	0.500000
2.120767	0.402781	1.804200	0.500000
10.705380	1.355544	3.408237	0.500000
8.757460	9.263276	3.364783	0.500000
2.792226	4.025521	3.450742	0.500000
0.089503	2.026597	0.519189	0.500000
9.585567	3.610063	3.474513	0.500000
0.578832	3.902015	3.395841	0.500000
6.822923	11.005495	2.492282	0.500000
4.236346	1.515202	2.988679	0.500000
2.551219	8.822389	2.713861	0.500000
2.552925	6.367092	0.671735	0.500000
9.112059	0.973256	0.663652	0.500000
7.976572	5.429238	3.028042	0.500000
0.279197	3.205578	0.548723	0.500000
6.433844	2.223265	3.061037	0.500000
10.513139	2.769966	1.545173	0.500000
7.606217	6.185495	0.781173	0.500000
10.135033	9.345517	3.466091	0.500000
3.605798	8.817174	3.493600	0.500000
4.197878	9.387277	0.866232	0.500000
1.806702	9.718727	2.650746	0.500000
6.789932	1.647812	0.553613	0.500000
5.979849	2.121358	2.149630	0.500000
1.233967	4.002416	0.872566	0.500000
8.170471	12.213736	3.401279	0.500000
0.159149	2.379978	1.641177	0.500000
2.962273	9.075768	1.771272	0.500000
9.317364	6.884687	2.206733	0.500000
4.922089	3.109385	2.476196	0.500000
8.498136	2.719546	0.551830	0.500000
8.542561	1.237244	2.632031	0.500000
10.725240	12.095916	2.493168	0.500000
7.528180	4.666167	2.127750	0.500000
1.791117	4.659301	1.569155	0.500000
5.567580	10.093968	1.441969	0.500000
3.558611	2.266637	3.413955	0.500000
8.526819	6.996395	1.059571	0.500000
8.104091	1.574346	0.608797	0.500000
2.068017	8.153721	2.133590	0.500000
7.376455	7.233888	0.572821	0.500000
12.194912	9.223855	3.110824	0.500000
5.253736	1.981289	3.436675	0.500000
2.987267	0.007832	2.542829	0.500000
1.717217	4.034810	2.707507	0.500000
7.788394	6.346080	1.817714	0.500000
6.603108	8.014109	2.035515	0.500000
6.220364	4.194448	3.349808	0.500000
0.783222	5.788613	3.381535	0.500000
1.504735	1.842213	2.495640	0.500000
7.260504	6.464146	3.482673	0.500000
5.774781	0.940832	2.485836	0.500000
6.980374	0.447117	3.214145	0.500000
2.970768	2.269154	2.033411	0.500000
7.624587	10.721444	0.593086	0.500000
10.641458	9.373623	2.048133	0.500000
6.374126	2.900590	0.741631	0.500000
10.804618	7.637336	2.366441	0.500000
0.932520	8.175213	1.534589	0.500000
7.188770	10.309030	1.431757	0.500000
9.299202	8.576318	2.650665	0.500000
5.619506	5.733598	1.785204	0.500000
12.059219	4.433260	1.293355	0.500000
0.795402	7.483917	0.589498	0.500000
2.083551	0.830632	3.370684	0.500000
8.354190	0.205304	1.433057	0.500000
2.016807	6.219091	3.407427	0.500000
9.092329	10.559732	1.849348	0.500000
0.546072	8.255140	2.666697	0.500000
1.244355	12.114875	2.217168	0.500000
6.424173	1.252662	1.637513	0.500000
3.970470	1.751441	0.549366	0.500000
5.253349	7.550979	0.740591	0.500000
8.932516	3.879911	0.718930	0.500000
5.176026	1.233207	1.674742	0.500000
4.659782	6.756995	3.343541	0.500000
0.298918	0.924523	2.619195	0.500000
4.904050	6.000659	2.492504	0.500000
11.179657	2.235211	0.728271	0.500000
10.447440	5.423699	2.649232	0.500000
10.061319	0.490288	1.047566	0.500000
9.804510	5.096989	1.146128	0.500000
3.857805	3.932383	0.757332	0.500000
9.038532	5.745937	3.253837	0.500000
0.633105	7.074179	1.535623	0.500000
6.632735	12.221454	2.158430	0.500000
2.928059	1.042467	1.541954	0.500000
2.609846	7.337062	1.444181	0.500000
11.852137	3.548441	3.385410	0.500000
3.742256	4.986018	0.522357	0.500000
12.022881	7.317705	2.695196	0.500000
9.164089	10.982694	0.512463	0.500000
8.524923	5.307384	2.079322	0.500000
7.683080	9.348625	0.769697	0.500000
2.386586	2.919259	1.267416	0.500000
11.716476	1.115526	3.475935	0.500000
6.619493	7.186511	2.637072	0.500000
11.889376	4.206199	2.304655	0.500000
2.932547	5.833278	2.959208	0.500000
4.994679	2.905772	0.657311	0.500000
8.094535	8.334850	1.198444	0.500000
11.526466	10.276923	2.292601	0.500000
1.151580	5.040294	2.368154	0.500000
1.572080	10.056617	0.548043	0.500000
4.543606	10.854953	3.457744	0.500000
11.548094	2.079361	3.188348	0.500000
1.733798	8.482189	3.317837	0.500000
0.335179	10.276609	1.813455	0.500000
8.026997	1.267623	1.656153	0.500000
5.656226	5.157849	0.832032	0.500000
10.132762	8.459968	2.037664	0.500000
2.647870	10.255467	0.556595	0.500000
5.365247	9.039691	2.091082	0.500000
3.601824	11.445364	0.539143	0.500000
2.721097	8.030408	3.364930	0.500000
0.418766	2.857383	3.256546	0.500000
8.286678	10.110565	1.279175	0.500000
1.228951	7.523810	2.273024	0.500000
3.344038	5.006160	3.489813	0.500000
7.104485	3.679943	3.155426	0.500000
3.805939	4.283069	2.613886	0.500000
10.362882	5.921766	1.618976	0.500000
3.004367	1.242192	3.439534	0.500000
4.350698	7.626953	2.532430	0.500000
9.907159	4.100568	0.544288	0.500000
1.227606	4.671878	3.370486	0.500000
1.878366	1.815480	3.470600	0.500000
0.644638	3.841410	1.781558	0.500000
1.854085	7.163661	3.060329	0.500000
8.561108	7.576894	2.571873	0.500000
7.348457	2.498535	0.632273	0.500000
2.990538	6.311494	2.020469	0.500000
3.845119	0.667540	3.460836	0.500000
2.903087	12.018770	1.290268	0.500000
9.538281	1.129369	3.404523	0.500000
11.462459	6.429340	3.119738	0.500000
6.657490	10.203597	3.474944	0.500000
4.038857	5.940663	3.473561	0.500000
6.805443	5.670428	1.602144	0.500000
8.821153	4.895866	0.739368	0.500000
0.259419	9.997893	0.719366	0.500000
1.208743	0.659055	1.285807	0.500000
9.978571	6.478435	3.063191	0.500000
4.801782	0.003289	3.401022	0.500000
4.277623	4.837912	1.883824	0.500000
6.979560	6.246150	2.440267	0.500000
9.808378	11.163671	2.452802	0.500000
9.343151	1.837068	2.373624	0.500000
9.637920	2.355207	3.463160	0.500000
2.002172	1.832897	1.530206	0.500000
4.357925	11.750422	2.495323	0.500000
12.129267	8.183423	3.442001	0.500000
8.692112	1.990902	1.455746	0.500000
3.277723	8.044259	2.388267	0.500000
2.953353	9.946139	2.532356	0.500000
0.241246	2.023703	2.633935	0.500000
5.653502	8.919992	3.327656	0.500000
7.598427	11.209063	3.427713	0.500000
2.931028	5.294077	1.155926	0.500000
11.073024	5.530675	3.435844	0.500000
6.240351	3.533964	2.473219	0.500000
5.371823	11.082007	1.771735	0.500000
11.654834	9.684879	1.389864	0.500000
10.668037	2.766701	3.368038	0.500000
3.255890	7.958076	0.548640	0.500000
1.870323	3.302865	0.501558	0.500000
11.530457	6.758580	1.502329	0.500000
4.725509	3.958272	3.028825	0.500000
11.635671	1.263835	0.919062	0.500000
9.928075	9.568846	1.358515	0.500000
7.004182	7.091618	1.528124	0.500000
8.720307	6.126126	0.512858	0.500000
11.084463	8.320739	3.438738	0.500000
4.465371	2.999256	3.365149	0.500000
5.459728	0.177998	1.593849	0.500000
1.275400	10.737133	1.465906	0.500000
0.255466	11.699027	3.402998	0.500000
1.311004	8.806743	2.211512	0.500000
9.569337	5.884323	2.352547	0.500000
6.309862	7.993259	0.956147	0.500000
2.418597	10.876932	1.326831	0.500000
5.809720	3.053356	1.674697	0.500000
12.048794	5.786268	1.364104	0.500000
4.653921	5.226003	0.885894	0.500000
5.304996	4.009875	1.993397	0.500000
3.717671	10.383663	0.540413	0.500000
0.000851	6.345073	2.223709	0.500000
8.950257	7.913622	1.601309	0.500000
9.317974	0.860470	2.050304	0.500000
2.244433	3.016074	2.329975	0.500000
9.510478	11.659370	3.459749	0.500000
8.590028	8.227961	3.359208	0.500000
1.034071	9.658331	1.371098	0.500000
3.647366	10.986997	2.969697	0.500000
7.201655	8.281341	0.589275	0.500000
9.796486	9.786035	2.575594	0.500000
5.957818	10.567179	0.559771	0.500000
8.920247	8.550101	0.621435	0.500000
11.125210	0.257292	0.672139	0.500000
6.534642	0.493786	0.557771	0.500000
4.338514	5.006813	3.241384	0.500000
5.350897	4.966277	2.404081	0.500000
0.593034	11.350629	2.057279	0.500000
0.471888	0.128911	0.515195	0.500000
6.697002	5.679291	0.592788	0.500000
11.151501	0.631971	1.601826	0.500000
7.452521	11.829326	2.614094	0.500000
10.534879	11.734560	1.561339	0.500000
1.151068	2.614695	0.996308	0.500000
7.048083	3.792162	1.329142	0.500000
0.835465	11.169637	0.610145	0.500000
2.502878	4.669584	2.448434	0.500000
10.713928	10.414745	1.588751	0.500000
3.792402	10.093009	3.493069	0.500000
5.636567	6.493701	2.978760	0.500000
1.075457	9.446890	3.329008	0.500000
6.327369	11.169122	1.487722	0.500000
6.888630	4.992631	3.461857	0.500000
11.597346	11.595506	0.533768	0.500000
5.264528	5.602597	3.478390	0.500000
0.080876	4.969209	3.490622	0.500000
9.119346	11.571728	1.437047	0.500000
6.376612	7.010134	0.644027	0.500000
12.127857	0.227992	1.414908	0.500000
6.926535	11.639020	0.666536	0.500000
10.368700	0.898404	2.580008	0.500000
5.616116	10.996475	3.483145	0.500000
10.124005	1.655582	1.567470	0.500000
10.525862	10.751568	3.042372	0.500000
10.654328	9.559886	0.546789	0.500000
12.189329	8.284742	1.312647	0.500000
4.402371	0.711732	1.285213	0.500000
11.317419	1.237522	2.558507	0.500000
4.024350	2.659231	2.401262	0.500000
2.981055	6.945968	3.399408	0.500000
1.829254	11.089181	2.381748	0.500000
4.546824	8.263562	0.588571	0.500000
2.248351	5.115190	3.457095	0.500000
11.305852	5.690822	2.128347	0.500000
5.621144	3.117078	3.389391	0.500000
10.023276	8.489977	0.705874	0.500000
6.650546	9.196008	3.469492	0.500000
2.017951	7.843444	0.524365	0.500000
10.049228	5.901171	0.603623	0.500000
7.967914	11.723023	0.657514	0.500000
10.555103	3.765096	3.197862	0.500000
7.074093	1.214086	2.436148	0.500000
7.503900	11.872824	1.549393	0.500000
3.295117	9.082348	0.531766	0.500000
9.821377	2.544270	0.816341	0.500000
8.449913	2.846350	3.430502	0.500000
10.067381	10.505211	0.580247	0.500000
3.351542	4.214020	1.665238	0.500000
7.902589	0.513214	2.335505	0.500000
9.157955	9.845437	0.750802	0.500000
0.744857	7.293503	3.307833	0.500000
10.585959	2.152275	2.444309	0.500000
11.374323	4.447448	3.265893	0.500000
4.947436	6.276802	0.576544	0.500000
11.531956	0.186290	3.143629	0.500000
2.339155	10.489807	3.439597	0.500000
1.580956	2.906434	3.330437	0.500000
10.883859	4.174091	2.174560	0.500000
1.875164	6.672852	1.584317	0.500000
5.857330	0.155208	3.449537	0.500000
8.980754	2.994710	1.461076	0.500000
9.664290	10.366899	3.498756	0.500000
7.877454	3.014865	1.413883	0.500000
1.181120	11.879387	1.224830	0.500000
5.721712	3.762664	0.588502	0.500000
9.158606	7.273501	3.317112	0.500000
4.765114	0.634885	2.481161	0.500000
10.640747	3.280589	0.552634	0.500000
5.054149	8.046538	1.624455	0.500000
3.553196	2.851331	1.280445	0.500000
8.687501	3.792189	2.497558	0.500000
12.171528	3.115919	2.360537	0.500000
11.773396	11.564110	2.325614	0.500000
10.126169	1.608427	0.514536	0.500000
8.528902	6.258241	2.511143	0.500000
11.319473	4.110255	0.657498	0.500000
8.821381	12.110940	2.337974	0.500000
7.551413	8.081427	2.470212	0.500000
5.512938	11.828076	2.489405	0.500000
9.090558	4.379238	1.606899	0.500000
4.533872	10.559872	2.455755	0.500000
7.910639	10.964839	2.315200	0.500000
4.242713	1.583526	1.871734	0.500000
11.570394	3.162983	1.292252	0.500000
8.245199	2.546079	2.353253	0.500000
9.865029	8.055630	3.352860	0.500000
1.657796	5.533422	0.833407	0.500000
11.042655	5.144481	1.263360	0.500000
3.088789	3.590978	2.479274	0.500000
10.635062	7.380618	3.384145	0.500000
4.778114	10.779360	0.575926	0.500000
1.234901	6.425010	2.660416	0.500000
11.884631	11.096059	1.384945	0.500000
6.443585	5.032524	2.334297	0.500000
11.156007	3.265391	2.536650	0.500000
4.594922	8.558701	3.382317	0.500000
11.414548	10.329503	0.570531	0.500000
11.598643	7.637443	0.677410	0.500000
4.397729	6.535280	1.809204	0.500000
8.602471	11.251560	3.347908	0.500000
1.840525	8.546567	1.227863	0.500000
7.369280	10.204139	2.768529	0.500000
10.082476	4.689497	3.431982	0.500000
7.630040	0.599274	0.770266	0.500000
5.264744	8.127968	2.736806	0.500000
5.761326	1.817841	0.827256	0.500000
2.512375	1.383714	2.474205	0.500000
0.223720	9.233698	1.950424	0.500000
6.068741	9.200437	1.215042	0.500000
0.960952	8.709206	0.527450	0.500000
0.788084	4.908570	1.373058	0.500000
4.097350	3.570991	1.901276	0.500000
7.394224	2.000274	3.293476	0.500000
5.189603	9.525851	0.611605	0.500000
8.068505	4.518819	1.290121	0.500000
11.113377	11.539478	3.470724	0.500000
3.904805	12.094257	1.605688	0.500000
6.439890	9.342491	2.272235	0.500000
4.061840	6.882230	0.512151	0.500000
6.069412	10.307075	2.323190	0.500000
6.677561	11.603535	3.406640	0.500000
6.160110	4.317619	1.544912	0.500000
2.061984	5.561592	2.007421	0.500000
4.196964	11.118624	1.503689	0.500000
1.008583	10.423331	2.556310	0.500000
5.697452	7.411723	2.074462	0.500000
7.325933	9.309298	1.706454	0.500000
10.350744	0.138661	3.442483	0.500000
0.924618	1.487159	0.687937	0.500000
7.604510	8.829210	3.452047	0.500000
0.881987	1.630930	3.308434	0.500000
11.655033	8.895563	0.593967	0.500000
0.211133	10.600817	3.137590	0.500000
11.126959	6.186363	0.681694	0.500000
8.073315	9.189733	2.588149	0.500000
5.034524	9.615929	2.905765	0.500000
9.914574	4.555152	2.369484	0.500000
9.933654	11.822990	0.622230	0.500000
6.275363	1.192476	3.471974	0.500000
1.333428	0.815734	2.630121	0.500000
1.097793	2.961199	2.428115	0.500000
7.930554	3.731039	0.524732	0.500000
6.845054	8.053862	3.204751	0.500000
3.853446	7.440353	1.383958	0.500000
9.013090	4.740011	3.134714	0.500000
2.027429	11.622623	0.560711	0.500000
