400

6.991695	7.138953	3.475099	0.500000
6.600720	3.245404	1.572337	0.500000
1.264752	0.707530	3.250814	0.500000
0.022285	9.494369	1.670263	0.500000
3.241914	4.999481	0.730751	0.500000
9.051493	0.745867	2.513146	0.500000
1.650054	4.628843	2.536424	0.500000
9.779626	3.449007	0.581646	0.500000
10.420305	10.164822	0.566455	0.500000
5.206461	3.547733	1.686553	0.500000
9.569904	9.939582	3.484275	0.500000
4.247325	8.723684	0.573853	0.500000
8.047589	12.169317	3.451659	0.500000
6.544458	7.438277	0.789126	0.500000
7.182290	0.867667	1.572447	0.500000
3.338512	10.127011	2.481187	0.500000
4.408419	0.961102	2.546952	0.500000
5.571238	2.076955	3.487618	0.500000
6.472118	10.655166	2.444764	0.500000
5.445257	0.053733	0.724592	0.500000
6.716481	8.802345	3.472671	0.500000
2.637823	1.138668	3.457384	0.500000
9.674968	9.138790	0.538414	0.500000
1.833507	7.977337	0.811289	0.500000
11.468265	10.767624	0.614576	0.500000
4.307252	5.397505	1.319516	0.500000
8.287117	4.491652	2.340808	0.500000
9.428209	3.093004	1.473940	0.500000
7.800590	5.492222	1.534453	0.500000
10.357158	11.253254	0.546869	0.500000
0.637414	1.446039	2.801395	0.500000
12.229176	11.933504	3.327144	0.500000
6.555745	6.000288	3.461423	0.500000
0.642682	8.453162	0.891684	0.500000
10.249677	11.166927	2.349748	0.500000
7.549406	5.888543	3.066342	0.500000
2.128619	7.961945	2.672469	0.500000
1.369861	4.165471	1.674632	0.500000
6.875325	5.754407	1.811552	0.500000
6.607720	1.219273	0.733418	0.500000
11.284637	11.251273	2.375272	0.500000
6.360783	6.327816	1.121724	0.500000
4.502687	3.729490	2.552927	0.500000
11.455971	7.491359	0.801955	0.500000
6.249331	2.338076	2.564075	0.500000
8.588923	2.376394	3.378338	0.500000
12.110840	1.200939	3.408643	0.500000
0.260054	2.496465	1.582952	0.500000
9.571649	8.059926	3.310273	0.500000
0.241034	6.246602	1.008063	0.500000
10.629164	2.870493	3.495185	0.500000
0.976724	1.502056	1.205584	0.500000
0.284074	8.334363	2.143376	0.500000
3.381367	9.225230	3.375095	0.500000
0.485830	5.113798	2.464041	0.500000
3.618214	0.177177	0.575175	0.500000
11.654917	8.397755	1.625821	0.500000
9.824215	0.638599	3.392290	0.500000
7.728122	3.591547	2.511821	0.500000
8.964428	11.679585	2.223172	0.500000
0.925343	10.327804	2.324004	0.500000
6.612417	0.307535	3.064622	0.500000
8.573894	9.403101	0.586750	0.500000
11.247134	5.451046	1.091733	0.500000
6.076533	8.320931	2.501752	0.500000
7.672405	2.770728	3.178419	0.500000
6.978861	9.930875	0.529948	0.500000
3.288552	5.654199	1.826608	0.500000
11.414382	0.495330	1.412043	0.500000
7.013268	11.466289	3.339491	0.500000
11.810148	2.937968	3.414450	0.500000
0.726673	3.504700	2.352271	0.500000
11.384973	3.412420	1.348731	0.500000
1.393475	1.935833	2.224460	0.500000
2.069293	0.054368	3.379254	0.500000
12.002898	0.038516	0.542050	0.500000
1.235770	2.700763	1.422735	0.500000
6.344196	10.728809	3.464113	0.500000
11.349654	11.635973	1.317333	0.500000
6.981559	7.895009	1.712044	0.500000
10.365315	11.894377	3.331892	0.500000
2.611062	9.651799	1.844481	0.500000
1.839222	3.387790	2.273618	0.500000
0.459076	11.219330	2.675496	0.500000
9.550339	0.930640	0.636185	0.500000
8.730483	10.779872	2.724625	0.500000
12.207130	0.411590	2.616494	0.500000
10.177263	7.746186	2.017356	0.500000
5.490511	0.402822	2.715744	0.500000
9.322056	0.165006	1.571733	0.500000
0.581346	2.428736	0.615876	0.500000
5.830170	1.896795	0.560615	0.500000
3.966034	4.605375	2.140203	0.500000
9.708011	5.124233	3.355737	0.500000
0.972072	6.411062	3.379407	0.500000
5.886659	4.962543	3.477859	0.500000
4.329661	10.076334	3.020002	0.500000
9.425310	4.197011	1.395421	0.500000
12.177579	3.334982	0.502711	0.500000
4.018295	10.924052	0.507624	0.500000
9.183397	6.038785	3.479496	0.500000
1.789796	5.534757	0.509123	0.500000
1.463434	8.534169	3.358989	0.500000
11.767033	10.522334	1.717923	0.500000
0.997659	9.032096	2.545561	0.500000
5.778935	5.876947	2.803690	0.500000
11.651730	1.268402	2.441183	0.500000
11.999347	5.493765	1.783316	0.500000
2.984883	4.583718	3.472553	0.500000
3.443745	1.270440	2.779987	0.500000
0.857882	7.821207	2.937976	0.500000
3.503609	8.273176	1.302777	0.500000
8.166121	9.988605	3.361061	0.500000
5.457209	2.501202	1.450524	0.500000
4.935332	5.125541	2.148554	0.500000
3.960417	1.261813	0.527456	0.500000
5.264176	11.320118	1.046908	0.500000
3.316277	3.033001	2.802372	0.500000
4.724928	0.254518	3.402346	0.500000
1.100984	6.557587	0.560590	0.500000
10.826364	8.809959	2.457283	0.500000
5.419126	7.850675	3.475886	0.500000
4.562138	6.836540	0.531131	0.500000
3.244859	2.169212	3.452017	0.500000
3.049148	8.812654	2.289926	0.500000
3.595588	2.441009	2.018106	0.500000
7.124747	4.969121	3.105432	0.500000
1.955841	1.151789	2.572536	0.500000
9.298771	2.133161	2.635657	0.500000
2.800719	8.313064	3.432992	0.500000
3.644721	0.169670	3.102779	0.500000
7.817505	7.451429	0.611388	0.500000
2.061063	4.547693	0.685166	0.500000
1.249124	11.746356	2.205715	0.500000
8.037761	6.449032	2.318660	0.500000
8.704931	4.406355	0.531530	0.500000
0.225375	0.178432	1.652168	0.500000
4.012932	4.673652	3.486827	0.500000
11.835592	8.400344	0.617579	0.500000
9.802886	2.306429	3.488767	0.500000
6.029844	0.725781	1.486165	0.500000
10.660535	10.502066	1.650410	0.500000
0.108144	7.041288	2.407217	0.500000
8.250575	3.861570	1.509369	0.500000
1.626179	2.142501	0.527595	0.500000
5.239001	1.676685	2.478401	0.500000
7.732631	8.697539	1.411442	0.500000
2.989555	4.497392	1.709972	0.500000
4.793676	1.262383	3.473682	0.500000
7.416571	8.036649	3.356047	0.500000
8.755850	4.936187	1.537014	0.500000
9.593406	6.270771	0.833259	0.500000
1.983144	7.190022	3.324783	0.500000
4.213383	5.786807	2.419634	0.500000
2.809857	3.106669	1.870579	0.500000
9.194465	8.910463	2.823286	0.500000
2.323808	5.920951	3.462961	0.500000
6.393952	10.156920	1.525508	0.500000
9.712133	4.079043	2.424365	0.500000
11.520406	2.102788	0.695048	0.500000
11.003263	5.107370	3.494259	0.500000
2.782067	11.449138	0.552354	0.500000
2.304875	10.362971	2.530851	0.500000
3.126283	10.306728	0.715668	0.500000
2.031008	10.733566	1.569563	0.500000
2.751715	8.239911	0.504113	0.500000
0.381891	10.587782	0.543797	0.500000
2.867741	11.756157	2.707796	0.500000
9.745532	5.179735	1.450295	0.500000
6.640133	4.105847	2.087777	0.500000
1.205048	0.579804	1.962516	0.500000
10.764870	9.839280	2.490425	0.500000
6.735846	3.740811	0.591881	0.500000
10.622402	5.523564	2.041846	0.500000
10.552867	2.364232	1.408454	0.500000
6.922566	2.628845	0.547342	0.500000
4.806847	1.851044	0.500484	0.500000
2.101344	0.109194	2.274626	0.500000
2.442491	9.526569	0.747805	0.500000
10.359712	6.586960	2.511337	0.500000
7.649948	6.868587	1.436041	0.500000
9.191409	5.635065	2.376268	0.500000
11.074781	4.418336	1.818980	0.500000
4.731972	9.027054	3.435018	0.500000
5.220999	4.299362	3.039185	0.500000
0.023529	4.071651	1.201309	0.500000
3.208520	7.346049	0.520485	0.500000
5.055834	0.343687	1.616888	0.500000
5.299426	6.368014	1.913772	0.500000
3.090164	7.292219	3.452791	0.500000
2.510938	2.210572	1.443423	0.500000
5.580108	3.720201	0.767696	0.500000
5.689014	6.917632	0.672946	0.500000
6.928483	8.554012	0.574982	0.500000
4.266645	7.979916	2.465099	0.500000
4.372069	11.526572	3.432502	0.500000
9.445515	3.130346	2.616106	0.500000
11.956881	7.353745	3.318311	0.500000
8.429376	9.634113	2.438526	0.500000
7.748067	3.750693	0.531444	0.500000
10.360893	6.024445	3.440550	0.500000
10.086109	3.751753	3.329863	0.500000
6.110858	7.248139	2.805167	0.500000
7.977584	11.163524	3.329883	0.500000
1.533416	10.638776	3.129282	0.500000
11.830432	3.747229	2.527611	0.500000
0.784453	3.902175	0.500274	0.500000
2.609810	5.391205	2.637779	0.500000
6.532892	0.035105	0.809600	0.500000
4.534192	10.816150	1.554025	0.500000
6.542780	2.677342	3.461223	0.500000
2.528424	0.262731	0.595377	0.500000
8.195917	1.641143	2.699907	0.500000
8.408051	7.727382	1.443238	0.500000
2.703943	2.149368	2.524267	0.500000
2.080555	7.022304	0.562103	0.500000
7.353990	9.524126	1.893106	0.500000
10.396220	3.659147	1.433686	0.500000
2.174329	6.479432	2.554118	0.500000
10.189544	6.806148	1.523912	0.500000
8.907903	6.779279	1.708669	0.500000
7.498485	1.719435	0.889077	0.500000
8.769214	8.030045	2.584304	0.500000
0.755280	11.524086	0.694480	0.500000
8.483678	5.392467	3.142236	0.500000
2.064642	4.955214	1.669298	0.500000
4.156929	10.910585	2.481841	0.500000
7.641096	10.558666	2.513090	0.500000
5.883896	5.473630	1.571652	0.500000
6.031739	3.328697	2.474054	0.500000
11.781796	10.592251	3.221996	0.500000
1.251843	9.578821	3.381977	0.500000
0.434814	7.517320	1.563381	0.500000
2.792633	5.909429	0.746149	0.500000
6.289836	8.610009	1.374419	0.500000
11.045260	7.265155	1.769953	0.500000
3.721640	6.192297	3.268048	0.500000
8.161497	11.062629	0.509146	0.500000
4.728434	9.904305	0.668532	0.500000
7.222929	1.769029	3.352303	0.500000
10.756934	3.660902	2.448243	0.500000
2.834311	7.228057	2.426393	0.500000
8.618045	5.968387	1.193906	0.500000
10.736449	9.176051	3.467133	0.500000
3.958524	7.932268	3.493886	0.500000
10.650920	8.049333	3.234087	0.500000
6.233017	1.176814	3.419152	0.500000
1.431947	8.984043	1.209600	0.500000
11.730100	4.289402	3.412945	0.500000
8.982937	4.438878	3.108445	0.500000
0.958073	9.570017	0.545190	0.500000
8.796547	3.455208	3.376966	0.500000
3.578650	11.769394	1.900179	0.500000
5.654323	4.460395	1.709244	0.500000
6.734236	2.138021	1.439813	0.500000
3.821763	5.986175	0.528332	0.500000
4.891217	5.412510	3.466829	0.500000
0.835378	5.051071	1.002957	0.500000
8.760067	3.385375	0.723742	0.500000
7.849818	0.996406	3.489044	0.500000
1.100418	11.737025	3.414443	0.500000
8.368311	2.373629	1.835669	0.500000
11.567896	5.848080	2.718777	0.500000
7.698757	8.773321	2.730140	0.500000
12.197629	1.333447	0.822477	0.500000
7.787452	5.181823	0.526588	0.500000
1.839271	3.710345	3.240475	0.500000
6.364399	4.113152	3.225476	0.500000
5.773088	7.303374	1.655336	0.500000
10.332528	11.981180	1.524046	0.500000
3.677452	3.631466	1.659781	0.500000
9.382218	5.266076	0.500904	0.500000
9.550663	1.976340	0.517938	0.500000
3.348533	2.376002	0.671237	0.500000
1.833577	1.027648	0.504862	0.500000
0.567829	3.833707	3.369509	0.500000
4.865976	6.441673	3.026945	0.500000
10.404704	4.984817	0.649093	0.500000
4.692187	4.354703	1.356101	0.500000
8.589915	6.796302	0.595104	0.500000
5.463375	5.751400	0.504038	0.500000
9.123841	9.724846	1.572610	0.500000
1.097539	2.600794	3.063789	0.500000
10.282277	7.696571	0.819948	0.500000
10.831127	6.970371	3.459654	0.500000
9.605171	10.203073	2.395915	0.500000
3.270741	10.698198	1.635589	0.500000
4.734816	7.155158	1.498935	0.500000
0.037686	2.365005	2.665635	0.500000
8.924673	1.354984	3.426783	0.500000
6.431832	9.392424	2.469107	0.500000
1.036243	10.591078	1.333317	0.500000
7.809012	4.221220	3.455659	0.500000
5.168042	1.320866	1.394503	0.500000
4.143194	2.516595	3.168195	0.500000
2.816727	1.498343	0.557321	0.500000
9.256965	7.546313	0.634189	0.500000
4.592701	8.201010	1.526091	0.500000
10.152420	9.233171	1.481468	0.500000
8.254420	7.122924	3.309841	0.500000
3.491393	10.669626	3.453642	0.500000
1.352557	8.146952	1.877573	0.500000
9.354571	7.054619	2.628288	0.500000
10.829084	2.966371	0.520663	0.500000
4.749899	2.894223	0.628505	0.500000
10.721782	1.089751	3.492862	0.500000
11.020883	0.374290	2.537370	0.500000
10.282088	2.553124	2.441092	0.500000
0.296738	5.602722	3.382406	0.500000
10.624802	1.597127	2.490356	0.500000
5.891466	10.638401	0.503667	0.500000
4.058100	9.153977	2.559969	0.500000
10.740871	6.509435	0.576110	0.500000
10.512356	1.418450	0.925839	0.500000
8.188427	12.183828	0.922161	0.500000
1.020781	4.845231	3.292305	0.500000
2.218730	9.382011	3.061470	0.500000
4.323917	2.279385	1.341023	0.500000
7.594676	7.503776	2.475136	0.500000
8.070312	0.750050	2.218714	0.500000
2.530809	6.606176	1.467791	0.500000
4.065539	3.511397	3.477663	0.500000
5.699349	11.549613	2.890011	0.500000
5.144195	7.917501	0.647968	0.500000
1.586119	1.669035	3.395484	0.500000
9.001856	8.700498	1.590976	0.500000
2.726643	3.874304	2.588689	0.500000
10.201410	10.770623	3.319648	0.500000
4.907347	2.638183	2.307343	0.500000
4.092188	6.855956	2.401765	0.500000
7.385197	10.701229	1.291293	0.500000
4.121216	3.967851	0.562789	0.500000
8.631562	2.306519	0.815503	0.500000
4.362925	9.746376	1.659596	0.500000
0.718133	6.092300	2.459815	0.500000
10.897154	0.162040	0.623513	0.500000
12.156872	5.059285	0.565052	0.500000
1.550761	5.626085	2.800082	0.500000
3.715393	6.842283	1.425999	0.500000
1.271213	5.650730	1.730413	0.500000
11.477343	6.497444	1.273527	0.500000
5.737427	9.377709	1.707009	0.500000
3.973348	0.487759	1.504720	0.500000
12.020949	9.684180	0.699193	0.500000
10.587965	4.649358	2.662373	0.500000
5.049339	3.349496	3.344784	0.500000
7.238493	9.637220	3.018410	0.500000
3.029596	0.516490	2.211179	0.500000
9.082944	11.681285	3.380923	0.500000
1.999494	1.176392	1.516987	0.500000
11.344986	1.983760	3.362081	0.500000
5.835667	9.770363	3.264559	0.500000
7.550429	12.057024	1.856615	0.500000
11.119069	9.620792	1.482416	0.500000
2.309566	11.709320	1.398929	0.500000
2.372685	8.420412	1.546687	0.500000
6.393087	11.337678	1.423433	0.500000
5.141537	9.780189	2.440315	0.500000
0.751216	0.538324	0.650853	0.500000
10.040180	0.277048	2.339040	0.500000
7.593321	3.100441	1.506688	0.500000
10.733855	8.658042	0.508072	0.500000
2.129837	2.639703	3.267138	0.500000
11.466187	0.390470	3.490219	0.500000
9.136950	1.711576	1.660359	0.500000
6.662588	11.757519	2.379628	0.500000
4.519242	12.123263	2.401091	0.500000
5.399087	10.945517	2.084329	0.500000
9.587288	11.008710	1.505414	0.500000
5.852281	9.117882	0.546980	0.500000
2.138815	10.646294	0.542130	0.500000
2.066742	3.220067	0.639632	0.500000
7.149739	6.671158	0.531869	0.500000
0.308559	11.234035	1.676994	0.500000
6.605508	1.164665	2.475815	0.500000
1.425905	6.743523	1.838485	0.500000
8.663635	8.383993	0.596477	0.500000
3.417424	1.337067	1.369072	0.500000
12.100273	8.402883	3.076963	0.500000
8.303900	0.938905	0.506867	0.500000
6.189658	4.730225	0.879942	0.500000
2.354446	11.142832	3.440273	0.500000
6.298604	5.027252	2.536663	0.500000
7.359513	2.203054	2.233774	0.500000
9.735057	12.053743	0.705313	0.500000
3.022610	3.643758	0.534067	0.500000
3.451591	9.304123	0.802494	0.500000
7.310313	4.580544	1.486428	0.500000
0.309144	7.184981	0.509603	0.500000
1.600549	12.046740	0.521287	0.500000
4.795099	4.951486	0.502389	0.500000
11.319654	2.728924	2.453057	0.500000
5.168775	10.736304	3.326338	0.500000
11.243941	4.290476	0.630504	0.500000
6.592021	6.711711	2.060561	0.500000
5.136745	8.729592	2.225450	0.500000
0.257155	9.690467	2.966045	0.500000
5.127128	7.406970	2.431150	0.500000
8.360762	10.382306	1.625848	0.500000
9.328043	10.577044	0.596264	0.500000
