400

3.860542	7.251742	0.964717	0.500000
2.721953	1.602493	3.433775	0.500000
6.949779	11.185962	2.534290	0.500000
1.316405	9.291917	1.334608	0.500000
4.459593	8.587769	1.447482	0.500000
7.765927	7.346192	3.494621	0.500000
8.197965	1.557870	2.865841	0.500000
2.883764	4.520367	1.417199	0.500000
2.345088	1.103931	2.245199	0.500000
9.442486	1.181674	3.339590	0.500000
7.311663	0.160211	0.638801	0.500000
6.574595	7.933809	3.481607	0.500000
7.842560	2.517202	0.657196	0.500000
4.408233	9.074870	0.505855	0.500000
1.061773	3.591798	0.875469	0.500000
1.196967	1.222046	3.492798	0.500000
6.914197	5.905301	2.510774	0.500000
9.464736	5.717223	1.550408	0.500000
9.967268	8.923590	1.707134	0.500000
0.750739	1.862620	0.953945	0.500000
5.561511	7.910765	1.644809	0.500000
9.137414	1.081016	1.076097	0.500000
11.086566	2.045129	3.411051	0.500000
3.693259	3.315874	0.696903	0.500000
9.416794	4.648677	3.461629	0.500000
0.435549	2.046421	3.490776	0.500000
7.620885	11.185284	0.551708	0.500000
1.960278	0.594325	1.413088	0.500000
6.841937	3.808811	2.974101	0.500000
8.362007	6.182608	1.157391	0.500000
1.424586	2.420908	3.362443	0.500000
9.885792	11.610360	1.763156	0.500000
1.659619	2.751760	0.561115	0.500000
9.260945	6.365240	0.532200	0.500000
5.207981	1.531847	2.227773	0.500000
2.474562	10.837039	1.560096	0.500000
11.317407	8.226441	2.652265	0.500000
3.772682	1.654853	0.514510	0.500000
12.000032	5.075898	0.637700	0.500000
0.676615	4.901818	1.042214	0.500000
3.667371	10.357518	3.431836	0.500000
8.881248	7.261153	2.051984	0.500000
7.286017	1.675895	1.193743	0.500000
12.076346	4.804418	3.200718	0.500000
0.348415	2.773917	0.790177	0.500000
4.540907	0.601873	1.781221	0.500000
7.544031	9.816009	0.555253	0.500000
3.095653	5.560850	1.044189	0.500000
3.108831	6.205526	2.571987	0.500000
9.846014	9.751846	0.532176	0.500000
10.525474	8.990741	2.577510	0.500000
7.008134	2.683854	2.742879	0.500000
5.531933	3.583924	0.524138	0.500000
9.593922	6.596016	2.673426	0.500000
6.927607	4.978572	2.011923	0.500000
8.513338	5.694948	3.450342	0.500000
3.722809	2.773976	2.030673	0.500000
1.812741	10.217676	2.682516	0.500000
1.395947	10.364952	1.611576	0.500000
10.616726	11.713981	2.495508	0.500000
3.483444	4.366060	0.551279	0.500000
4.054638	1.776247	1.482244	0.500000
10.844825	9.064346	0.659790	0.500000
3.072168	1.960374	1.173276	0.500000
7.208301	6.590258	0.512287	0.500000
11.218110	9.956465	2.305972	0.500000
5.074419	10.620392	2.325828	0.500000
2.528047	9.508980	2.198538	0.500000
2.154190	12.075746	3.011308	0.500000
2.637080	7.480274	1.494108	0.500000
5.926741	5.349243	2.207848	0.500000
7.103881	1.317378	2.339572	0.500000
4.414251	4.996945	2.059766	0.500000
7.052759	5.190037	0.563740	0.500000
4.844303	11.706206	2.020627	0.500000
0.158713	4.912544	2.241674	0.500000
5.087787	2.508199	1.809019	0.500000
6.272858	3.676026	1.515812	0.500000
1.800414	4.185212	1.393499	0.500000
8.746922	3.911720	2.417845	0.500000
3.632977	5.621043	1.921796	0.500000
11.091651	10.026813	1.305011	0.500000
10.235110	0.442416	1.387373	0.500000
9.680181	12.010089	3.353887	0.500000
8.140515	4.482699	3.435871	0.500000
4.690138	4.316596	0.520708	0.500000
5.150531	7.811810	2.552099	0.500000
7.777421	9.892000	1.567358	0.500000
7.912389	7.940495	1.889980	0.500000
2.307308	8.893376	1.338042	0.500000
6.882938	3.370501	0.504562	0.500000
6.450317	0.880713	3.313904	0.500000
7.553930	8.617141	3.457949	0.500000
0.332495	10.813387	2.344193	0.500000
10.460879	6.463940	0.560954	0.500000
10.667574	0.156755	0.519647	0.500000
2.018287	10.213422	0.647911	0.500000
10.026427	5.253631	2.720723	0.500000
6.719636	0.084649	2.509302	0.500000
1.340286	1.372143	1.709765	0.500000
3.320377	3.469053	3.489836	0.500000
1.087896	3.993283	2.191144	0.500000
6.644639	11.670824	1.570925	0.500000
9.084441	9.962611	1.203389	0.500000
3.365403	8.344562	1.652186	0.500000
1.764158	3.164403	2.079890	0.500000
11.809776	3.429300	0.592042	0.500000
0.495673	9.634047	2.285242	0.500000
6.228037	4.678051	2.897275	0.500000
9.251678	8.149855	1.713661	0.500000
11.249673	0.471244	1.730784	0.500000
0.964217	5.832829	0.565305	0.500000
8.619823	1.929527	1.558676	0.500000
5.531165	10.250365	1.412706	0.500000
8.048536	0.738290	1.385168	0.500000
1.896671	7.811818	2.118721	0.500000
3.311094	1.737825	2.259561	0.500000
2.610175	11.925974	0.931279	0.500000
4.669756	7.958363	0.633075	0.500000
11.563647	4.688134	1.645371	0.500000
3.504353	9.199181	2.640524	0.500000
8.177620	5.098513	1.473788	0.500000
3.607304	4.953443	2.899771	0.500000
5.609637	0.304046	1.896421	0.500000
9.282178	4.585854	1.790833	0.500000
1.935029	5.979877	2.431784	0.500000
10.937806	1.161713	1.040629	0.500000
9.789261	3.544857	0.519156	0.500000
6.443778	4.372571	0.786411	0.500000
7.545300	9.743795	3.394301	0.500000
8.534281	8.964590	3.473773	0.500000
9.932071	5.579977	0.641164	0.500000
1.835869	8.392952	3.164042	0.500000
9.058527	10.728930	1.943237	0.500000
8.038323	3.022620	2.493488	0.500000
3.503747	0.162077	0.692786	0.500000
7.777036	7.536465	0.547483	0.500000
4.265540	4.376999	3.416445	0.500000
10.213569	10.692291	2.842270	0.500000
9.814243	2.067150	1.301426	0.500000
5.690195	6.423488	3.415377	0.500000
11.936537	10.656086	0.711247	0.500000
4.992088	2.053296	3.443015	0.500000
6.632261	11.650543	0.506578	0.500000
5.259621	3.651828	3.303427	0.500000
8.405415	7.828661	2.760333	0.500000
6.339015	2.054129	1.936791	0.500000
9.377273	7.628090	3.451123	0.500000
2.566310	6.721156	3.496959	0.500000
0.672321	0.728974	0.576260	0.500000
2.970527	0.747589	1.368597	0.500000
5.856479	10.948727	3.304717	0.500000
0.226497	9.447306	3.480193	0.500000
1.189979	6.638053	2.656310	0.500000
8.750048	11.502109	3.386854	0.500000
11.476200	3.594712	1.980880	0.500000
2.346788	6.965023	2.468081	0.500000
5.668874	9.645828	3.136738	0.500000
5.500275	5.153360	3.456918	0.500000
2.897387	9.549154	0.765400	0.500000
3.029131	7.714056	3.322179	0.500000
8.536598	0.240619	0.562716	0.500000
9.584226	5.819096	3.423609	0.500000
6.709606	10.599783	1.445299	0.500000
3.161863	4.068202	2.278125	0.500000
7.696686	3.148907	3.486888	0.500000
0.931666	2.395037	1.826914	0.500000
10.335101	4.911753	1.680164	0.500000
3.191197	10.617016	2.427220	0.500000
2.844480	3.080664	1.627694	0.500000
8.119322	1.338750	0.532544	0.500000
2.863794	2.682449	0.506465	0.500000
2.712613	8.535870	2.663709	0.500000
1.462683	9.497860	3.440769	0.500000
6.136892	1.877951	3.385374	0.500000
1.617706	8.179257	0.637266	0.500000
2.426172	10.958469	3.279699	0.500000
7.630871	4.001851	0.945393	0.500000
0.826676	9.887939	0.610124	0.500000
3.913783	6.621056	2.022586	0.500000
11.612151	7.451264	2.007806	0.500000
4.709280	2.853056	0.762930	0.500000
1.042266	6.447924	1.557184	0.500000
7.712385	0.239901	2.326805	0.500000
4.405938	7.676457	3.471377	0.500000
8.674435	6.801887	3.246301	0.500000
9.848496	3.540714	3.434303	0.500000
4.251469	1.184993	2.896439	0.500000
0.414705	10.867528	3.400699	0.500000
3.380481	7.408961	2.432996	0.500000
8.973179	9.084163	1.966458	0.500000
1.435655	5.966575	3.399035	0.500000
5.293955	6.481782	0.658795	0.500000
8.607362	5.303169	0.548961	0.500000
10.700026	7.004543	2.119803	0.500000
10.334799	5.968665	2.013118	0.500000
11.434881	6.258748	3.380283	0.500000
6.618806	12.009826	3.493061	0.500000
10.846561	5.215167	3.419676	0.500000
10.415397	6.892455	3.348607	0.500000
12.009532	7.995372	3.466459	0.500000
0.467184	11.084967	1.308186	0.500000
8.320835	9.157386	1.038358	0.500000
0.232341	11.712674	0.500538	0.500000
11.717104	6.427001	0.515463	0.500000
1.021801	7.842484	1.553208	0.500000
7.617868	11.675244	3.180654	0.500000
11.509993	8.974074	3.468762	0.500000
5.611017	4.204652	2.226235	0.500000
10.015683	1.250217	0.517843	0.500000
9.373084	9.667697	2.682801	0.500000
10.949847	3.119230	3.452466	0.500000
4.416420	9.833782	2.478867	0.500000
4.942756	10.349188	3.328379	0.500000
2.461096	0.601961	0.500697	0.500000
2.092632	2.133945	2.618984	0.500000
7.373130	6.033694	1.475449	0.500000
10.986820	1.346554	2.410902	0.500000
12.181798	7.774435	1.177229	0.500000
5.890967	2.727999	1.225389	0.500000
7.393009	6.874378	2.150211	0.500000
8.821968	2.508646	3.326646	0.500000
1.335628	9.027502	2.410374	0.500000
9.564470	11.651485	0.562090	0.500000
9.612444	3.121612	1.511747	0.500000
9.558179	4.544657	0.570340	0.500000
10.687586	9.757362	3.285174	0.500000
6.129582	7.354807	2.528932	0.500000
1.616839	11.391439	1.796784	0.500000
8.021570	10.871384	1.496226	0.500000
10.680123	3.210316	1.295985	0.500000
11.294178	5.730203	1.715952	0.500000
5.356339	12.005871	3.035034	0.500000
3.607395	11.480254	1.205508	0.500000
0.751981	12.003389	2.350932	0.500000
11.786006	9.486713	0.567436	0.500000
5.441548	9.657656	0.569359	0.500000
4.461771	12.064478	3.484143	0.500000
2.146569	2.202321	1.484584	0.500000
10.198306	7.667095	0.656956	0.500000
0.011747	0.069791	1.369124	0.500000
5.327184	9.043599	2.020934	0.500000
10.008329	2.010322	3.378815	0.500000
8.979809	2.576099	2.245822	0.500000
5.611859	8.639848	2.968224	0.500000
6.577684	9.428652	0.822743	0.500000
7.670689	5.059259	2.689423	0.500000
3.497999	8.702740	0.698732	0.500000
11.558636	5.528040	2.693441	0.500000
2.536159	6.346366	1.656553	0.500000
5.526502	11.038302	0.697981	0.500000
2.781893	4.279397	3.180047	0.500000
10.790205	2.121399	1.586399	0.500000
6.779618	6.702386	3.209898	0.500000
3.521189	9.727939	1.636379	0.500000
11.777209	0.468206	0.576267	0.500000
4.628215	4.056245	2.413175	0.500000
4.573386	11.818003	0.889770	0.500000
10.567946	10.822381	0.590286	0.500000
3.118955	2.564222	2.834606	0.500000
2.978860	6.634486	0.616971	0.500000
3.753564	1.917718	3.429865	0.500000
7.593979	3.729959	1.915153	0.500000
5.289830	6.195974	2.327352	0.500000
4.113536	10.724475	1.964792	0.500000
0.051379	6.518206	2.332663	0.500000
1.279063	10.914293	0.530337	0.500000
7.353779	1.790164	3.465318	0.500000
5.989319	0.283941	0.577802	0.500000
3.430968	11.677463	3.499734	0.500000
1.451887	11.407130	3.425715	0.500000
7.302376	7.906381	2.775528	0.500000
5.683966	4.868764	1.278645	0.500000
6.250165	3.060306	3.288292	0.500000
9.972311	3.955100	2.332993	0.500000
4.953096	5.591463	1.025839	0.500000
2.699502	7.646341	0.505143	0.500000
9.200441	7.497012	0.525333	0.500000
2.763545	5.004356	2.332420	0.500000
1.020593	4.353490	3.281889	0.500000
11.190217	2.190571	0.571919	0.500000
4.158113	8.420033	2.566810	0.500000
10.032893	7.740009	2.323228	0.500000
6.389630	5.626359	3.402343	0.500000
9.997735	2.829862	2.705147	0.500000
12.021758	1.855732	2.540039	0.500000
7.753652	11.949949	1.459592	0.500000
12.037606	1.455513	0.587432	0.500000
0.927932	3.355192	3.020598	0.500000
8.681681	4.023013	0.537252	0.500000
12.134951	8.982177	1.623598	0.500000
2.351307	3.571586	0.803483	0.500000
10.059660	10.608863	1.700849	0.500000
6.411661	1.098261	1.586963	0.500000
8.566254	3.326149	1.369562	0.500000
10.735302	8.049558	1.514815	0.500000
7.215050	2.825556	1.562074	0.500000
1.936379	4.900664	3.394623	0.500000
4.666882	9.778524	1.220973	0.500000
0.319165	0.948516	2.049441	0.500000
4.653153	6.926176	2.637148	0.500000
3.359837	5.789471	3.457227	0.500000
10.718822	4.179517	0.739972	0.500000
1.282819	0.642080	2.450358	0.500000
0.357642	7.682364	2.300191	0.500000
6.657413	10.287027	3.259241	0.500000
6.186724	6.722530	1.682110	0.500000
2.206062	0.739335	3.469713	0.500000
10.725081	4.309173	2.934626	0.500000
1.649631	7.382335	3.251237	0.500000
5.510832	7.720531	3.487146	0.500000
8.727245	11.061865	0.659145	0.500000
4.694985	8.985403	3.336923	0.500000
5.860278	2.949247	2.347984	0.500000
0.152496	6.800709	3.434895	0.500000
6.731691	2.365200	0.556628	0.500000
9.581892	8.685474	3.068865	0.500000
8.679469	0.497629	3.403939	0.500000
1.932186	7.001827	0.513503	0.500000
4.336860	3.021027	3.115297	0.500000
0.308175	5.824485	3.078750	0.500000
12.075361	3.811670	3.443660	0.500000
12.057403	1.782554	1.536785	0.500000
9.884763	0.215546	2.374130	0.500000
1.114238	5.418367	2.601576	0.500000
9.463452	8.480195	0.723313	0.500000
4.360433	2.147697	2.519274	0.500000
8.339551	9.808204	2.450331	0.500000
3.837073	4.083783	1.507570	0.500000
11.228459	7.083109	1.093368	0.500000
8.684600	3.539858	3.454542	0.500000
0.016120	10.021496	1.440445	0.500000
3.299707	0.779840	3.475052	0.500000
9.307464	2.464062	0.501013	0.500000
0.358319	6.958888	0.515350	0.500000
6.739173	8.430130	1.451054	0.500000
0.028880	3.979463	1.478529	0.500000
11.243624	2.507700	2.505958	0.500000
0.862034	1.688499	2.569447	0.500000
4.201711	7.675768	1.853158	0.500000
3.753403	0.000123	2.601909	0.500000
11.639843	10.784511	1.912712	0.500000
11.237955	10.693465	3.062664	0.500000
2.334626	3.220664	3.293268	0.500000
5.372553	1.085245	3.162497	0.500000
7.508204	5.824897	3.433763	0.500000
7.084961	4.793501	3.486298	0.500000
2.421289	9.784510	3.442220	0.500000
9.732279	6.817818	1.328922	0.500000
7.606545	8.857164	2.188508	0.500000
2.166696	5.985297	0.767594	0.500000
7.859242	10.711965	3.404856	0.500000
8.998947	5.627218	2.546230	0.500000
2.025121	4.220853	2.465998	0.500000
8.142588	6.264155	2.483995	0.500000
11.369754	7.280987	3.122433	0.500000
10.585284	11.458665	3.496545	0.500000
4.243301	11.048219	2.921525	0.500000
0.053981	8.641557	2.687462	0.500000
4.735066	1.542429	0.786509	0.500000
3.906456	9.972376	0.551254	0.500000
0.069148	2.983420	2.518666	0.500000
9.920804	1.444891	2.311520	0.500000
4.805817	3.594181	1.537846	0.500000
4.211594	6.326715	0.636596	0.500000
5.874710	11.180135	2.035657	0.500000
0.505727	8.507119	0.679251	0.500000
5.803465	1.752059	0.588385	0.500000
3.720779	6.805362	3.448354	0.500000
1.002215	0.117566	3.391472	0.500000
11.120909	0.097889	3.181365	0.500000
6.486560	9.104189	3.383810	0.500000
0.222809	0.656631	3.062475	0.500000
4.572008	10.691495	0.759322	0.500000
3.203344	10.744029	0.556158	0.500000
7.243894	10.190874	2.437051	0.500000
2.340555	4.676598	0.590406	0.500000
8.574309	11.729320	2.110460	0.500000
10.461189	0.858165	3.155447	0.500000
5.557261	8.635817	0.744239	0.500000
8.940050	10.324171	3.333619	0.500000
0.822585	7.975902	3.166235	0.500000
6.743609	7.373044	1.069811	0.500000
8.934960	0.614221	2.280782	0.500000
2.587611	11.944916	1.966718	0.500000
6.232891	5.809611	0.995516	0.500000
10.958243	5.287858	0.550018	0.500000
1.882363	1.538018	0.556911	0.500000
7.420786	0.601443	3.457057	0.500000
11.677939	11.846072	2.401681	0.500000
6.310269	9.262316	2.056824	0.500000
4.473922	0.536311	0.545430	0.500000
9.087608	0.033766	1.385086	0.500000
11.353584	11.650456	0.969288	0.500000
0.076868	5.876848	1.509755	0.500000
7.541072	8.736781	0.507572	0.500000
4.047981	5.235886	0.769208	0.500000
1.606938	11.998386	0.807944	0.500000
4.598342	6.142514	3.297722	0.500000
1.968668	5.228866	1.699279	0.500000
