400

2.988095	0.654579	2.037682	0.500000
10.934698	11.743818	0.649890	0.500000
6.171164	7.238807	3.307664	0.500000
8.000021	0.135770	0.647752	0.500000
6.333862	10.449515	0.621520	0.500000
7.946005	7.439868	2.590800	0.500000
7.439757	11.515151	0.665797	0.500000
10.503091	1.657088	2.194346	0.500000
6.401240	2.424057	3.161376	0.500000
1.651395	3.243344	3.321019	0.500000
6.677988	8.629029	1.449340	0.500000
10.733575	9.581339	2.116437	0.500000
2.919410	0.387099	3.403763	0.500000
1.342117	7.746458	3.301583	0.500000
0.746676	1.396681	3.477557	0.500000
0.048951	7.874813	1.648626	0.500000
2.762050	3.138402	3.454439	0.500000
1.072120	4.125306	3.042788	0.500000
3.750406	0.548632	0.574563	0.500000
9.623346	3.798179	0.694893	0.500000
4.543418	3.487848	0.810138	0.500000
5.158327	11.960971	1.301015	0.500000
2.511830	4.688818	3.307782	0.500000
5.229266	3.917498	3.413783	0.500000
10.845271	8.251758	2.816281	0.500000
6.358501	6.145612	3.451289	0.500000
6.701997	9.365452	0.610891	0.500000
6.525144	6.957364	2.375167	0.500000
5.857857	7.897309	0.707804	0.500000
11.979030	6.396066	0.608515	0.500000
9.571321	0.064983	2.336256	0.500000
10.968580	7.026838	0.797237	0.500000
11.636226	7.658210	3.485049	0.500000
6.771953	0.316878	3.417470	0.500000
1.281442	9.165425	1.520734	0.500000
4.043639	7.650098	3.381067	0.500000
3.389943	9.495100	0.625356	0.500000
12.175188	4.654628	0.649162	0.500000
4.662458	11.835084	2.241820	0.500000
2.174500	7.727304	2.747295	0.500000
0.140307	0.796900	0.509800	0.500000
5.474589	7.058746	1.552309	0.500000
7.399419	7.745345	3.419100	0.500000
7.639487	3.202629	0.678200	0.500000
2.099071	11.232964	0.560481	0.500000
10.733321	8.995550	0.606958	0.500000
8.962425	7.510735	1.989047	0.500000
4.182319	9.379251	1.815670	0.500000
11.510797	5.468467	0.694639	0.500000
10.974198	4.310290	3.393013	0.500000
11.893552	9.551201	2.123937	0.500000
9.239284	2.882595	1.997484	0.500000
3.483575	1.821251	0.558622	0.500000
0.807045	1.940309	0.688258	0.500000
2.966192	1.592267	2.690162	0.500000
3.094559	11.346319	0.945433	0.500000
11.008768	3.550099	0.689767	0.500000
3.610779	2.371534	3.324700	0.500000
2.754488	7.792536	1.562792	0.500000
7.434278	7.054796	1.717463	0.500000
3.350413	3.493631	2.647705	0.500000
9.937460	3.810717	1.763762	0.500000
6.361505	3.857738	3.332250	0.500000
9.550560	0.644658	3.206212	0.500000
7.483719	0.491923	2.658265	0.500000
0.057428	1.212184	1.806212	0.500000
11.404609	11.339223	3.414710	0.500000
3.323744	4.087746	3.465744	0.500000
10.187878	10.660131	3.418800	0.500000
3.709303	6.666643	3.433319	0.500000
12.069639	2.879697	0.614399	0.500000
7.835473	0.778071	1.537997	0.500000
4.300324	11.799567	0.689131	0.500000
10.072192	2.830694	0.639130	0.500000
10.553971	1.515885	3.472659	0.500000
5.715411	10.781798	1.439695	0.500000
2.480318	6.659522	2.575049	0.500000
0.370328	10.008645	1.461411	0.500000
1.527862	5.806516	1.490415	0.500000
9.081057	6.407301	2.438388	0.500000
6.783587	0.225727	1.770798	0.500000
6.841585	1.298193	0.545325	0.500000
10.576504	2.561488	1.611301	0.500000
3.853334	0.204409	2.548948	0.500000
6.600082	1.472123	2.719845	0.500000
10.852719	9.823329	3.164687	0.500000
7.284371	6.712806	3.290878	0.500000
8.442921	5.482617	2.003659	0.500000
5.198909	4.969634	3.404309	0.500000
2.371507	2.498263	2.664615	0.500000
10.934771	3.682722	1.915567	0.500000
3.512155	4.794965	2.609311	0.500000
11.033462	2.400665	0.556257	0.500000
11.756123	7.886252	0.511289	0.500000
8.855678	9.631643	1.839417	0.500000
7.375595	9.043480	2.460485	0.500000
6.411841	6.950730	0.510816	0.500000
0.954736	3.150606	0.576686	0.500000
0.430456	10.919198	2.578379	0.500000
7.833040	9.701794	1.616669	0.500000
4.432542	4.289818	2.936113	0.500000
10.230703	3.084900	2.439288	0.500000
6.171950	4.797917	0.561464	0.500000
6.100754	9.186380	2.121053	0.500000
5.915578	1.621831	1.098287	0.500000
6.271096	6.129803	1.542205	0.500000
12.064355	9.700869	0.522857	0.500000
11.852452	1.747754	0.513456	0.500000
3.659971	5.212143	1.506277	0.500000
10.073884	10.397481	2.003859	0.500000
3.150817	6.386225	1.623683	0.500000
3.805727	10.506000	0.746949	0.500000
9.890295	0.884068	1.699539	0.500000
6.326276	10.965299	2.484309	0.500000
9.701287	11.727928	3.449155	0.500000
3.134675	8.655088	2.184328	0.500000
0.692558	2.860525	3.438308	0.500000
3.931477	7.444830	1.459838	0.500000
11.200460	5.198282	2.724429	0.500000
7.667661	11.982107	1.543919	0.500000
7.580177	1.855195	2.343441	0.500000
7.751366	9.009170	0.528625	0.500000
4.717549	2.816497	1.561920	0.500000
4.559087	10.458817	1.602708	0.500000
5.060474	2.666975	3.467295	0.500000
1.149001	1.824481	1.662169	0.500000
4.714404	10.855012	0.509567	0.500000
0.373967	8.213419	3.429883	0.500000
2.636505	3.534722	1.673472	0.500000
0.041563	3.870792	3.403402	0.500000
7.035688	7.963285	2.413602	0.500000
3.775026	4.033556	1.654838	0.500000
1.131099	4.382780	0.600873	0.500000
8.595592	3.491570	0.510981	0.500000
8.192672	4.580685	3.454083	0.500000
4.992547	10.211138	3.418875	0.500000
8.386193	4.101886	2.584526	0.500000
1.738303	2.914847	1.447164	0.500000
11.907553	8.493900	2.762612	0.500000
10.729577	8.018640	0.890518	0.500000
10.312142	5.543577	1.279481	0.500000
7.536589	1.147939	3.482167	0.500000
6.998170	8.664767	3.387957	0.500000
6.632926	10.309871	1.712462	0.500000
5.078543	7.331687	2.642867	0.500000
8.929567	2.448994	0.617066	0.500000
9.727808	9.088555	1.416889	0.500000
1.113152	4.296906	1.963667	0.500000
10.168510	9.126921	3.478299	0.500000
5.826462	0.359111	0.542549	0.500000
1.282967	2.299474	2.853365	0.500000
2.965089	11.813793	2.492817	0.500000
1.715956	0.048466	0.905530	0.500000
10.365960	6.306519	3.459266	0.500000
2.499613	5.578271	1.641235	0.500000
0.461199	1.882611	2.459609	0.500000
8.644365	7.001593	1.148711	0.500000
4.452320	9.143403	0.627252	0.500000
5.182922	1.116203	3.308622	0.500000
11.835338	3.324899	1.488521	0.500000
3.131219	8.359096	3.362369	0.500000
8.432020	0.382503	2.356197	0.500000
5.719275	0.016390	2.232026	0.500000
3.959874	1.385400	2.203921	0.500000
7.760968	8.188239	1.528180	0.500000
6.084366	9.955263	3.461372	0.500000
9.592532	7.049712	0.725147	0.500000
11.871108	6.839249	2.217599	0.500000
7.050135	5.330358	0.514685	0.500000
9.098612	4.567683	1.569667	0.500000
7.555471	5.158958	2.443148	0.500000
5.165718	0.915570	1.108187	0.500000
2.825302	5.866443	3.478500	0.500000
8.839330	1.404430	3.329701	0.500000
3.050817	1.469521	1.449663	0.500000
9.593266	1.920054	2.590801	0.500000
9.982749	8.305986	2.186468	0.500000
6.700483	4.804569	1.427336	0.500000
2.632884	10.395219	0.781642	0.500000
9.703596	11.241136	0.720721	0.500000
9.280836	5.839071	1.571427	0.500000
5.437174	11.392017	2.787649	0.500000
1.262971	0.276891	1.847304	0.500000
1.149705	11.631028	3.382882	0.500000
10.038968	6.813426	2.551516	0.500000
5.198738	9.919156	0.715637	0.500000
4.895654	8.058443	1.679299	0.500000
10.346112	4.784119	2.240927	0.500000
6.615335	2.254676	1.957869	0.500000
1.947884	7.386273	0.734120	0.500000
3.450031	3.340210	0.575205	0.500000
9.612301	5.481149	2.518645	0.500000
7.723633	10.454247	2.436871	0.500000
3.840101	6.003092	0.559855	0.500000
8.610659	11.272567	2.311754	0.500000
0.014275	3.507886	2.436649	0.500000
11.462678	10.304587	1.466047	0.500000
0.347433	10.692949	0.579519	0.500000
1.340561	10.500935	0.668960	0.500000
0.145662	11.808139	3.152805	0.500000
11.518189	10.472215	2.457324	0.500000
8.532293	7.821453	3.491028	0.500000
9.744140	8.324833	0.643465	0.500000
9.545865	2.043234	1.366401	0.500000
9.932547	0.448082	0.661273	0.500000
4.842855	5.900831	1.667105	0.500000
4.398004	0.477739	1.659530	0.500000
1.316830	6.382062	3.478182	0.500000
4.950659	1.857913	1.766373	0.500000
7.617190	5.837811	1.337771	0.500000
0.295529	11.952111	0.518995	0.500000
9.434721	7.006723	3.330907	0.500000
3.974846	1.024260	3.298976	0.500000
11.250659	1.034953	1.866752	0.500000
0.616621	5.576869	3.402730	0.500000
5.217317	9.498136	1.627247	0.500000
8.986026	8.972828	3.478636	0.500000
11.170419	3.065192	3.030334	0.500000
8.819891	8.350910	2.683401	0.500000
4.398091	4.471365	0.942130	0.500000
8.955383	8.927333	0.513962	0.500000
0.564244	11.121374	1.527380	0.500000
2.845174	7.355645	3.419616	0.500000
6.146520	3.102853	2.394188	0.500000
5.011632	4.064635	1.769601	0.500000
9.222575	2.505755	3.405895	0.500000
11.551210	2.107120	2.534991	0.500000
3.819156	5.214520	3.472403	0.500000
1.790829	5.889115	2.523637	0.500000
11.438607	5.338099	1.702015	0.500000
6.890746	6.014499	2.471774	0.500000
6.150029	3.268849	0.511240	0.500000
0.097646	5.262650	2.463286	0.500000
2.727913	2.627407	0.526200	0.500000
4.784772	5.395890	0.789014	0.500000
2.582831	11.364331	3.472442	0.500000
6.826764	10.038407	2.761438	0.500000
9.159110	10.225073	2.874402	0.500000
3.681059	11.883586	3.497996	0.500000
9.838378	11.439700	1.758616	0.500000
11.151517	10.241536	0.505429	0.500000
10.573772	1.521738	1.130983	0.500000
4.441970	5.057599	2.241594	0.500000
5.275413	9.370231	2.804561	0.500000
8.255268	9.638960	3.229883	0.500000
1.050231	8.642227	2.711113	0.500000
1.894355	9.508047	0.635673	0.500000
2.059029	3.410099	0.515943	0.500000
2.925558	9.403994	3.487780	0.500000
8.268154	6.664430	3.467197	0.500000
8.920763	5.004640	0.624749	0.500000
6.529744	11.415584	3.455887	0.500000
9.319239	5.878892	3.480774	0.500000
7.436739	6.692402	0.599048	0.500000
7.621093	3.638303	3.365961	0.500000
11.377160	0.746248	0.618088	0.500000
3.114612	5.266449	0.542729	0.500000
0.234092	0.023032	1.639476	0.500000
11.963744	10.479185	3.420067	0.500000
3.012887	8.481478	0.586880	0.500000
3.022185	4.171404	0.975433	0.500000
11.188853	8.789810	1.579675	0.500000
4.535144	11.165831	3.483898	0.500000
3.373272	7.071418	2.329467	0.500000
1.500393	11.038020	2.605065	0.500000
3.294351	9.902206	1.636146	0.500000
5.379377	10.252835	2.330754	0.500000
8.416956	11.263762	0.513125	0.500000
1.828231	8.388043	0.760120	0.500000
1.059904	5.395428	0.653779	0.500000
2.290653	1.770312	3.441973	0.500000
1.643511	0.595554	3.180354	0.500000
3.866534	8.502512	1.170968	0.500000
5.057002	0.779691	2.374141	0.500000
0.560036	3.022652	1.519529	0.500000
0.294685	6.023649	1.713691	0.500000
1.542437	11.404376	1.500673	0.500000
11.353926	11.896152	2.573751	0.500000
2.421842	10.890388	1.892278	0.500000
5.688792	8.211601	2.571305	0.500000
1.749012	9.988733	1.958861	0.500000
3.592245	11.118083	1.813671	0.500000
11.208583	7.632535	1.966949	0.500000
6.894518	1.246086	1.775997	0.500000
11.025735	7.072024	2.834826	0.500000
4.048152	10.157929	2.522818	0.500000
1.926350	8.616827	3.494060	0.500000
8.057026	4.562824	1.058522	0.500000
2.561850	0.684842	0.742902	0.500000
10.701076	12.137171	1.680283	0.500000
7.526581	10.390763	0.552948	0.500000
8.039454	5.605401	3.436415	0.500000
9.066243	1.391709	0.615344	0.500000
4.235096	3.387064	3.441081	0.500000
10.560560	11.272623	2.664674	0.500000
11.285904	8.953888	3.482962	0.500000
2.668182	4.505490	2.044565	0.500000
4.451662	7.761238	0.549497	0.500000
2.002272	12.137288	2.547197	0.500000
4.451712	1.866617	0.884437	0.500000
10.338566	7.471817	3.496788	0.500000
3.230643	7.407301	0.537667	0.500000
6.158777	5.190315	2.472827	0.500000
10.497410	0.664731	2.664158	0.500000
7.321468	3.992803	2.451349	0.500000
0.858929	8.139280	0.572540	0.500000
7.944861	1.205230	0.506823	0.500000
1.415410	10.397119	3.385976	0.500000
4.245932	6.210306	2.517043	0.500000
1.898875	9.574084	3.051202	0.500000
2.021165	5.080378	0.646095	0.500000
12.014515	4.941368	3.492739	0.500000
11.491061	6.396111	3.432987	0.500000
9.765756	9.486261	2.565325	0.500000
6.889366	2.353865	0.580395	0.500000
8.486124	2.609045	2.711433	0.500000
1.381530	1.048475	0.531464	0.500000
6.340471	7.594853	1.537079	0.500000
5.724906	9.040774	0.562499	0.500000
10.174179	4.949989	3.212032	0.500000
1.793658	4.783074	2.571139	0.500000
12.050980	2.315057	3.395222	0.500000
8.022033	3.621109	1.774227	0.500000
8.611400	9.835721	0.817855	0.500000
8.724241	1.430706	1.907698	0.500000
2.461659	9.145203	1.537106	0.500000
5.725676	0.222523	3.462519	0.500000
6.885929	8.050612	0.629472	0.500000
6.223097	4.120958	2.283109	0.500000
0.344608	3.971414	1.268513	0.500000
6.808292	0.106098	0.640795	0.500000
10.901429	0.223329	3.477619	0.500000
1.201795	7.764004	1.640132	0.500000
5.114693	3.152947	2.422530	0.500000
7.219519	11.451177	2.417720	0.500000
7.563152	2.006798	1.239060	0.500000
9.547572	5.905034	0.586050	0.500000
5.571278	6.031250	2.806184	0.500000
0.638428	7.626296	2.520049	0.500000
8.264855	8.123964	0.518791	0.500000
8.892811	10.689826	1.430031	0.500000
5.670820	5.194046	1.505317	0.500000
6.300695	11.608014	1.395709	0.500000
4.742743	6.138413	3.428922	0.500000
7.338394	2.916956	2.344855	0.500000
0.878769	6.505141	0.595017	0.500000
2.089114	1.336592	2.186571	0.500000
1.606828	5.333586	3.387804	0.500000
0.722247	0.780940	2.604034	0.500000
3.103042	5.780781	2.521032	0.500000
1.274871	3.326049	2.328532	0.500000
10.030189	10.035318	0.996576	0.500000
10.310616	4.648343	0.524780	0.500000
2.184268	6.876904	1.591752	0.500000
7.757639	11.610914	3.362849	0.500000
2.046777	8.744498	2.381465	0.500000
3.564526	2.391809	2.068316	0.500000
9.164312	4.775475	3.283859	0.500000
10.197550	7.260150	1.548412	0.500000
2.041585	1.539666	1.102552	0.500000
7.098783	4.179117	0.502395	0.500000
9.910549	3.936800	3.493850	0.500000
8.454729	2.377352	1.532664	0.500000
2.671808	12.098670	1.454231	0.500000
7.826775	6.434255	2.464342	0.500000
2.001018	6.385184	0.708052	0.500000
11.816515	11.441004	1.246883	0.500000
1.488898	7.023190	2.430648	0.500000
5.724015	2.600187	1.550120	0.500000
5.699808	11.571439	0.524438	0.500000
6.578015	3.386236	1.520759	0.500000
11.431865	4.335110	1.263077	0.500000
0.818228	9.504102	0.529621	0.500000
11.825256	2.308855	1.415117	0.500000
6.895998	4.964533	3.372820	0.500000
5.177366	6.859001	0.597712	0.500000
4.408480	2.350012	2.702698	0.500000
10.868985	6.422253	1.975879	0.500000
8.797937	8.405354	1.529941	0.500000
5.650564	1.892149	2.719934	0.500000
11.625816	0.954660	3.418700	0.500000
5.334857	4.166165	0.623479	0.500000
4.271918	8.486264	2.782904	0.500000
8.863593	0.584111	1.235894	0.500000
11.967858	0.568124	2.541124	0.500000
11.655612	4.350662	2.240278	0.500000
3.353571	10.299182	3.288897	0.500000
0.621785	6.320612	2.677224	0.500000
8.387010	6.146418	0.535158	0.500000
10.294543	2.542323	3.294643	0.500000
5.243079	2.578418	0.555526	0.500000
8.742666	11.021649	3.408227	0.500000
4.175363	9.365562	3.453298	0.500000
0.223634	8.987087	1.333930	0.500000
8.907228	3.700269	3.488837	0.500000
0.386854	9.503699	3.152485	0.500000
8.714697	11.827972	1.380673	0.500000
2.751401	9.767452	2.503544	0.500000
7.384757	2.465264	3.397756	0.500000
5.096726	8.563848	3.447229	0.500000
