100

10.611516	4.020811	0.566249	0.500000
9.337943	12.311154	0.541402	0.500000
7.500711	1.719444	0.538986	0.500000
5.689981	11.546621	0.549332	0.500000
3.840831	1.961604	0.596004	0.500000
5.091980	3.068312	0.571974	0.500000
2.737225	1.950722	0.511376	0.500000
11.887597	10.137776	0.509237	0.500000
11.701705	11.581207	0.569722	0.500000
6.868367	5.948466	0.519873	0.500000
0.427629	8.842075	0.560992	0.500000
11.531986	5.905050	0.502261	0.500000
1.888181	7.390390	0.526442	0.500000
11.967788	8.921773	0.540959	0.500000
5.936174	3.744645	0.575935	0.500000
2.326377	0.986569	0.565620	0.500000
1.219695	2.278037	0.587741	0.500000
7.272201	11.180065	0.566146	0.500000
2.970370	9.975234	0.594355	0.500000
2.514069	8.440243	0.538862	0.500000
10.983231	8.359633	0.551569	0.500000
1.603526	4.923595	0.576525	0.500000
2.144497	10.890724	0.520395	0.500000
9.047136	2.565258	0.579644	0.500000
6.989734	12.363028	0.579574	0.500000
7.933687	7.030929	0.557248	0.500000
9.113130	7.195872	0.525699	0.500000
11.853480	1.222466	0.585482	0.500000
7.656938	2.718882	0.562876	0.500000
0.113628	2.453073	0.501818	0.500000
6.440817	10.446249	0.573867	0.500000
5.842817	5.635240	0.521353	0.500000
3.657884	8.055977	0.538458	0.500000
4.627728	7.319947	0.575059	0.500000
3.102155	7.099995	0.598688	0.500000
1.117043	11.104018	0.544693	0.500000
11.586780	4.354917	0.505407	0.500000
8.898476	3.614535	0.547833	0.500000
10.512813	5.150281	0.575880	0.500000
10.733107	10.916604	0.549155	0.500000
2.142267	4.025724	0.502634	0.500000
4.979683	4.323764	0.561544	0.500000
9.918895	0.653131	0.544148	0.500000
0.740040	6.777137	0.569073	0.500000
8.731205	6.186485	0.565835	0.500000
3.797839	9.318079	0.515568	0.500000
7.990482	4.099480	0.507756	0.500000
4.022327	4.773120	0.554090	0.500000
9.655570	8.866403	0.512530	0.500000
6.877054	8.088856	0.507135	0.500000
1.026716	4.009268	0.535293	0.500000
11.653587	2.251104	0.574612	0.500000
9.046704	4.841837	0.517246	0.500000
4.660398	11.851931	0.597614	0.500000
5.811478	9.548971	0.528948	0.500000
4.154247	3.714833	0.539901	0.500000
10.205222	7.626566	0.507753	0.500000
7.322201	9.790152	0.554731	0.500000
0.162426	5.931278	0.552289	0.500000
4.573822	10.109576	0.504333	0.500000
3.031695	3.113144	0.514078	0.500000
10.133081	6.410357	0.570079	0.500000
1.644568	9.372861	0.520932	0.500000
10.342040	2.837911	0.554050	0.500000
0.233048	4.664909	0.570622	0.500000
6.586601	2.801926	0.580963	0.500000
8.516355	1.627070	0.547087	0.500000
7.943163	8.865001	0.514103	0.500000
9.478881	11.040928	0.523152	0.500000
3.872270	0.428442	0.564954	0.500000
10.910182	0.494626	0.580980	0.500000
2.050450	2.902909	0.560725	0.500000
2.842460	4.758452	0.595735	0.500000
6.698775	4.486958	0.569052	0.500000
6.834099	7.061346	0.512832	0.500000
0.046546	10.964398	0.551175	0.500000
7.890847	5.520708	0.537809	0.500000
1.430203	8.362796	0.519664	0.500000
12.109588	7.759531	0.519906	0.500000
5.176135	0.923782	0.558273	0.500000
0.477599	9.911446	0.573910	0.500000
11.318900	3.241230	0.544167	0.500000
6.159258	1.675869	0.556946	0.500000
3.169316	12.274812	0.527798	0.500000
7.679363	0.674879	0.580687	0.500000
10.795465	1.613768	0.517817	0.500000
1.130694	1.111234	0.544609	0.500000
4.833165	9.133970	0.565235	0.500000
0.493258	11.906785	0.570620	0.500000
1.562411	0.012128	0.592166	0.500000
10.609453	9.457466	0.582675	0.500000
3.150846	5.852242	0.511355	0.500000
4.799256	5.917908	0.515096	0.500000
4.057672	11.033104	0.571793	0.500000
1.554924	5.980066	0.523122	0.500000
8.052940	10.548042	0.536519	0.500000
8.256245	11.801944	0.549441	0.500000
6.130862	0.565406	0.590941	0.500000
8.771491	9.819065	0.544537	0.500000
5.125509	1.976694	0.518585	0.500000
