200

0.919460	1.655109	1.439301	0.500000
0.876616	0.505621	0.571502	0.500000
2.038215	10.543865	1.437903	0.500000
2.479314	10.123374	0.508629	0.500000
2.161550	1.823400	1.457852	0.500000
5.936149	0.858737	0.525079	0.500000
6.945183	10.647303	1.372620	0.500000
8.082885	0.567901	0.579295	0.500000
7.521779	9.811250	1.450041	0.500000
10.416326	0.382936	0.669303	0.500000
0.137429	1.382786	0.601065	0.500000
1.439354	2.629751	1.488034	0.500000
1.567495	1.387383	0.585071	0.500000
3.105827	0.295633	0.533748	0.500000
6.517019	1.691400	0.605034	0.500000
5.339817	1.870531	0.539804	0.500000
6.686685	2.892010	1.426208	0.500000
6.527440	0.989877	1.330911	0.500000
9.912316	1.556699	0.574414	0.500000
9.559180	2.579249	0.558700	0.500000
10.121432	3.487705	0.513732	0.500000
0.996698	2.315804	0.584664	0.500000
2.154073	2.427319	0.603270	0.500000
3.218944	2.109843	0.653017	0.500000
4.922088	0.815490	0.616087	0.500000
6.042237	2.837872	0.631826	0.500000
6.644828	3.689419	0.568260	0.500000
7.565112	1.505148	0.544328	0.500000
8.681103	1.554851	0.512036	0.500000
8.442053	2.577069	0.576146	0.500000
0.578054	3.345540	0.554743	0.500000
1.593370	3.358956	0.588666	0.500000
2.796418	6.448490	0.571073	0.500000
2.291594	4.142549	0.511548	0.500000
4.125529	1.698176	0.531087	0.500000
3.994397	3.407636	0.559480	0.500000
7.282257	4.470758	0.576744	0.500000
7.332046	2.624518	0.524571	0.500000
7.875835	3.491514	0.547370	0.500000
8.890026	3.474094	0.597370	0.500000
0.558032	5.229220	0.538138	0.500000
2.938771	3.208866	0.523274	0.500000
1.286435	6.258768	0.595707	0.500000
3.326921	7.684074	0.514612	0.500000
4.991079	3.006235	0.609876	0.500000
4.635088	4.237478	0.504384	0.500000
5.713973	4.220103	0.523908	0.500000
8.368688	4.366178	0.523711	0.500000
9.548572	4.574432	0.508282	0.500000
10.223552	5.430124	0.602739	0.500000
1.769778	5.252032	0.514884	0.500000
1.924841	7.094456	0.549233	0.500000
3.680387	8.634957	0.750725	0.500000
2.806562	5.692635	1.474084	0.500000
3.141140	5.323946	0.570202	0.500000
5.315655	5.498811	0.633853	0.500000
6.967200	6.230797	0.502414	0.500000
7.742506	5.441942	0.569902	0.500000
8.900194	5.406328	0.687067	0.500000
8.058793	6.461569	0.522624	0.500000
0.129059	6.293257	0.509538	0.500000
0.658377	7.171073	0.590230	0.500000
2.363900	8.066639	0.614988	0.500000
3.931417	6.378444	0.552362	0.500000
4.996248	6.756565	0.516823	0.500000
4.176548	5.210152	0.612315	0.500000
6.778479	7.933764	0.674123	0.500000
7.609597	8.490266	0.630441	0.500000
7.573528	7.341298	0.512143	0.500000
9.635232	6.258714	0.521903	0.500000
10.283109	7.187603	0.543018	0.500000
1.282822	8.130274	0.567524	0.500000
4.517952	9.808009	0.546989	0.500000
4.368935	7.661116	0.523533	0.500000
4.922862	7.981564	1.452707	0.500000
5.598681	7.698515	0.532684	0.500000
5.572346	9.543098	0.545229	0.500000
9.914617	8.160300	0.602878	0.500000
9.108790	7.197264	0.528133	0.500000
0.250704	8.191086	0.519295	0.500000
10.308714	9.298791	0.506043	0.500000
0.636515	9.219822	0.605519	0.500000
2.740785	9.108496	0.576165	0.500000
2.088281	0.429435	0.598538	0.500000
4.991805	8.686772	0.606133	0.500000
4.179308	0.085288	0.509858	0.500000
6.967607	8.716713	1.441120	0.500000
8.860644	8.247985	0.503950	0.500000
6.334151	10.413490	0.536908	0.500000
9.194487	9.488734	0.674969	0.500000
0.207144	10.223892	0.618272	0.500000
1.295945	10.218080	0.712726	0.500000
1.668172	9.057550	0.615402	0.500000
5.324228	10.612627	0.580650	0.500000
2.657449	1.267900	0.603175	0.500000
7.032976	0.548367	0.521286	0.500000
8.678309	10.432224	0.517200	0.500000
8.199542	9.407060	0.536281	0.500000
9.344365	0.578799	0.505360	0.500000
9.936055	10.251263	0.541326	0.500000
0.201209	0.812776	1.449917	0.500000
1.469840	0.709809	1.467608	0.500000
2.678415	0.547820	1.495210	0.500000
3.061385	10.320678	1.435984	0.500000
4.383181	1.316061	1.454570	0.500000
8.734541	2.947196	1.488381	0.500000
6.224513	9.672649	1.434752	0.500000
7.478199	10.423338	0.545037	0.500000
8.751869	0.855128	1.279069	0.500000
9.783050	0.945108	1.466030	0.500000
2.981575	2.660687	1.466980	0.500000
0.365393	2.586014	1.495298	0.500000
2.171982	3.557012	1.405174	0.500000
3.277760	1.369544	1.383782	0.500000
3.913136	2.208510	1.462586	0.500000
5.942377	2.117551	1.444799	0.500000
7.320294	3.868021	1.397318	0.500000
7.551494	0.833466	1.397324	0.500000
9.235462	1.910837	1.442344	0.500000
1.041531	4.340577	0.594893	0.500000
10.497494	1.745469	1.444127	0.500000
0.969574	3.540137	1.470888	0.500000
2.866273	4.650834	1.453281	0.500000
3.874983	4.473024	1.497873	0.500000
3.336815	4.259843	0.531338	0.500000
5.902143	3.586151	1.352727	0.500000
6.917587	4.858815	1.471167	0.500000
8.354810	3.935903	1.460737	0.500000
8.189900	1.862441	1.328733	0.500000
9.967537	2.764937	1.461168	0.500000
10.601117	2.488303	0.609175	0.500000
3.924497	5.790330	1.393008	0.500000
1.960568	6.233472	1.360673	0.500000
3.443166	3.565300	1.402937	0.500000
4.910771	2.338515	1.492612	0.500000
6.416060	4.976456	0.553132	0.500000
7.981136	4.964428	1.486971	0.500000
9.724434	3.853850	1.474895	0.500000
10.757788	3.693300	1.459581	0.500000
0.518402	4.694041	1.499994	0.500000
1.660337	4.620047	1.452493	0.500000
1.195946	5.523891	1.335825	0.500000
1.072473	7.408266	1.471567	0.500000
5.009696	6.073592	1.463090	0.500000
4.905050	3.623413	1.469674	0.500000
6.097980	6.015627	1.431074	0.500000
5.860912	4.715051	1.496579	0.500000
7.204952	5.840117	1.439405	0.500000
10.088797	4.809220	1.459102	0.500000
0.007801	4.283395	0.531597	0.500000
10.156738	6.619745	1.372034	0.500000
2.306324	7.587922	1.493759	0.500000
3.360694	6.951878	1.445081	0.500000
4.795108	4.996767	1.405596	0.500000
5.635836	7.039767	1.498454	0.500000
6.708887	6.969223	1.497311	0.500000
7.826026	6.805125	1.438065	0.500000
9.070379	4.690284	1.444919	0.500000
8.475531	5.996152	1.441971	0.500000
10.674852	5.751272	1.446543	0.500000
9.485796	5.680235	1.469402	0.500000
0.561085	6.518084	1.409726	0.500000
2.724349	8.517213	1.479874	0.500000
4.549646	6.977933	1.497991	0.500000
6.058982	8.025210	1.484463	0.500000
4.362528	8.989594	1.415749	0.500000
7.407589	7.798042	1.453479	0.500000
8.655349	7.890444	1.457300	0.500000
9.065985	6.881578	1.489958	0.500000
9.684149	7.770911	1.495103	0.500000
0.017713	7.409550	1.492888	0.500000
1.668464	8.463903	1.485751	0.500000
3.785703	7.911049	1.463841	0.500000
4.155542	10.249104	1.382660	0.500000
6.075970	8.668908	0.532242	0.500000
6.084409	6.727912	0.543838	0.500000
6.915795	9.336002	0.649812	0.500000
8.522756	9.731155	1.498932	0.500000
10.268304	8.760914	1.469988	0.500000
0.625193	8.555319	1.465304	0.500000
0.058454	9.593948	1.467642	0.500000
1.195025	9.574926	1.481387	0.500000
2.261654	9.519374	1.382127	0.500000
3.417503	9.386147	1.422834	0.500000
4.872159	0.209953	1.468915	0.500000
5.095550	9.901414	1.379368	0.500000
9.199263	8.754620	1.482800	0.500000
5.550776	8.923981	1.427416	0.500000
8.176185	8.787506	1.487228	0.500000
9.835314	9.847550	1.472148	0.500000
0.806091	10.748085	1.479734	0.500000
3.503715	10.075988	0.500421	0.500000
3.687479	0.352007	1.414680	0.500000
5.394685	1.228805	1.407939	0.500000
7.688015	2.776411	1.489430	0.500000
5.906945	0.124121	1.432611	0.500000
7.175613	1.759877	1.451921	0.500000
8.147017	10.662174	1.439768	0.500000
9.229106	10.744149	1.423718	0.500000
10.557406	10.557259	1.490171	0.500000
