200

0.508617	1.870607	1.448975	0.500000
0.602209	0.645716	0.535267	0.500000
1.771217	10.589929	1.433475	0.500000
2.430792	10.425314	0.540661	0.500000
1.634038	1.784606	1.489744	0.500000
5.973160	1.016945	0.515868	0.500000
6.957098	10.532131	1.455255	0.500000
8.420579	0.364177	0.626377	0.500000
7.127837	9.512104	1.489213	0.500000
10.415781	0.409827	0.503104	0.500000
0.132153	1.552789	0.519594	0.500000
1.345743	2.804623	1.401377	0.500000
1.313315	1.452089	0.523870	0.500000
3.085206	0.402505	0.588085	0.500000
6.614350	1.824969	0.579437	0.500000
5.219065	2.148173	0.509655	0.500000
6.536076	3.158562	1.445650	0.500000
6.479861	1.160939	1.488749	0.500000
9.858982	1.521588	0.523357	0.500000
9.293928	2.419927	0.540956	0.500000
10.058507	3.444466	0.547197	0.500000
0.825647	2.530157	0.591255	0.500000
2.139356	2.425484	0.546209	0.500000
3.227850	2.430585	0.547501	0.500000
4.804861	0.869084	0.511622	0.500000
5.970587	2.843121	0.502940	0.500000
6.512869	3.799731	0.596371	0.500000
7.528055	1.210658	0.505004	0.500000
8.819268	1.377453	0.565648	0.500000
8.027254	2.223239	0.594079	0.500000
0.278145	3.427406	0.611676	0.500000
1.541317	3.526180	0.543268	0.500000
2.284547	6.245916	0.608428	0.500000
2.181552	4.304514	0.505955	0.500000
4.191049	2.147635	0.516706	0.500000
3.758020	3.322235	0.614432	0.500000
7.298783	4.463195	0.541432	0.500000
7.105070	2.812734	0.515523	0.500000
7.805185	3.548602	0.635519	0.500000
8.916847	3.499671	0.560273	0.500000
0.580992	5.516902	0.548892	0.500000
2.676300	3.315915	0.578160	0.500000
1.057349	6.410318	0.598268	0.500000
2.867356	7.258812	0.625656	0.500000
4.878368	3.133558	0.573978	0.500000
4.537276	4.138509	0.602081	0.500000
5.545553	4.085531	0.531055	0.500000
8.448192	4.558684	0.518553	0.500000
9.710197	4.582781	0.523188	0.500000
10.182574	5.499902	0.579437	0.500000
1.587023	5.362138	0.589693	0.500000
1.685594	7.191700	0.606066	0.500000
3.842239	8.885517	0.511830	0.500000
2.329476	5.654098	1.439644	0.500000
2.659970	5.277606	0.515224	0.500000
4.983843	5.063476	0.625132	0.500000
6.644913	6.233119	0.502746	0.500000
7.747818	5.721990	0.589336	0.500000
9.034745	5.540996	0.551658	0.500000
8.494455	6.486402	0.541148	0.500000
10.701380	6.424599	0.556219	0.500000
0.523282	7.409558	0.603854	0.500000
2.633328	8.304682	0.557062	0.500000
3.418395	6.373247	0.580062	0.500000
4.480778	6.216071	0.586206	0.500000
3.977008	5.213787	0.543394	0.500000
6.639942	7.379358	0.590242	0.500000
7.253266	8.202912	0.589166	0.500000
7.802207	7.337986	0.531842	0.500000
9.532635	6.424050	0.569605	0.500000
10.267164	7.463057	0.647503	0.500000
1.375883	8.171922	0.568312	0.500000
3.644047	10.007466	0.621134	0.500000
4.429100	7.274096	0.606937	0.500000
4.429505	8.309875	1.499703	0.500000
5.679781	7.067884	0.565851	0.500000
4.833741	9.884621	0.515986	0.500000
9.796290	8.353926	0.580578	0.500000
9.112925	7.529162	0.806433	0.500000
0.188168	8.380332	0.595640	0.500000
10.411667	9.370867	0.580825	0.500000
0.882528	9.244491	0.616131	0.500000
2.862466	9.278800	0.505561	0.500000
1.789001	0.416430	0.575097	0.500000
4.821162	8.585558	0.558512	0.500000
3.555135	1.294828	0.534359	0.500000
6.644479	8.604557	1.386406	0.500000
8.458891	8.326655	0.613349	0.500000
6.372896	10.222916	0.504624	0.500000
9.064555	9.135306	0.506579	0.500000
0.182069	10.274946	0.575152	0.500000
1.279868	10.325765	0.513210	0.500000
1.881697	9.480261	0.513538	0.500000
5.459914	10.665158	0.513936	0.500000
2.336521	1.319441	0.508172	0.500000
6.890694	0.360938	0.635252	0.500000
8.106859	9.315156	0.949807	0.500000
6.987689	9.360170	0.501264	0.500000
9.421230	0.448332	0.673276	0.500000
9.727596	10.274440	0.551567	0.500000
10.767773	0.806898	1.397063	0.500000
1.011062	0.983798	1.428013	0.500000
2.167852	0.872577	1.469382	0.500000
2.873132	10.633450	1.416643	0.500000
4.257417	1.536576	1.446262	0.500000
8.734875	2.848396	1.392219	0.500000
6.098509	9.698993	1.485821	0.500000
7.613121	10.318958	0.509434	0.500000
8.721247	0.783321	1.496095	0.500000
9.749169	0.965856	1.485342	0.500000
2.521416	2.557938	1.488845	0.500000
0.316001	2.943416	1.497044	0.500000
2.110710	3.534310	1.397910	0.500000
3.137673	1.593302	1.458987	0.500000
3.744761	2.715340	1.440365	0.500000
5.850788	2.352086	1.428126	0.500000
7.272886	3.857804	1.450779	0.500000
7.683420	0.623131	1.446921	0.500000
9.273591	1.857809	1.375152	0.500000
1.123077	4.467679	0.532107	0.500000
10.290256	1.908668	1.470312	0.500000
1.093369	3.872690	1.460924	0.500000
2.805437	4.738001	1.362617	0.500000
3.943765	4.518145	1.418529	0.500000
3.348095	4.271879	0.576567	0.500000
5.529351	3.328913	1.422163	0.500000
6.861140	5.267634	1.093401	0.500000
8.318109	4.041950	1.479183	0.500000
8.141482	1.594601	1.389253	0.500000
9.980364	2.974406	1.488598	0.500000
10.520671	2.467050	0.610453	0.500000
3.405400	5.739203	1.378415	0.500000
1.870342	6.671864	1.458513	0.500000
3.197320	3.739273	1.482209	0.500000
4.737437	2.416424	1.467332	0.500000
5.998798	5.032587	0.534652	0.500000
7.876656	5.040555	1.395836	0.500000
9.502399	3.892962	1.426827	0.500000
10.627839	3.830159	1.456009	0.500000
0.579681	4.732353	1.464338	0.500000
1.687984	4.701006	1.455289	0.500000
1.194568	5.607167	1.477738	0.500000
1.089682	7.596882	1.461283	0.500000
4.589209	5.547604	1.467810	0.500000
4.538976	3.517706	1.463004	0.500000
5.906988	5.621743	1.378146	0.500000
6.229251	4.489402	1.450673	0.500000
6.188094	6.585850	1.398743	0.500000
10.061575	4.836664	1.452824	0.500000
0.053950	4.523984	0.538224	0.500000
10.184529	6.734099	1.470239	0.500000
2.375579	7.771571	1.412210	0.500000
2.941083	6.737666	1.497124	0.500000
5.190757	4.354337	1.454502	0.500000
5.168865	6.526239	1.436789	0.500000
6.169721	7.727375	1.459225	0.500000
7.296368	6.184760	1.425970	0.500000
9.049056	4.787446	1.409818	0.500000
8.342744	5.962423	1.461733	0.500000
10.717302	5.771380	1.495922	0.500000
9.629864	5.787041	1.418163	0.500000
0.432621	6.653001	1.414542	0.500000
3.315355	8.418026	1.406546	0.500000
4.149362	6.473666	1.499888	0.500000
5.123354	7.581332	1.317952	0.500000
4.788809	9.247021	1.467364	0.500000
7.123500	7.178454	1.488096	0.500000
8.206605	7.396785	1.476122	0.500000
9.031252	6.743505	1.499108	0.500000
9.864407	7.856734	1.487685	0.500000
0.087599	7.747095	1.474283	0.500000
1.914122	8.745620	1.360698	0.500000
3.730501	7.454357	1.363852	0.500000
4.023180	10.499927	1.446773	0.500000
6.171145	8.263129	0.569022	0.500000
5.512446	5.992324	0.525496	0.500000
5.770407	9.320370	0.546593	0.500000
9.249941	10.558059	1.442477	0.500000
10.428705	8.768043	1.401669	0.500000
0.894449	8.606638	1.389207	0.500000
10.754779	9.752798	1.457664	0.500000
1.261424	9.604282	1.482170	0.500000
2.296331	9.702436	1.396509	0.500000
3.482060	9.412587	1.460089	0.500000
4.688926	0.562807	1.495739	0.500000
4.996086	10.257750	1.467846	0.500000
9.074875	8.669984	1.399381	0.500000
5.494662	8.520125	1.476804	0.500000
7.726166	8.530919	1.443856	0.500000
9.662226	9.493267	1.362447	0.500000
0.599741	10.615807	1.419080	0.500000
4.099296	0.147175	0.540338	0.500000
3.668131	0.686529	1.419667	0.500000
5.302046	1.404229	1.271507	0.500000
7.738338	2.921778	1.483070	0.500000
5.840672	0.318960	1.342638	0.500000
7.044382	2.129141	1.490739	0.500000
8.084203	10.263555	1.491239	0.500000
8.701759	10.093659	0.527485	0.500000
10.278601	10.686977	1.380863	0.500000
