200

0.249758	0.800417	0.564687	0.500000
1.179742	1.208328	0.519961	0.500000
2.238585	0.994670	0.560714	0.500000
3.359518	1.171851	0.657295	0.500000
4.719544	1.083451	0.543191	0.500000
5.731963	0.907853	0.579014	0.500000
7.003588	1.006843	0.539612	0.500000
8.295067	0.823545	0.528757	0.500000
9.493901	0.809050	0.660559	0.500000
10.805909	0.935229	0.604297	0.500000
0.285079	1.807002	0.611652	0.500000
1.904569	2.111256	0.656581	0.500000
2.990439	2.113855	0.511022	0.500000
4.058157	1.879725	0.527644	0.500000
5.350492	2.030299	0.621011	0.500000
6.370949	1.915073	0.541243	0.500000
7.739976	2.192926	0.560562	0.500000
8.789339	1.920811	0.540403	0.500000
9.839116	2.026696	0.533771	0.500000
10.877739	2.020428	0.573916	0.500000
11.581566	2.834090	0.508319	0.500000
1.157838	2.983562	0.558324	0.500000
2.434162	3.020817	0.536460	0.500000
3.630261	3.155919	0.622891	0.500000
4.802009	3.000845	0.601390	0.500000
5.875214	3.192174	0.563487	0.500000
6.837896	2.903646	0.672405	0.500000
8.458161	2.897363	0.598234	0.500000
9.490462	3.067025	0.513509	0.500000
10.538676	2.983085	0.569746	0.500000
0.694496	3.868873	0.610197	0.500000
1.732148	3.875598	0.532665	0.500000
3.048192	4.005178	0.517702	0.500000
4.264251	4.040586	0.516824	0.500000
5.257022	4.175035	0.605350	0.500000
6.313381	4.092577	0.510609	0.500000
7.685294	3.716964	0.517804	0.500000
8.694613	3.979575	0.572346	0.500000
9.982730	3.952092	0.508556	0.500000
11.264352	3.952143	0.536857	0.500000
11.561974	4.914770	0.526331	0.500000
1.441677	4.861426	0.604248	0.500000
2.461244	4.911878	0.503950	0.500000
3.504784	5.036218	0.608190	0.500000
4.650589	5.039409	0.518434	0.500000
5.786050	5.032013	0.655687	0.500000
7.064060	4.824974	0.572338	0.500000
8.271693	5.034309	0.657368	0.500000
9.292372	5.083437	0.662632	0.500000
10.424522	4.949468	0.545155	0.500000
0.333297	5.901365	0.528995	0.500000
1.827752	5.904843	0.535921	0.500000
2.937849	5.910887	0.597553	0.500000
4.059644	5.883485	0.546497	0.500000
5.422718	6.037457	0.612461	0.500000
6.492748	6.008319	0.770840	0.500000
7.618566	5.786832	0.501273	0.500000
8.775749	6.013602	0.510066	0.500000
9.910252	6.051277	0.567997	0.500000
10.941858	6.048584	0.664071	0.500000
0.185383	7.007706	0.553602	0.500000
1.179311	6.822047	0.518223	0.500000
2.177732	6.911064	0.520207	0.500000
3.453188	7.131592	0.527262	0.500000
4.930369	7.014594	0.655229	0.500000
5.983809	7.150278	0.513725	0.500000
7.238931	6.863733	0.506632	0.500000
8.333569	6.981436	0.523702	0.500000
9.424361	7.113990	0.525282	0.500000
10.588141	7.106490	0.583262	0.500000
0.799996	8.100377	0.560868	0.500000
1.771015	7.838102	0.520214	0.500000
2.789745	7.975777	0.587915	0.500000
3.968504	8.200715	0.564746	0.500000
5.182328	8.080270	0.542071	0.500000
6.317888	8.371917	0.509472	0.500000
7.408179	8.089947	0.506777	0.500000
8.686294	8.063775	0.551487	0.500000
10.018288	7.973795	0.570163	0.500000
11.205231	7.902232	0.524491	0.500000
0.120468	8.967520	0.652846	0.500000
1.203529	9.042114	0.590891	0.500000
2.366616	8.951751	0.517337	0.500000
3.364235	9.235299	0.564718	0.500000
4.534599	9.045812	0.513351	0.500000
5.781132	9.229016	0.568397	0.500000
7.052751	9.149465	0.589731	0.500000
8.030956	8.937973	0.548188	0.500000
9.401349	9.102980	0.503368	0.500000
10.691556	8.802137	0.526448	0.500000
0.605240	9.849786	0.518278	0.500000
1.814962	10.018745	0.523564	0.500000
2.879691	0.224329	0.517990	0.500000
3.997749	0.313153	0.572778	0.500000
5.016141	9.968700	0.572529	0.500000
6.429291	0.033869	0.533242	0.500000
7.680709	10.014705	0.591314	0.500000
8.720331	9.900248	0.594723	0.500000
10.083792	10.029816	0.577001	0.500000
11.167895	9.986254	0.614295	0.500000
0.678781	1.256775	1.404818	0.500000
1.833821	1.216376	1.484822	0.500000
2.880210	1.535820	1.489190	0.500000
4.188636	1.265513	1.468822	0.500000
5.298986	1.247610	1.425981	0.500000
6.460477	1.238780	1.363128	0.500000
7.679498	1.145115	1.426974	0.500000
8.817088	1.268418	1.391260	0.500000
10.110603	1.358167	1.364235	0.500000
11.246386	1.202796	1.462310	0.500000
1.147588	2.305825	1.353381	0.500000
2.469518	2.501894	1.475882	0.500000
3.598090	2.305955	1.317609	0.500000
4.752762	2.383134	1.435227	0.500000
5.842631	2.404204	1.486238	0.500000
7.160214	2.105980	1.490981	0.500000
8.399014	2.200976	1.437051	0.500000
9.498630	2.293870	1.451081	0.500000
10.607215	2.328827	1.495951	0.500000
0.035803	2.467359	1.464768	0.500000
0.746329	3.249927	1.445179	0.500000
1.795746	3.346849	1.415729	0.500000
2.967613	3.405885	1.381442	0.500000
4.064300	3.422521	1.493794	0.500000
5.280852	3.287000	1.434658	0.500000
6.309034	3.319634	1.482677	0.500000
7.581179	3.049578	1.338743	0.500000
8.710123	3.422335	1.468169	0.500000
9.969191	3.311197	1.470321	0.500000
11.074158	3.601535	1.484726	0.500000
1.339270	4.263077	1.438830	0.500000
2.405862	4.286523	1.322804	0.500000
3.577581	4.308161	1.477773	0.500000
4.736606	4.248213	1.489644	0.500000
5.816731	4.218156	1.448835	0.500000
7.207817	4.095705	1.449523	0.500000
8.195434	4.334843	1.414235	0.500000
9.524513	4.399961	1.371139	0.500000
10.552616	4.475331	1.465513	0.500000
0.335704	4.206732	1.490067	0.500000
0.815904	5.197194	1.329081	0.500000
1.801410	5.346780	1.460278	0.500000
2.836082	5.281948	1.390437	0.500000
4.109637	5.412997	1.487046	0.500000
5.259312	5.500126	1.482979	0.500000
6.509406	4.968813	1.493170	0.500000
7.587552	5.380985	1.437329	0.500000
8.767481	5.333359	1.498992	0.500000
10.051331	5.405060	1.398016	0.500000
11.306046	5.233341	1.477932	0.500000
1.029110	6.273891	1.468443	0.500000
2.195554	6.324716	1.436428	0.500000
3.498948	6.345060	1.494121	0.500000
4.563451	6.362835	1.328624	0.500000
5.750766	6.551638	1.485133	0.500000
7.270462	6.515021	1.476911	0.500000
8.302343	6.233030	1.444531	0.500000
9.349874	6.207354	1.448937	0.500000
10.390596	6.424952	1.496896	0.500000
0.012646	6.322459	1.408647	0.500000
0.665944	7.407335	1.467450	0.500000
1.735669	7.223687	1.365288	0.500000
2.847646	7.230502	1.385964	0.500000
4.076788	7.279475	1.403924	0.500000
5.482246	7.572020	1.464000	0.500000
6.605615	7.508960	1.443441	0.500000
7.680377	7.489945	1.439466	0.500000
8.980999	7.312710	1.491981	0.500000
9.996470	7.356702	1.466077	0.500000
11.117472	7.250117	1.444578	0.500000
1.226607	8.263062	1.457478	0.500000
2.224280	8.106383	1.498212	0.500000
3.315465	8.421845	1.418515	0.500000
4.685987	8.317873	1.401403	0.500000
5.947133	8.609461	1.437012	0.500000
7.042804	8.453770	1.465890	0.500000
8.271662	8.566475	1.497821	0.500000
9.474385	8.264169	1.404661	0.500000
10.508975	8.342773	1.432424	0.500000
11.535832	8.185263	1.440050	0.500000
0.650241	9.218815	1.481396	0.500000
1.697513	9.309141	1.485656	0.500000
2.744704	9.378745	1.461525	0.500000
3.858331	9.546820	1.494608	0.500000
5.148603	9.348033	1.458816	0.500000
6.512246	9.495795	1.418588	0.500000
7.655150	9.474062	1.458255	0.500000
8.838275	9.428202	1.481200	0.500000
9.972097	9.299106	1.362111	0.500000
11.227205	9.271345	1.480848	0.500000
1.131753	0.373160	1.250222	0.500000
2.350893	0.329695	1.382238	0.500000
3.412823	0.433303	1.390929	0.500000
4.717345	0.375134	1.438971	0.500000
5.734805	0.123257	1.337746	0.500000
6.952415	0.360391	1.445792	0.500000
8.422652	0.345416	1.441573	0.500000
9.555095	0.198821	1.462882	0.500000
10.657262	0.367816	1.498938	0.500000
0.117330	0.203691	1.473792	0.500000
