200

0.208578	1.743066	1.409487	0.500000
10.321737	0.898626	1.420033	0.500000
10.617209	10.712410	1.484709	0.500000
0.692850	10.179015	0.576560	0.500000
1.005917	2.425790	1.442663	0.500000
6.861954	1.652194	0.564765	0.500000
6.076443	9.125244	1.493822	0.500000
6.209412	0.806635	0.522341	0.500000
4.476943	6.839183	0.557661	0.500000
9.206812	10.473517	0.509125	0.500000
0.322159	2.265547	0.503338	0.500000
10.459117	2.744494	1.421973	0.500000
0.870918	1.157814	0.505705	0.500000
2.401099	0.302635	0.590604	0.500000
5.749074	1.810939	0.632820	0.500000
4.316620	2.964729	0.657407	0.500000
6.015062	3.213715	1.481970	0.500000
5.855117	1.216162	1.478754	0.500000
9.312728	1.647203	0.551453	0.500000
8.206088	3.706493	0.530717	0.500000
10.636794	3.253353	0.522867	0.500000
9.974099	2.458277	0.501634	0.500000
1.571585	4.418870	0.629485	0.500000
1.286897	0.197336	0.533601	0.500000
2.658673	2.108337	0.501707	0.500000
5.369698	2.824922	0.509054	0.500000
7.165308	3.493229	0.532716	0.500000
7.723547	2.555909	0.675021	0.500000
8.742893	0.598062	0.606319	0.500000
7.668072	0.690559	0.560464	0.500000
9.983624	1.843786	1.408870	0.500000
0.551437	4.365191	0.516420	0.500000
1.863951	8.443511	0.518615	0.500000
2.245554	5.157675	0.518139	0.500000
2.131068	3.172060	0.584647	0.500000
3.218945	2.969194	0.542278	0.500000
8.295270	1.546458	0.611733	0.500000
7.043211	1.063497	1.395613	0.500000
6.546619	2.100926	1.453643	0.500000
7.932140	4.749626	0.549480	0.500000
10.759472	5.525909	0.645811	0.500000
1.109336	3.295153	0.512718	0.500000
0.535642	6.353215	0.517739	0.500000
3.041627	8.077044	0.540610	0.500000
3.660513	3.278956	1.470089	0.500000
4.440034	4.852899	0.518591	0.500000
4.855524	3.821948	0.577434	0.500000
6.547511	4.654823	0.537737	0.500000
8.926493	4.514626	0.501888	0.500000
9.679380	5.485169	0.520665	0.500000
1.788689	6.349972	0.553772	0.500000
2.200836	7.479704	0.515067	0.500000
2.967118	7.604820	1.456340	0.500000
2.367449	6.639186	1.333549	0.500000
3.868543	5.988787	0.508289	0.500000
4.937857	5.894348	0.519614	0.500000
6.018640	3.717952	0.581560	0.500000
7.255111	5.632488	0.528679	0.500000
8.488426	5.613063	0.566354	0.500000
7.201951	6.931678	1.495693	0.500000
10.251178	6.431452	0.503662	0.500000
0.045284	7.368615	0.555516	0.500000
1.247828	9.329444	0.675784	0.500000
3.380187	7.080446	0.502270	0.500000
3.730335	5.271199	1.408324	0.500000
3.714435	3.872490	0.506428	0.500000
6.155959	7.526227	0.550241	0.500000
6.637976	8.518361	0.547273	0.500000
6.757235	5.927666	1.441130	0.500000
8.966709	6.603932	0.506154	0.500000
9.741480	7.505703	0.534499	0.500000
1.184567	7.416783	0.601668	0.500000
3.402909	0.618409	0.553129	0.500000
2.806813	8.594410	1.460058	0.500000
4.535306	9.734302	1.481681	0.500000
4.361597	7.882281	0.517540	0.500000
5.063747	0.793682	0.509366	0.500000
8.424450	7.592049	0.546305	0.500000
7.711636	6.542065	0.510148	0.500000
10.401722	8.407672	0.590260	0.500000
8.934406	8.527347	0.558350	0.500000
0.205135	9.300910	0.563467	0.500000
2.128349	9.328650	1.356206	0.500000
0.028460	0.398523	0.504477	0.500000
5.402366	8.452579	0.526093	0.500000
1.923015	1.240263	0.528599	0.500000
5.841487	8.151981	1.399150	0.500000
5.179957	0.204778	1.353894	0.500000
5.277917	10.190747	0.584436	0.500000
7.276018	7.566132	0.621750	0.500000
9.801692	9.303976	0.586110	0.500000
9.765553	0.546482	0.506222	0.500000
1.899133	10.118426	0.635509	0.500000
4.661542	1.854792	0.543988	0.500000
1.517073	2.209004	0.545409	0.500000
7.299937	9.603044	0.546519	0.500000
7.351597	9.020825	1.414185	0.500000
4.777928	9.275022	0.501540	0.500000
7.949338	10.500942	0.505294	0.500000
8.346917	9.374048	0.539344	0.500000
10.453701	1.392123	0.520416	0.500000
0.645787	0.497233	1.351953	0.500000
1.520966	1.069560	1.469264	0.500000
2.994173	0.458632	1.488904	0.500000
2.475163	1.470998	1.449585	0.500000
6.444911	2.631535	0.564712	0.500000
3.044859	10.262217	0.513005	0.500000
5.982125	9.384822	0.532339	0.500000
6.842198	10.023913	1.480303	0.500000
9.224928	1.091105	1.392834	0.500000
2.102620	2.446411	1.409707	0.500000
8.728515	2.480216	0.512750	0.500000
2.100190	4.439329	1.487577	0.500000
3.708676	1.390956	1.482620	0.500000
3.129598	2.365953	1.474776	0.500000
7.586747	1.932947	1.462484	0.500000
7.686477	3.775889	1.428472	0.500000
6.182986	0.252607	1.388663	0.500000
8.682543	2.019050	1.472890	0.500000
1.113493	5.319029	0.549888	0.500000
9.411949	2.808290	1.284566	0.500000
0.647921	3.607479	1.482055	0.500000
1.666392	5.758736	1.471146	0.500000
2.600090	3.566459	1.479647	0.500000
2.642993	4.136030	0.596696	0.500000
6.596754	4.120861	1.455099	0.500000
5.534740	4.114267	1.472448	0.500000
8.945312	3.947472	1.411823	0.500000
8.196949	0.924486	1.462153	0.500000
8.399312	3.007650	1.377791	0.500000
9.429391	3.464070	0.513351	0.500000
2.803875	6.080202	0.548951	0.500000
1.119108	6.680706	1.303914	0.500000
3.337066	4.918447	0.513060	0.500000
4.224998	2.248641	1.492175	0.500000
6.167744	5.603663	0.516825	0.500000
7.339890	5.024356	1.352793	0.500000
7.118539	2.950427	1.398247	0.500000
10.094757	3.734400	1.351621	0.500000
10.759313	4.484921	1.451209	0.500000
0.991057	4.558160	1.455032	0.500000
0.596956	5.523241	1.444423	0.500000
0.590383	7.626851	1.398551	0.500000
4.463854	4.377700	1.425883	0.500000
4.980425	3.235010	1.454857	0.500000
5.541164	4.670131	0.513040	0.500000
4.969280	5.247633	1.302567	0.500000
6.642380	6.649763	0.678967	0.500000
9.579390	4.762402	1.386492	0.500000
10.325157	4.362284	0.544895	0.500000
9.693913	6.835272	1.367459	0.500000
1.206424	8.745817	1.492191	0.500000
1.920827	7.948441	1.450791	0.500000
3.459525	4.267905	1.415006	0.500000
4.397830	6.117874	1.463781	0.500000
6.189031	7.101494	1.467235	0.500000
5.430381	6.174873	1.495899	0.500000
8.567258	4.990132	1.425647	0.500000
7.772024	5.941047	1.470439	0.500000
10.224440	5.838314	1.436561	0.500000
8.895376	6.040964	1.471151	0.500000
10.740458	6.705359	1.413768	0.500000
3.813155	8.457118	1.400410	0.500000
2.670204	5.625167	1.434968	0.500000
3.997953	7.463448	1.496599	0.500000
3.732072	9.534592	0.503260	0.500000
6.902724	8.042459	1.432701	0.500000
5.956962	5.068721	1.366537	0.500000
8.253015	6.888120	1.301735	0.500000
8.990579	7.826451	1.395007	0.500000
10.361309	7.681068	1.482836	0.500000
2.563996	10.291111	1.466993	0.500000
3.394566	6.590484	1.476615	0.500000
3.379567	9.511367	1.458377	0.500000
4.997312	7.601906	1.443491	0.500000
5.528949	6.739349	0.527766	0.500000
4.168643	10.436512	0.550813	0.500000
8.573797	10.780170	1.420994	0.500000
9.460098	8.755623	1.474280	0.500000
0.090632	8.662685	1.460279	0.500000
10.229076	9.470319	1.480923	0.500000
0.607074	9.671736	1.487949	0.500000
1.493337	10.607783	1.441039	0.500000
2.806710	9.076910	0.550324	0.500000
4.259660	0.537866	1.113344	0.500000
4.828010	1.297484	1.464836	0.500000
8.349260	8.861936	1.421634	0.500000
4.906368	8.753822	1.472364	0.500000
7.913940	7.918258	1.482992	0.500000
9.283079	9.943516	1.361013	0.500000
10.350199	10.210445	0.593029	0.500000
3.662415	10.478717	1.468760	0.500000
3.647086	1.877882	0.590096	0.500000
5.453128	2.311224	1.480448	0.500000
6.475355	10.520767	0.527073	0.500000
5.772307	10.124287	1.465804	0.500000
7.550680	0.147249	1.484354	0.500000
7.930352	9.838821	1.341510	0.500000
7.641131	8.543699	0.554772	0.500000
9.617871	0.114152	1.401503	0.500000
