200

0.555138	2.157166	1.479962	0.500000
10.708625	1.375649	1.454029	0.500000
0.148948	0.271321	1.484787	0.500000
0.849300	10.569649	0.595340	0.500000
1.547413	2.020879	1.372125	0.500000
6.954355	2.203746	0.652510	0.500000
6.432958	9.355938	1.426593	0.500000
6.667532	1.082637	0.500117	0.500000
5.375591	8.134134	0.530056	0.500000
9.313425	10.712785	0.551661	0.500000
0.300073	2.617529	0.534317	0.500000
1.054767	3.082231	1.473313	0.500000
10.542150	1.773646	0.545584	0.500000
1.883294	10.497557	0.516174	0.500000
5.811653	1.683938	0.572608	0.500000
4.554310	3.360448	0.507208	0.500000
5.717120	3.508572	1.490553	0.500000
6.059458	1.368134	1.497662	0.500000
9.444285	1.864964	0.557789	0.500000
8.370322	3.959978	0.517399	0.500000
10.617029	3.849353	0.556850	0.500000
10.094608	2.986995	0.501119	0.500000
2.654147	2.983628	0.511763	0.500000
1.498048	0.814943	0.539554	0.500000
3.968744	2.548715	0.565878	0.500000
4.983272	2.308558	0.580069	0.500000
7.053762	3.902797	0.513893	0.500000
7.581484	3.036050	0.568856	0.500000
8.925401	0.972528	0.545356	0.500000
7.756078	1.009344	0.609511	0.500000
10.601967	3.240324	1.384422	0.500000
0.925385	3.597937	0.561563	0.500000
1.858066	6.766787	0.561350	0.500000
1.536472	4.389925	0.551273	0.500000
3.208135	1.802386	0.539004	0.500000
3.544227	3.464750	0.639705	0.500000
8.185320	2.179997	0.559035	0.500000
7.086363	1.064747	1.481596	0.500000
5.908257	2.390781	1.455318	0.500000
7.720609	4.822661	0.509348	0.500000
10.616182	5.663794	0.606819	0.500000
1.657156	2.874150	0.534830	0.500000
0.803960	6.618386	0.548838	0.500000
2.424633	7.623387	0.537706	0.500000
3.570127	4.114888	1.469262	0.500000
4.385681	5.511866	0.517689	0.500000
4.863026	4.538302	0.511092	0.500000
6.686304	4.895111	0.552455	0.500000
8.972854	4.757157	0.705706	0.500000
9.622516	5.788384	0.520054	0.500000
1.122706	5.627324	0.558924	0.500000
1.114045	7.569546	0.562252	0.500000
2.914500	8.766138	0.612502	0.500000
1.495907	5.875842	1.458116	0.500000
2.211587	5.650062	0.610509	0.500000
5.111836	6.394076	0.558891	0.500000
5.860057	4.209286	0.694803	0.500000
7.505858	5.878250	0.563743	0.500000
8.621234	5.831666	0.525572	0.500000
7.503506	7.193168	1.383030	0.500000
10.267992	6.684917	0.617313	0.500000
0.038816	7.581667	0.561328	0.500000
1.791440	8.475070	0.591200	0.500000
2.920130	6.656043	0.624291	0.500000
3.943818	6.602902	0.552072	0.500000
3.828280	4.428094	0.535603	0.500000
6.001651	7.159376	0.531160	0.500000
6.979695	9.051450	0.560226	0.500000
6.890635	6.382680	1.497028	0.500000
9.167505	6.766222	0.533447	0.500000
9.751077	8.018598	0.528639	0.500000
0.779560	8.686529	0.515209	0.500000
3.326882	10.393678	0.506530	0.500000
3.601739	7.612630	0.544973	0.500000
3.956318	9.152099	1.497276	0.500000
4.720380	7.358893	0.552167	0.500000
4.343628	0.222972	0.583668	0.500000
8.587208	7.774403	0.549351	0.500000
8.122965	6.719672	0.555864	0.500000
10.508444	8.664669	0.643508	0.500000
9.185329	8.843264	0.546236	0.500000
0.170913	9.586946	0.511452	0.500000
2.520196	9.707848	0.548083	0.500000
0.317373	0.707114	0.538837	0.500000
4.315496	8.345255	0.517924	0.500000
2.127330	1.702527	0.582172	0.500000
5.900177	8.420185	1.435574	0.500000
5.828966	9.081794	0.644061	0.500000
5.212663	0.758252	0.654524	0.500000
7.528630	7.893572	0.564349	0.500000
9.844677	9.705423	0.573200	0.500000
10.053972	0.891693	0.556057	0.500000
1.224442	9.589739	0.522317	0.500000
4.233610	1.543067	0.586938	0.500000
0.875833	1.747379	0.557465	0.500000
7.646552	9.966760	0.595899	0.500000
7.575326	9.119668	1.476889	0.500000
6.384788	8.220654	0.539015	0.500000
8.270085	0.006388	0.603222	0.500000
8.679060	9.746640	0.582565	0.500000
10.052053	2.360059	1.476614	0.500000
0.935331	1.012345	1.461682	0.500000
1.636572	0.207389	1.374500	0.500000
3.147921	9.849441	1.478194	0.500000
2.741183	2.010261	1.486590	0.500000
6.039701	3.091209	0.508759	0.500000
4.883619	0.144090	1.475030	0.500000
6.400460	10.143591	0.564507	0.500000
7.002416	10.200339	1.425993	0.500000
9.498402	1.210965	1.371441	0.500000
2.166999	2.910660	1.489987	0.500000
8.795337	3.041595	0.506366	0.500000
1.626054	3.940391	1.440544	0.500000
2.465410	0.972498	1.278532	0.500000
3.351513	2.833499	1.409826	0.500000
7.657073	2.157147	1.488618	0.500000
7.824893	4.136710	1.369365	0.500000
6.265232	0.353308	1.219402	0.500000
8.755016	2.356434	1.436233	0.500000
0.403267	4.700393	0.632023	0.500000
9.379837	3.156333	1.352851	0.500000
0.509958	4.086152	1.462724	0.500000
2.172483	5.085343	1.468141	0.500000
2.613444	3.799578	1.315890	0.500000
3.302535	5.580333	0.531658	0.500000
6.638029	4.164977	1.391710	0.500000
5.341805	4.779450	1.404716	0.500000
8.819699	3.985379	1.452615	0.500000
8.440668	1.355183	1.388397	0.500000
8.092828	3.122442	1.467178	0.500000
9.476972	3.856716	0.618453	0.500000
2.667364	6.093430	1.494751	0.500000
1.188383	6.966950	1.463321	0.500000
2.709502	4.612715	0.735158	0.500000
4.799396	2.852758	1.419047	0.500000
5.435213	5.428773	0.545617	0.500000
7.272477	5.222903	1.489778	0.500000
6.994535	2.972654	1.498259	0.500000
10.036399	4.097499	1.439635	0.500000
10.630842	5.034046	1.420931	0.500000
1.017069	4.966447	1.465713	0.500000
0.352471	6.098800	1.408016	0.500000
0.698377	8.066322	1.450924	0.500000
3.880098	5.981666	1.420900	0.500000
4.646427	3.955831	1.367461	0.500000
5.018313	5.786643	1.423918	0.500000
4.334224	4.905894	1.454790	0.500000
6.976170	6.821696	0.534687	0.500000
9.528376	5.231244	1.450314	0.500000
10.054979	4.694907	0.544657	0.500000
9.721959	7.106177	1.372383	0.500000
1.718865	7.967137	1.473865	0.500000
2.222767	7.058298	1.495562	0.500000
3.246253	5.163900	1.499222	0.500000
4.613807	6.733526	1.405823	0.500000
6.448021	7.326741	1.438713	0.500000
5.851601	6.367576	1.459463	0.500000
8.279811	5.213090	1.465931	0.500000
7.952295	6.298551	1.485045	0.500000
10.122800	6.097111	1.434752	0.500000
9.105335	6.136346	1.351583	0.500000
0.202859	7.141033	1.493773	0.500000
2.366044	8.832929	1.446684	0.500000
3.600752	7.047773	1.399462	0.500000
4.558836	7.999916	1.431641	0.500000
4.368752	10.004455	1.122039	0.500000
6.975056	8.218454	1.449387	0.500000
6.281173	5.404720	1.481250	0.500000
8.698871	7.137480	1.341217	0.500000
9.078638	8.181378	1.423933	0.500000
10.280033	8.046106	1.408327	0.500000
1.318137	8.930646	1.362711	0.500000
3.332536	8.201995	1.407835	0.500000
3.694480	10.773358	1.415126	0.500000
5.431338	7.461131	1.468854	0.500000
6.425612	5.995958	0.684516	0.500000
5.340313	10.346832	0.522542	0.500000
8.817887	0.330288	1.487992	0.500000
9.915311	9.040591	1.365908	0.500000
0.293988	9.071714	1.444522	0.500000
10.377304	10.098989	1.406670	0.500000
0.887591	10.050890	1.493159	0.500000
1.971701	9.877297	1.495061	0.500000
3.760293	9.369317	0.504579	0.500000
3.906558	1.977364	1.446273	0.500000
4.024003	0.983400	1.446020	0.500000
8.655264	9.131192	1.429057	0.500000
5.013340	9.217527	1.452204	0.500000
8.002405	8.114206	1.440578	0.500000
9.273020	10.118754	1.454747	0.500000
10.593240	10.633531	0.577761	0.500000
3.455768	0.802970	0.512197	0.500000
2.617137	10.706841	1.381011	0.500000
5.023736	1.572252	1.339351	0.500000
7.246876	0.127018	0.582100	0.500000
5.766744	10.125909	1.461577	0.500000
7.645002	0.213719	1.495709	0.500000
8.273709	10.164188	1.451359	0.500000
8.107887	8.784391	0.526041	0.500000
9.846193	0.167580	1.449667	0.500000
