200

10.569129	0.882835	1.362798	0.500000
10.000699	10.449986	1.436809	0.500000
8.965174	10.449405	1.339328	0.500000
1.175891	10.214923	0.513034	0.500000
0.790559	2.663044	1.450771	0.500000
7.233499	1.588718	0.522142	0.500000
5.628923	8.190190	1.465880	0.500000
5.088184	0.301693	0.512987	0.500000
4.488045	7.000950	0.583419	0.500000
9.595002	10.171361	0.542676	0.500000
0.137111	2.652109	0.517096	0.500000
10.454065	2.879464	1.381808	0.500000
0.943604	1.421441	0.540427	0.500000
2.771852	10.040303	0.500354	0.500000
6.226413	1.565798	0.567645	0.500000
5.183763	1.296655	0.562618	0.500000
6.395427	1.995118	1.487239	0.500000
5.358930	1.998412	1.478707	0.500000
9.631752	1.556424	0.574620	0.500000
8.210854	3.481236	0.525463	0.500000
10.487336	3.720819	0.594928	0.500000
9.894218	2.594850	0.508720	0.500000
1.546405	4.347609	0.532389	0.500000
1.402574	10.560472	1.476017	0.500000
2.910604	2.410241	0.546798	0.500000
6.278844	2.563988	0.535423	0.500000
6.761446	3.506440	0.570293	0.500000
7.685800	2.579290	0.529358	0.500000
8.992998	0.385596	0.571334	0.500000
7.769328	0.610079	0.551975	0.500000
9.992863	1.950147	1.450068	0.500000
0.497414	4.457287	0.518030	0.500000
1.842187	8.109845	0.560012	0.500000
2.212502	5.131473	0.645624	0.500000
1.597163	3.585275	1.498396	0.500000
2.090753	3.140612	0.524199	0.500000
8.386054	1.559909	0.661871	0.500000
5.997128	0.952714	1.486683	0.500000
7.267024	1.055814	1.448599	0.500000
7.573313	4.437422	0.532098	0.500000
10.774979	5.621502	0.652076	0.500000
1.028059	3.435232	0.531717	0.500000
0.707438	6.345283	0.568641	0.500000
2.911271	8.092989	0.516268	0.500000
3.414222	2.531650	1.422104	0.500000
3.539679	3.986717	0.563756	0.500000
4.540247	3.692488	0.511569	0.500000
6.558113	4.500051	0.551782	0.500000
8.597805	4.476036	0.591048	0.500000
9.487420	5.517734	0.552407	0.500000
1.740724	6.175508	0.512026	0.500000
2.322121	7.050086	0.502200	0.500000
2.893575	7.671098	1.458577	0.500000
2.325657	6.457053	1.462181	0.500000
3.831867	6.212226	0.543425	0.500000
4.268554	5.122302	0.603192	0.500000
4.929126	2.278148	0.538840	0.500000
7.296406	5.412508	0.545890	0.500000
8.374839	5.552902	0.547154	0.500000
7.086030	6.951922	1.458136	0.500000
9.959484	6.420543	0.587714	0.500000
0.078551	7.227042	0.595233	0.500000
0.493072	9.262490	0.506091	0.500000
3.361205	7.093926	0.627783	0.500000
3.844200	5.555319	1.482055	0.500000
4.040139	2.761202	0.598212	0.500000
5.139014	7.977032	0.560736	0.500000
4.606149	8.821902	0.501471	0.500000
6.571526	6.070426	1.415543	0.500000
8.950588	6.435664	0.522411	0.500000
9.523761	7.541226	0.842155	0.500000
1.183835	7.268917	0.511609	0.500000
2.786050	1.017788	0.517196	0.500000
2.425264	8.558078	1.475249	0.500000
4.208469	9.577402	1.391161	0.500000
5.534364	6.821388	0.578379	0.500000
3.491932	0.983026	1.300330	0.500000
8.463856	7.386283	0.640648	0.500000
7.889661	6.495110	0.549418	0.500000
10.341281	7.469460	1.497091	0.500000
9.300611	8.637112	0.634747	0.500000
10.368218	8.284765	0.512801	0.500000
3.167538	9.562276	1.313327	0.500000
0.445143	0.377879	0.513096	0.500000
5.696607	8.949996	0.520282	0.500000
1.829436	0.318889	0.516801	0.500000
5.033580	7.330954	1.372075	0.500000
6.141996	9.150583	1.419719	0.500000
5.246572	10.032783	0.518290	0.500000
7.451577	7.502865	0.523967	0.500000
10.136665	9.309640	0.500433	0.500000
10.012527	0.612533	0.552789	0.500000
2.076980	9.789283	1.278966	0.500000
4.170747	0.814808	0.556866	0.500000
1.296155	2.440782	0.562743	0.500000
6.887156	8.620320	0.636709	0.500000
6.153538	7.901303	0.548810	0.500000
3.962763	8.038371	0.536536	0.500000
8.137657	10.426908	0.538818	0.500000
7.947650	8.470358	0.554895	0.500000
10.709714	1.546761	0.522808	0.500000
0.228867	10.583371	1.479210	0.500000
1.417588	1.678003	1.449659	0.500000
2.656852	10.649330	1.475152	0.500000
2.347638	0.837734	1.452709	0.500000
5.572355	3.646413	0.541306	0.500000
3.310058	0.144281	0.760167	0.500000
6.476024	9.793277	0.522663	0.500000
7.455655	8.806430	1.448058	0.500000
9.490540	0.766024	1.468100	0.500000
2.076863	2.539131	1.332355	0.500000
8.788148	2.527803	0.625382	0.500000
2.219910	4.503161	1.492159	0.500000
4.296764	1.744875	1.471735	0.500000
2.100711	1.816990	0.526021	0.500000
7.828497	1.899872	1.431235	0.500000
7.486864	3.961332	1.490337	0.500000
7.118537	10.609595	0.512734	0.500000
8.878398	1.924388	1.462466	0.500000
1.185664	5.284968	0.526923	0.500000
9.384880	2.821937	1.498807	0.500000
0.465558	3.633629	1.393935	0.500000
1.760352	5.506669	1.487142	0.500000
2.660617	3.363787	1.422685	0.500000
2.539226	4.085239	0.617857	0.500000
5.877479	2.912998	1.475046	0.500000
6.282990	4.265036	1.490592	0.500000
8.618138	3.839943	1.371199	0.500000
8.447560	0.813038	1.489840	0.500000
8.227886	2.840744	1.439415	0.500000
9.294251	3.617204	0.541649	0.500000
2.788753	6.109362	0.548973	0.500000
1.287657	6.597541	1.360201	0.500000
3.219567	5.049757	0.590307	0.500000
2.797133	1.741240	1.457569	0.500000
6.017676	5.746828	0.512086	0.500000
6.995998	5.008069	1.480817	0.500000
7.228759	2.976151	1.451606	0.500000
9.884374	3.702135	1.463398	0.500000
0.039501	4.767765	1.473930	0.500000
1.015776	4.505522	1.459127	0.500000
0.662779	5.564734	1.476738	0.500000
0.818735	7.761263	1.481158	0.500000
3.979969	3.524315	1.344276	0.500000
5.018335	3.729267	1.404849	0.500000
5.371408	4.757001	0.500669	0.500000
4.340096	4.548474	1.440864	0.500000
6.780806	6.663588	0.508265	0.500000
9.193460	4.723990	1.426679	0.500000
9.926789	4.588761	0.691452	0.500000
9.627255	6.749966	1.498771	0.500000
1.379529	8.744819	1.456683	0.500000
1.911255	7.407256	1.361253	0.500000
3.297126	4.478486	1.489524	0.500000
4.454422	6.371432	1.401667	0.500000
6.092552	7.084005	1.469619	0.500000
4.926596	5.367108	1.371196	0.500000
8.184403	4.959275	1.460893	0.500000
7.603259	5.949759	1.401613	0.500000
10.141974	5.702613	1.488108	0.500000
8.804460	5.909678	1.422879	0.500000
10.726863	6.520422	1.410880	0.500000
3.443271	8.544826	1.454048	0.500000
2.784838	5.453904	1.449531	0.500000
3.915350	7.447501	1.426912	0.500000
3.610531	9.017285	0.500924	0.500000
6.697184	7.924253	1.425433	0.500000
5.993570	5.216728	1.385257	0.500000
8.253566	6.744179	1.467953	0.500000
8.728268	8.100370	1.346805	0.500000
0.330162	8.699016	1.366377	0.500000
2.554452	9.061280	0.563390	0.500000
3.353233	6.492337	1.468623	0.500000
4.007801	0.046012	1.475426	0.500000
5.564978	6.200360	1.389231	0.500000
4.950600	5.981126	0.539276	0.500000
4.220130	10.388619	0.584316	0.500000
7.782060	10.773790	1.489329	0.500000
9.965945	8.422188	1.439224	0.500000
0.753577	8.206610	0.522674	0.500000
10.584609	9.594267	1.390506	0.500000
0.799967	9.706043	1.366472	0.500000
0.952813	0.690175	1.454751	0.500000
1.515969	9.167775	0.504752	0.500000
5.948695	10.171396	1.339316	0.500000
4.914398	0.894861	1.481305	0.500000
8.136574	9.771007	1.440572	0.500000
4.518489	8.259511	1.427287	0.500000
7.801090	7.676055	1.495079	0.500000
8.792152	9.570066	0.570161	0.500000
10.592060	10.234448	0.594991	0.500000
4.954248	10.458147	1.413515	0.500000
3.786949	1.769244	0.593627	0.500000
4.566160	2.710188	1.459513	0.500000
6.148862	0.486147	0.605093	0.500000
5.123522	9.077286	1.421265	0.500000
6.614573	0.147651	1.482571	0.500000
6.930922	9.794198	1.430412	0.500000
7.558148	9.428961	0.596778	0.500000
9.355495	9.523036	1.415703	0.500000
