100

2.352542	8.202584	0.594626	0.500000
10.597013	2.325820	0.593129	0.500000
2.364588	6.511751	0.583556	0.500000
3.070678	10.358550	0.549902	0.500000
4.271110	0.493484	0.537337	0.500000
7.730265	1.309662	0.555560	0.500000
4.035230	3.485322	0.552398	0.500000
7.306746	10.340895	0.532864	0.500000
10.048205	9.908895	0.554881	0.500000
0.517245	7.438737	0.555221	0.500000
9.336992	8.951225	0.552353	0.500000
0.138924	9.645661	0.548334	0.500000
4.097434	5.490582	0.525924	0.500000
5.908337	9.298113	0.517171	0.500000
9.552011	2.592075	0.568681	0.500000
1.538106	8.988991	0.554285	0.500000
8.348019	8.696301	0.592798	0.500000
8.484394	9.701685	0.550811	0.500000
2.381251	5.011947	0.507871	0.500000
0.254921	1.497498	0.534214	0.500000
6.988386	2.074127	0.580116	0.500000
3.313536	0.843465	0.508024	0.500000
1.051228	10.118817	0.594980	0.500000
5.435375	3.214776	0.520495	0.500000
5.206259	1.293184	0.548242	0.500000
2.331629	0.481759	0.529846	0.500000
10.030445	0.164130	0.557370	0.500000
9.013929	0.875717	0.502539	0.500000
9.102144	10.502067	0.598593	0.500000
0.273994	3.205823	0.529955	0.500000
5.161902	10.159280	0.534919	0.500000
2.486686	1.522993	0.523217	0.500000
4.579702	4.360890	0.592663	0.500000
6.311912	6.182496	0.522118	0.500000
4.821531	8.945176	0.505177	0.500000
4.188811	1.571216	0.555085	0.500000
7.909334	2.655158	0.570339	0.500000
6.277927	1.224607	0.587359	0.500000
8.227899	0.227539	0.546663	0.500000
6.129389	5.186014	0.517744	0.500000
8.621611	6.428163	0.598689	0.500000
10.125066	1.223924	0.501653	0.500000
5.921936	4.090516	0.556487	0.500000
3.071916	3.117402	0.508996	0.500000
2.531047	4.021838	0.552522	0.500000
3.139267	5.784643	0.576551	0.500000
7.527889	3.598844	0.525428	0.500000
8.708939	1.934877	0.588093	0.500000
8.250589	4.297163	0.599618	0.500000
2.200573	2.608719	0.572011	0.500000
10.155692	4.768550	0.507652	0.500000
8.733985	3.277701	0.562916	0.500000
3.356603	4.689964	0.592174	0.500000
1.072487	2.279577	0.521639	0.500000
3.995430	6.729932	0.532351	0.500000
9.123029	7.602966	0.517490	0.500000
7.347372	9.339345	0.540106	0.500000
6.458223	3.194293	0.579631	0.500000
8.065453	7.578543	0.548023	0.500000
7.616036	6.575146	0.582932	0.500000
0.291119	4.227773	0.569682	0.500000
3.368701	2.156423	0.511101	0.500000
5.527792	0.214637	0.579158	0.500000
1.338581	1.222767	0.509045	0.500000
6.271328	8.356154	0.535034	0.500000
5.161725	7.995445	0.588305	0.500000
5.700851	2.232502	0.522398	0.500000
6.906359	4.458152	0.563997	0.500000
3.165113	7.353205	0.539938	0.500000
9.261807	4.194685	0.577717	0.500000
10.254663	3.676658	0.508602	0.500000
0.651871	5.564740	0.524354	0.500000
1.177891	6.643084	0.513581	0.500000
4.077574	7.811815	0.544337	0.500000
4.074010	10.308353	0.502616	0.500000
6.126834	7.286120	0.591638	0.500000
7.105016	0.447489	0.531614	0.500000
7.174809	5.436594	0.522764	0.500000
5.129065	5.238262	0.539648	0.500000
1.397158	3.486823	0.594122	0.500000
9.389675	5.478328	0.585699	0.500000
0.487956	8.517963	0.573796	0.500000
10.452280	5.734443	0.562401	0.500000
3.849161	9.191802	0.539800	0.500000
4.618054	2.487900	0.537235	0.500000
8.188069	5.328966	0.516912	0.500000
2.053785	10.293837	0.504980	0.500000
7.280395	8.276603	0.575435	0.500000
10.259382	7.698114	0.552107	0.500000
1.658599	5.754828	0.584625	0.500000
0.149012	10.778940	0.515571	0.500000
1.195805	0.214208	0.520655	0.500000
1.490603	7.688092	0.596928	0.500000
2.766728	9.405121	0.564253	0.500000
1.322524	4.564226	0.517353	0.500000
6.290368	10.226394	0.532193	0.500000
10.749335	6.690163	0.537618	0.500000
9.641654	6.600621	0.504228	0.500000
5.246165	6.537891	0.570327	0.500000
10.353256	8.802339	0.504894	0.500000
