100

2.314727	7.321145	0.512029	0.500000
10.500768	0.395248	0.536939	0.500000
0.355086	7.078527	0.557031	0.500000
2.077168	1.095426	0.597229	0.500000
4.444199	10.529314	0.522302	0.500000
6.437624	10.030205	0.532618	0.500000
4.565146	2.806062	0.546306	0.500000
6.881717	7.601754	0.509451	0.500000
10.255129	8.798822	0.597834	0.500000
10.396161	7.808370	0.587046	0.500000
9.519916	10.835365	0.556929	0.500000
0.184121	9.345290	0.593216	0.500000
3.899807	4.937254	0.557807	0.500000
3.229737	9.433345	0.589445	0.500000
8.449786	0.148676	0.521620	0.500000
2.190667	9.529590	0.585528	0.500000
8.453997	8.926082	0.579719	0.500000
7.468947	9.668094	0.554881	0.500000
1.817522	5.149447	0.541607	0.500000
10.103781	1.612855	0.574398	0.500000
6.270696	1.288819	0.524473	0.500000
3.353335	0.783563	0.503506	0.500000
0.466318	8.177539	0.516412	0.500000
4.933205	3.945633	0.537506	0.500000
5.475809	10.543205	0.580856	0.500000
1.198143	1.780999	0.590623	0.500000
9.044965	0.957560	0.569439	0.500000
10.314936	2.754525	0.582160	0.500000
0.350758	10.331472	0.558077	0.500000
0.463058	2.498359	0.529864	0.500000
4.329611	9.421445	0.525499	0.500000
3.566741	2.623122	0.565526	0.500000
6.004114	4.494302	0.511973	0.500000
4.807956	8.346484	0.572214	0.500000
2.724775	8.523345	0.514410	0.500000
0.253591	1.206746	0.586041	0.500000
6.360083	0.190794	0.515433	0.500000
5.414250	0.642162	0.543363	0.500000
7.217460	0.830922	0.530236	0.500000
6.581044	3.588847	0.530520	0.500000
7.103196	4.705871	0.554426	0.500000
7.338651	10.714849	0.535362	0.500000
6.393030	2.302618	0.589792	0.500000
3.068304	1.747674	0.559504	0.500000
3.596593	3.921753	0.586120	0.500000
3.887858	6.021536	0.527641	0.500000
7.538380	3.234587	0.592740	0.500000
8.360856	2.623391	0.547973	0.500000
9.346288	2.377879	0.504761	0.500000
2.640651	4.433080	0.544226	0.500000
9.575584	4.868582	0.555361	0.500000
8.185479	1.511770	0.513533	0.500000
3.002250	5.430303	0.575138	0.500000
2.551922	3.365033	0.516159	0.500000
5.111483	5.078193	0.589193	0.500000
9.376959	8.305815	0.569356	0.500000
7.780597	7.023436	0.553882	0.500000
5.646904	3.047744	0.504342	0.500000
7.756249	5.962081	0.552535	0.500000
8.674312	7.569070	0.542659	0.500000
1.490839	4.193698	0.593619	0.500000
4.390104	0.709918	0.526512	0.500000
6.650317	8.856213	0.576720	0.500000
2.242999	2.353359	0.547529	0.500000
5.754303	6.958037	0.512984	0.500000
3.817897	8.541706	0.560028	0.500000
5.207199	1.768042	0.592077	0.500000
8.169897	4.110263	0.576958	0.500000
3.013708	6.511512	0.533227	0.500000
10.412048	4.256178	0.582451	0.500000
0.499622	3.696874	0.573569	0.500000
10.620606	5.254546	0.568797	0.500000
0.651233	6.121837	0.516736	0.500000
3.521414	7.552096	0.577089	0.500000
2.515486	0.005378	0.530625	0.500000
6.795770	6.532740	0.595343	0.500000
7.757890	8.133246	0.511311	0.500000
4.969752	6.269046	0.582044	0.500000
6.324065	5.447830	0.534632	0.500000
1.459193	3.036456	0.531971	0.500000
9.481194	3.703888	0.551872	0.500000
1.365038	7.701983	0.567492	0.500000
9.482945	5.868219	0.546564	0.500000
5.387774	9.193946	0.572877	0.500000
4.160203	1.708752	0.507955	0.500000
8.537581	5.281337	0.539016	0.500000
1.250495	9.153834	0.536281	0.500000
8.677756	10.032650	0.554460	0.500000
9.399055	9.310309	0.505133	0.500000
1.658784	6.310827	0.507040	0.500000
1.101818	0.441780	0.595299	0.500000
1.410171	10.340857	0.525169	0.500000
10.409078	6.246533	0.588167	0.500000
3.404417	10.428790	0.586449	0.500000
0.673868	4.888561	0.526392	0.500000
5.970067	8.069966	0.571662	0.500000
9.653729	7.096025	0.560526	0.500000
8.695412	6.535010	0.556815	0.500000
4.643011	7.338335	0.518183	0.500000
10.261690	10.091192	0.561615	0.500000
