100

3.192986	7.497464	0.562753	0.500000
0.146310	8.042946	0.533825	0.500000
0.410959	6.219763	0.541510	0.500000
10.855041	10.266332	0.546237	0.500000
2.277343	9.268804	0.584175	0.500000
8.185854	10.039953	0.552207	0.500000
5.844373	1.498455	0.502158	0.500000
4.172483	6.570779	0.555887	0.500000
8.707280	9.087159	0.521691	0.500000
9.996875	8.831065	0.518520	0.500000
9.377921	1.066372	0.546523	0.500000
0.275031	9.284785	0.551587	0.500000
2.183277	7.109908	0.581663	0.500000
2.552464	0.739280	0.569906	0.500000
0.431830	1.069001	0.551102	0.500000
4.489470	10.094128	0.583423	0.500000
6.340969	10.663398	0.573694	0.500000
9.567534	10.773549	0.516455	0.500000
10.513827	6.995916	0.575623	0.500000
10.523697	2.839380	0.524737	0.500000
7.312281	0.006872	0.509045	0.500000
1.456446	1.881611	0.541957	0.500000
1.743690	10.653876	0.513006	0.500000
4.161846	5.558174	0.526065	0.500000
3.479944	9.529531	0.586604	0.500000
1.708110	3.217449	0.584144	0.500000
8.731556	4.171553	0.530954	0.500000
1.959828	4.801283	0.556029	0.500000
2.747264	10.527121	0.502045	0.500000
0.697333	3.097972	0.531589	0.500000
5.246011	0.038721	0.507666	0.500000
2.822847	1.716371	0.545676	0.500000
8.109099	5.015580	0.597353	0.500000
4.301425	8.836949	0.573573	0.500000
2.188056	8.123059	0.593975	0.500000
0.734924	0.078909	0.503017	0.500000
8.647740	0.363266	0.534939	0.500000
7.945505	1.171163	0.579938	0.500000
9.518312	2.613375	0.532792	0.500000
6.716803	4.532621	0.591315	0.500000
4.661375	2.080774	0.506495	0.500000
10.371443	1.591030	0.508966	0.500000
7.740422	2.174018	0.562742	0.500000
3.577414	2.508763	0.594614	0.500000
5.977812	3.490750	0.549654	0.500000
5.609853	9.852258	0.514007	0.500000
6.686756	2.146265	0.539778	0.500000
7.152993	3.137838	0.587321	0.500000
0.454787	2.085786	0.554343	0.500000
3.633348	4.492843	0.553006	0.500000
2.640182	3.888376	0.581660	0.500000
8.263564	3.112390	0.530264	0.500000
4.449692	7.780622	0.511380	0.500000
3.974720	3.536913	0.519409	0.500000
3.053967	6.491853	0.599402	0.500000
8.309171	8.093251	0.553723	0.500000
6.372503	7.310086	0.546888	0.500000
3.064975	5.428005	0.518727	0.500000
9.229709	5.337459	0.549671	0.500000
7.017485	6.500023	0.527895	0.500000
4.711312	4.363144	0.550146	0.500000
3.633372	0.220793	0.533574	0.500000
7.672354	9.122995	0.576315	0.500000
4.916209	3.135187	0.557709	0.500000
7.195578	5.456859	0.588964	0.500000
3.115291	8.593001	0.503166	0.500000
4.920530	1.002161	0.562364	0.500000
6.209816	5.637754	0.536121	0.500000
1.374148	6.503370	0.533128	0.500000
1.155902	4.071788	0.514648	0.500000
0.153256	4.950816	0.587865	0.500000
9.549240	6.436634	0.578941	0.500000
10.088835	4.697538	0.588266	0.500000
5.253698	6.922903	0.561801	0.500000
1.493255	0.729313	0.577517	0.500000
5.701755	4.724133	0.599005	0.500000
6.152921	8.896202	0.559392	0.500000
7.448674	7.409064	0.544126	0.500000
5.748416	2.511880	0.597222	0.500000
2.610271	2.772894	0.561624	0.500000
9.743273	3.630250	0.552371	0.500000
1.113444	5.444691	0.538661	0.500000
10.780411	3.946084	0.586848	0.500000
6.881883	9.806339	0.574996	0.500000
6.777384	0.984489	0.540753	0.500000
7.682706	4.026574	0.574804	0.500000
9.346109	8.072861	0.593174	0.500000
10.455559	0.587933	0.509290	0.500000
8.755926	1.952321	0.560208	0.500000
0.993521	7.467503	0.565680	0.500000
9.528527	9.744581	0.581534	0.500000
1.084600	9.885821	0.591469	0.500000
8.820485	7.126391	0.522175	0.500000
3.757804	1.330107	0.556697	0.500000
2.178477	5.898984	0.571646	0.500000
5.493802	8.049394	0.587308	0.500000
10.342664	5.708643	0.507746	0.500000
8.020820	6.142210	0.547390	0.500000
5.166577	5.568970	0.505943	0.500000
1.218616	8.622980	0.534233	0.500000
