500

0.418534	0.254723	3.429346	0.500000
8.871349	10.100100	2.765292	0.500000
3.238120	1.212325	1.877542	0.500000
9.742908	9.168382	0.514423	0.500000
4.231043	0.062266	0.551573	0.500000
7.953449	9.579538	1.752572	0.500000
7.512418	1.180196	0.527421	0.500000
6.473381	7.460428	0.685038	0.500000
8.174112	8.615347	1.580438	0.500000
10.591245	9.629912	1.658751	0.500000
2.567948	8.948272	0.531268	0.500000
1.512164	9.483005	2.689382	0.500000
10.516546	8.552361	0.860704	0.500000
5.651204	5.207450	0.546944	0.500000
8.212929	1.290810	2.623953	0.500000
7.151737	0.807492	4.348249	0.500000
9.583958	1.286004	0.539353	0.500000
7.533142	8.371638	2.490541	0.500000
6.515164	9.446506	1.090420	0.500000
10.347515	3.075239	0.890096	0.500000
0.260269	2.466993	1.555918	0.500000
9.957282	0.246231	0.571654	0.500000
10.675158	7.425934	0.516093	0.500000
5.470687	0.057434	4.262077	0.500000
7.374332	1.348628	3.457004	0.500000
6.853199	0.240387	0.505735	0.500000
1.522069	2.482052	2.183904	0.500000
5.111281	0.987531	3.981849	0.500000
0.457995	3.452096	1.461752	0.500000
0.264040	4.254255	0.650826	0.500000
10.148167	1.614851	1.325568	0.500000
1.106539	1.122522	0.542879	0.500000
2.232208	4.369645	2.704435	0.500000
5.693798	10.205500	0.548503	0.500000
5.167553	0.543448	0.593320	0.500000
5.857791	4.305479	2.321968	0.500000
6.183880	1.215865	0.562770	0.500000
8.512434	2.144541	0.598855	0.500000
7.461599	2.831855	0.665405	0.500000
5.372896	3.154763	1.710382	0.500000
9.602888	4.826718	1.311697	0.500000
2.344168	2.089023	0.730044	0.500000
3.916195	4.772376	0.510702	0.500000
5.220678	2.839277	3.417554	0.500000
2.681867	3.387116	4.497249	0.500000
6.873041	1.886233	0.991184	0.500000
2.279770	1.562014	1.585303	0.500000
4.622509	4.884188	1.339784	0.500000
7.329779	6.226007	2.524948	0.500000
7.201292	3.125910	1.662737	0.500000
0.665372	2.020215	0.584923	0.500000
2.254823	4.000068	1.503695	0.500000
6.414846	5.944095	0.568599	0.500000
0.590642	6.660895	0.724426	0.500000
8.958219	4.297764	0.515408	0.500000
3.990089	4.118378	1.470896	0.500000
7.007521	3.751051	0.655155	0.500000
6.199579	4.786922	1.321361	0.500000
4.848283	3.839715	4.470241	0.500000
0.272578	4.838102	1.783617	0.500000
2.668965	5.704694	1.540203	0.500000
5.282153	7.691244	3.112283	0.500000
4.673379	9.853013	0.577994	0.500000
10.531670	5.744692	2.637287	0.500000
4.709123	2.582657	0.572401	0.500000
8.618467	10.374330	1.546307	0.500000
4.695048	6.463161	1.608344	0.500000
7.113973	7.718323	1.511759	0.500000
8.427412	9.721533	0.771432	0.500000
3.275820	7.305533	2.241585	0.500000
1.906666	5.617495	0.826767	0.500000
1.675993	8.419326	0.570537	0.500000
2.304556	7.269640	2.523559	0.500000
3.700249	6.093582	2.622668	0.500000
1.340941	3.597189	0.531324	0.500000
4.093104	7.261111	1.529795	0.500000
6.323730	6.074544	2.951016	0.500000
7.152711	1.189561	2.434099	0.500000
0.449338	0.251148	0.510743	0.500000
0.414010	7.699584	1.387413	0.500000
9.665775	8.027754	0.592203	0.500000
1.933467	6.771228	0.657385	0.500000
0.656136	8.359941	0.533016	0.500000
2.883631	6.360517	0.742199	0.500000
3.745087	9.392347	0.518822	0.500000
7.683521	6.834634	0.508896	0.500000
9.281558	1.320857	2.705330	0.500000
6.057079	9.471278	1.981326	0.500000
0.117310	9.427957	0.541107	0.500000
1.850966	10.535627	0.593439	0.500000
0.492012	6.159178	3.547895	0.500000
2.672086	9.784091	4.472138	0.500000
1.252460	6.822601	3.515707	0.500000
4.637412	7.542327	4.061325	0.500000
4.320501	7.762736	0.565036	0.500000
3.138253	0.120666	2.623525	0.500000
8.588366	8.563138	2.541650	0.500000
7.101564	4.332681	1.525666	0.500000
8.982023	9.314212	1.548322	0.500000
8.141994	0.549635	1.742546	0.500000
7.980723	9.598745	2.851099	0.500000
10.727689	10.215276	4.196248	0.500000
6.646205	8.456218	0.983269	0.500000
3.271230	7.308873	0.953905	0.500000
7.512810	5.679428	0.844506	0.500000
3.936114	1.865304	2.303127	0.500000
1.586692	0.559302	1.350048	0.500000
7.760500	8.875867	0.614737	0.500000
10.603254	10.380566	0.993759	0.500000
1.281147	1.760421	1.350821	0.500000
0.047414	0.001933	2.087317	0.500000
9.862110	8.794823	1.741229	0.500000
1.166325	9.281888	0.522762	0.500000
9.004666	10.688828	0.510263	0.500000
3.129223	0.427777	0.589530	0.500000
0.515531	9.431564	2.447064	0.500000
5.147868	2.457765	2.437717	0.500000
7.831120	4.507619	0.556143	0.500000
6.975431	0.211972	2.211863	0.500000
6.074274	10.331907	3.597583	0.500000
2.015967	6.333972	2.286956	0.500000
5.443721	3.265902	0.510242	0.500000
0.294184	3.071174	2.453527	0.500000
1.854932	8.333332	2.533847	0.500000
2.559134	9.341152	2.513116	0.500000
8.529988	1.036179	0.567182	0.500000
7.965856	2.630806	4.334987	0.500000
2.250941	3.082651	0.511024	0.500000
5.849925	10.484764	2.435585	0.500000
9.468892	7.016397	0.526624	0.500000
0.162165	1.468284	1.949835	0.500000
1.923530	9.879505	1.382951	0.500000
5.188336	9.190688	1.544518	0.500000
3.417448	0.423007	3.622818	0.500000
7.818372	2.172389	3.026013	0.500000
2.897799	1.300814	4.496147	0.500000
3.350860	8.251429	0.554802	0.500000
0.297043	1.257327	3.460378	0.500000
10.051828	4.127967	0.569762	0.500000
9.365934	3.311230	0.530110	0.500000
8.840123	8.766750	0.684379	0.500000
4.667488	5.732119	0.746892	0.500000
1.077845	4.180748	2.710052	0.500000
5.421451	4.696035	4.383979	0.500000
4.203406	3.037383	1.419793	0.500000
10.511964	8.082396	4.480607	0.500000
7.815934	3.048438	2.499838	0.500000
0.351516	4.865368	2.785121	0.500000
9.027456	5.613220	1.703491	0.500000
8.314526	3.373081	0.593946	0.500000
8.680354	7.760311	0.544456	0.500000
5.429852	5.539746	1.507238	0.500000
1.469008	3.628380	4.182081	0.500000
4.230887	3.583556	0.578983	0.500000
7.927728	0.112684	0.542414	0.500000
6.193343	2.004463	2.457917	0.500000
5.138148	3.577536	2.586550	0.500000
10.071868	7.144802	4.429837	0.500000
10.252365	7.819736	3.347448	0.500000
9.404996	4.430803	3.504020	0.500000
2.007131	4.931453	1.808001	0.500000
2.088789	8.896927	1.628539	0.500000
0.080532	5.822212	1.401239	0.500000
1.038275	7.320547	2.439438	0.500000
5.372091	7.669804	0.558967	0.500000
3.263115	8.467097	3.600539	0.500000
6.356545	8.369066	3.665375	0.500000
5.691669	5.112868	2.911991	0.500000
6.458945	10.329195	1.585882	0.500000
8.004823	6.159182	1.722710	0.500000
3.777691	4.990546	2.585376	0.500000
2.065564	7.730788	3.549844	0.500000
5.745977	6.601987	1.245186	0.500000
4.885342	4.635567	2.362542	0.500000
2.371175	7.050347	1.549286	0.500000
10.648555	1.226310	0.514949	0.500000
7.967376	4.067230	2.561438	0.500000
7.655221	10.713873	4.004274	0.500000
6.549738	8.582565	2.140673	0.500000
9.479015	5.572434	0.559491	0.500000
0.587568	0.787606	1.351577	0.500000
10.765667	6.783396	1.682465	0.500000
1.580448	4.568211	0.591391	0.500000
6.935778	6.667371	1.272394	0.500000
4.690094	8.480644	2.258746	0.500000
7.441835	7.843349	0.563836	0.500000
9.584885	10.044874	1.013958	0.500000
8.949913	6.307432	3.490991	0.500000
6.025539	4.193168	0.534028	0.500000
2.397494	7.678619	0.600048	0.500000
9.874560	6.099661	1.461854	0.500000
0.494306	3.029074	0.527473	0.500000
1.204267	7.477286	0.685521	0.500000
8.730531	6.278287	0.666292	0.500000
5.192781	10.278619	1.410893	0.500000
4.578884	8.833208	0.738886	0.500000
6.183596	1.321121	3.373168	0.500000
6.405432	6.845418	2.167549	0.500000
9.784603	10.752257	2.254713	0.500000
1.551897	3.486888	2.104573	0.500000
0.510433	3.561186	3.435455	0.500000
1.733646	9.286851	4.416803	0.500000
5.041352	0.266679	2.247665	0.500000
2.157338	10.288890	2.584879	0.500000
3.331476	6.452510	1.648604	0.500000
3.540016	9.711177	2.450203	0.500000
3.927143	1.998620	4.471191	0.500000
3.970094	6.627317	0.646406	0.500000
3.598161	2.363654	0.531871	0.500000
0.665055	2.910537	4.488346	0.500000
10.243788	0.599997	1.485219	0.500000
3.709765	5.683953	1.097128	0.500000
1.684978	0.541727	4.262955	0.500000
2.695639	0.329049	1.604066	0.500000
2.769539	10.102372	0.605447	0.500000
6.766492	0.308487	3.497644	0.500000
9.658319	2.081057	2.091754	0.500000
0.923413	10.074246	3.256653	0.500000
6.157595	5.432599	4.483198	0.500000
7.204274	4.023331	3.649384	0.500000
0.725838	2.076763	2.699137	0.500000
2.657732	4.227794	0.585231	0.500000
7.662720	0.463330	2.951129	0.500000
4.896836	5.582412	4.424183	0.500000
2.372248	4.977306	3.651338	0.500000
6.021939	2.997461	2.545584	0.500000
8.935690	4.139786	1.678893	0.500000
0.111978	9.476428	3.363196	0.500000
6.266319	2.679968	1.618667	0.500000
9.634506	9.254246	2.616162	0.500000
10.113390	3.033058	2.181083	0.500000
0.890516	2.030334	4.040440	0.500000
2.693277	0.299632	4.388110	0.500000
1.309693	2.735323	1.068002	0.500000
5.146350	1.571809	0.634155	0.500000
5.355702	4.205460	1.444220	0.500000
6.805268	3.993791	2.565644	0.500000
5.997626	2.304682	0.705202	0.500000
8.606329	1.315313	3.623503	0.500000
10.482234	5.181117	0.734901	0.500000
1.378062	3.105387	3.176433	0.500000
0.830309	5.678269	0.591674	0.500000
3.765547	0.079371	1.480775	0.500000
2.511699	2.208936	2.462062	0.500000
5.036033	6.703716	3.313186	0.500000
2.380171	3.921159	3.593379	0.500000
3.352221	1.278484	2.939736	0.500000
7.933940	6.165985	3.534768	0.500000
2.504611	3.315886	2.781868	0.500000
6.808204	1.845103	4.463995	0.500000
4.581651	9.957405	2.278557	0.500000
9.789343	3.826148	4.422299	0.500000
9.370017	8.468040	3.381423	0.500000
1.783303	1.575199	4.417233	0.500000
4.409912	5.624727	2.080507	0.500000
10.404058	6.460206	0.503474	0.500000
8.577502	5.189099	0.799579	0.500000
0.026002	5.282984	3.721624	0.500000
8.505470	7.554600	2.331843	0.500000
8.881674	9.112584	4.301805	0.500000
3.327799	4.407411	3.538252	0.500000
9.624227	7.003984	2.375693	0.500000
3.251749	3.348313	0.511940	0.500000
6.199115	3.582487	3.523551	0.500000
5.591826	7.596841	4.483726	0.500000
6.767433	2.889168	4.483996	0.500000
7.028884	7.407248	3.473683	0.500000
7.731340	3.602265	4.397191	0.500000
7.242997	9.907079	0.562161	0.500000
5.453612	6.319195	2.410019	0.500000
1.818595	5.902439	3.488887	0.500000
2.000691	6.908762	4.341971	0.500000
6.812594	5.506651	3.674771	0.500000
2.995567	4.690922	1.531989	0.500000
4.042684	1.809859	3.473074	0.500000
8.133348	5.612476	2.640156	0.500000
6.534360	10.781156	4.458276	0.500000
7.290515	7.281388	2.399463	0.500000
6.890898	4.889018	0.522502	0.500000
10.483680	0.811913	2.674386	0.500000
7.024165	9.872480	4.294715	0.500000
9.503786	8.075623	4.322447	0.500000
1.264390	6.852805	1.502481	0.500000
6.117821	6.517748	4.430646	0.500000
5.326363	9.521053	2.825744	0.500000
4.596939	2.803222	4.240245	0.500000
4.172371	1.847002	1.262455	0.500000
7.432828	10.636989	1.387950	0.500000
10.695956	7.658701	2.419178	0.500000
6.318136	9.359281	3.045534	0.500000
0.211612	8.622491	1.751370	0.500000
1.494939	1.404045	2.289755	0.500000
4.299804	8.587463	3.852476	0.500000
3.113193	1.428018	0.789688	0.500000
1.900756	8.267052	4.439944	0.500000
5.833105	0.552678	1.396366	0.500000
4.062173	10.604587	3.121980	0.500000
1.043948	9.311246	1.575992	0.500000
10.560894	9.103939	4.485461	0.500000
8.738537	3.430118	2.424019	0.500000
1.162765	10.546333	2.274910	0.500000
10.439861	1.881301	2.811023	0.500000
4.348096	5.971956	3.513467	0.500000
3.857355	8.852953	2.868785	0.500000
2.873148	8.767524	4.485512	0.500000
8.760613	0.155586	3.580265	0.500000
6.073261	1.552960	1.532182	0.500000
6.992144	0.953136	1.435693	0.500000
1.394523	8.158257	1.525550	0.500000
10.363364	10.050509	2.727605	0.500000
9.078738	7.308637	3.439561	0.500000
9.533836	2.481857	3.081056	0.500000
3.811995	9.304613	4.466343	0.500000
2.898684	10.084123	1.601624	0.500000
7.080748	6.569421	4.048568	0.500000
10.753873	1.915931	4.414357	0.500000
6.278624	3.663864	1.416361	0.500000
9.804692	2.288622	0.502446	0.500000
8.300004	0.630222	4.388507	0.500000
0.713509	0.802756	2.519135	0.500000
2.416063	1.056942	3.564967	0.500000
10.264540	2.929165	4.497005	0.500000
4.040485	9.670621	1.476707	0.500000
1.176494	4.345252	1.579354	0.500000
4.099259	1.139863	0.534715	0.500000
2.322777	2.851269	3.718543	0.500000
3.996189	0.571877	2.348646	0.500000
8.753203	5.285149	3.541420	0.500000
3.343428	2.851967	2.412301	0.500000
7.102171	10.063974	3.123107	0.500000
3.197033	4.049588	2.364990	0.500000
8.957427	4.813627	2.530141	0.500000
5.000877	6.662050	0.551212	0.500000
0.849727	10.717353	4.487344	0.500000
5.302162	8.689509	3.566997	0.500000
5.125411	2.203700	1.437366	0.500000
7.994696	3.874341	1.456715	0.500000
8.338408	4.149934	3.494122	0.500000
5.329641	1.472935	2.312628	0.500000
8.102335	7.031985	4.192351	0.500000
4.382202	6.952197	2.584058	0.500000
3.380811	5.603810	3.519963	0.500000
2.732848	8.111659	1.515263	0.500000
4.479043	10.630311	4.435536	0.500000
2.313079	2.792404	1.624465	0.500000
6.291290	4.629761	3.665581	0.500000
9.571891	3.965412	2.601222	0.500000
8.066350	9.669330	3.868372	0.500000
8.192351	4.829927	1.740705	0.500000
5.000047	4.412242	0.520496	0.500000
0.759947	4.781845	4.391828	0.500000
5.604609	5.919180	3.771771	0.500000
0.796723	1.037559	4.380647	0.500000
7.053485	3.014488	3.217609	0.500000
10.197840	7.633716	1.387883	0.500000
4.582366	4.918909	3.321527	0.500000
8.413103	5.590209	4.458436	0.500000
9.946665	4.926431	2.266779	0.500000
6.805899	8.754577	4.478441	0.500000
8.068090	7.133715	1.478907	0.500000
0.952700	10.281932	1.204233	0.500000
7.943026	10.442580	2.285528	0.500000
3.160133	6.658145	4.222743	0.500000
1.266976	5.621547	1.598000	0.500000
3.898183	5.713200	4.449310	0.500000
3.735165	7.896569	4.471205	0.500000
6.304024	7.745511	2.856318	0.500000
5.637571	8.548345	2.604306	0.500000
7.096198	9.489968	2.302741	0.500000
0.034178	3.778143	4.353943	0.500000
1.025351	7.805040	3.413533	0.500000
0.710609	7.425693	4.470470	0.500000
0.897075	6.259765	2.335197	0.500000
2.849170	5.425437	2.636703	0.500000
5.643320	8.801273	0.558423	0.500000
3.176235	5.026428	4.355242	0.500000
8.285082	8.475973	3.629274	0.500000
9.956059	9.254465	3.626508	0.500000
3.126071	3.432577	1.517864	0.500000
9.175718	6.654311	4.430829	0.500000
0.917425	8.527261	4.474253	0.500000
4.453241	9.495939	3.401696	0.500000
7.248756	8.933771	3.371643	0.500000
2.687720	7.642144	4.354563	0.500000
5.753785	8.732143	4.473499	0.500000
9.831448	1.234055	3.546175	0.500000
8.071842	7.503614	3.233883	0.500000
10.445839	0.871870	4.473329	0.500000
8.773582	0.451398	2.515821	0.500000
0.076880	7.125542	3.727948	0.500000
1.043848	6.442255	4.430081	0.500000
4.517812	0.836466	1.526096	0.500000
1.451662	5.449638	2.595804	0.500000
6.163605	0.791561	2.430036	0.500000
6.016976	3.898763	4.487868	0.500000
9.049343	2.921129	4.388961	0.500000
6.024152	9.763546	4.486082	0.500000
4.439952	0.925668	3.197327	0.500000
0.077443	5.958800	4.486510	0.500000
9.877937	10.736606	4.299008	0.500000
9.779099	2.144917	4.005071	0.500000
7.782418	1.540359	1.611646	0.500000
2.108378	1.110974	0.544324	0.500000
3.482274	10.260984	4.116500	0.500000
7.654396	4.867580	3.177289	0.500000
2.937465	8.276782	2.635367	0.500000
8.791106	3.934936	4.363166	0.500000
8.156807	2.520999	1.557623	0.500000
8.045946	3.170523	3.473685	0.500000
9.755188	5.371092	3.464060	0.500000
2.155871	0.649928	2.550993	0.500000
0.827259	8.361888	2.540641	0.500000
3.838801	0.852286	4.437100	0.500000
8.563832	10.319210	4.471479	0.500000
5.988183	7.133818	3.649390	0.500000
2.142421	8.846748	3.549497	0.500000
2.676304	2.290116	4.478751	0.500000
9.126478	0.522918	1.462962	0.500000
10.480954	8.731036	2.789415	0.500000
7.143102	2.250579	2.247090	0.500000
9.300781	0.838945	4.339055	0.500000
9.134135	3.439637	3.535585	0.500000
4.208871	2.782088	3.084012	0.500000
1.783224	1.978990	3.159077	0.500000
2.873660	5.360556	0.540391	0.500000
4.155731	3.582838	2.324601	0.500000
6.354848	2.365933	3.606536	0.500000
5.189048	1.762674	3.303527	0.500000
10.671022	3.998306	2.513671	0.500000
8.913709	1.893009	4.478868	0.500000
10.141369	3.386720	3.284890	0.500000
0.057948	6.691191	2.749428	0.500000
3.614933	3.811322	4.499795	0.500000
2.961401	2.116290	3.409273	0.500000
3.249082	2.196828	1.535534	0.500000
8.731764	2.224732	2.502153	0.500000
7.896857	1.614865	4.437151	0.500000
5.581721	2.886370	4.422733	0.500000
9.172474	10.030164	3.721757	0.500000
9.351844	4.923550	4.414758	0.500000
9.197306	2.846704	1.489755	0.500000
5.525332	0.546115	3.164181	0.500000
3.440294	3.406214	3.268755	0.500000
5.049004	10.314140	3.472117	0.500000
5.094277	1.926184	4.381278	0.500000
8.668282	2.350700	3.616403	0.500000
9.738027	8.028326	2.469246	0.500000
6.992494	4.736022	4.404010	0.500000
10.537559	4.288275	3.532860	0.500000
6.105315	7.785007	1.569325	0.500000
3.002768	7.375402	3.439280	0.500000
4.285294	4.784934	4.452697	0.500000
3.900386	6.909087	3.466709	0.500000
1.367167	1.038599	3.376382	0.500000
1.690987	2.650534	4.495655	0.500000
4.248365	3.954277	3.577237	0.500000
8.034909	4.639425	4.467913	0.500000
7.349986	5.390858	1.882549	0.500000
0.223794	8.396695	3.652851	0.500000
8.926590	6.623679	1.714864	0.500000
7.888586	8.886132	4.498773	0.500000
2.424991	5.933159	4.373424	0.500000
5.247817	4.092767	3.548180	0.500000
5.142435	6.715675	4.315042	0.500000
5.313744	7.376602	2.081383	0.500000
3.540646	2.868167	4.122710	0.500000
6.801888	5.141866	2.705219	0.500000
10.371412	4.794180	4.474985	0.500000
10.063319	3.902905	1.550458	0.500000
1.969202	4.493000	4.453784	0.500000
7.547174	7.900384	4.176691	0.500000
2.735706	6.320785	3.156695	0.500000
9.510068	5.984199	2.618983	0.500000
3.166817	9.101160	1.404165	0.500000
5.168356	8.164871	1.437927	0.500000
9.822406	5.869518	4.393874	0.500000
9.973368	0.206032	3.333011	0.500000
8.316000	6.621607	2.728250	0.500000
6.381483	5.896486	1.708912	0.500000
1.559573	0.057473	3.191212	0.500000
9.147135	7.615881	1.552589	0.500000
1.373460	4.537313	3.618005	0.500000
3.819781	8.213328	1.666967	0.500000
8.515300	7.972469	4.464501	0.500000
7.383288	5.724011	4.495092	0.500000
4.137772	6.763187	4.445733	0.500000
6.613074	7.543439	4.383053	0.500000
8.860382	1.645439	1.643974	0.500000
9.778390	9.754928	4.484173	0.500000
2.720420	10.502278	3.453285	0.500000
6.049760	1.186829	4.359461	0.500000
0.771151	9.563757	4.279207	0.500000
3.027261	9.459027	3.439018	0.500000
1.698851	10.166477	3.938767	0.500000
5.013211	9.666836	4.472993	0.500000
4.190305	7.872141	2.977420	0.500000
1.486878	5.489241	4.337192	0.500000
10.029763	6.421806	3.453181	0.500000
0.154839	2.611951	3.344516	0.500000
1.132240	8.902766	3.503094	0.500000
