300

0.084762	0.015933	0.670673	0.500000
1.146765	0.268640	0.699028	0.500000
1.824752	9.719510	0.551831	0.500000
2.895812	9.966919	0.578304	0.500000
3.926434	10.084638	0.576538	0.500000
4.947593	9.959659	0.557055	0.500000
5.983758	10.079038	0.542293	0.500000
7.098966	10.196597	0.626952	0.500000
8.245849	10.194528	0.566769	0.500000
9.251948	10.150242	0.515642	0.500000
0.529879	1.076471	0.545967	0.500000
1.477984	1.509838	0.517583	0.500000
2.204505	0.610758	0.609999	0.500000
3.260284	0.847318	0.511597	0.500000
4.239032	0.869096	0.762944	0.500000
5.363385	0.675171	0.514044	0.500000
6.443055	0.841163	0.502398	0.500000
7.637877	0.838501	0.666449	0.500000
8.671027	0.879202	0.648416	0.500000
9.745912	0.884009	0.556167	0.500000
10.215029	1.914878	0.627733	0.500000
0.859563	2.385613	0.515045	0.500000
1.880949	2.474430	0.622139	0.500000
2.557251	1.694283	0.519565	0.500000
3.599396	1.826620	0.657141	0.500000
4.711459	1.783614	0.503839	0.500000
5.863309	1.799467	0.536779	0.500000
7.027615	1.681499	0.604629	0.500000
8.105209	1.812577	0.594857	0.500000
9.172688	1.759288	0.572626	0.500000
0.307023	3.654115	0.526666	0.500000
1.289403	3.365259	0.567329	0.500000
2.446921	3.513216	0.537609	0.500000
2.984611	2.643982	0.514187	0.500000
4.042232	2.728051	0.536916	0.500000
5.403952	2.704546	0.564677	0.500000
6.505022	2.567741	0.580391	0.500000
7.591044	2.794378	0.616497	0.500000
8.718809	2.675203	0.516613	0.500000
9.726529	2.863387	0.546077	0.500000
9.870165	4.524836	0.581395	0.500000
0.630107	4.650301	0.627530	0.500000
1.711062	4.336028	0.616172	0.500000
2.789298	4.501912	0.516035	0.500000
3.541424	3.615316	0.627603	0.500000
4.642911	3.594959	0.658368	0.500000
5.857194	3.667352	0.634901	0.500000
6.858860	3.520022	0.508877	0.500000
7.972498	3.732433	0.505802	0.500000
9.063925	3.620911	0.521983	0.500000
10.196990	5.509037	0.618524	0.500000
1.088847	5.587579	0.580415	0.500000
2.102632	5.276229	0.607355	0.500000
3.216839	5.451428	0.588255	0.500000
3.971145	4.619406	0.573847	0.500000
5.124436	4.472367	0.565450	0.500000
6.317154	4.568150	0.562893	0.500000
7.388016	4.577981	0.526847	0.500000
8.765176	4.580650	0.531699	0.500000
9.193542	5.504092	0.643837	0.500000
9.661777	6.501274	0.628017	0.500000
0.531618	6.428990	0.504060	0.500000
1.589945	6.486025	0.518503	0.500000
2.708131	6.554705	0.583531	0.500000
3.925177	6.246682	0.535540	0.500000
4.662920	5.376797	0.603075	0.500000
5.661284	5.387157	0.521665	0.500000
6.920905	5.524278	0.505344	0.500000
8.044743	5.363311	0.562669	0.500000
8.548103	6.266080	0.525038	0.500000
10.223929	7.429635	0.630258	0.500000
1.005943	7.322281	0.561305	0.500000
1.981093	7.575873	0.524754	0.500000
3.541122	7.190412	0.588004	0.500000
4.566759	7.065780	0.523146	0.500000
5.195130	6.278656	0.529349	0.500000
6.262925	6.322837	0.524161	0.500000
7.540709	6.343538	0.506619	0.500000
8.109221	7.181694	0.622345	0.500000
9.166580	7.455860	0.628180	0.500000
9.492749	8.399062	0.740973	0.500000
0.312008	8.375430	0.542521	0.500000
1.336326	8.461175	0.575381	0.500000
2.969165	8.028815	0.519580	0.500000
4.060650	8.062983	0.603971	0.500000
5.057893	8.134776	0.544641	0.500000
5.580937	7.259857	0.515929	0.500000
6.787371	7.175832	0.609203	0.500000
7.241970	8.081054	0.585808	0.500000
8.470609	8.302360	0.565171	0.500000
9.956871	9.298739	0.601818	0.500000
0.773760	9.508606	0.519717	0.500000
2.288748	8.779424	0.529222	0.500000
3.310182	9.008755	0.647567	0.500000
4.298210	9.155270	0.562373	0.500000
5.559143	9.003212	0.588447	0.500000
6.179674	8.101184	0.564500	0.500000
6.625933	9.142197	0.602809	0.500000
7.784114	9.237773	0.538030	0.500000
8.887448	9.218952	0.692593	0.500000
0.523390	0.394192	1.678756	0.500000
1.490829	0.835730	1.453748	0.500000
2.137609	10.194184	1.408593	0.500000
3.399705	10.109317	1.481043	0.500000
4.402874	0.148646	1.553940	0.500000
5.481719	0.156184	1.430279	0.500000
6.590714	0.120051	1.485845	0.500000
7.593663	0.240761	1.525863	0.500000
8.623269	0.300914	1.616996	0.500000
9.741844	0.301480	1.464114	0.500000
0.813422	1.765637	1.600597	0.500000
1.811759	1.930676	1.458533	0.500000
2.557940	0.937453	1.494489	0.500000
3.589307	1.123248	1.535061	0.500000
4.984259	1.080102	1.463250	0.500000
6.019022	1.007552	1.416013	0.500000
7.042441	1.136880	1.469857	0.500000
8.055111	1.149398	1.556499	0.500000
9.228062	1.239965	1.660033	0.500000
10.210325	1.232690	1.447202	0.500000
0.165736	2.850950	1.491582	0.500000
1.243393	2.770611	1.378598	0.500000
2.385031	2.788488	1.574938	0.500000
2.860606	1.893489	1.451711	0.500000
4.320000	1.851271	1.454392	0.500000
5.377611	2.030790	1.445792	0.500000
6.476807	1.986571	1.474137	0.500000
7.588817	2.035115	1.513228	0.500000
8.611255	2.092103	1.508871	0.500000
9.646796	2.185001	1.476831	0.500000
0.660187	3.726039	1.487155	0.500000
1.829851	3.630145	1.483597	0.500000
2.842298	3.725803	1.467561	0.500000
3.394235	2.755795	1.488232	0.500000
4.726209	2.851717	1.463719	0.500000
5.808960	2.991509	1.484994	0.500000
7.067237	2.939317	1.512437	0.500000
8.183157	3.000420	1.447724	0.500000
9.200894	3.115319	1.497555	0.500000
9.784289	3.977517	1.591913	0.500000
10.184221	4.935078	1.484219	0.500000
1.104418	4.809632	1.591290	0.500000
2.206993	4.654698	1.453568	0.500000
3.222384	4.653317	1.503665	0.500000
3.972425	3.773553	1.525443	0.500000
5.156722	3.739175	1.674341	0.500000
6.522357	3.804212	1.463220	0.500000
7.574548	3.821004	1.460872	0.500000
8.575958	3.950015	1.364468	0.500000
9.086450	4.798667	1.509198	0.500000
0.293826	5.933835	1.481581	0.500000
1.545581	5.794105	1.618806	0.500000
2.603307	5.757435	1.420914	0.500000
4.046429	5.468115	1.650695	0.500000
4.676599	4.654246	1.572483	0.500000
5.679958	4.658932	1.493239	0.500000
6.953447	4.718570	1.443634	0.500000
7.956174	4.830840	1.591347	0.500000
8.533146	5.707536	1.565462	0.500000
9.530508	5.892302	1.598863	0.500000
9.979138	6.808432	1.541562	0.500000
1.026998	6.678385	1.482099	0.500000
2.113432	6.690766	1.407666	0.500000
3.483416	6.332960	1.529056	0.500000
4.510420	6.380232	1.536189	0.500000
5.145173	5.587722	1.481824	0.500000
6.248929	5.533363	1.329359	0.500000
7.460392	5.727765	1.434076	0.500000
7.814704	6.703757	1.515460	0.500000
8.957195	6.837549	1.516371	0.500000
0.283397	7.783730	1.525644	0.500000
1.335945	7.724172	1.418761	0.500000
2.939647	7.263913	1.613303	0.500000
4.084264	7.348780	1.453545	0.500000
5.131034	7.495517	1.460083	0.500000
5.742874	6.434021	1.457232	0.500000
6.781888	6.608224	1.515554	0.500000
7.341262	7.595678	1.530953	0.500000
8.353944	7.643984	1.534398	0.500000
9.415284	7.755675	1.568095	0.500000
9.902530	8.679588	1.629902	0.500000
0.637318	8.879782	1.382514	0.500000
2.339296	8.051143	1.451563	0.500000
3.377755	8.232592	1.547737	0.500000
4.499654	8.370579	1.577453	0.500000
5.527524	8.460544	1.442785	0.500000
6.207546	7.454207	1.559755	0.500000
6.675786	8.523418	1.395867	0.500000
7.746270	8.558683	1.430066	0.500000
8.839942	8.573669	1.560340	0.500000
1.170611	9.850800	1.464088	0.500000
1.765112	8.868513	1.386353	0.500000
2.685610	9.335298	1.484740	0.500000
3.889650	9.184341	1.637983	0.500000
4.897979	9.265432	1.356453	0.500000
6.089372	9.362420	1.430783	0.500000
7.121081	9.418167	1.468861	0.500000
8.149496	9.578580	1.444071	0.500000
9.240516	9.617831	1.595823	0.500000
0.018982	9.640033	1.591789	0.500000
0.807291	9.398691	2.459120	0.500000
1.161819	0.196412	2.497458	0.500000
1.808875	9.649497	2.317587	0.500000
2.803394	9.757535	2.403463	0.500000
3.811757	9.855515	2.423286	0.500000
4.814097	9.886726	2.433554	0.500000
6.017099	10.018597	2.280119	0.500000
7.130555	10.061508	2.440179	0.500000
8.209434	10.016322	2.451165	0.500000
9.254198	10.210277	2.455745	0.500000
0.605400	1.079191	2.426321	0.500000
1.610971	1.383902	2.291218	0.500000
2.155390	0.524304	2.476197	0.500000
3.166188	0.490028	2.325068	0.500000
4.257364	0.598702	2.458154	0.500000
5.423831	0.636070	2.424462	0.500000
6.464034	0.665795	2.467873	0.500000
7.684703	0.669798	2.499681	0.500000
8.723581	0.936206	2.471303	0.500000
9.770452	0.919179	2.473292	0.500000
10.215592	1.898181	2.265146	0.500000
0.871891	2.381334	2.435844	0.500000
1.939196	2.398724	2.383895	0.500000
2.711824	1.424420	2.495094	0.500000
3.711047	1.472355	2.489022	0.500000
4.766326	1.617429	2.407123	0.500000
5.855714	1.637311	2.384444	0.500000
7.079978	1.595893	2.446554	0.500000
8.072669	1.733191	2.387446	0.500000
9.156753	1.898916	2.436403	0.500000
0.358881	3.261677	2.440391	0.500000
1.450444	3.318365	2.378922	0.500000
2.453887	3.462320	2.373669	0.500000
2.999434	2.405179	2.396082	0.500000
4.249801	2.498173	2.439079	0.500000
5.277319	2.574788	2.389896	0.500000
6.325438	2.654996	2.301823	0.500000
7.376298	2.622554	2.453742	0.500000
8.510082	2.699301	2.433465	0.500000
9.673619	2.807939	2.354631	0.500000
8.968683	3.668614	2.478817	0.500000
0.726018	4.236706	2.477712	0.500000
1.709335	4.294134	2.270114	0.500000
2.666220	4.506218	2.482425	0.500000
3.495672	3.389065	2.369353	0.500000
4.488991	3.567787	2.422139	0.500000
5.868971	3.532847	2.454529	0.500000
6.910045	3.515865	2.391014	0.500000
7.904756	3.598564	2.471387	0.500000
8.407727	4.547518	2.459240	0.500000
9.790581	4.449182	2.492265	0.500000
0.848789	5.435313	2.412556	0.500000
2.042042	5.319042	2.497350	0.500000
3.291749	5.462425	2.390771	0.500000
3.739258	4.407487	2.385132	0.500000
5.264681	4.406501	2.447099	0.500000
6.379004	4.414893	2.250262	0.500000
7.374086	4.457614	2.437090	0.500000
7.791777	5.387634	2.419002	0.500000
9.037426	5.441061	2.466734	0.500000
9.493694	6.490271	2.434077	0.500000
10.061438	5.442777	2.395744	0.500000
1.520561	6.637328	2.471560	0.500000
2.536832	6.288458	2.285048	0.500000
4.070058	6.090923	2.495148	0.500000
4.657135	5.231389	2.430285	0.500000
5.702387	5.329130	2.423636	0.500000
6.816398	5.431440	2.179850	0.500000
7.442046	6.333739	2.459206	0.500000
8.484521	6.320563	2.365190	0.500000
9.960048	7.415742	2.430752	0.500000
0.321470	6.350003	2.450218	0.500000
1.959703	7.570315	2.343306	0.500000
3.403341	6.892959	2.483438	0.500000
4.571432	6.997526	2.458221	0.500000
5.099197	6.134312	2.368584	0.500000
6.372192	6.308037	2.413950	0.500000
6.703270	7.273667	2.447219	0.500000
7.783608	7.333956	2.415567	0.500000
8.927853	7.327154	2.409562	0.500000
9.443803	8.291090	2.492454	0.500000
0.304416	8.288533	2.407620	0.500000
0.732774	7.366975	2.416773	0.500000
2.946889	7.795306	2.471987	0.500000
4.071039	7.867153	2.329644	0.500000
5.127192	7.990136	2.473310	0.500000
5.583986	7.094624	2.371136	0.500000
6.097848	8.155128	2.284977	0.500000
7.209936	8.157377	2.388485	0.500000
8.354269	8.157092	2.476188	0.500000
10.059532	9.194222	2.493224	0.500000
1.283056	8.449355	2.173675	0.500000
2.337946	8.600101	2.304430	0.500000
3.402627	8.828502	2.455355	0.500000
4.405117	8.908162	2.462858	0.500000
5.513788	9.102453	2.450320	0.500000
6.616686	9.058968	2.425727	0.500000
7.768133	9.059266	2.310158	0.500000
8.848725	9.199816	2.469243	0.500000
0.069670	10.189670	2.459227	0.500000
