300

0.379862	0.400521	0.605597	0.500000
1.388088	0.671987	0.506232	0.500000
2.020688	10.078596	0.565397	0.500000
3.076152	10.105249	0.540646	0.500000
4.102208	10.113810	0.530826	0.500000
5.257355	10.203097	0.610510	0.500000
6.447846	10.189375	0.516402	0.500000
7.469957	0.163072	0.534912	0.500000
8.475360	0.175209	0.625361	0.500000
9.610262	0.317922	0.545308	0.500000
0.818979	1.580647	0.643374	0.500000
1.827801	1.623527	0.501589	0.500000
2.515301	0.788314	0.535330	0.500000
3.575239	0.848748	0.553212	0.500000
4.578394	0.824379	0.536337	0.500000
5.603508	0.934799	0.503327	0.500000
6.754416	1.053636	0.624086	0.500000
7.909182	1.113427	0.702998	0.500000
8.908343	1.190024	0.596901	0.500000
10.061480	1.245887	0.562184	0.500000
0.175646	2.365427	0.551296	0.500000
1.120559	2.721689	0.580606	0.500000
2.277118	2.610293	0.539556	0.500000
2.804375	1.766934	0.808661	0.500000
3.992151	1.795392	0.565368	0.500000
5.053499	1.777546	0.740129	0.500000
6.128509	1.867254	0.547599	0.500000
7.212371	2.001974	0.616482	0.500000
8.349135	2.114467	0.630432	0.500000
9.417109	2.122000	0.516888	0.500000
0.437271	3.766204	0.582175	0.500000
1.608973	3.595484	0.686107	0.500000
2.746628	3.661851	0.522055	0.500000
3.305543	2.657926	0.569848	0.500000
4.368055	2.794547	0.671930	0.500000
5.394554	2.776401	0.538109	0.500000
6.602955	2.827275	0.712990	0.500000
7.770750	3.012274	0.629187	0.500000
8.814721	3.080772	0.521871	0.500000
9.841693	3.206584	0.532075	0.500000
0.027753	4.729490	0.538699	0.500000
1.091410	4.560367	0.579614	0.500000
2.129683	4.508328	0.567533	0.500000
3.183420	4.559264	0.775217	0.500000
3.791254	3.722321	0.682611	0.500000
4.970144	3.713346	0.714148	0.500000
5.967568	3.668084	0.596217	0.500000
7.288747	3.951943	0.653191	0.500000
8.323753	4.006547	0.515981	0.500000
9.409714	4.140216	0.638825	0.500000
0.487362	5.702092	0.520129	0.500000
1.545970	5.701937	0.549448	0.500000
2.540367	5.606552	0.702941	0.500000
3.598676	5.464786	0.523135	0.500000
4.337763	4.591927	0.618809	0.500000
5.439388	4.641389	0.682982	0.500000
6.433405	4.631561	0.561350	0.500000
7.776848	4.908342	0.713161	0.500000
8.767500	5.077720	0.591348	0.500000
9.693109	5.689859	0.568527	0.500000
0.044914	6.596620	0.625538	0.500000
1.133760	6.630708	0.585205	0.500000
2.130165	6.557341	0.533273	0.500000
3.214958	6.439032	0.505914	0.500000
4.256301	6.488910	0.526297	0.500000
4.661783	5.564194	0.528942	0.500000
5.997900	5.639385	0.577212	0.500000
7.017731	5.545084	0.536364	0.500000
8.276803	5.955559	0.544295	0.500000
9.131679	6.530355	0.594446	0.500000
10.222421	7.645125	0.576062	0.500000
1.137810	7.791355	0.536688	0.500000
2.368063	7.535421	0.699422	0.500000
3.665229	7.369459	0.500681	0.500000
4.791189	7.454877	0.525164	0.500000
5.351881	6.564704	0.605944	0.500000
6.404449	6.590600	0.503841	0.500000
7.422852	6.481066	0.611688	0.500000
7.985941	7.466123	0.510016	0.500000
9.168044	7.583103	0.560179	0.500000
9.693239	8.683681	0.699919	0.500000
0.458319	8.733730	0.585652	0.500000
1.608226	8.784390	0.550855	0.500000
3.028240	8.329824	0.533773	0.500000
4.109672	8.339671	0.600979	0.500000
5.313602	8.334924	0.549688	0.500000
5.880853	7.484701	0.523518	0.500000
6.986492	7.504986	0.643243	0.500000
7.532876	8.464487	0.535780	0.500000
8.625154	8.611713	0.585240	0.500000
10.133477	9.612754	0.508582	0.500000
0.917999	9.784883	0.595093	0.500000
2.577019	9.232966	0.571756	0.500000
3.607001	9.235483	0.527529	0.500000
4.671430	9.234332	0.506983	0.500000
5.924746	9.312237	0.518342	0.500000
6.506783	8.415740	0.520827	0.500000
6.993476	9.305818	0.580592	0.500000
7.993484	9.391352	0.634717	0.500000
9.105081	9.614778	0.650524	0.500000
0.888344	0.841828	1.566005	0.500000
1.989238	1.059538	1.596650	0.500000
2.583259	0.156331	1.414714	0.500000
3.715748	0.126557	1.469756	0.500000
4.801228	0.254681	1.517486	0.500000
5.861363	0.252673	1.431533	0.500000
6.865031	0.382010	1.377586	0.500000
7.988620	0.393836	1.494906	0.500000
9.001294	0.590234	1.529008	0.500000
10.111249	0.543327	1.547850	0.500000
1.290420	2.032962	1.410694	0.500000
2.352880	2.210579	1.598697	0.500000
3.024924	1.106440	1.529809	0.500000
4.115364	1.116776	1.375755	0.500000
5.174646	1.180486	1.590977	0.500000
6.159436	1.285750	1.440243	0.500000
7.216704	1.414200	1.505237	0.500000
8.365268	1.452375	1.628552	0.500000
9.424608	1.502824	1.585142	0.500000
0.231851	1.612805	1.510045	0.500000
0.671716	3.073020	1.451273	0.500000
1.680207	3.065599	1.602891	0.500000
2.806625	3.078519	1.341817	0.500000
3.454622	2.085339	1.499291	0.500000
4.564414	2.174779	1.534256	0.500000
5.611108	2.174256	1.575889	0.500000
6.685291	2.278801	1.575207	0.500000
7.706894	2.313708	1.539914	0.500000
9.022796	2.497817	1.358870	0.500000
10.013322	2.511662	1.533872	0.500000
1.016170	4.034504	1.499772	0.500000
2.190826	3.929400	1.609622	0.500000
3.201859	4.036106	1.629769	0.500000
3.809938	3.057805	1.558221	0.500000
4.937714	3.130870	1.574625	0.500000
5.980428	3.103061	1.455367	0.500000
7.088575	3.221969	1.620605	0.500000
8.170586	3.308984	1.589949	0.500000
9.270122	3.461657	1.458389	0.500000
10.223224	3.794868	1.602291	0.500000
0.485062	4.918499	1.499804	0.500000
1.498595	4.933628	1.430952	0.500000
2.500111	4.894610	1.534187	0.500000
3.805482	4.876421	1.598504	0.500000
4.364059	4.012412	1.659363	0.500000
5.439693	4.112792	1.548924	0.500000
6.613269	4.092030	1.389301	0.500000
7.660897	4.249214	1.614962	0.500000
8.711791	4.304436	1.403699	0.500000
9.644132	4.787748	1.446418	0.500000
0.954301	5.935167	1.398213	0.500000
2.050253	5.962206	1.556043	0.500000
3.143647	5.725190	1.540246	0.500000
4.348747	5.839292	1.450691	0.500000
4.813723	4.942227	1.452467	0.500000
6.013075	4.984144	1.526971	0.500000
7.064333	5.069731	1.453080	0.500000
8.197734	5.166774	1.599781	0.500000
8.930383	5.833372	1.353466	0.500000
10.084100	5.731095	1.602578	0.500000
0.414100	6.954987	1.551487	0.500000
1.598328	6.874471	1.439053	0.500000
2.676551	6.775107	1.544992	0.500000
3.737148	6.699989	1.364197	0.500000
4.860203	6.818485	1.466266	0.500000
5.366910	5.802161	1.495158	0.500000
6.398487	5.968359	1.525117	0.500000
7.529842	5.981937	1.517415	0.500000
8.160505	6.879344	1.323452	0.500000
9.602807	6.802578	1.565754	0.500000
0.594629	8.076312	1.395107	0.500000
1.659853	7.943712	1.408665	0.500000
3.278020	7.600112	1.426011	0.500000
4.291900	7.662802	1.575488	0.500000
5.301022	7.761360	1.371111	0.500000
5.897834	6.831932	1.412307	0.500000
6.970741	6.825765	1.525484	0.500000
7.543155	7.675275	1.499288	0.500000
8.694369	7.852744	1.575879	0.500000
9.733501	8.004089	1.447252	0.500000
0.049148	8.918099	1.508016	0.500000
1.070896	9.105776	1.418567	0.500000
2.600623	8.385808	1.604289	0.500000
3.582845	8.581983	1.561971	0.500000
4.690965	8.601692	1.489264	0.500000
5.922407	8.596392	1.544666	0.500000
6.516225	7.793411	1.620926	0.500000
7.025460	8.656693	1.616717	0.500000
8.042808	8.697580	1.452617	0.500000
9.030869	8.851443	1.488225	0.500000
1.543835	10.193534	1.465120	0.500000
2.063799	9.280716	1.465473	0.500000
3.061454	9.453603	1.611376	0.500000
4.170320	9.450450	1.358931	0.500000
5.402979	9.551021	1.433201	0.500000
6.481398	9.613603	1.556235	0.500000
7.528460	9.701802	1.510921	0.500000
8.559132	9.772040	1.509427	0.500000
9.699397	9.861570	1.469077	0.500000
0.564068	9.985712	1.553857	0.500000
1.478000	9.186690	2.427218	0.500000
1.451948	0.603974	2.444024	0.500000
2.101579	10.078017	2.302766	0.500000
3.097347	10.159259	2.393379	0.500000
4.180962	10.166663	2.480826	0.500000
5.327624	10.130471	2.433105	0.500000
6.352853	10.192193	2.432926	0.500000
7.452363	0.126214	2.483840	0.500000
8.594614	0.118192	2.405646	0.500000
9.674189	0.082856	2.455134	0.500000
0.863278	1.425895	2.381387	0.500000
1.901161	1.604714	2.493647	0.500000
2.519493	0.800950	2.433379	0.500000
3.549739	0.882093	2.458613	0.500000
4.576427	0.898521	2.425686	0.500000
5.615871	0.959888	2.473982	0.500000
6.721254	0.899441	2.481568	0.500000
8.036196	1.036155	2.497321	0.500000
9.039011	1.172024	2.471675	0.500000
10.055339	1.193801	2.497663	0.500000
0.210936	2.192419	2.395650	0.500000
1.238019	2.535853	2.429138	0.500000
2.229425	2.719674	2.468777	0.500000
2.981377	1.718533	2.441736	0.500000
4.004772	1.979614	2.349511	0.500000
5.138083	1.898084	2.479295	0.500000
6.161175	1.811701	2.496134	0.500000
7.208116	1.931705	2.435348	0.500000
8.437310	2.047118	2.474370	0.500000
9.439537	2.104703	2.442972	0.500000
0.610487	3.550384	2.410538	0.500000
1.699669	3.616492	2.494435	0.500000
2.703494	3.693397	2.450630	0.500000
3.265659	2.693377	2.489984	0.500000
4.525238	2.855940	2.466493	0.500000
5.611030	2.848411	2.485965	0.500000
6.715154	2.831731	2.490295	0.500000
7.784724	2.917644	2.428536	0.500000
8.904191	2.993735	2.499525	0.500000
9.895333	3.090332	2.392032	0.500000
9.358297	3.942277	2.374911	0.500000
1.050632	4.581647	2.346930	0.500000
2.048675	4.619234	2.492382	0.500000
3.104466	4.629805	2.480297	0.500000
3.749745	3.618812	2.453729	0.500000
5.033763	3.726095	2.451323	0.500000
6.020286	3.856144	2.351195	0.500000
7.201431	3.787506	2.469519	0.500000
8.358609	3.948398	2.420158	0.500000
8.889402	4.885160	2.493828	0.500000
10.142896	4.732650	2.332510	0.500000
1.468367	5.551614	2.461523	0.500000
2.531739	5.501621	2.373279	0.500000
3.601525	5.500418	2.497573	0.500000
4.310282	4.647576	2.446719	0.500000
5.428181	4.678332	2.419512	0.500000
6.704442	4.675155	2.373720	0.500000
7.694756	4.888032	2.471346	0.500000
8.101437	5.841803	2.365886	0.500000
9.371162	5.762537	2.495133	0.500000
10.081438	6.506154	2.448237	0.500000
0.403553	5.593176	2.480530	0.500000
2.038791	6.411576	2.490711	0.500000
3.094773	6.442457	2.410723	0.500000
4.141669	6.416716	2.336187	0.500000
4.951565	5.585553	2.422268	0.500000
5.993597	5.603600	2.363618	0.500000
6.992690	5.678607	2.496067	0.500000
7.580947	6.735361	2.419625	0.500000
8.713484	6.699611	2.303082	0.500000
0.107000	7.664908	2.251481	0.500000
0.858793	6.496379	2.402059	0.500000
2.557371	7.553605	2.239073	0.500000
3.657773	7.372321	2.339531	0.500000
4.650165	7.401209	2.490315	0.500000
5.207007	6.559929	2.461104	0.500000
6.275235	6.598811	2.431839	0.500000
6.965990	7.575624	2.496862	0.500000
8.149151	7.563108	2.453183	0.500000
9.180521	7.608970	2.445788	0.500000
9.724516	8.505114	2.372066	0.500000
0.740970	8.460558	2.343728	0.500000
1.188854	7.455356	2.466721	0.500000
3.204681	8.294775	2.450702	0.500000
4.216200	8.337285	2.472814	0.500000
5.221931	8.339139	2.372661	0.500000
5.771346	7.470275	2.432205	0.500000
6.330093	8.349587	2.464477	0.500000
7.512900	8.448771	2.478249	0.500000
8.638094	8.598283	2.392622	0.500000
0.005869	9.499218	2.337601	0.500000
1.922102	8.292426	2.484522	0.500000
2.571672	9.149725	2.428564	0.500000
3.623639	9.286879	2.450504	0.500000
4.683212	9.263797	2.445936	0.500000
5.720912	9.210820	2.491050	0.500000
6.978205	9.311341	2.458594	0.500000
8.051741	9.412151	2.364791	0.500000
9.211279	9.418724	2.444840	0.500000
0.445136	0.231481	2.434936	0.500000
