300

0.013678	0.011249	0.553113	0.500000
1.108561	0.083779	0.686819	0.500000
1.665206	9.485442	0.644898	0.500000
2.656068	9.904580	0.588780	0.500000
3.811219	9.969651	0.536377	0.500000
4.829863	9.880606	0.538086	0.500000
5.917912	10.063708	0.576336	0.500000
6.946023	10.110177	0.501733	0.500000
8.204687	10.207117	0.526652	0.500000
9.234979	10.221555	0.553511	0.500000
0.525098	0.924780	0.779751	0.500000
1.177521	1.745564	0.562584	0.500000
2.139971	0.538186	0.538692	0.500000
3.160425	0.655751	0.566265	0.500000
4.274060	0.706029	0.552271	0.500000
5.408713	0.748355	0.566626	0.500000
6.460833	0.761425	0.538322	0.500000
7.534910	0.772251	0.679556	0.500000
8.532996	0.924582	0.632700	0.500000
9.680938	0.961959	0.606995	0.500000
10.211051	1.810245	0.596215	0.500000
0.782075	2.753453	0.524318	0.500000
1.829199	2.504140	0.521425	0.500000
2.571267	1.600198	0.575678	0.500000
3.604723	1.754586	0.643052	0.500000
4.622058	1.766705	0.677245	0.500000
5.963696	1.633333	0.661759	0.500000
7.030284	1.635377	0.660297	0.500000
8.083900	1.866780	0.622047	0.500000
9.115325	1.830413	0.520446	0.500000
10.220858	3.690844	0.521356	0.500000
1.087039	3.735761	0.558636	0.500000
2.096172	3.622310	0.599171	0.500000
2.888413	2.596141	0.537517	0.500000
4.144819	2.877133	0.601817	0.500000
5.375105	2.519764	0.505727	0.500000
6.514803	2.645068	0.576651	0.500000
7.527266	2.714137	0.511047	0.500000
8.563621	2.752326	0.569502	0.500000
9.688402	2.733370	0.528806	0.500000
9.725621	4.625493	0.530766	0.500000
0.499026	4.658749	0.535293	0.500000
1.540402	4.649495	0.529682	0.500000
2.676254	4.794160	0.650134	0.500000
3.120602	3.853418	0.527027	0.500000
4.205683	4.015006	0.615094	0.500000
5.861396	3.502859	0.564340	0.500000
6.984933	3.560363	0.528275	0.500000
8.186998	3.690971	0.514806	0.500000
9.193243	3.626668	0.558027	0.500000
10.134449	5.611737	0.546457	0.500000
0.939219	5.592957	0.522931	0.500000
1.990780	5.685004	0.567990	0.500000
3.023624	5.820405	0.596916	0.500000
3.665014	4.900627	0.543100	0.500000
5.250395	4.303710	0.544818	0.500000
6.377506	4.366996	0.534332	0.500000
7.479998	4.449571	0.543632	0.500000
8.637242	4.611344	0.749056	0.500000
9.068979	5.581080	0.709666	0.500000
9.623358	6.469835	0.696851	0.500000
0.416408	6.481925	0.526995	0.500000
1.389638	6.758216	0.554121	0.500000
2.566085	6.859510	0.622604	0.500000
4.090892	5.998247	0.523667	0.500000
4.772823	5.194004	0.631177	0.500000
5.797733	5.282162	0.507360	0.500000
6.892388	5.396675	0.581424	0.500000
7.997960	5.483767	0.579934	0.500000
8.556249	6.438960	0.579876	0.500000
10.067401	7.416263	0.602608	0.500000
0.851060	7.604876	0.642293	0.500000
1.888090	7.651184	0.577464	0.500000
3.655723	6.897388	0.633117	0.500000
4.640362	7.154511	0.627025	0.500000
5.136516	6.282917	0.502716	0.500000
6.317823	6.296615	0.584697	0.500000
7.317984	6.356703	0.656259	0.500000
7.873702	7.183473	0.520966	0.500000
8.837986	7.444581	0.570941	0.500000
9.350021	8.372329	0.536235	0.500000
0.146086	8.372472	0.572177	0.500000
1.216683	8.574944	0.547267	0.500000
2.900309	7.803465	0.651441	0.500000
4.038955	8.007339	0.530558	0.500000
5.036900	8.109862	0.599543	0.500000
5.717863	7.123696	0.702521	0.500000
6.790226	7.202029	0.540486	0.500000
7.234602	8.154394	0.524093	0.500000
8.250195	8.262479	0.524531	0.500000
9.763892	9.350377	0.628311	0.500000
0.612681	9.420368	0.517802	0.500000
2.253832	8.628629	0.524716	0.500000
3.277841	9.118555	0.615823	0.500000
4.338600	9.010894	0.622728	0.500000
5.521873	9.038653	0.586938	0.500000
6.052008	8.191487	0.543962	0.500000
6.567262	9.065464	0.559014	0.500000
7.591195	9.240969	0.559168	0.500000
8.681919	9.279046	0.660501	0.500000
0.448960	0.391867	1.632954	0.500000
1.325613	1.136962	1.674240	0.500000
1.977443	10.227573	1.510167	0.500000
3.031413	0.132567	1.438044	0.500000
4.237944	0.052146	1.468161	0.500000
5.303862	0.112501	1.363650	0.500000
6.462598	0.130148	1.463205	0.500000
7.547093	0.204059	1.630315	0.500000
8.654219	0.230931	1.459541	0.500000
9.643930	0.387036	1.509091	0.500000
0.708558	2.033884	1.551745	0.500000
1.910025	1.955220	1.567095	0.500000
2.314682	1.047378	1.444697	0.500000
3.692914	1.053902	1.545693	0.500000
4.787923	1.048347	1.427303	0.500000
5.836723	1.001408	1.522489	0.500000
6.951049	1.003227	1.537056	0.500000
7.957090	1.132827	1.524923	0.500000
9.115804	1.237479	1.486128	0.500000
10.146346	1.333557	1.591275	0.500000
10.168036	3.116373	1.404556	0.500000
1.256718	2.874173	1.413415	0.500000
2.308190	3.021332	1.500844	0.500000
2.920803	1.903055	1.507781	0.500000
3.971409	2.067902	1.550940	0.500000
5.377564	1.939108	1.445481	0.500000
6.404867	2.017969	1.523222	0.500000
7.488479	2.083221	1.436780	0.500000
8.559102	2.186550	1.497806	0.500000
9.579465	2.207536	1.582927	0.500000
0.704958	3.870905	1.536540	0.500000
1.746355	3.903653	1.543888	0.500000
2.841216	3.880374	1.542582	0.500000
3.323838	2.869039	1.408876	0.500000
4.685214	2.781341	1.482042	0.500000
5.822677	2.869448	1.396950	0.500000
6.902831	2.914973	1.475707	0.500000
8.018251	3.040579	1.377070	0.500000
9.021078	3.086088	1.468350	0.500000
9.687253	4.031128	1.471704	0.500000
0.059285	4.879630	1.534112	0.500000
1.075498	4.818213	1.439295	0.500000
2.118518	5.139650	1.511374	0.500000
3.221208	5.265940	1.413847	0.500000
4.060967	3.713828	1.611603	0.500000
5.117350	3.707763	1.505078	0.500000
6.320852	3.914917	1.613517	0.500000
7.462776	3.887577	1.614663	0.500000
8.529176	3.976268	1.523302	0.500000
9.164396	4.973881	1.584416	0.500000
0.416743	5.921850	1.422519	0.500000
1.512746	6.038498	1.390711	0.500000
2.561440	6.064214	1.475059	0.500000
4.207724	5.502888	1.431956	0.500000
4.708303	4.625410	1.457695	0.500000
5.801178	4.783875	1.492208	0.500000
6.933993	4.756730	1.436466	0.500000
8.030370	4.917851	1.502944	0.500000
8.530825	5.890665	1.514291	0.500000
9.598596	5.964686	1.600553	0.500000
10.060104	6.871104	1.582404	0.500000
0.936898	6.932913	1.457687	0.500000
1.953221	7.175773	1.487994	0.500000
3.605555	6.319156	1.494092	0.500000
4.713896	6.469955	1.468669	0.500000
5.238329	5.620325	1.643248	0.500000
6.259582	5.672171	1.626943	0.500000
7.284783	5.783357	1.604974	0.500000
7.930764	6.696221	1.494312	0.500000
9.018376	6.811579	1.458611	0.500000
0.265901	7.772528	1.459252	0.500000
1.268578	7.930098	1.513088	0.500000
2.998433	7.182475	1.478441	0.500000
3.981265	7.410830	1.452161	0.500000
5.045742	7.486723	1.489588	0.500000
5.711064	6.664167	1.629958	0.500000
6.866805	6.829015	1.467306	0.500000
7.277149	7.755231	1.469749	0.500000
8.313131	7.669625	1.439307	0.500000
9.438262	7.760364	1.642867	0.500000
9.827762	8.691243	1.545659	0.500000
0.678457	8.738948	1.518009	0.500000
2.256811	8.132876	1.458091	0.500000
3.255236	8.497064	1.499216	0.500000
4.454270	8.425389	1.473637	0.500000
5.570962	8.450925	1.463893	0.500000
6.190427	7.595833	1.447608	0.500000
6.647151	8.561136	1.616272	0.500000
7.776313	8.617789	1.386642	0.500000
8.796065	8.615641	1.436606	0.500000
0.999140	9.695134	1.514439	0.500000
1.670530	8.949707	1.498549	0.500000
2.717878	9.330615	1.636092	0.500000
3.752469	9.356692	1.631494	0.500000
4.914382	9.317730	1.395911	0.500000
5.953675	9.438854	1.483713	0.500000
7.056534	9.509122	1.387385	0.500000
8.077464	9.578845	1.474806	0.500000
9.211594	9.561278	1.515127	0.500000
10.209160	9.668734	1.470973	0.500000
0.623774	9.514226	2.475731	0.500000
1.174546	0.275332	2.339442	0.500000
1.779689	9.672519	2.324887	0.500000
2.679583	10.092144	2.479607	0.500000
3.686346	10.006450	2.432589	0.500000
4.701658	9.974923	2.431516	0.500000
5.817198	10.113382	2.361967	0.500000
6.866711	10.075531	2.377870	0.500000
8.121619	10.160853	2.480030	0.500000
9.156592	10.203097	2.362294	0.500000
0.568589	1.113801	2.340395	0.500000
1.308181	1.837636	2.497536	0.500000
2.095711	0.674215	2.420992	0.500000
3.183690	0.787491	2.496576	0.500000
4.195186	0.742614	2.442530	0.500000
5.245701	0.700307	2.411050	0.500000
6.397342	0.745436	2.469527	0.500000
7.426679	0.822721	2.448002	0.500000
8.556271	0.867128	2.375863	0.500000
9.739684	1.029201	2.478502	0.500000
10.232805	1.973306	2.499733	0.500000
0.703176	2.690807	2.496887	0.500000
1.771609	2.762135	2.367648	0.500000
2.552964	1.569016	2.440431	0.500000
3.582033	1.785859	2.484500	0.500000
4.754272	1.567163	2.322178	0.500000
5.855993	1.587853	2.481720	0.500000
6.990190	1.715791	2.291359	0.500000
8.024504	1.773301	2.290025	0.500000
9.021191	1.789118	2.397771	0.500000
0.007828	3.628889	2.306433	0.500000
1.202794	3.608586	2.450895	0.500000
2.234079	3.756405	2.426612	0.500000
2.774833	2.895429	2.405570	0.500000
3.928206	2.737941	2.410768	0.500000
5.079109	2.560200	2.388194	0.500000
6.386419	2.564852	2.463167	0.500000
7.391574	2.675026	2.381044	0.500000
8.477877	2.701499	2.353924	0.500000
9.636158	2.826324	2.442668	0.500000
8.983126	3.676721	2.478649	0.500000
0.627726	4.559796	2.422719	0.500000
1.671133	4.617533	2.249960	0.500000
2.734393	4.730979	2.499190	0.500000
3.527672	3.952191	2.430595	0.500000
4.604277	3.664736	2.477986	0.500000
5.768093	3.378315	2.444431	0.500000
6.922317	3.626474	2.493106	0.500000
7.935127	3.565012	2.453297	0.500000
8.513824	4.617030	2.392559	0.500000
9.664948	4.551926	2.411705	0.500000
1.077902	5.453479	2.468440	0.500000
2.112798	5.517615	2.472538	0.500000
3.112085	5.737662	2.463605	0.500000
3.738929	4.908489	2.211257	0.500000
5.292999	4.426631	2.470143	0.500000
6.469095	4.577968	2.405935	0.500000
7.477630	4.601031	2.393694	0.500000
7.959384	5.582535	2.411568	0.500000
9.045797	5.646100	2.474025	0.500000
9.556845	6.516917	2.437558	0.500000
0.078584	5.402520	2.405494	0.500000
1.467721	6.383756	2.439236	0.500000
2.423811	6.802520	2.421240	0.500000
4.079914	6.075021	2.478974	0.500000
4.700596	5.248544	2.455227	0.500000
5.813900	5.345639	2.474265	0.500000
6.879967	5.544946	2.491224	0.500000
7.267929	6.500177	2.348351	0.500000
8.313174	6.524392	2.480082	0.500000
9.958099	7.454072	2.445027	0.500000
0.403313	6.366302	2.442602	0.500000
1.826165	7.782078	2.383730	0.500000
3.450628	6.914810	2.333577	0.500000
4.439937	7.111698	2.445077	0.500000
5.147416	6.167365	2.498541	0.500000
6.269521	6.378255	2.419664	0.500000
6.554705	7.364218	2.355282	0.500000
7.805634	7.453067	2.486407	0.500000
8.925819	7.332567	2.499016	0.500000
9.535504	8.415523	2.493883	0.500000
0.298677	8.535192	2.496732	0.500000
0.820379	7.402554	2.413641	0.500000
2.950711	7.838383	2.399324	0.500000
3.953014	8.053186	2.387066	0.500000
5.029730	8.234297	2.485983	0.500000
5.501557	7.343979	2.418661	0.500000
6.031008	8.246778	2.341608	0.500000
7.146611	8.239212	2.420998	0.500000
8.284330	8.363934	2.287073	0.500000
9.860297	9.365338	2.461270	0.500000
1.292680	8.712733	2.395033	0.500000
2.307361	8.689236	2.354844	0.500000
3.285158	9.001279	2.498188	0.500000
4.311387	9.041278	2.482048	0.500000
5.473817	9.156972	2.477693	0.500000
6.548057	9.110635	2.486510	0.500000
7.748906	9.231224	2.461162	0.500000
8.811649	9.267909	2.494849	0.500000
10.162212	0.086386	2.471569	0.500000
