100

2.889491	10.506150	0.541909	0.500000
3.293888	1.070913	0.754692	0.500000
6.316297	8.975286	0.613849	0.500000
8.803905	2.736403	0.578353	0.500000
0.905962	8.422816	0.616033	0.500000
3.840578	7.237085	0.568713	0.500000
5.534400	8.244740	0.784870	0.500000
9.429816	9.111973	0.766796	0.500000
1.696829	7.768723	0.615013	0.500000
0.060959	10.317236	0.581323	0.500000
6.693790	7.800957	0.691262	0.500000
1.307572	2.490592	0.616564	0.500000
7.594085	9.889349	0.735020	0.500000
1.932223	8.750036	0.776652	0.500000
11.151253	6.621104	0.700956	0.500000
3.485048	3.769137	0.789959	0.500000
9.588586	10.148757	0.551270	0.500000
7.020005	4.714743	0.690962	0.500000
2.670966	0.249138	0.531002	0.500000
1.158667	10.812054	0.797201	0.500000
0.169110	11.432780	0.535227	0.500000
5.729683	1.948618	0.646505	0.500000
0.308377	3.471912	0.656635	0.500000
11.282081	7.741621	0.761627	0.500000
3.665036	0.007134	0.677604	0.500000
7.779298	0.486789	0.665770	0.500000
7.481411	8.857055	0.642816	0.500000
4.747399	2.523287	0.740552	0.500000
2.364546	2.650570	0.689854	0.500000
4.070036	10.437278	0.755464	0.500000
4.750990	0.068740	0.568010	0.500000
8.561891	6.793094	0.517388	0.500000
9.803076	11.567253	0.753300	0.500000
8.430145	9.270477	0.708658	0.500000
0.594836	7.167687	0.617449	0.500000
5.816437	3.994569	0.728278	0.500000
8.355049	5.217187	0.561311	0.500000
7.300268	11.033973	0.703771	0.500000
5.367238	9.627552	0.580327	0.500000
9.259538	0.819377	0.554807	0.500000
3.650453	2.006406	0.785156	0.500000
9.691330	3.570864	0.608235	0.500000
8.730666	4.075318	0.789189	0.500000
2.243033	1.589512	0.614083	0.500000
4.584603	5.004713	0.724283	0.500000
2.417364	4.891074	0.548521	0.500000
1.068084	4.924039	0.689068	0.500000
8.779738	11.364569	0.643946	0.500000
3.483026	5.478171	0.702788	0.500000
1.666459	6.766324	0.720190	0.500000
1.419658	3.857409	0.599972	0.500000
6.299073	11.340828	0.539417	0.500000
7.784957	2.862846	0.585963	0.500000
10.607651	10.121549	0.693398	0.500000
8.553795	10.282910	0.675155	0.500000
1.851905	9.824676	0.746598	0.500000
5.450915	10.615559	0.737009	0.500000
7.447802	5.803294	0.703266	0.500000
6.340918	6.692842	0.782791	0.500000
7.354473	6.900003	0.500652	0.500000
10.300705	0.960697	0.552360	0.500000
10.631601	4.171540	0.771363	0.500000
0.044589	4.458225	0.522333	0.500000
9.250794	7.820615	0.634919	0.500000
6.734822	0.702824	0.594833	0.500000
10.154232	7.357309	0.631956	0.500000
0.163219	2.292658	0.725968	0.500000
6.721517	3.559490	0.617277	0.500000
9.654208	4.854181	0.781216	0.500000
4.149119	6.229091	0.681951	0.500000
5.688193	0.734163	0.632041	0.500000
10.681877	2.844465	0.679376	0.500000
10.205405	5.777398	0.563942	0.500000
2.899441	7.586525	0.669393	0.500000
11.514514	8.784775	0.659802	0.500000
7.722954	3.977292	0.793835	0.500000
9.188783	5.895535	0.723771	0.500000
6.780694	2.513477	0.736891	0.500000
11.528672	1.035120	0.733573	0.500000
5.670593	2.958115	0.704188	0.500000
4.554026	8.340555	0.533921	0.500000
3.399856	8.457315	0.707635	0.500000
1.779168	5.681579	0.589254	0.500000
7.452383	1.733509	0.560491	0.500000
9.662932	2.144819	0.620650	0.500000
4.699321	1.349829	0.749112	0.500000
5.143634	7.332367	0.627708	0.500000
4.115055	9.410221	0.703824	0.500000
10.373256	8.740891	0.778887	0.500000
0.950469	1.278864	0.585710	0.500000
8.512902	1.680118	0.785311	0.500000
2.943305	6.331938	0.512323	0.500000
2.999593	9.518607	0.738457	0.500000
6.105784	5.521661	0.628859	0.500000
0.118543	5.532576	0.639756	0.500000
5.182829	6.067015	0.687342	0.500000
2.418206	3.840433	0.541915	0.500000
6.600269	10.341808	0.522200	0.500000
8.276683	8.226848	0.658924	0.500000
4.795864	3.547651	0.571492	0.500000
