100

2.484207	11.150875	0.641262	0.500000
2.411338	2.515113	0.601680	0.500000
8.116839	9.516182	0.769261	0.500000
7.844321	1.942823	0.580012	0.500000
2.583137	10.103527	0.781208	0.500000
0.268221	7.843453	0.598030	0.500000
7.136239	9.814143	0.656205	0.500000
7.508879	7.558429	0.623026	0.500000
1.230594	8.314694	0.776083	0.500000
1.656707	10.590110	0.726812	0.500000
4.380384	7.518557	0.655960	0.500000
4.574679	3.513016	0.792204	0.500000
9.125480	9.012595	0.731057	0.500000
1.842974	9.191880	0.628778	0.500000
10.954245	8.309827	0.793337	0.500000
4.685284	4.572193	0.658430	0.500000
10.463823	9.282993	0.580029	0.500000
8.388174	6.703804	0.535444	0.500000
3.896510	0.282405	0.507938	0.500000
2.366388	0.583834	0.527498	0.500000
0.435515	1.247379	0.770886	0.500000
7.517533	10.883250	0.525672	0.500000
2.630458	5.412921	0.580905	0.500000
0.034044	9.103254	0.723885	0.500000
6.944786	0.168441	0.782856	0.500000
9.230391	2.966109	0.545095	0.500000
6.625693	8.861562	0.537135	0.500000
6.002703	1.875210	0.711533	0.500000
3.625588	3.202263	0.569876	0.500000
5.177779	9.467803	0.694468	0.500000
4.945625	2.119362	0.542243	0.500000
8.559360	5.191099	0.771959	0.500000
11.201213	0.489087	0.690329	0.500000
8.715013	7.894071	0.610510	0.500000
9.372381	7.048163	0.617307	0.500000
5.563746	3.961230	0.671305	0.500000
9.783931	4.745271	0.706717	0.500000
10.526476	11.133975	0.635345	0.500000
5.322785	8.019562	0.619988	0.500000
11.359322	10.257401	0.599334	0.500000
5.658576	2.943663	0.593370	0.500000
6.593531	4.124614	0.546262	0.500000
10.331857	3.545164	0.532444	0.500000
1.713548	1.716980	0.618323	0.500000
1.496354	5.592961	0.779939	0.500000
0.408425	4.716358	0.730810	0.500000
7.429533	3.266947	0.520208	0.500000
8.882839	1.811943	0.510833	0.500000
3.048546	4.304797	0.729903	0.500000
1.454339	7.112493	0.585004	0.500000
11.030243	4.264295	0.755360	0.500000
8.521854	10.560138	0.634855	0.500000
5.265108	0.955931	0.764199	0.500000
9.090997	0.851646	0.757466	0.500000
9.885895	10.108339	0.547186	0.500000
3.620639	10.785500	0.518408	0.500000
5.922904	10.306118	0.640214	0.500000
6.135254	5.997534	0.702105	0.500000
3.763662	5.046629	0.798427	0.500000
5.563089	7.026006	0.519686	0.500000
0.605853	10.859404	0.730107	0.500000
9.096291	3.969983	0.672538	0.500000
1.086159	2.643354	0.696232	0.500000
7.733521	5.910060	0.743593	0.500000
9.321967	11.245198	0.768299	0.500000
9.191411	6.003835	0.765025	0.500000
1.101960	3.815146	0.639225	0.500000
6.881344	2.409408	0.574164	0.500000
6.879348	5.171229	0.522130	0.500000
2.407002	7.921442	0.522887	0.500000
7.253778	1.145977	0.770090	0.500000
9.958055	1.792164	0.717136	0.500000
10.831678	2.509747	0.521007	0.500000
2.816079	8.834249	0.505897	0.500000
0.893167	9.675920	0.707744	0.500000
6.323874	7.738478	0.600671	0.500000
10.916697	5.724350	0.509834	0.500000
7.792613	4.533475	0.778552	0.500000
1.191556	0.167558	0.789786	0.500000
3.767006	2.188381	0.687610	0.500000
4.700215	10.390138	0.558855	0.500000
3.750229	9.735976	0.670482	0.500000
2.408417	6.584064	0.522945	0.500000
8.156899	0.243889	0.608908	0.500000
10.902081	1.438506	0.543656	0.500000
2.751280	1.519262	0.675031	0.500000
3.500718	7.041462	0.691899	0.500000
3.883970	8.620768	0.656136	0.500000
9.798753	8.038454	0.606575	0.500000
11.547398	3.333601	0.785503	0.500000
10.120024	0.468705	0.685984	0.500000
2.039716	4.591039	0.715324	0.500000
5.318938	11.274590	0.686190	0.500000
4.562211	6.177298	0.740716	0.500000
10.405790	6.580454	0.748131	0.500000
6.751164	6.824169	0.721314	0.500000
0.177915	6.557113	0.604901	0.500000
4.271612	1.300890	0.728359	0.500000
7.622625	8.553467	0.517692	0.500000
5.890884	4.913593	0.606605	0.500000
