100

3.015598	1.267529	0.556266	0.500000
5.559657	3.858509	0.535613	0.500000
4.728881	10.888981	0.770073	0.500000
6.798480	9.878576	0.722049	0.500000
9.874618	10.475312	0.500150	0.500000
4.792006	7.791665	0.607942	0.500000
4.961373	0.275994	0.677208	0.500000
10.217390	9.431467	0.608090	0.500000
3.338652	9.747362	0.510987	0.500000
5.824783	1.387456	0.603202	0.500000
6.238979	0.429451	0.507718	0.500000
4.325917	4.658632	0.607404	0.500000
1.465399	8.936423	0.513881	0.500000
1.005528	0.376443	0.778355	0.500000
1.504398	1.229110	0.585147	0.500000
4.545986	3.552798	0.521207	0.500000
9.895638	6.846076	0.515707	0.500000
0.209720	5.277190	0.766282	0.500000
0.138268	2.244928	0.532726	0.500000
3.213977	4.043748	0.727936	0.500000
9.182249	2.429763	0.777874	0.500000
7.155263	8.806129	0.747534	0.500000
5.233847	2.692293	0.678179	0.500000
9.202527	9.472457	0.770176	0.500000
6.481464	4.585448	0.504068	0.500000
10.904268	0.991893	0.763017	0.500000
5.785562	8.095455	0.528507	0.500000
10.051166	3.312043	0.504611	0.500000
1.318748	6.827411	0.635477	0.500000
10.910262	8.583047	0.507081	0.500000
0.203533	3.313373	0.714597	0.500000
10.657466	5.945043	0.622704	0.500000
4.409743	9.836004	0.574884	0.500000
7.103814	0.951404	0.571067	0.500000
8.007170	9.521390	0.769284	0.500000
4.888459	5.556590	0.538890	0.500000
9.687159	7.933151	0.745388	0.500000
7.049502	2.036621	0.626160	0.500000
5.020745	8.876880	0.626727	0.500000
1.205887	4.619128	0.547596	0.500000
2.246409	6.072024	0.767084	0.500000
9.310591	5.396903	0.711444	0.500000
8.155136	5.703993	0.677281	0.500000
1.377771	3.441418	0.573088	0.500000
0.854824	7.825846	0.679258	0.500000
1.072134	10.040480	0.799452	0.500000
7.757851	4.673224	0.640151	0.500000
8.718779	8.577709	0.545757	0.500000
0.309708	6.756629	0.538975	0.500000
9.375007	11.408873	0.607341	0.500000
8.462851	3.078658	0.517925	0.500000
7.152073	11.488400	0.730572	0.500000
4.342882	1.062779	0.536864	0.500000
8.336778	11.573005	0.626110	0.500000
2.402790	8.518883	0.719823	0.500000
2.288439	0.414343	0.571267	0.500000
2.527208	3.245621	0.738149	0.500000
5.886435	5.396370	0.574776	0.500000
6.936550	7.323695	0.571026	0.500000
5.518492	6.957592	0.534327	0.500000
5.419350	9.831561	0.591932	0.500000
1.188625	5.653964	0.683186	0.500000
3.723060	5.551500	0.727787	0.500000
1.140641	2.366956	0.752993	0.500000
8.547057	10.559956	0.652126	0.500000
7.321159	3.285806	0.759580	0.500000
3.534578	7.934370	0.520136	0.500000
9.888067	0.822648	0.657015	0.500000
8.662103	4.091000	0.723289	0.500000
5.999223	10.902502	0.752307	0.500000
3.450647	0.187613	0.757892	0.500000
10.094441	4.360209	0.611498	0.500000
11.213625	4.161709	0.617588	0.500000
3.735132	10.714510	0.659365	0.500000
11.081544	10.291076	0.504619	0.500000
8.920489	6.386491	0.774236	0.500000
8.733971	7.386294	0.752701	0.500000
7.821907	6.845219	0.709956	0.500000
0.114715	11.055263	0.741735	0.500000
0.074351	9.423824	0.511119	0.500000
2.662560	11.001678	0.661124	0.500000
2.678296	4.930982	0.649650	0.500000
4.032433	6.784541	0.794156	0.500000
8.860603	1.182680	0.512448	0.500000
8.169208	1.951053	0.623719	0.500000
4.250465	2.114986	0.678567	0.500000
2.869786	6.972961	0.720863	0.500000
2.170472	2.096204	0.584191	0.500000
1.579638	11.048958	0.561740	0.500000
10.423902	1.965893	0.614242	0.500000
7.769117	7.917535	0.703361	0.500000
0.340505	1.182862	0.529694	0.500000
3.963902	8.825750	0.667335	0.500000
10.621069	11.294414	0.565625	0.500000
2.218233	9.626857	0.556785	0.500000
6.097028	9.094330	0.763177	0.500000
10.937698	6.972323	0.792922	0.500000
3.162617	2.410513	0.623065	0.500000
6.339195	2.925398	0.786566	0.500000
7.002244	5.796566	0.523175	0.500000
