100

2.086603	2.100809	0.671750	0.500000
6.077967	10.589473	0.604855	0.500000
5.477443	9.740320	0.613104	0.500000
5.146164	1.668222	0.651862	0.500000
2.291415	11.504249	0.741939	0.500000
6.806429	7.977551	0.628653	0.500000
6.822291	2.045124	0.615987	0.500000
0.639034	8.729148	0.757466	0.500000
1.525728	9.559038	0.511472	0.500000
0.996010	2.792625	0.521820	0.500000
4.735759	10.422227	0.757727	0.500000
5.078876	4.464195	0.562699	0.500000
2.860865	9.030901	0.644913	0.500000
0.943084	11.123397	0.657738	0.500000
3.428272	0.582954	0.674750	0.500000
1.761725	3.612268	0.696497	0.500000
7.626410	6.232388	0.618967	0.500000
1.879459	6.680786	0.762812	0.500000
6.870836	3.253188	0.527974	0.500000
4.047635	4.618193	0.799362	0.500000
10.546224	0.256022	0.567368	0.500000
3.872786	7.229169	0.643269	0.500000
2.223751	1.105375	0.503634	0.500000
3.915892	8.586166	0.733072	0.500000
8.101480	2.362594	0.537585	0.500000
2.666247	3.098110	0.524638	0.500000
2.778904	7.639159	0.738487	0.500000
6.537559	6.827593	0.693103	0.500000
2.938443	4.396566	0.669565	0.500000
8.682961	6.408964	0.698341	0.500000
10.700217	1.988320	0.766044	0.500000
11.563405	2.845673	0.558357	0.500000
8.545704	0.145259	0.701119	0.500000
7.266448	10.681875	0.774038	0.500000
9.754673	8.783780	0.594969	0.500000
3.220168	5.405579	0.617495	0.500000
3.020150	6.417568	0.578421	0.500000
3.881032	3.296180	0.796650	0.500000
1.172860	4.555153	0.529570	0.500000
4.908562	6.819433	0.597196	0.500000
9.214599	5.465863	0.655426	0.500000
8.360311	9.801595	0.575859	0.500000
11.405510	7.869246	0.670828	0.500000
9.444167	2.557818	0.708375	0.500000
5.349218	5.750679	0.571681	0.500000
10.962582	10.444130	0.627613	0.500000
4.848946	3.469585	0.533914	0.500000
8.609518	8.592283	0.717392	0.500000
0.106905	5.496032	0.799369	0.500000
4.538132	9.383307	0.563524	0.500000
6.123472	4.602753	0.741028	0.500000
9.841402	11.097264	0.631595	0.500000
5.415014	11.374384	0.793556	0.500000
4.504923	2.434114	0.722373	0.500000
1.151017	7.597164	0.755457	0.500000
0.584871	1.674238	0.710562	0.500000
5.916103	3.614265	0.750056	0.500000
8.325926	4.914522	0.569342	0.500000
3.436587	11.084632	0.793376	0.500000
9.826512	6.518791	0.694543	0.500000
6.523825	9.496082	0.688122	0.500000
9.930816	7.734850	0.612293	0.500000
4.251065	5.697614	0.641220	0.500000
9.746591	1.591202	0.580059	0.500000
6.423195	5.726362	0.587746	0.500000
7.423370	4.065125	0.744384	0.500000
1.075829	5.752246	0.700557	0.500000
11.257710	1.147874	0.683000	0.500000
10.371943	2.951077	0.781970	0.500000
9.985793	9.789391	0.599443	0.500000
2.575737	10.403499	0.584797	0.500000
10.563724	4.281392	0.512341	0.500000
10.998716	6.827969	0.566110	0.500000
3.991196	1.414267	0.617973	0.500000
10.991933	9.214954	0.757998	0.500000
10.271862	5.500283	0.618307	0.500000
7.616287	8.954698	0.572600	0.500000
5.947017	2.553881	0.619921	0.500000
8.546566	3.352764	0.705693	0.500000
3.629833	9.990873	0.592472	0.500000
4.562367	0.379668	0.529223	0.500000
2.119278	5.523515	0.658479	0.500000
3.508061	2.355016	0.545339	0.500000
8.869814	7.578179	0.727514	0.500000
8.859698	10.735143	0.678650	0.500000
5.439805	8.737271	0.532460	0.500000
6.598988	0.154427	0.501203	0.500000
0.001740	4.110315	0.593726	0.500000
0.188746	0.234848	0.546733	0.500000
7.289618	5.121273	0.557179	0.500000
4.750524	7.969286	0.661637	0.500000
6.164772	1.226457	0.550960	0.500000
7.361751	1.012008	0.799320	0.500000
9.454633	0.583276	0.771409	0.500000
1.163964	0.708839	0.751891	0.500000
5.736891	7.445498	0.739875	0.500000
0.575721	6.670334	0.721286	0.500000
0.581733	10.066971	0.685387	0.500000
8.408986	1.404757	0.717816	0.500000
9.216967	4.126791	0.750346	0.500000
