100

10.378853	7.863976	0.752863	0.500000
6.631181	0.655189	0.747587	0.500000
7.200470	9.486163	0.773304	0.500000
7.251584	2.482936	0.779024	0.500000
3.552379	5.596032	0.548066	0.500000
9.966948	1.373793	0.765019	0.500000
10.544229	0.470163	0.656603	0.500000
8.465179	3.003861	0.714839	0.500000
10.243914	4.611732	0.534214	0.500000
6.047535	10.468608	0.562874	0.500000
9.543801	0.111650	0.591295	0.500000
6.725939	3.428340	0.573908	0.500000
10.785822	11.081555	0.687572	0.500000
4.855370	1.042444	0.695851	0.500000
3.132678	3.543069	0.558395	0.500000
9.107202	10.745273	0.771003	0.500000
1.231810	1.138079	0.798627	0.500000
6.924287	10.996191	0.660544	0.500000
4.648550	8.472479	0.642617	0.500000
5.956650	6.521396	0.596067	0.500000
11.070481	10.116521	0.521451	0.500000
9.170054	9.288726	0.636836	0.500000
11.272505	1.243072	0.707319	0.500000
4.892024	5.282046	0.735835	0.500000
1.525450	5.161720	0.747010	0.500000
10.702283	3.343436	0.580227	0.500000
1.818748	6.273608	0.664425	0.500000
7.294187	4.861062	0.501272	0.500000
8.182583	9.029446	0.541432	0.500000
1.589969	2.101393	0.502539	0.500000
0.189808	3.479262	0.630459	0.500000
7.079433	7.353478	0.546478	0.500000
4.229792	7.151442	0.504684	0.500000
8.855472	5.070115	0.551279	0.500000
5.600897	9.060188	0.797775	0.500000
6.070049	2.531057	0.610272	0.500000
0.470177	5.293806	0.666596	0.500000
2.910440	9.597392	0.576737	0.500000
10.188873	5.691078	0.689636	0.500000
2.398078	2.696955	0.556888	0.500000
2.669485	0.202100	0.649827	0.500000
4.252523	3.049402	0.558381	0.500000
3.936564	4.524673	0.781637	0.500000
8.239176	2.007303	0.595148	0.500000
4.472179	11.408520	0.744263	0.500000
2.340469	1.441096	0.734626	0.500000
11.399244	7.399661	0.790722	0.500000
0.682011	9.018234	0.763006	0.500000
9.899498	10.045887	0.593206	0.500000
3.896861	9.407169	0.511277	0.500000
7.374688	1.465390	0.705439	0.500000
9.152954	3.742365	0.691146	0.500000
4.363230	6.163816	0.710575	0.500000
3.968175	10.512831	0.664629	0.500000
1.260628	3.034610	0.650734	0.500000
6.850187	6.018070	0.788408	0.500000
10.325225	6.756182	0.753226	0.500000
0.680450	10.314499	0.656384	0.500000
10.190884	9.055292	0.611252	0.500000
5.892762	4.982989	0.625688	0.500000
1.187683	8.068160	0.538217	0.500000
2.097555	7.362009	0.785707	0.500000
1.952901	3.869934	0.730525	0.500000
5.343068	3.245762	0.637718	0.500000
4.548096	1.994389	0.595448	0.500000
5.151405	10.005687	0.619757	0.500000
9.376866	2.328330	0.525351	0.500000
7.989674	10.195766	0.568984	0.500000
2.915642	10.679252	0.636756	0.500000
3.533309	8.126896	0.701021	0.500000
11.171049	8.534566	0.782436	0.500000
1.475038	0.161162	0.764806	0.500000
3.721316	1.423626	0.512306	0.500000
11.295881	4.517691	0.704739	0.500000
5.969026	8.060382	0.558527	0.500000
1.818017	9.372242	0.553176	0.500000
8.198868	6.917409	0.770417	0.500000
0.401268	2.140660	0.696172	0.500000
10.788111	2.219950	0.658530	0.500000
8.016107	0.652756	0.603505	0.500000
8.261063	7.989061	0.769899	0.500000
0.862406	4.286841	0.697819	0.500000
6.834580	8.522986	0.765893	0.500000
5.494402	11.436318	0.523014	0.500000
5.231039	7.253395	0.724004	0.500000
3.165106	6.940505	0.762703	0.500000
7.926265	11.208922	0.671571	0.500000
2.564845	5.425948	0.611243	0.500000
2.266515	8.441706	0.560738	0.500000
9.257431	6.457117	0.724306	0.500000
9.351745	8.045854	0.631918	0.500000
7.817562	5.693039	0.763147	0.500000
0.032019	6.439324	0.506696	0.500000
3.361946	2.450928	0.716809	0.500000
8.972692	1.006379	0.602645	0.500000
7.822964	3.998932	0.631817	0.500000
0.910533	6.936824	0.613185	0.500000
1.808771	10.765940	0.614263	0.500000
0.037607	0.139632	0.598935	0.500000
4.913897	4.178722	0.734162	0.500000
