100

0.229286	8.129139	0.558038	0.500000
8.362484	11.516450	0.626258	0.500000
7.443938	8.936709	0.765748	0.500000
7.416780	10.889433	0.580329	0.500000
3.211147	0.455162	0.619038	0.500000
9.671166	1.313194	0.701567	0.500000
2.400170	9.162133	0.596740	0.500000
9.934127	10.612901	0.632242	0.500000
1.539045	6.352224	0.531036	0.500000
9.736819	6.534479	0.507524	0.500000
6.591553	0.283914	0.778422	0.500000
6.735259	1.358030	0.792049	0.500000
8.881965	10.504767	0.527870	0.500000
0.498528	11.028441	0.609040	0.500000
1.726648	0.030674	0.688800	0.500000
7.596064	2.275800	0.559897	0.500000
11.273181	10.129793	0.527137	0.500000
6.260872	9.157593	0.558841	0.500000
5.632229	10.055613	0.548654	0.500000
6.499291	2.518764	0.798086	0.500000
11.018454	8.900603	0.724181	0.500000
8.967520	9.274072	0.551625	0.500000
0.910554	4.892375	0.615789	0.500000
5.680981	1.824977	0.675978	0.500000
2.321662	3.665972	0.534780	0.500000
10.419447	4.039534	0.675281	0.500000
4.067043	7.999449	0.557066	0.500000
11.548674	3.899113	0.576475	0.500000
9.740373	8.547454	0.777624	0.500000
4.617365	10.094788	0.599431	0.500000
2.167784	1.002734	0.526095	0.500000
7.215187	6.742912	0.552607	0.500000
6.290725	6.134852	0.663847	0.500000
6.397608	3.841467	0.532058	0.500000
10.755322	7.900388	0.638326	0.500000
4.255222	0.937845	0.500009	0.500000
0.218251	6.306917	0.754446	0.500000
7.225385	4.529034	0.782914	0.500000
8.775176	0.868587	0.667863	0.500000
10.970751	1.865513	0.776785	0.500000
10.871002	11.115011	0.659806	0.500000
9.290141	3.674986	0.740115	0.500000
11.486137	5.121166	0.623031	0.500000
1.587233	2.708356	0.657620	0.500000
6.276205	7.205375	0.658735	0.500000
2.639485	2.320967	0.743610	0.500000
2.111240	7.856606	0.796463	0.500000
8.787278	7.966926	0.533727	0.500000
1.154588	7.353250	0.577987	0.500000
5.847600	11.160470	0.566346	0.500000
6.687049	10.153015	0.669113	0.500000
10.734937	2.912697	0.543291	0.500000
3.222726	4.707203	0.683357	0.500000
3.133820	5.712083	0.790608	0.500000
3.419128	3.558975	0.584022	0.500000
9.959691	4.937464	0.686019	0.500000
10.518040	5.773833	0.591171	0.500000
8.103671	9.777760	0.700729	0.500000
8.570335	6.965754	0.510010	0.500000
5.553548	2.905826	0.537104	0.500000
2.143953	4.718398	0.515553	0.500000
4.639831	2.440301	0.644306	0.500000
4.731847	5.334412	0.779866	0.500000
7.611759	0.806478	0.797987	0.500000
0.194908	0.571983	0.727987	0.500000
4.979917	9.038992	0.542329	0.500000
0.512321	2.183308	0.682347	0.500000
7.253948	3.232533	0.748885	0.500000
2.675762	11.099461	0.674283	0.500000
5.254893	6.256159	0.515018	0.500000
9.733653	0.009615	0.651416	0.500000
2.944349	10.099512	0.799488	0.500000
4.799212	11.114840	0.636536	0.500000
1.167034	3.765540	0.698822	0.500000
4.193823	4.238411	0.678532	0.500000
3.661861	10.865006	0.575738	0.500000
7.809579	7.745455	0.543966	0.500000
1.588947	10.157007	0.527698	0.500000
9.723246	2.760734	0.645311	0.500000
5.473877	0.625278	0.660720	0.500000
8.267947	4.952536	0.546475	0.500000
10.772397	6.869133	0.611495	0.500000
8.917387	5.895613	0.702794	0.500000
6.578721	8.170399	0.633618	0.500000
5.279647	4.238605	0.579989	0.500000
0.590890	9.748021	0.778146	0.500000
3.500609	1.777299	0.711719	0.500000
3.020451	7.146225	0.752530	0.500000
3.827884	9.345308	0.719935	0.500000
8.212775	3.891496	0.565787	0.500000
10.039294	9.502724	0.553998	0.500000
7.573416	5.690861	0.794285	0.500000
3.885431	6.596371	0.599714	0.500000
8.606790	2.134035	0.575507	0.500000
10.777917	0.821795	0.620590	0.500000
5.980579	5.132648	0.676349	0.500000
3.139685	8.417679	0.712780	0.500000
1.212731	8.484390	0.760520	0.500000
5.132014	7.730714	0.781118	0.500000
1.097384	0.980064	0.555260	0.500000
