200

11.246699	0.881330	0.578180	0.500000
2.229083	9.507795	0.819505	0.500000
0.602161	7.554896	1.341479	0.500000
0.662648	4.184395	0.651162	0.500000
8.327244	0.000430	0.535372	0.500000
4.695723	7.363383	0.523983	0.500000
8.385989	2.419353	1.469398	0.500000
7.635635	2.110846	0.522395	0.500000
9.026335	2.239270	0.537216	0.500000
9.781009	7.423198	0.630646	0.500000
1.723163	1.243175	1.448117	0.500000
4.385250	1.709742	0.546683	0.500000
11.218325	9.450959	1.496946	0.500000
5.119158	0.999715	0.520342	0.500000
3.270932	9.275691	0.506265	0.500000
6.560226	1.978007	0.563462	0.500000
7.270671	2.277650	1.488055	0.500000
9.539402	3.610202	0.575438	0.500000
10.028811	8.444388	0.517085	0.500000
10.276131	2.113607	1.479177	0.500000
11.270743	3.008636	0.539991	0.500000
7.022492	9.278314	1.426982	0.500000
2.319729	10.507747	0.501882	0.500000
7.204838	1.131748	0.514178	0.500000
6.587030	1.240031	1.419658	0.500000
4.524048	10.122565	1.483412	0.500000
5.560989	9.741519	0.516920	0.500000
4.681538	3.654128	1.287956	0.500000
9.066072	0.677631	0.518046	0.500000
10.189827	0.407039	0.688694	0.500000
6.805199	4.468453	0.560468	0.500000
3.622825	3.610995	1.467019	0.500000
0.148890	0.916757	0.560166	0.500000
6.308620	3.469196	0.539232	0.500000
0.316200	1.594030	1.495211	0.500000
6.664090	3.194641	1.463684	0.500000
12.257472	2.107351	0.588667	0.500000
10.960130	1.932433	0.683741	0.500000
11.595542	2.418028	1.286995	0.500000
11.610581	1.367338	1.395565	0.500000
10.677781	3.829621	0.522974	0.500000
2.497923	5.199037	0.694956	0.500000
1.289465	0.251541	1.442110	0.500000
3.553690	6.029990	1.343595	0.500000
5.915825	5.249803	0.500634	0.500000
4.918642	5.436823	0.571069	0.500000
8.136711	7.742242	0.530527	0.500000
7.270073	4.335368	1.442882	0.500000
2.009840	2.589375	0.564606	0.500000
8.830302	4.410109	0.617650	0.500000
1.224916	1.921618	0.531899	0.500000
5.269636	2.932730	0.501200	0.500000
8.121856	9.445349	1.363548	0.500000
1.489738	4.687729	1.425265	0.500000
5.817845	5.917224	1.449466	0.500000
5.249888	4.561181	1.449590	0.500000
7.177548	5.447133	0.553263	0.500000
9.487106	5.539259	0.561215	0.500000
8.625835	7.965476	1.420951	0.500000
10.935104	5.722905	0.654386	0.500000
12.004741	3.889289	0.570322	0.500000
6.537797	6.767542	0.660119	0.500000
3.629437	7.034113	0.750587	0.500000
3.015667	6.268402	0.522673	0.500000
8.064169	6.943873	1.302924	0.500000
6.639913	9.959007	0.551771	0.500000
6.120041	1.077240	0.541418	0.500000
8.430567	3.308954	0.584550	0.500000
11.063572	6.513838	1.372320	0.500000
9.936197	2.664933	0.560433	0.500000
2.507202	0.567371	1.189195	0.500000
1.428892	8.012175	0.915403	0.500000
7.068504	7.243890	1.485409	0.500000
2.492988	6.443994	1.471744	0.500000
7.287156	0.096482	0.505936	0.500000
7.604674	9.573220	0.500551	0.500000
7.584865	10.357620	1.436155	0.500000
10.364225	6.548053	0.568864	0.500000
7.662222	6.381516	0.535776	0.500000
0.811636	6.764229	0.525276	0.500000
9.292435	6.534458	0.610776	0.500000
2.150846	7.449524	1.453423	0.500000
12.288284	5.393523	0.555943	0.500000
11.758332	6.739534	0.520934	0.500000
3.545600	0.815952	0.518201	0.500000
9.538176	0.400869	1.454902	0.500000
7.026068	8.656240	0.527945	0.500000
5.888755	7.694134	0.559388	0.500000
10.042115	1.443737	0.550194	0.500000
9.604061	8.186831	1.451509	0.500000
0.362013	9.286528	0.539639	0.500000
1.978372	6.382166	0.540798	0.500000
2.631902	2.102006	1.490523	0.500000
2.421752	8.359491	0.602783	0.500000
4.380527	7.090932	1.479561	0.500000
6.468161	8.145553	1.450213	0.500000
6.947764	6.045108	1.351987	0.500000
11.256367	0.305333	1.461722	0.500000
10.775176	8.548374	1.463442	0.500000
11.748757	7.528434	1.468355	0.500000
4.022379	3.023490	0.692804	0.500000
10.922998	4.207953	1.490610	0.500000
2.256693	1.437713	0.507427	0.500000
2.946341	3.243809	0.638221	0.500000
5.489160	1.927946	0.560761	0.500000
4.449321	1.018677	1.446755	0.500000
10.566542	1.116124	1.400561	0.500000
11.013217	10.177968	0.528169	0.500000
11.786725	8.556307	1.415180	0.500000
10.311645	9.500942	0.976725	0.500000
1.261012	0.862109	0.506754	0.500000
9.495501	4.177954	1.435602	0.500000
1.543281	5.478743	0.557067	0.500000
4.114291	4.569717	1.454778	0.500000
4.072385	8.809070	1.435847	0.500000
7.711355	5.395037	1.475152	0.500000
6.111387	8.954341	0.809317	0.500000
7.385348	3.126857	0.548807	0.500000
1.524874	2.228347	1.491611	0.500000
10.443808	3.235175	1.366402	0.500000
0.598346	5.460084	1.464827	0.500000
5.989829	2.352538	1.356847	0.500000
3.572982	9.750076	1.476455	0.500000
3.677229	2.356790	1.422540	0.500000
3.764516	8.229550	0.572050	0.500000
7.488985	0.721770	1.449768	0.500000
5.117675	4.151969	0.508387	0.500000
7.781822	4.101020	0.504899	0.500000
12.013791	10.575617	0.644605	0.500000
9.065544	5.081152	1.364456	0.500000
0.135679	0.542456	1.493369	0.500000
10.227303	4.829006	0.511071	0.500000
2.332589	3.075923	1.441839	0.500000
4.985481	8.529614	0.552550	0.500000
4.782882	2.664594	1.441754	0.500000
9.230892	3.119963	1.478121	0.500000
1.068660	3.083806	0.540142	0.500000
8.567313	6.044366	1.298903	0.500000
5.663030	3.378879	1.380838	0.500000
0.629629	2.900910	1.430866	0.500000
7.074875	7.624151	0.504952	0.500000
1.485571	3.639204	1.300234	0.500000
3.120572	4.416121	0.637633	0.500000
4.078752	4.098131	0.550595	0.500000
3.091966	5.133421	1.499391	0.500000
5.491365	6.875409	1.242102	0.500000
11.481111	5.391138	1.449820	0.500000
7.828806	3.369029	1.493399	0.500000
12.275113	4.543417	1.309946	0.500000
0.264522	8.145097	0.562710	0.500000
2.035614	4.131315	0.587622	0.500000
11.329148	4.682580	0.625643	0.500000
4.226388	6.240568	0.630606	0.500000
11.843112	3.390243	1.478171	0.500000
8.361589	5.310594	0.580719	0.500000
8.336140	4.235211	1.476586	0.500000
8.754041	9.591579	0.528677	0.500000
2.606317	4.055482	1.495523	0.500000
12.052403	6.322791	1.413037	0.500000
10.286108	5.185695	1.497960	0.500000
0.775809	8.676018	1.305868	0.500000
1.372121	9.786769	1.480997	0.500000
4.441693	9.469216	0.586281	0.500000
1.149183	6.593450	1.472540	0.500000
6.278112	4.196870	1.453088	0.500000
7.568441	8.109005	1.304544	0.500000
9.408997	9.281629	1.426385	0.500000
5.252947	8.001235	1.469146	0.500000
9.796295	6.066055	1.489779	0.500000
3.928858	5.291026	0.765866	0.500000
1.330832	9.016376	0.508074	0.500000
0.869981	10.576373	0.531827	0.500000
3.434584	7.817927	1.464641	0.500000
8.951970	8.504457	0.637180	0.500000
8.874156	10.276136	1.485932	0.500000
4.563882	0.062406	0.610155	0.500000
4.787830	6.133206	1.466020	0.500000
8.197931	1.378022	0.912745	0.500000
2.638221	7.203482	0.547463	0.500000
9.287668	7.105695	1.496810	0.500000
3.002318	8.855987	1.394637	0.500000
1.801638	8.849625	1.487357	0.500000
3.373242	1.887128	0.571264	0.500000
3.535053	0.148111	1.451143	0.500000
5.153493	9.148924	1.457814	0.500000
5.424387	0.214433	1.497948	0.500000
5.936146	9.993343	1.438439	0.500000
11.584774	9.224696	0.530451	0.500000
10.332704	10.403106	1.446642	0.500000
9.627614	10.199649	0.507213	0.500000
3.388365	1.335109	1.432384	0.500000
0.391323	10.179106	1.388683	0.500000
6.621252	0.150528	1.339898	0.500000
3.626091	10.335883	0.541437	0.500000
5.813445	0.121723	0.549402	0.500000
5.437318	1.346240	1.480256	0.500000
9.162696	1.710353	1.396315	0.500000
10.393234	7.420428	1.493108	0.500000
11.170790	7.719125	0.638891	0.500000
2.675984	10.252472	1.466800	0.500000
