100

1.828738	0.056993	0.543622	0.500000
1.656252	1.042586	0.713119	0.500000
3.750740	1.079134	0.528933	0.500000
3.367096	9.254000	0.748578	0.500000
4.047457	6.435379	0.961254	0.500000
5.403914	9.118081	0.945409	0.500000
6.946420	0.356551	0.750761	0.500000
7.324535	1.278929	0.501395	0.500000
8.834288	0.450755	0.547255	0.500000
9.942978	2.074263	0.806944	0.500000
0.991187	2.153280	0.825884	0.500000
3.961865	0.124500	0.918826	0.500000
2.850236	1.286760	0.946687	0.500000
2.840072	0.142726	0.589012	0.500000
4.917746	9.981299	0.632542	0.500000
4.405978	9.109197	0.592036	0.500000
5.911709	0.267454	0.579281	0.500000
8.339138	1.344555	0.552772	0.500000
7.729194	2.122742	0.971417	0.500000
0.636163	1.226580	0.526141	0.500000
9.320839	1.231515	0.985722	0.500000
8.922770	2.167827	0.891262	0.500000
3.397233	2.109456	0.660144	0.500000
3.745059	3.045903	0.591098	0.500000
4.423304	1.966427	0.510823	0.500000
6.096794	1.177571	0.986984	0.500000
6.591936	2.070597	0.967013	0.500000
7.051988	3.003586	0.564214	0.500000
7.667369	3.810182	0.658040	0.500000
8.227653	3.016629	0.989632	0.500000
9.443959	3.151727	0.535809	0.500000
2.073392	1.991681	0.759997	0.500000
3.292307	3.898318	0.941232	0.500000
3.913925	4.767518	0.855596	0.500000
4.432395	3.937675	0.643958	0.500000
4.858682	2.969032	0.696303	0.500000
4.730898	0.980960	0.757820	0.500000
6.025758	2.908679	0.654409	0.500000
7.179238	4.850517	0.956431	0.500000
0.445928	3.020230	0.851702	0.500000
2.201000	3.994135	0.560368	0.500000
2.669783	3.057057	0.940825	0.500000
2.842425	4.797516	0.714590	0.500000
4.679776	5.569786	0.526094	0.500000
4.983542	4.707985	0.987692	0.500000
5.362864	2.037945	0.847554	0.500000
6.505392	3.899704	0.934886	0.500000
8.291420	4.701114	0.882750	0.500000
8.681894	3.847327	0.516347	0.500000
1.633344	2.984536	0.822426	0.500000
1.096507	3.796553	0.541969	0.500000
1.099286	5.581351	0.789691	0.500000
0.485063	4.807792	0.517095	0.500000
2.109917	5.535106	0.689932	0.500000
6.003592	4.727102	0.671761	0.500000
6.711065	5.666983	0.566246	0.500000
5.469611	3.815646	0.983397	0.500000
9.997651	3.992248	0.832278	0.500000
9.304001	4.729692	0.574802	0.500000
1.522163	4.601329	0.997237	0.500000
9.933998	5.745048	0.506601	0.500000
2.359840	9.192372	0.654679	0.500000
0.565443	6.524186	0.802484	0.500000
2.324714	7.227248	0.983428	0.500000
1.677569	6.450012	0.994907	0.500000
5.125771	6.499286	0.922853	0.500000
6.241981	6.597894	0.781545	0.500000
7.224946	6.650633	0.502466	0.500000
7.741761	5.826888	0.868504	0.500000
8.977515	5.690715	0.964659	0.500000
0.826380	8.278925	0.994812	0.500000
9.934875	7.613062	0.634964	0.500000
2.884105	6.250604	0.705207	0.500000
3.331466	7.290973	0.645185	0.500000
5.524077	7.426575	0.940668	0.500000
5.683401	5.687286	0.529142	0.500000
6.644638	7.517292	0.979414	0.500000
8.368099	6.622646	0.921170	0.500000
9.528696	6.671094	0.888996	0.500000
8.826382	7.511484	0.778056	0.500000
9.371651	8.444187	0.538040	0.500000
1.764397	8.176905	0.657179	0.500000
1.162955	7.334222	0.855213	0.500000
4.440512	7.298168	0.600260	0.500000
5.012581	8.295212	0.530174	0.500000
6.065457	8.217647	0.544319	0.500000
7.039497	8.500342	0.570712	0.500000
7.760573	7.538645	0.993750	0.500000
8.431162	9.520225	0.592382	0.500000
8.340800	8.385202	0.588596	0.500000
0.826027	9.951393	0.850252	0.500000
0.326630	9.033670	0.510478	0.500000
1.387157	9.118269	0.979818	0.500000
2.850679	8.168328	0.531720	0.500000
3.848909	8.197624	0.728148	0.500000
6.485311	9.360295	0.655803	0.500000
7.481288	9.355083	0.994567	0.500000
7.922058	0.449341	0.975396	0.500000
9.436993	9.563867	0.661582	0.500000
9.878214	0.489493	0.505843	0.500000
