100

2.629127	1.198750	0.502030	0.500000
1.710951	2.127998	0.825094	0.500000
3.922942	2.433432	0.944704	0.500000
3.140430	0.270184	0.842929	0.500000
3.972206	9.447604	0.783509	0.500000
6.108702	0.245527	0.997423	0.500000
7.217880	0.342734	0.987815	0.500000
7.654010	1.223515	0.528337	0.500000
9.239009	0.757378	0.769145	0.500000
0.676268	1.990060	0.886620	0.500000
0.958835	2.877681	0.509812	0.500000
4.834080	1.687021	0.936630	0.500000
2.866122	2.211586	0.917371	0.500000
3.554935	1.388200	0.882780	0.500000
5.337913	0.833992	0.506355	0.500000
4.416442	0.734711	0.914719	0.500000
6.543151	1.158899	0.565477	0.500000
8.661554	1.587479	0.845387	0.500000
8.950830	2.575296	0.973113	0.500000
0.240299	0.900358	0.574713	0.500000
9.673640	1.695002	0.805461	0.500000
9.895116	2.640581	0.529461	0.500000
3.326630	3.385443	0.559526	0.500000
4.256785	3.406777	0.982487	0.500000
4.885188	2.680200	0.508289	0.500000
6.753040	2.145743	0.501614	0.500000
7.957714	2.278665	0.677223	0.500000
8.192053	3.457796	0.988520	0.500000
8.646464	4.354873	0.554843	0.500000
9.183959	3.552193	0.884396	0.500000
0.185230	3.624985	0.957864	0.500000
2.174704	2.977666	0.540090	0.500000
3.613648	4.425699	0.664656	0.500000
4.693740	4.270905	0.627990	0.500000
5.280223	3.537930	0.995225	0.500000
6.029559	2.920309	0.638752	0.500000
5.772135	1.938218	0.621760	0.500000
7.466185	4.201378	0.531803	0.500000
7.940745	5.026465	0.974554	0.500000
0.671964	4.583489	0.600286	0.500000
1.873594	4.722601	0.679001	0.500000
2.606430	4.030448	0.868988	0.500000
2.897523	5.115492	0.927849	0.500000
5.229053	5.538195	0.970349	0.500000
5.762491	4.558143	0.935004	0.500000
7.272531	3.040942	0.800913	0.500000
6.942629	4.960047	0.947313	0.500000
8.954570	5.328295	0.699677	0.500000
9.662265	4.449268	0.503473	0.500000
1.377899	3.843138	0.611395	0.500000
1.321936	6.539408	0.672172	0.500000
1.990877	5.765401	0.820060	0.500000
2.570942	7.119286	0.611460	0.500000
4.115211	5.353082	0.772534	0.500000
6.147208	5.622406	0.503413	0.500000
7.332931	5.960555	0.907052	0.500000
6.521281	3.789933	0.951912	0.500000
9.953112	5.314229	0.981433	0.500000
0.286252	6.477108	0.681184	0.500000
0.904845	5.614240	0.631372	0.500000
0.740392	7.482083	0.605785	0.500000
2.183818	8.545558	0.792134	0.500000
1.666728	7.603395	0.963184	0.500000
3.698896	7.046840	0.559767	0.500000
3.208410	6.135543	0.908483	0.500000
4.527098	6.343467	0.542149	0.500000
6.696643	6.689326	0.619928	0.500000
7.754754	6.975502	0.887067	0.500000
8.293862	6.074714	0.539052	0.500000
9.196124	6.333474	0.931632	0.500000
0.616182	9.185242	0.981853	0.500000
1.192894	8.490990	0.527187	0.500000
4.237041	8.298538	0.662893	0.500000
4.752534	7.254409	0.973555	0.500000
5.940201	7.538822	0.564048	0.500000
5.670969	6.541316	0.909486	0.500000
6.934801	7.798441	0.581434	0.500000
8.739729	7.219275	0.784537	0.500000
9.767414	7.390303	0.842983	0.500000
9.139090	8.183067	0.594207	0.500000
0.144316	8.302031	0.583243	0.500000
1.771761	9.444478	0.998819	0.500000
3.212928	8.163912	0.794215	0.500000
5.247361	8.259339	0.852137	0.500000
5.622442	9.315289	0.907886	0.500000
6.393429	8.607596	0.957247	0.500000
7.383048	8.816061	0.946935	0.500000
7.979353	7.892916	0.525681	0.500000
8.983973	9.756105	0.528732	0.500000
8.542043	8.913998	0.977256	0.500000
1.388120	1.087826	0.630950	0.500000
1.096558	0.125204	0.508984	0.500000
2.078527	0.410203	0.895381	0.500000
2.811716	9.360296	0.516590	0.500000
4.897835	9.928655	0.524620	0.500000
6.716850	9.456446	0.505076	0.500000
7.926055	9.691861	0.505459	0.500000
8.236173	0.536199	0.974140	0.500000
9.558711	9.007148	0.998520	0.500000
9.934023	9.988153	0.913118	0.500000
