100

10.083376	0.049618	0.588816	0.500000
0.837222	0.057319	0.529917	0.500000
2.108545	0.013760	0.540781	0.500000
3.207887	0.176720	0.530694	0.500000
4.232401	0.284017	0.581571	0.500000
5.384962	0.535969	0.589522	0.500000
6.171363	9.761411	0.524294	0.500000
6.953094	9.067699	0.546291	0.500000
7.593212	10.027056	0.530458	0.500000
9.075703	10.197582	0.545931	0.500000
0.287320	0.996001	0.537764	0.500000
1.432364	0.868801	0.557406	0.500000
2.427568	1.206001	0.573732	0.500000
3.457952	1.172642	0.504583	0.500000
4.617634	1.276953	0.563308	0.500000
5.708240	1.544266	0.544388	0.500000
6.518271	0.452609	0.527534	0.500000
7.496317	0.745942	0.542392	0.500000
8.562556	0.903357	0.599326	0.500000
9.568579	0.907223	0.521801	0.500000
9.981875	1.883433	0.534190	0.500000
0.731391	2.008907	0.557008	0.500000
1.789842	1.999352	0.581844	0.500000
2.841221	2.143264	0.566956	0.500000
3.959135	2.053222	0.502181	0.500000
5.033023	2.398572	0.506854	0.500000
6.111209	2.591342	0.520653	0.500000
6.780483	1.572916	0.588962	0.500000
7.887773	1.795032	0.551006	0.500000
8.885674	1.887497	0.540316	0.500000
0.149693	2.900897	0.571738	0.500000
1.186268	3.106156	0.537215	0.500000
2.224123	2.980100	0.538106	0.500000
3.366404	3.047351	0.571824	0.500000
4.414118	3.211242	0.511222	0.500000
5.545250	3.455792	0.524049	0.500000
6.568983	3.586085	0.532954	0.500000
7.200212	2.652641	0.580394	0.500000
8.244021	2.744166	0.555253	0.500000
9.317306	2.913814	0.559853	0.500000
0.545896	3.895105	0.529806	0.500000
1.693398	3.993342	0.544939	0.500000
2.154298	4.882111	0.567047	0.500000
2.755165	3.849023	0.565040	0.500000
3.812744	4.018460	0.505941	0.500000
4.797832	4.219517	0.550453	0.500000
6.952292	4.563397	0.560556	0.500000
7.669561	3.765779	0.527664	0.500000
8.761437	3.931768	0.520081	0.500000
9.817884	3.923623	0.502492	0.500000
9.013314	6.621727	0.587219	0.500000
0.013018	4.905336	0.504038	0.500000
1.041405	4.788611	0.552683	0.500000
3.137783	6.029669	0.558922	0.500000
3.177434	4.968340	0.545111	0.500000
4.229946	5.065958	0.513619	0.500000
5.927912	4.377187	0.592247	0.500000
8.168903	4.766700	0.502401	0.500000
9.255111	4.851297	0.586113	0.500000
9.718121	5.867763	0.587126	0.500000
0.101532	6.680612	0.525093	0.500000
0.537293	5.761601	0.588801	0.500000
1.963748	5.888035	0.500605	0.500000
3.398578	7.066075	0.546785	0.500000
4.177533	6.109038	0.537552	0.500000
5.265984	5.289602	0.530627	0.500000
6.324715	5.368353	0.502561	0.500000
7.537788	5.553382	0.516981	0.500000
8.594278	5.684275	0.564213	0.500000
8.008148	6.531049	0.519667	0.500000
0.578371	7.606483	0.500701	0.500000
1.128582	6.595541	0.540286	0.500000
2.416396	6.782190	0.577368	0.500000
4.701407	7.018534	0.572830	0.500000
4.109257	7.875210	0.535727	0.500000
5.793894	6.309151	0.553136	0.500000
6.846291	6.310748	0.547156	0.500000
7.379838	7.418729	0.561597	0.500000
8.466286	7.461503	0.570761	0.500000
9.721331	7.525505	0.548226	0.500000
0.005753	8.439116	0.599614	0.500000
1.020984	8.541680	0.519904	0.500000
1.597013	7.618639	0.511121	0.500000
2.633954	7.778510	0.548222	0.500000
3.402064	8.597704	0.571508	0.500000
4.428079	8.857601	0.525880	0.500000
5.380106	7.777948	0.553291	0.500000
6.378779	7.224382	0.582553	0.500000
7.795719	8.406317	0.554175	0.500000
8.936714	8.536620	0.535113	0.500000
0.346378	9.411791	0.525118	0.500000
1.452318	9.444641	0.582040	0.500000
2.029753	8.582564	0.594564	0.500000
2.674070	9.377395	0.590361	0.500000
3.733371	9.602720	0.506876	0.500000
5.018839	9.776928	0.500425	0.500000
5.459508	8.845029	0.595928	0.500000
6.331653	8.272121	0.567733	0.500000
8.296046	9.313340	0.599639	0.500000
9.634776	9.343146	0.583150	0.500000
