100

4.406516	3.857049	0.585719	0.500000
4.354645	5.939297	0.558778	0.500000
3.908364	9.700735	0.529388	0.500000
9.084114	4.221320	0.580285	0.500000
7.266811	0.782234	0.599716	0.500000
4.012654	2.536773	0.519907	0.500000
4.489528	7.031855	0.584299	0.500000
9.403505	9.234667	0.596954	0.500000
0.489109	8.346009	0.520679	0.500000
2.303895	7.105461	0.519850	0.500000
5.637678	7.773015	0.581270	0.500000
9.335612	0.850854	0.519731	0.500000
4.335717	4.882082	0.561843	0.500000
5.607252	4.146841	0.567603	0.500000
7.552172	11.438313	0.558960	0.500000
0.950478	3.262428	0.500710	0.500000
3.264847	8.074904	0.584091	0.500000
7.774030	6.673132	0.548564	0.500000
5.569103	6.755457	0.547564	0.500000
9.270593	1.930332	0.593269	0.500000
1.799570	2.537787	0.557084	0.500000
9.989427	3.677231	0.580436	0.500000
10.724210	8.528782	0.598948	0.500000
2.897189	3.791778	0.551671	0.500000
2.977233	5.943531	0.503305	0.500000
4.323388	11.289458	0.562080	0.500000
6.521987	11.389220	0.577402	0.500000
1.717754	3.982312	0.502390	0.500000
8.121153	1.574974	0.517551	0.500000
6.415657	5.123704	0.587213	0.500000
10.476937	0.803821	0.583347	0.500000
10.564489	10.147990	0.595930	0.500000
11.347905	6.184551	0.524529	0.500000
0.726119	5.711192	0.501079	0.500000
9.771649	7.846621	0.528165	0.500000
2.744947	9.453637	0.590196	0.500000
4.730562	10.342018	0.542729	0.500000
10.567446	6.945486	0.589683	0.500000
6.833716	7.723120	0.520300	0.500000
3.263917	10.671401	0.586314	0.500000
7.747162	8.225643	0.559056	0.500000
10.094418	4.934221	0.533127	0.500000
9.525533	6.007678	0.540220	0.500000
7.943428	4.700649	0.524903	0.500000
8.873473	3.093640	0.521336	0.500000
8.751191	8.031251	0.591821	0.500000
4.965410	9.164287	0.555510	0.500000
2.230745	8.480895	0.533586	0.500000
6.250509	0.886696	0.549106	0.500000
10.392788	11.267469	0.566256	0.500000
6.537247	6.225645	0.574957	0.500000
1.380717	9.240363	0.567108	0.500000
0.869571	1.204336	0.566846	0.500000
3.334901	7.050600	0.596815	0.500000
11.478252	5.076463	0.594206	0.500000
6.887298	2.942318	0.505224	0.500000
11.404142	1.476565	0.591390	0.500000
7.387893	5.583228	0.560812	0.500000
8.973496	6.928297	0.598747	0.500000
1.896607	1.541366	0.511878	0.500000
2.873637	2.669363	0.562374	0.500000
5.285143	2.804606	0.525987	0.500000
8.614004	5.561476	0.523805	0.500000
8.214632	9.534579	0.589692	0.500000
4.746290	0.663640	0.558113	0.500000
5.479440	11.578105	0.547741	0.500000
0.906981	11.612106	0.556000	0.500000
0.927272	10.423405	0.587721	0.500000
7.210086	9.156398	0.566584	0.500000
1.697493	5.177894	0.524409	0.500000
0.828403	6.746790	0.586522	0.500000
11.283219	3.470209	0.569166	0.500000
11.519764	9.359807	0.543292	0.500000
0.811952	4.590461	0.597563	0.500000
7.998483	2.597314	0.543270	0.500000
9.358761	11.443944	0.508603	0.500000
3.102797	0.014124	0.525483	0.500000
9.510456	10.365476	0.580555	0.500000
7.076410	1.886724	0.579870	0.500000
4.462777	8.286858	0.574496	0.500000
1.929379	10.081726	0.588138	0.500000
5.418356	1.468956	0.547591	0.500000
11.517189	10.511615	0.568805	0.500000
1.714671	6.183424	0.586633	0.500000
0.645766	2.249982	0.583710	0.500000
7.051735	4.103292	0.598763	0.500000
10.414039	2.424323	0.574337	0.500000
11.570790	7.238196	0.566825	0.500000
8.341952	10.770018	0.512111	0.500000
3.605409	1.607602	0.577374	0.500000
1.379197	7.737766	0.513508	0.500000
5.398640	5.596607	0.519686	0.500000
2.986392	4.820953	0.535662	0.500000
1.918776	0.349224	0.506929	0.500000
2.296093	11.073943	0.519951	0.500000
7.982718	3.625743	0.599364	0.500000
6.109597	9.159661	0.515686	0.500000
5.899317	10.352607	0.577205	0.500000
7.047348	10.223513	0.573582	0.500000
11.340124	0.259739	0.590183	0.500000
