100

5.040687	3.981740	0.560445	0.500000
4.624131	5.551675	0.583901	0.500000
2.606648	9.257215	0.558216	0.500000
9.285559	4.589358	0.564469	0.500000
7.361114	0.772177	0.568320	0.500000
4.263171	3.047868	0.525115	0.500000
4.608169	7.764542	0.574083	0.500000
9.426260	9.307429	0.520312	0.500000
10.562414	7.933798	0.508372	0.500000
2.626769	7.070594	0.574293	0.500000
5.625479	7.374262	0.536547	0.500000
8.736233	0.988247	0.567980	0.500000
3.986660	4.504819	0.584581	0.500000
6.230205	4.066084	0.529813	0.500000
7.963300	10.773298	0.548551	0.500000
11.325118	3.348816	0.542061	0.500000
2.652474	8.141280	0.502966	0.500000
8.196576	6.323446	0.574399	0.500000
4.825295	6.678681	0.540697	0.500000
8.792634	2.697194	0.545467	0.500000
0.684712	3.165866	0.524129	0.500000
9.480817	3.461652	0.594333	0.500000
10.481985	9.085023	0.528773	0.500000
3.303183	3.483182	0.544310	0.500000
2.799527	5.992181	0.509241	0.500000
4.037249	11.173101	0.554295	0.500000
6.978240	11.204503	0.524346	0.500000
2.299666	3.687523	0.524817	0.500000
8.322029	0.046202	0.566789	0.500000
5.734586	6.242803	0.527853	0.500000
10.145411	0.981300	0.555576	0.500000
11.384757	10.066972	0.561808	0.500000
11.357541	5.571397	0.548159	0.500000
0.725520	5.070729	0.510014	0.500000
9.285321	7.606433	0.562447	0.500000
1.347578	8.957757	0.518343	0.500000
4.913287	10.497217	0.596396	0.500000
10.491003	6.667806	0.500062	0.500000
6.852401	8.215667	0.536346	0.500000
3.576237	9.734033	0.519840	0.500000
8.051962	7.555506	0.541759	0.500000
10.320382	4.257820	0.592827	0.500000
10.243959	5.379027	0.597256	0.500000
7.871780	5.274845	0.546446	0.500000
8.374272	3.940966	0.589984	0.500000
8.297152	8.597004	0.572539	0.500000
4.723285	9.441023	0.523222	0.500000
1.575838	7.778543	0.505939	0.500000
5.442977	2.085578	0.503779	0.500000
10.467533	11.521571	0.523352	0.500000
6.728273	7.125804	0.537340	0.500000
0.025846	7.988649	0.560246	0.500000
0.070565	1.500806	0.503072	0.500000
3.815464	6.660127	0.551568	0.500000
11.457451	4.464078	0.548682	0.500000
6.678542	3.045543	0.516171	0.500000
11.140302	0.694063	0.538930	0.500000
7.038054	6.112507	0.519687	0.500000
9.321756	6.471387	0.520201	0.500000
3.174462	1.058815	0.566161	0.500000
2.905339	2.146710	0.511683	0.500000
6.589224	1.728042	0.587819	0.500000
8.844911	5.526039	0.545657	0.500000
8.188835	9.637312	0.558352	0.500000
5.229601	1.075758	0.528920	0.500000
6.280388	0.511907	0.590088	0.500000
1.552859	11.483703	0.504817	0.500000
1.762753	10.373782	0.507232	0.500000
6.547941	9.277322	0.585079	0.500000
1.785403	5.261865	0.563078	0.500000
0.750185	6.149422	0.511547	0.500000
10.403980	2.817286	0.561672	0.500000
0.193874	9.132594	0.527672	0.500000
1.218656	4.019236	0.562412	0.500000
7.861539	3.070005	0.512467	0.500000
9.486377	11.322724	0.569720	0.500000
4.245367	0.737115	0.576483	0.500000
10.119014	10.526755	0.531094	0.500000
7.818801	1.772010	0.572293	0.500000
3.910295	8.762622	0.505538	0.500000
2.812349	10.379872	0.533207	0.500000
5.613303	3.127224	0.586195	0.500000
11.623368	11.049362	0.534300	0.500000
1.787112	6.483092	0.536997	0.500000
10.817792	1.906611	0.535729	0.500000
6.526777	5.208850	0.581373	0.500000
9.449130	1.864815	0.511628	0.500000
11.512553	6.643327	0.531618	0.500000
9.067255	10.256052	0.505573	0.500000
4.181410	1.737942	0.562465	0.500000
0.701347	7.223310	0.529873	0.500000
5.511621	4.909563	0.500222	0.500000
2.787248	4.976372	0.530710	0.500000
2.167279	1.470293	0.577945	0.500000
2.584692	11.655977	0.501161	0.500000
7.282767	4.432199	0.535792	0.500000
5.511916	8.481846	0.573977	0.500000
6.175044	10.472807	0.589353	0.500000
7.215726	10.106543	0.549923	0.500000
0.611163	0.513284	0.522230	0.500000
