100

2.456290	1.213224	0.583295	0.500000
3.931036	6.348180	0.578330	0.500000
2.219824	9.486031	0.594757	0.500000
10.363137	6.101846	0.515041	0.500000
6.651673	0.085728	0.535960	0.500000
4.555587	2.661483	0.558666	0.500000
2.524417	4.852533	0.573797	0.500000
8.265128	7.838632	0.537451	0.500000
10.988399	8.129553	0.570788	0.500000
5.041921	6.583974	0.512389	0.500000
3.294715	9.228723	0.582600	0.500000
11.327836	5.800016	0.502601	0.500000
4.485177	3.907887	0.573104	0.500000
4.513371	5.537154	0.512073	0.500000
7.318513	9.023017	0.515802	0.500000
3.196896	2.304975	0.543747	0.500000
4.299318	7.321499	0.537345	0.500000
5.375460	7.600061	0.545416	0.500000
2.907891	6.139358	0.575970	0.500000
1.881733	3.999641	0.502783	0.500000
3.638571	1.382009	0.550951	0.500000
0.058199	3.165530	0.534839	0.500000
11.654712	9.120370	0.549593	0.500000
1.723743	7.241085	0.572448	0.500000
2.149117	2.922620	0.509235	0.500000
0.331394	0.821618	0.546573	0.500000
4.677484	1.619518	0.526975	0.500000
10.637090	4.863021	0.536240	0.500000
6.822675	2.384514	0.594497	0.500000
9.234072	4.031188	0.588773	0.500000
6.923075	10.671338	0.523495	0.500000
9.683484	5.359294	0.577916	0.500000
0.943524	9.623850	0.525222	0.500000
9.277777	10.072322	0.530965	0.500000
9.302670	6.399877	0.573316	0.500000
3.923739	10.114132	0.561577	0.500000
2.373505	11.611172	0.594591	0.500000
6.952361	6.235723	0.573970	0.500000
3.654680	8.103654	0.535990	0.500000
4.687210	8.419286	0.597779	0.500000
6.543916	7.891203	0.535325	0.500000
8.815110	2.999088	0.561371	0.500000
0.338538	7.822127	0.598617	0.500000
7.599060	5.419502	0.541315	0.500000
0.849397	6.614045	0.520573	0.500000
7.412248	7.291760	0.504647	0.500000
3.397778	0.389676	0.510617	0.500000
10.710927	10.552447	0.514403	0.500000
3.646104	4.568483	0.599068	0.500000
9.657227	1.739451	0.521729	0.500000
6.392891	4.967607	0.565848	0.500000
8.722681	11.542732	0.581272	0.500000
11.572267	4.389526	0.586039	0.500000
1.554412	5.884334	0.504902	0.500000
1.329997	8.399486	0.525225	0.500000
5.817250	0.912156	0.546920	0.500000
10.627584	2.506451	0.532446	0.500000
8.480018	4.848561	0.561503	0.500000
8.929237	8.722834	0.587343	0.500000
11.452443	11.307709	0.526633	0.500000
4.496238	0.502107	0.546460	0.500000
6.205492	6.932937	0.578474	0.500000
0.880677	4.953715	0.549333	0.500000
8.110488	6.488943	0.540045	0.500000
6.238705	3.913258	0.599020	0.500000
6.315705	9.484923	0.593074	0.500000
9.872923	11.163673	0.543485	0.500000
10.825436	0.442377	0.557093	0.500000
8.151187	9.603397	0.550136	0.500000
3.308063	3.541324	0.595695	0.500000
10.223687	9.357142	0.556301	0.500000
11.389659	6.941271	0.573638	0.500000
9.874265	8.351374	0.594949	0.500000
0.885306	3.773007	0.562288	0.500000
7.179325	4.335393	0.580181	0.500000
5.488455	11.612516	0.514609	0.500000
5.487819	3.172207	0.560789	0.500000
0.483351	10.513752	0.521073	0.500000
5.860413	5.880163	0.539771	0.500000
3.835581	11.112721	0.528599	0.500000
1.320649	11.072249	0.515017	0.500000
5.263436	4.592373	0.548568	0.500000
7.742708	0.300224	0.598813	0.500000
2.432097	8.010636	0.549992	0.500000
0.242035	2.089602	0.527144	0.500000
10.249249	3.569684	0.525333	0.500000
7.562300	3.173312	0.547170	0.500000
10.141372	7.323721	0.549103	0.500000
8.123527	10.720270	0.554127	0.500000
5.633842	2.139949	0.502232	0.500000
2.720820	10.356933	0.585477	0.500000
5.814889	8.615602	0.541619	0.500000
3.114559	7.202197	0.584511	0.500000
1.358902	2.265201	0.539930	0.500000
1.465591	1.040224	0.515299	0.500000
8.517301	2.043615	0.597129	0.500000
5.573108	10.471528	0.503642	0.500000
4.882050	9.577476	0.521649	0.500000
7.555364	1.390638	0.518704	0.500000
10.933313	1.500107	0.570214	0.500000
