200

7.618533	0.401135	0.526975	0.500000
0.679706	8.877762	0.513096	0.500000
3.119150	6.192254	1.629073	0.500000
2.809482	0.049732	1.039670	0.500000
3.768512	8.387007	0.516200	0.500000
7.380045	9.031202	0.508623	0.500000
4.353119	10.168309	0.597275	0.500000
7.729818	1.686720	1.915569	0.500000
5.694022	2.769461	1.816561	0.500000
1.787934	8.567016	0.531608	0.500000
0.247403	9.732269	1.995500	0.500000
8.905518	3.806373	1.603283	0.500000
4.873319	0.750276	0.873346	0.500000
2.822303	2.673628	1.598757	0.500000
6.578113	2.221394	1.906431	0.500000
2.545582	1.028436	0.531898	0.500000
8.357783	2.277965	1.183995	0.500000
6.423074	3.421362	0.557971	0.500000
5.239828	2.123417	1.123951	0.500000
1.029333	1.613657	1.417778	0.500000
1.905752	2.451091	1.962626	0.500000
4.558168	3.185296	1.216817	0.500000
2.736263	3.674896	0.505922	0.500000
8.171000	9.799884	0.549963	0.500000
7.496975	4.741676	0.511206	0.500000
4.128186	5.864994	1.914325	0.500000
5.587613	4.481662	1.923309	0.500000
7.240917	4.409893	1.465729	0.500000
9.777908	1.049356	0.830925	0.500000
0.550449	4.426895	1.989658	0.500000
2.713596	3.688990	1.833700	0.500000
0.151366	1.722856	1.942204	0.500000
0.103926	3.134168	0.524977	0.500000
4.695392	2.493302	1.998546	0.500000
1.664378	1.854859	0.527722	0.500000
8.851042	1.451811	0.855339	0.500000
4.624469	7.826534	0.531765	0.500000
6.232878	2.244929	0.566462	0.500000
0.307502	4.142851	0.514910	0.500000
8.227331	4.595556	1.426579	0.500000
1.990826	1.477544	1.696864	0.500000
3.999781	9.066572	1.951053	0.500000
8.262374	3.151271	0.524615	0.500000
4.901609	3.741303	1.994531	0.500000
5.042583	6.269117	1.553076	0.500000
6.159377	3.662351	1.609466	0.500000
5.343885	7.341853	1.371916	0.500000
9.253547	6.192630	1.999549	0.500000
7.003925	5.490170	0.991588	0.500000
7.452328	3.741678	0.736220	0.500000
1.511665	5.389158	0.518220	0.500000
9.996348	6.649820	1.391265	0.500000
10.065510	2.546411	1.437246	0.500000
8.970564	5.119571	1.888355	0.500000
2.821581	6.696734	0.570324	0.500000
5.938381	5.866722	1.980691	0.500000
2.762945	7.259024	1.622320	0.500000
8.424645	6.949629	1.972651	0.500000
0.620993	6.164319	0.780677	0.500000
9.458547	7.327390	0.886902	0.500000
3.774656	6.249717	0.625010	0.500000
0.049444	5.480892	1.975583	0.500000
1.862672	4.354323	1.960204	0.500000
4.000042	1.367617	1.126503	0.500000
5.302005	4.974327	0.641348	0.500000
2.005513	5.433014	1.434947	0.500000
7.063738	6.213739	1.776415	0.500000
7.671118	6.982947	0.989491	0.500000
7.874618	8.104856	0.548880	0.500000
7.756028	8.181080	1.998774	0.500000
1.170269	3.549938	1.845252	0.500000
5.013975	10.037315	1.509678	0.500000
2.453328	8.370852	1.904526	0.500000
5.581867	8.299028	1.804246	0.500000
4.859456	3.927644	0.561468	0.500000
6.402380	7.706826	1.998957	0.500000
9.453220	4.351597	0.507788	0.500000
1.857114	9.923515	0.527103	0.500000
7.310305	7.220983	1.977139	0.500000
8.521811	7.302983	0.508685	0.500000
1.763733	7.546263	1.969602	0.500000
3.192191	8.742173	1.297595	0.500000
6.264088	9.067310	1.961527	0.500000
2.697036	8.062028	0.722653	0.500000
6.389727	6.848549	1.354287	0.500000
6.708622	10.077670	1.998742	0.500000
6.962329	8.418426	1.412374	0.500000
9.626327	7.386260	1.997208	0.500000
1.810177	7.443927	0.530467	0.500000
1.127024	5.539059	1.953098	0.500000
8.297142	8.788581	1.275058	0.500000
1.712367	6.490835	1.838406	0.500000
3.439316	5.357561	1.107937	0.500000
6.817458	1.300027	0.822407	0.500000
6.234790	0.671254	1.374295	0.500000
6.076224	9.693020	1.201401	0.500000
0.203651	0.402926	1.548182	0.500000
3.636518	9.400698	0.591269	0.500000
5.306494	0.687550	1.998042	0.500000
0.367373	1.996777	0.573602	0.500000
2.398120	0.363464	1.980891	0.500000
3.529526	7.433447	0.772014	0.500000
1.526371	0.887814	0.844480	0.500000
2.447036	2.504524	0.521194	0.500000
0.734397	9.848165	1.095363	0.500000
4.472616	2.471181	0.513482	0.500000
9.548825	10.181527	1.670726	0.500000
6.781033	7.709729	0.530919	0.500000
7.638791	0.497844	1.610895	0.500000
9.015086	8.294213	0.662555	0.500000
0.483609	8.525588	1.994399	0.500000
3.571871	7.948569	1.836061	0.500000
9.962341	0.009982	0.755416	0.500000
3.355433	9.818801	1.761699	0.500000
7.312035	9.893546	1.158239	0.500000
1.969598	3.215663	1.085765	0.500000
7.521941	9.182103	1.844261	0.500000
5.516906	3.096969	0.870687	0.500000
5.734528	1.603341	1.985472	0.500000
8.451617	4.148867	0.560101	0.500000
1.269517	0.707167	1.837114	0.500000
0.038579	3.545247	1.569800	0.500000
0.741202	2.584060	1.965033	0.500000
3.561504	1.970554	1.919989	0.500000
3.618523	0.663385	0.525314	0.500000
9.226956	2.010635	1.900008	0.500000
7.458063	5.254831	1.977168	0.500000
9.708110	5.492620	0.977941	0.500000
9.395434	9.328579	0.515723	0.500000
7.677755	2.696921	1.941151	0.500000
8.359755	9.974353	1.852074	0.500000
3.142272	1.029693	1.880695	0.500000
1.537958	3.947906	0.530143	0.500000
4.548918	1.390200	1.983718	0.500000
3.911594	3.456777	1.949007	0.500000
5.036469	5.321722	1.943796	0.500000
6.441894	4.980006	1.674426	0.500000
8.032116	5.902182	0.629651	0.500000
8.671823	2.851048	1.955437	0.500000
9.261376	3.220137	0.554188	0.500000
7.452267	2.540034	0.539484	0.500000
0.538065	0.944985	0.505250	0.500000
1.066565	2.715062	1.015188	0.500000
5.055334	9.134347	1.999621	0.500000
3.836359	3.594093	0.587063	0.500000
3.318806	4.270700	1.271689	0.500000
4.554199	7.689194	1.919610	0.500000
9.582055	2.154584	0.590434	0.500000
1.014109	4.726291	1.127333	0.500000
0.352583	5.179303	0.504453	0.500000
6.894820	3.022632	1.356621	0.500000
2.256424	4.458611	1.006533	0.500000
4.671905	4.497077	1.380163	0.500000
2.901842	5.172162	1.950001	0.500000
6.079041	5.681559	0.517117	0.500000
2.648145	5.708024	0.577433	0.500000
8.784559	5.091374	0.619856	0.500000
9.902695	4.517542	1.459595	0.500000
8.776021	8.018414	1.729247	0.500000
9.038423	6.393147	1.042508	0.500000
8.228540	5.930294	1.841651	0.500000
10.206048	8.141297	0.618713	0.500000
4.074548	4.618195	0.568357	0.500000
5.805369	1.335249	0.609987	0.500000
3.474283	2.663741	0.798664	0.500000
0.619316	6.443678	1.951363	0.500000
4.489223	8.896744	1.074616	0.500000
7.966599	3.770936	1.961449	0.500000
6.610289	0.292768	0.516385	0.500000
6.303652	4.535328	0.725269	0.500000
5.054724	6.490060	0.521865	0.500000
0.290691	7.153179	0.549396	0.500000
1.682424	6.362705	0.720480	0.500000
3.878094	4.836779	1.960642	0.500000
5.477421	0.010404	0.502039	0.500000
5.879524	7.076687	0.517499	0.500000
4.476575	5.544144	0.793420	0.500000
5.848037	8.057919	0.841354	0.500000
10.209095	9.074433	1.204331	0.500000
6.784037	6.439053	0.527905	0.500000
1.082517	7.064445	1.267353	0.500000
3.782055	6.965327	1.904629	0.500000
4.390088	6.975801	1.100514	0.500000
1.500914	9.964931	1.940412	0.500000
3.008553	1.767334	1.110493	0.500000
9.095791	9.278098	1.775730	0.500000
2.334350	9.408922	1.805900	0.500000
9.693960	8.390238	1.932264	0.500000
9.623027	1.057833	1.900605	0.500000
8.592061	0.792374	1.726552	0.500000
1.469483	8.655376	1.868975	0.500000
1.092363	8.058923	1.077164	0.500000
2.600259	9.240592	0.515839	0.500000
4.001714	0.504771	1.703228	0.500000
6.351757	8.879947	0.549305	0.500000
6.872214	1.162921	1.984111	0.500000
7.891940	1.575192	0.590473	0.500000
5.294632	9.254399	0.551628	0.500000
8.939628	0.223283	0.722418	0.500000
0.273871	7.634342	1.466948	0.500000
