200

8.332639	0.664941	0.754500	0.500000
1.003637	9.682914	0.959175	0.500000
2.569706	6.251079	1.991066	0.500000
3.070790	0.677780	1.504456	0.500000
3.757309	8.373702	0.609664	0.500000
6.981345	8.958712	0.884000	0.500000
4.701733	0.230951	0.539289	0.500000
8.381798	1.493473	1.994540	0.500000
5.632404	2.208207	1.825188	0.500000
1.966966	9.237591	0.716833	0.500000
0.353242	9.229661	1.979351	0.500000
9.156827	4.049182	1.560311	0.500000
5.140206	0.868482	1.404036	0.500000
3.452789	2.840709	0.949726	0.500000
6.624340	2.497025	1.991566	0.500000
2.495684	0.850314	0.540159	0.500000
8.024539	2.447206	1.587715	0.500000
6.509380	3.244447	0.583304	0.500000
4.703737	1.676687	1.911828	0.500000
0.878323	1.924102	1.261832	0.500000
2.185583	2.304101	1.545246	0.500000
4.408649	3.223455	1.218111	0.500000
2.491500	3.161872	0.512099	0.500000
8.361811	9.928995	0.502298	0.500000
7.263810	4.903621	0.662069	0.500000
3.779791	5.887286	1.823813	0.500000
6.066596	4.467457	1.883737	0.500000
7.228251	4.359461	1.977701	0.500000
10.056014	1.112200	1.116647	0.500000
0.837376	3.687805	1.989137	0.500000
2.513387	3.282762	1.990111	0.500000
10.045821	1.709750	1.966463	0.500000
9.955242	3.030625	0.708938	0.500000
4.187426	2.535838	1.935301	0.500000
1.562571	1.786595	0.536035	0.500000
9.161923	1.179597	0.501551	0.500000
4.353129	7.533091	0.565245	0.500000
6.279312	2.291520	0.958426	0.500000
0.087157	4.033974	0.818994	0.500000
8.279317	4.934125	1.432830	0.500000
1.602294	1.535319	1.992041	0.500000
4.041249	9.040277	1.843939	0.500000
8.298259	3.031365	0.816586	0.500000
4.605588	3.885506	1.965618	0.500000
4.798447	5.861764	1.793807	0.500000
5.575054	3.241543	1.970531	0.500000
5.131621	7.218295	1.378407	0.500000
9.300756	6.510592	1.356281	0.500000
6.568850	6.009607	0.667683	0.500000
7.379160	3.796023	0.604486	0.500000
1.331685	5.591548	0.581285	0.500000
0.086636	6.315460	0.850265	0.500000
9.626182	2.722318	1.806109	0.500000
9.324546	5.107771	1.890762	0.500000
2.422250	6.853178	0.521733	0.500000
5.940094	6.570882	1.921745	0.500000
2.404156	7.266521	1.490692	0.500000
8.552655	6.893166	1.986328	0.500000
0.906964	6.056031	1.439102	0.500000
9.617184	6.967808	0.509727	0.500000
3.624809	6.338454	0.607434	0.500000
10.080923	5.790065	1.695601	0.500000
1.985027	4.431045	1.971342	0.500000
4.514303	1.218806	0.554885	0.500000
5.279241	4.802740	0.556661	0.500000
2.299351	5.026429	1.220682	0.500000
7.624447	6.527242	1.904474	0.500000
8.005489	7.545910	1.387184	0.500000
7.827892	8.041897	0.524420	0.500000
8.007740	8.471675	1.931582	0.500000
1.513347	2.919165	1.993613	0.500000
4.414473	10.020902	1.405870	0.500000
2.147160	8.526892	1.439292	0.500000
5.126812	8.073096	1.970455	0.500000
5.269506	3.999214	1.223415	0.500000
6.125114	7.737357	1.878914	0.500000
9.460241	4.639876	0.769046	0.500000
1.590258	0.171236	0.518517	0.500000
7.136097	8.090144	1.607073	0.500000
8.838368	7.726675	0.508978	0.500000
1.610948	7.850688	1.973867	0.500000
3.124391	9.212002	0.943735	0.500000
6.039466	8.554798	1.195598	0.500000
2.690586	8.286172	0.598480	0.500000
6.869719	7.091510	1.505768	0.500000
6.813391	0.009666	1.873801	0.500000
6.723210	8.917609	1.990590	0.500000
9.633016	7.289224	1.968941	0.500000
1.659568	7.801327	0.826041	0.500000
1.066829	4.835281	1.982736	0.500000
7.992071	8.988426	0.930301	0.500000
1.798547	5.557407	1.929880	0.500000
3.307574	4.879148	0.684127	0.500000
7.333109	0.825425	0.530742	0.500000
6.160211	0.624118	1.428257	0.500000
6.069700	9.567411	1.516451	0.500000
0.132935	0.154080	1.991423	0.500000
4.056912	9.443483	0.502186	0.500000
5.398062	10.195270	1.912876	0.500000
10.165160	2.013195	0.665462	0.500000
1.913465	0.407952	1.892386	0.500000
3.305182	7.302717	0.887855	0.500000
1.544931	0.966532	1.136944	0.500000
2.525467	2.135093	0.550312	0.500000
0.682210	0.377596	1.165861	0.500000
5.436242	1.718657	0.505006	0.500000
9.707770	9.620859	1.488379	0.500000
6.656157	7.883688	0.700186	0.500000
7.245646	0.931943	1.929548	0.500000
9.604643	8.441000	0.655414	0.500000
1.156962	8.711139	1.545965	0.500000
3.172860	8.086036	1.795463	0.500000
10.084687	0.266631	0.555716	0.500000
3.527961	10.040636	1.977545	0.500000
7.611805	10.218737	1.166922	0.500000
1.952615	3.643404	1.219387	0.500000
7.711987	9.484138	1.855535	0.500000
5.444296	2.887294	0.674143	0.500000
6.391735	1.502600	1.889884	0.500000
8.389043	4.536328	0.505549	0.500000
0.659189	1.106284	1.964071	0.500000
10.041820	3.699371	1.948011	0.500000
0.499344	2.718216	1.825513	0.500000
3.102247	2.468390	1.960163	0.500000
3.712384	0.129077	0.736521	0.500000
9.221870	1.644417	1.389814	0.500000
7.371201	5.548505	1.968338	0.500000
9.533046	5.723447	0.637648	0.500000
9.264410	9.414159	0.564967	0.500000
7.446998	3.194929	1.987362	0.500000
8.789237	9.882319	1.998932	0.500000
2.653990	1.460634	1.976948	0.500000
1.063980	3.697345	0.612186	0.500000
3.691109	1.658453	1.972348	0.500000
3.566785	3.513839	1.983525	0.500000
5.710513	5.429232	1.986005	0.500000
6.530450	5.286981	1.374924	0.500000
7.525085	5.929774	1.004274	0.500000
8.693257	3.209176	1.956231	0.500000
9.185330	3.699369	0.503490	0.500000
7.344253	2.577648	0.758813	0.500000
0.679711	1.191826	0.503502	0.500000
1.045280	2.652571	0.549831	0.500000
5.078850	9.231697	1.799523	0.500000
3.548347	3.804736	0.661704	0.500000
2.910820	4.095495	1.427482	0.500000
4.166759	7.805307	1.603502	0.500000
8.919053	2.224040	0.578816	0.500000
1.038703	4.651323	0.996396	0.500000
0.315653	5.275945	0.667684	0.500000
6.446934	3.519788	1.559931	0.500000
2.444659	4.263457	0.502458	0.500000
4.819931	4.819684	1.654418	0.500000
2.935289	4.949408	1.998705	0.500000
5.629191	5.863347	1.072709	0.500000
2.751187	5.861565	0.501483	0.500000
8.456874	5.686409	0.665652	0.500000
0.004284	4.792092	1.517825	0.500000
9.009814	7.992004	1.611075	0.500000
8.165258	6.750973	0.742276	0.500000
8.644537	5.847360	1.782648	0.500000
0.268929	7.678641	0.695569	0.500000
4.334850	4.439837	0.627690	0.500000
6.369364	1.302456	0.567437	0.500000
4.351968	2.200379	0.783048	0.500000
0.225368	6.725651	1.928513	0.500000
4.764403	8.562877	1.046858	0.500000
8.021292	3.822987	1.372511	0.500000
6.788524	10.181355	0.509538	0.500000
6.324726	4.288507	0.585407	0.500000
4.825164	6.331500	0.522499	0.500000
1.108188	6.951588	0.553956	0.500000
1.868053	6.273679	1.140338	0.500000
3.828334	4.515292	1.853882	0.500000
5.749938	0.409947	0.523752	0.500000
5.797814	6.790937	0.722961	0.500000
4.289698	5.439672	0.848995	0.500000
5.337863	7.909730	0.526811	0.500000
0.138650	9.079798	0.721325	0.500000
7.161756	6.851210	0.514725	0.500000
1.232252	6.841780	1.974403	0.500000
3.273551	7.010543	1.943493	0.500000
4.208186	6.691288	1.343114	0.500000
1.071107	10.046386	1.908814	0.500000
3.422655	1.297470	0.789653	0.500000
8.875337	9.027434	1.477357	0.500000
2.896460	9.091691	1.942991	0.500000
9.775996	8.531762	1.968373	0.500000
9.284132	0.638354	1.926066	0.500000
8.175295	0.461436	1.868552	0.500000
2.098458	9.652755	1.663150	0.500000
1.144455	8.638578	0.506995	0.500000
2.606482	10.147893	0.879904	0.500000
4.110935	0.663882	1.982420	0.500000
6.095968	9.305721	0.507391	0.500000
7.176725	1.735867	1.278697	0.500000
7.917168	1.682704	0.570326	0.500000
5.214439	9.634081	0.870773	0.500000
9.150258	0.134748	0.997428	0.500000
0.358587	7.941177	1.987875	0.500000
