400

7.847761	3.482417	3.715430	0.500000
2.675803	6.871906	1.795810	0.500000
8.852840	10.129942	0.842963	0.500000
3.152838	11.231917	2.103989	0.500000
6.303771	7.058849	3.779455	0.500000
9.345843	0.576800	0.527512	0.500000
9.869013	6.183235	3.503185	0.500000
2.395812	7.260724	2.899313	0.500000
0.546840	0.212768	2.804773	0.500000
2.167698	4.040194	0.743727	0.500000
10.575095	2.820601	3.833077	0.500000
5.729756	4.222117	2.039425	0.500000
1.886844	0.126561	1.199137	0.500000
10.556699	3.031291	2.482372	0.500000
2.536754	4.768802	3.548655	0.500000
11.299271	8.999532	2.674044	0.500000
6.792498	1.987679	2.698886	0.500000
10.762482	11.199702	1.728387	0.500000
2.802604	1.742214	3.713020	0.500000
6.388026	3.149288	1.599876	0.500000
1.339837	4.636939	2.875765	0.500000
3.294991	2.073818	0.537134	0.500000
3.623174	1.093175	2.346701	0.500000
9.808621	7.728767	2.588554	0.500000
3.488735	5.947637	1.641514	0.500000
7.706653	7.643151	3.840148	0.500000
1.488492	1.913998	0.510754	0.500000
2.115664	2.821225	2.452777	0.500000
8.699158	2.491361	2.562312	0.500000
11.516519	7.107683	1.006906	0.500000
10.076588	10.673452	0.544150	0.500000
9.966455	5.190773	3.989599	0.500000
7.372104	1.872275	3.759372	0.500000
3.567912	10.002376	2.460520	0.500000
0.535644	9.846743	0.597219	0.500000
2.567307	0.937142	1.818401	0.500000
0.643944	6.070267	0.612174	0.500000
1.860744	2.287751	3.757783	0.500000
6.917211	11.354328	3.885836	0.500000
7.832148	8.440921	2.854264	0.500000
11.028131	6.058828	0.818688	0.500000
4.055354	6.592625	0.560298	0.500000
0.190199	8.326828	3.411379	0.500000
11.411764	10.353691	1.177727	0.500000
7.855056	3.236971	0.532778	0.500000
9.600826	3.151860	2.860644	0.500000
10.539052	9.920271	3.983997	0.500000
3.428207	10.863085	0.807138	0.500000
3.781893	11.490524	3.942225	0.500000
4.063528	1.724437	3.025015	0.500000
5.922882	2.954852	2.657492	0.500000
3.008666	4.675245	0.622764	0.500000
4.928765	9.188492	0.649183	0.500000
5.067787	5.190065	3.063331	0.500000
0.571859	9.631194	3.955841	0.500000
9.939773	1.270577	0.951970	0.500000
0.940609	5.706374	3.095140	0.500000
9.120335	3.387861	3.858366	0.500000
3.802813	6.311116	3.975105	0.500000
8.718189	2.314809	3.967314	0.500000
3.160005	0.311251	0.736481	0.500000
6.819723	10.604873	3.059199	0.500000
9.284217	10.420532	3.524153	0.500000
9.624947	7.326845	1.566549	0.500000
1.545278	10.163028	2.797136	0.500000
8.385520	9.024847	0.566905	0.500000
10.782003	9.656678	0.672511	0.500000
8.542526	5.548893	1.879553	0.500000
0.059623	3.991006	0.510015	0.500000
5.604250	5.166380	3.951115	0.500000
10.624530	4.751926	2.901872	0.500000
8.356537	6.902533	0.970821	0.500000
3.672241	7.051112	1.386469	0.500000
3.695264	1.106927	3.818374	0.500000
2.356665	10.733995	2.611041	0.500000
4.378719	3.875079	2.648072	0.500000
9.847583	3.822497	1.569497	0.500000
7.819115	8.322702	1.766145	0.500000
3.031928	6.361920	0.738173	0.500000
2.568987	3.402186	1.693447	0.500000
7.626686	11.348897	2.664005	0.500000
10.339360	1.448025	3.031595	0.500000
1.959832	0.492321	3.069643	0.500000
0.991495	8.435589	1.600052	0.500000
7.497448	0.105498	1.703768	0.500000
7.320288	6.553936	0.564012	0.500000
2.839464	2.306558	1.405334	0.500000
9.779227	4.818761	1.055086	0.500000
10.897582	0.654074	1.395629	0.500000
2.767830	2.770896	3.306888	0.500000
0.787040	5.389602	1.548504	0.500000
8.476168	4.338031	3.896001	0.500000
10.520547	3.829711	3.533345	0.500000
2.902400	9.185494	1.743132	0.500000
3.130849	3.413183	0.533720	0.500000
4.825449	6.926658	1.453841	0.500000
0.716352	6.244512	2.149991	0.500000
7.659010	2.564762	3.041463	0.500000
9.409405	1.853742	1.861224	0.500000
8.847846	8.145405	3.955886	0.500000
8.476108	6.937928	2.707476	0.500000
0.727014	5.113972	3.953059	0.500000
7.744106	5.102189	2.337710	0.500000
7.041779	7.580366	1.484057	0.500000
8.770527	1.651417	0.598778	0.500000
11.393091	2.557085	0.517442	0.500000
5.330836	0.180659	2.218248	0.500000
8.815321	7.730316	2.160049	0.500000
7.656347	10.081167	3.843735	0.500000
5.702170	7.228513	0.808001	0.500000
3.326913	3.872583	2.904048	0.500000
6.663029	10.117108	3.957938	0.500000
7.632767	2.033299	2.083903	0.500000
6.333381	10.432912	1.761070	0.500000
5.954272	5.635770	1.315913	0.500000
9.950222	9.915490	2.833412	0.500000
4.159659	1.434390	0.631475	0.500000
2.178068	10.869968	3.728917	0.500000
3.780954	5.358079	0.526754	0.500000
2.792634	0.344312	3.946492	0.500000
10.084931	1.020439	3.930904	0.500000
1.663738	1.825157	2.002280	0.500000
0.568543	1.821176	1.064465	0.500000
6.141510	10.771290	0.801661	0.500000
4.822086	0.408882	3.913681	0.500000
10.714553	10.583163	2.889784	0.500000
4.636558	8.435634	3.058457	0.500000
8.673659	8.122985	1.082055	0.500000
10.558601	4.516603	1.902012	0.500000
1.925274	1.242571	3.823033	0.500000
1.230314	7.636779	2.643787	0.500000
10.778847	5.757440	3.689612	0.500000
3.624704	3.700428	1.523961	0.500000
8.861435	5.484776	0.503409	0.500000
11.290978	5.970760	1.854471	0.500000
6.051914	6.098509	3.592275	0.500000
0.777952	2.673830	1.636985	0.500000
3.757672	7.885296	0.583698	0.500000
4.817524	8.010906	0.575829	0.500000
6.041942	2.092350	0.561689	0.500000
3.875798	4.805767	3.419710	0.500000
4.972734	4.978423	1.309335	0.500000
2.900118	0.895837	3.092212	0.500000
3.393040	1.386937	1.351532	0.500000
11.471374	1.856235	3.783952	0.500000
10.811014	1.857956	0.952714	0.500000
1.106564	10.905510	0.867929	0.500000
1.555490	5.418269	0.875447	0.500000
3.814976	8.923228	2.697066	0.500000
3.852958	3.014266	2.994227	0.500000
10.569653	2.047941	1.988405	0.500000
5.006232	0.840073	0.771939	0.500000
0.319924	7.250035	3.854750	0.500000
4.765686	10.371361	2.459626	0.500000
11.195549	8.742346	1.557863	0.500000
4.646164	5.820944	1.752542	0.500000
5.932650	8.321843	3.965024	0.500000
1.724089	5.218185	3.936799	0.500000
4.266665	5.057504	2.345682	0.500000
4.864888	2.033331	2.392360	0.500000
9.699266	4.219365	3.979897	0.500000
10.527695	7.787453	1.605762	0.500000
7.977656	0.174483	3.910812	0.500000
6.632619	5.185615	3.700132	0.500000
10.748209	4.584272	0.652883	0.500000
9.047439	8.976935	2.904234	0.500000
5.106754	1.607194	3.441718	0.500000
9.747867	2.049736	3.860511	0.500000
8.739136	4.201840	0.563738	0.500000
7.499549	6.834413	3.133517	0.500000
0.396318	8.507622	0.786511	0.500000
5.514420	5.306513	2.160192	0.500000
10.931627	3.504188	1.216674	0.500000
3.802441	8.163711	1.760351	0.500000
10.284345	8.802552	2.237974	0.500000
4.605934	2.848964	3.817950	0.500000
1.530500	7.833871	3.869798	0.500000
9.136847	4.597861	1.795563	0.500000
4.627930	11.192617	3.081063	0.500000
5.300077	6.223223	2.562796	0.500000
8.540897	10.508866	1.756591	0.500000
5.773572	5.045911	0.501868	0.500000
4.701199	1.321903	1.676292	0.500000
8.215069	4.280591	1.546629	0.500000
6.788848	5.465813	0.646067	0.500000
8.169600	2.765210	1.409251	0.500000
10.141667	10.838602	3.966684	0.500000
1.322823	4.394311	1.362572	0.500000
7.854972	2.116296	0.655902	0.500000
0.999110	1.236453	3.337163	0.500000
9.908937	11.488155	2.830248	0.500000
6.050857	1.196833	1.067217	0.500000
6.797167	8.642397	3.466752	0.500000
9.153114	8.717913	1.871355	0.500000
0.629491	9.381527	1.588253	0.500000
10.939903	2.287318	3.036444	0.500000
9.845143	4.113128	2.657426	0.500000
3.447978	9.865557	0.624864	0.500000
4.542534	11.214308	0.623600	0.500000
0.244724	4.212205	3.947181	0.500000
6.749354	4.989965	2.030789	0.500000
2.234289	1.843678	2.884059	0.500000
9.794901	11.051899	1.513124	0.500000
0.784021	2.371838	3.990435	0.500000
10.774194	0.493280	2.744373	0.500000
10.581163	7.021694	0.514349	0.500000
0.519228	9.668699	2.937603	0.500000
3.428126	3.737203	3.927689	0.500000
5.761147	0.428177	3.489841	0.500000
2.616366	9.457091	2.713259	0.500000
2.703706	7.354011	0.852827	0.500000
3.631281	6.704946	2.335967	0.500000
0.216241	0.007479	0.519308	0.500000
1.292618	2.827601	3.107283	0.500000
0.978073	3.447324	0.836453	0.500000
8.930458	2.823068	0.534787	0.500000
10.533372	6.669318	1.765899	0.500000
4.570183	7.620814	3.669998	0.500000
7.822387	5.780304	3.756112	0.500000
4.142143	6.013403	2.874013	0.500000
6.693840	3.939220	2.438296	0.500000
9.507345	5.760596	1.337023	0.500000
6.479636	0.986538	2.811026	0.500000
9.714553	2.167354	0.513438	0.500000
2.197745	9.007360	3.892811	0.500000
5.713575	10.554603	2.819460	0.500000
5.858406	1.868039	2.307699	0.500000
9.292790	7.104889	0.608559	0.500000
7.846275	10.281057	0.933358	0.500000
2.962259	5.620976	3.853681	0.500000
2.232925	4.136422	2.747657	0.500000
1.476215	7.095909	1.584468	0.500000
6.180773	6.256597	0.542832	0.500000
0.303491	0.987664	1.664778	0.500000
4.782541	7.745044	2.308359	0.500000
7.264408	9.282569	1.503302	0.500000
9.573238	9.424636	3.655153	0.500000
2.373774	5.489769	1.528291	0.500000
0.293942	2.758087	2.702610	0.500000
1.662446	9.206353	2.488065	0.500000
0.220234	6.833426	2.883857	0.500000
9.842543	8.582298	1.038097	0.500000
0.116886	10.636928	3.277806	0.500000
5.339204	2.242547	1.502781	0.500000
6.738679	8.430111	0.819402	0.500000
4.724075	10.368995	3.964076	0.500000
5.606396	7.333954	2.752405	0.500000
1.553975	7.854485	0.702328	0.500000
4.423489	5.510423	3.901567	0.500000
4.993384	6.228786	0.570213	0.500000
4.445467	9.637293	1.814479	0.500000
11.081218	7.633796	3.071911	0.500000
1.415184	3.417441	2.050492	0.500000
5.771600	8.379409	0.543072	0.500000
9.671164	3.760855	0.549999	0.500000
9.239079	0.086171	3.990306	0.500000
10.360066	5.545371	1.841100	0.500000
4.368904	2.506937	0.618866	0.500000
10.875875	9.777141	2.032779	0.500000
9.419737	9.337156	0.519221	0.500000
10.083692	5.727377	0.509306	0.500000
5.186772	6.664556	3.488142	0.500000
8.193080	9.368037	2.033555	0.500000
8.934622	0.128154	1.917383	0.500000
8.958970	5.860093	3.989555	0.500000
6.708905	2.174759	1.491906	0.500000
11.127291	9.111208	3.807012	0.500000
6.359151	1.647248	3.622953	0.500000
9.132381	4.785462	3.241027	0.500000
4.752181	3.063470	2.085298	0.500000
0.233866	4.373152	1.692776	0.500000
7.866720	0.154667	0.745170	0.500000
5.592691	2.402666	3.893479	0.500000
7.310979	3.171571	2.245134	0.500000
8.202269	4.313722	2.838823	0.500000
4.601444	9.242589	3.661189	0.500000
5.426065	3.721992	3.184670	0.500000
10.017161	9.458612	1.527198	0.500000
2.226841	7.807316	1.911408	0.500000
0.543346	10.615749	2.112037	0.500000
3.972453	4.316880	0.520999	0.500000
6.917884	0.828088	3.874585	0.500000
11.220161	11.225451	3.969246	0.500000
4.648040	3.425127	1.121541	0.500000
5.833840	11.044933	3.942199	0.500000
7.257402	9.403387	2.995612	0.500000
2.029514	6.402242	1.107453	0.500000
7.962691	7.311571	1.821897	0.500000
8.186357	9.933312	2.947680	0.500000
1.996798	8.240125	2.960128	0.500000
6.433909	6.661144	2.761819	0.500000
8.703939	3.687369	2.234651	0.500000
9.468145	6.246311	2.503900	0.500000
0.451404	7.388316	2.050032	0.500000
7.075448	10.988811	0.509278	0.500000
5.298868	9.630621	2.877822	0.500000
5.378490	10.966915	1.420762	0.500000
0.930051	7.068507	0.652544	0.500000
6.303012	3.844358	3.986051	0.500000
8.332332	6.827483	3.920099	0.500000
10.367693	6.768637	2.836364	0.500000
3.876119	2.511974	1.559992	0.500000
9.658447	7.146080	3.862698	0.500000
9.604420	5.218785	2.471796	0.500000
3.183836	6.976870	3.503083	0.500000
9.237475	9.863891	2.113472	0.500000
6.539013	0.342213	0.530412	0.500000
3.685315	7.911928	3.287945	0.500000
10.632386	8.178543	3.879521	0.500000
5.554317	3.000705	0.571273	0.500000
7.185929	4.130501	1.547595	0.500000
11.383270	1.338334	2.539641	0.500000
3.414453	9.033024	3.953023	0.500000
9.702837	8.395850	3.482640	0.500000
1.762513	10.408417	1.805221	0.500000
0.050511	0.703137	3.676013	0.500000
6.650143	4.173738	0.684017	0.500000
8.909124	1.431587	2.708720	0.500000
9.980276	0.966506	1.979085	0.500000
0.038363	1.113358	0.511759	0.500000
5.648909	9.389313	1.692051	0.500000
7.846762	5.275912	0.613186	0.500000
7.840417	6.194501	2.317162	0.500000
6.399161	9.613996	2.410749	0.500000
0.355515	6.202598	3.916288	0.500000
3.989215	10.699941	1.780237	0.500000
1.460663	0.753364	1.991414	0.500000
4.540569	3.902995	3.691412	0.500000
7.388576	10.377776	1.819871	0.500000
1.680984	6.649649	2.477012	0.500000
6.817667	3.096359	3.426146	0.500000
6.320630	0.012899	2.619722	0.500000
1.578660	5.626117	2.212561	0.500000
8.810806	1.027302	3.743747	0.500000
1.179577	6.935140	3.368881	0.500000
0.148457	4.867146	3.092315	0.500000
6.064120	9.348237	3.506097	0.500000
6.851833	2.703926	0.639781	0.500000
2.079423	10.819022	0.581642	0.500000
5.982888	4.590187	3.092207	0.500000
1.491449	8.972521	0.587403	0.500000
5.791286	8.488748	2.894003	0.500000
3.773309	0.257755	2.913508	0.500000
4.792636	8.708910	1.517318	0.500000
6.356944	0.095037	1.576133	0.500000
7.708406	8.279528	0.578708	0.500000
7.697334	9.048782	3.980435	0.500000
6.165778	7.126746	1.750162	0.500000
4.402986	10.143000	0.788915	0.500000
0.711187	4.912576	0.670623	0.500000
6.120601	9.554838	0.764472	0.500000
1.517870	9.953094	3.790134	0.500000
1.054943	10.856217	3.684100	0.500000
7.328789	5.744079	1.497293	0.500000
0.746318	1.867700	2.505283	0.500000
7.415195	9.307012	0.507730	0.500000
0.704917	3.792818	3.033630	0.500000
6.715581	8.580915	2.393675	0.500000
4.110386	0.228220	1.399250	0.500000
2.935545	10.318998	1.493099	0.500000
3.682694	9.955053	3.566581	0.500000
2.375048	3.525322	3.968044	0.500000
1.144830	0.347064	3.935915	0.500000
10.828003	8.215027	0.522641	0.500000
2.096698	6.205632	3.519827	0.500000
6.743860	1.156380	1.852151	0.500000
8.070078	0.909404	2.897608	0.500000
11.398303	3.598032	2.366613	0.500000
0.202297	3.237137	3.703717	0.500000
1.437789	3.877392	3.810403	0.500000
3.821608	8.967455	0.874031	0.500000
10.280299	0.153127	0.785146	0.500000
2.571098	9.950035	3.991912	0.500000
1.267649	8.805422	3.436879	0.500000
8.926859	11.179533	0.806834	0.500000
10.821800	6.859029	3.937144	0.500000
3.785836	4.808880	1.458488	0.500000
2.218355	1.277072	0.770755	0.500000
5.470072	4.086929	1.037879	0.500000
2.743653	7.925558	3.827174	0.500000
2.849505	8.635608	0.851529	0.500000
5.806679	8.203855	1.658488	0.500000
2.305674	9.681812	0.622565	0.500000
8.331443	1.509832	1.529036	0.500000
3.762122	2.177184	3.961603	0.500000
2.950381	8.237766	2.491314	0.500000
8.666049	5.736737	2.969856	0.500000
2.482935	5.230577	2.617190	0.500000
8.856611	0.112318	2.936928	0.500000
3.097821	2.285312	2.434936	0.500000
0.771567	0.030290	1.825861	0.500000
6.786049	5.689222	2.761608	0.500000
4.795909	0.946629	2.682042	0.500000
7.018073	1.330716	0.818142	0.500000
9.953674	2.757938	1.384021	0.500000
6.678218	7.707511	3.090882	0.500000
1.230165	0.861111	0.772078	0.500000
3.145194	10.785447	3.380393	0.500000
6.707808	7.345838	0.560622	0.500000
2.687087	6.254649	2.713172	0.500000
