200

6.514346	1.574943	1.456564	0.500000
2.710562	1.183630	1.357580	0.500000
4.558873	3.413601	1.320080	0.500000
9.344380	5.470892	0.581748	0.500000
8.704781	8.473196	0.536233	0.500000
4.593824	8.638587	0.680548	0.500000
2.231918	10.936040	1.839438	0.500000
10.801669	10.297993	0.738774	0.500000
10.315989	0.959448	1.269464	0.500000
8.150479	6.098102	1.536081	0.500000
0.608136	7.510420	0.918926	0.500000
10.130793	7.624826	0.603005	0.500000
6.453527	4.612730	0.625923	0.500000
2.260243	9.026054	0.587086	0.500000
8.606088	0.195759	1.486573	0.500000
4.095548	1.710994	1.760677	0.500000
8.009114	9.529728	0.618896	0.500000
3.588233	9.159233	0.519446	0.500000
9.877034	6.859474	1.964561	0.500000
9.640844	4.181361	0.620753	0.500000
8.161669	4.348571	1.989016	0.500000
1.822289	1.693599	1.997639	0.500000
3.525727	3.510553	0.514389	0.500000
2.570233	0.021606	0.889110	0.500000
7.344311	5.620194	1.946693	0.500000
6.931582	4.695091	1.655017	0.500000
7.263793	2.228260	1.979075	0.500000
2.929024	9.957597	0.736124	0.500000
3.818344	10.692760	0.594450	0.500000
9.866180	7.887184	1.687494	0.500000
3.231014	1.869425	0.605179	0.500000
0.073135	7.060768	1.931199	0.500000
3.145544	10.112112	1.908409	0.500000
0.679148	4.781604	0.519731	0.500000
8.631019	6.393873	0.532658	0.500000
8.896120	10.469048	0.585362	0.500000
9.876645	2.156170	0.750251	0.500000
5.190075	4.260604	0.658556	0.500000
10.041738	8.929850	1.873647	0.500000
6.376529	1.127596	0.517263	0.500000
10.171764	1.872293	1.779997	0.500000
0.142106	5.969798	0.531686	0.500000
2.124202	1.462024	0.513558	0.500000
3.981563	6.939975	1.890125	0.500000
0.107392	1.311415	1.910967	0.500000
10.354246	10.024754	1.872070	0.500000
1.893869	4.850335	1.840684	0.500000
7.534890	2.880068	0.953703	0.500000
5.194121	10.674992	0.523210	0.500000
5.157849	4.659156	1.979452	0.500000
1.109258	10.446897	0.506891	0.500000
8.758049	7.453243	0.884904	0.500000
0.983364	0.181246	1.383214	0.500000
8.190924	3.273684	1.978203	0.500000
10.247792	3.092814	0.595232	0.500000
10.856943	8.132786	1.971638	0.500000
4.415809	5.428559	1.994675	0.500000
8.671357	3.562307	0.766502	0.500000
1.959082	7.935181	0.532361	0.500000
5.554426	5.514191	0.570564	0.500000
9.612543	6.741653	0.660385	0.500000
10.281767	5.868521	1.802172	0.500000
2.751489	8.129536	1.616302	0.500000
8.640500	8.109627	1.753831	0.500000
6.643296	8.754814	1.982203	0.500000
1.932621	5.936561	1.880485	0.500000
6.868310	5.660090	0.538649	0.500000
3.926100	7.725936	0.589035	0.500000
9.229719	3.891343	1.936051	0.500000
6.314183	0.736650	1.989490	0.500000
1.486939	0.697753	0.672437	0.500000
0.603510	9.619565	0.887241	0.500000
6.116000	6.118477	1.195329	0.500000
2.804902	6.526651	0.529010	0.500000
5.873324	4.043612	1.356848	0.500000
4.305471	1.023298	0.530341	0.500000
5.987384	10.358587	1.082500	0.500000
1.658793	4.616914	0.678368	0.500000
0.105007	9.275131	1.878257	0.500000
8.579795	7.034737	1.843856	0.500000
2.789634	4.388923	0.583823	0.500000
0.449922	10.284294	1.837361	0.500000
8.104665	5.383050	0.680401	0.500000
8.333591	9.088142	1.981578	0.500000
2.925404	5.862942	1.487674	0.500000
5.188756	1.178387	1.954396	0.500000
2.240268	9.509359	1.987232	0.500000
6.142891	7.097376	0.740808	0.500000
9.141642	10.349227	1.912803	0.500000
10.416650	9.256330	0.566407	0.500000
3.194662	9.201947	1.490781	0.500000
2.873796	2.319087	1.747577	0.500000
0.517900	2.254325	1.927524	0.500000
6.550678	3.254698	0.971509	0.500000
8.199950	1.999856	0.544062	0.500000
7.443596	4.359206	0.549350	0.500000
7.377965	8.491185	0.539857	0.500000
8.798328	4.671220	0.898784	0.500000
0.342405	2.326368	0.501999	0.500000
9.013003	1.317104	1.849660	0.500000
7.726500	10.907804	0.818574	0.500000
10.705954	2.687359	1.400932	0.500000
5.207974	10.906989	1.874002	0.500000
4.587083	5.460932	0.952681	0.500000
1.052771	0.988823	1.972689	0.500000
2.993712	8.232286	0.623748	0.500000
1.992827	7.467486	1.976430	0.500000
0.994366	5.339793	1.974322	0.500000
5.308941	9.424579	0.511228	0.500000
3.514281	0.611976	1.969706	0.500000
6.400561	7.078182	1.791056	0.500000
1.746368	9.967329	1.190858	0.500000
5.546405	3.260494	0.716992	0.500000
5.893495	8.035975	1.998199	0.500000
1.920140	3.500391	0.860238	0.500000
3.851791	2.991968	1.927548	0.500000
4.308672	9.057467	1.846431	0.500000
6.151140	8.322642	0.696617	0.500000
8.033076	0.992490	1.928527	0.500000
4.119755	10.444445	1.796724	0.500000
1.598630	3.651901	1.929106	0.500000
2.736536	2.810433	0.713901	0.500000
7.184226	2.003276	0.617200	0.500000
6.712102	0.044388	0.667803	0.500000
9.621810	0.424664	1.880218	0.500000
1.269867	5.533500	0.812716	0.500000
9.048157	2.306220	1.994696	0.500000
7.713856	7.434119	0.977799	0.500000
1.109822	9.497537	1.828725	0.500000
1.837029	8.561499	1.980070	0.500000
4.040078	2.689381	0.855829	0.500000
8.149783	1.930035	1.594613	0.500000
4.999028	2.240755	1.856069	0.500000
5.523474	8.906339	1.425369	0.500000
0.611529	3.260084	1.806837	0.500000
10.925644	4.952623	1.837251	0.500000
5.043270	7.741908	0.525937	0.500000
9.806175	0.131716	0.579309	0.500000
10.723905	6.853975	0.877055	0.500000
5.402097	3.393404	1.977913	0.500000
7.332883	6.725664	1.989636	0.500000
9.815366	10.106168	0.894927	0.500000
0.104125	1.346357	0.587874	0.500000
4.917164	8.192763	1.819343	0.500000
6.054081	9.774917	1.911176	0.500000
0.081111	0.342995	0.577004	0.500000
2.719156	3.579522	1.580466	0.500000
5.071415	9.802435	1.486647	0.500000
0.981546	4.270880	1.367929	0.500000
9.676954	2.963146	1.549074	0.500000
4.896517	2.133206	0.695665	0.500000
2.691176	6.746757	1.940215	0.500000
1.055693	6.607584	0.760934	0.500000
2.262445	5.489112	0.530642	0.500000
6.352604	2.853940	1.935067	0.500000
8.927849	2.614582	0.963955	0.500000
5.123324	6.572151	0.560856	0.500000
8.946466	5.075676	1.856477	0.500000
1.087279	1.636924	0.506696	0.500000
4.132379	4.457222	1.813398	0.500000
7.866173	1.050332	0.559171	0.500000
1.752590	2.655275	1.530298	0.500000
5.352651	7.267244	1.585640	0.500000
3.105080	4.600795	1.732156	0.500000
10.578902	3.674572	1.541390	0.500000
0.330524	6.025095	1.653009	0.500000
3.159158	7.312294	1.091231	0.500000
0.926092	8.205552	1.664647	0.500000
7.541734	8.034335	1.852590	0.500000
9.719720	8.521558	0.784906	0.500000
7.185003	0.747493	1.356117	0.500000
3.948917	6.507186	0.523594	0.500000
9.164593	6.203966	1.625523	0.500000
5.960495	2.357196	0.552744	0.500000
6.137639	5.352431	1.989925	0.500000
3.850117	8.200169	1.510511	0.500000
9.927776	4.586873	1.508252	0.500000
0.781533	3.581863	0.502392	0.500000
4.085475	4.375436	0.620614	0.500000
1.190738	6.645049	1.890071	0.500000
0.102528	8.315822	0.534088	0.500000
3.235154	0.803421	0.509725	0.500000
1.453283	2.606933	0.510235	0.500000
3.328880	5.281285	0.596991	0.500000
6.641789	9.237744	0.885424	0.500000
8.100446	10.042404	1.579135	0.500000
10.656459	4.252529	0.529414	0.500000
8.897923	9.394429	1.193902	0.500000
6.856868	10.580620	1.630900	0.500000
5.331967	5.990538	1.916472	0.500000
1.942391	6.868703	1.163826	0.500000
5.384614	0.993003	0.925510	0.500000
7.619385	6.433383	0.615948	0.500000
10.698766	0.129824	1.838777	0.500000
9.082665	0.930809	0.625430	0.500000
10.319204	5.379459	0.820394	0.500000
7.153890	3.573359	1.833387	0.500000
7.496933	9.220363	1.431971	0.500000
4.352056	9.830028	0.536707	0.500000
1.290135	8.739575	0.897533	0.500000
