200

4.075245	4.981399	0.845274	0.500000
2.007175	8.626388	1.990792	0.500000
2.271865	2.519087	0.581238	0.500000
1.602863	5.091972	1.775167	0.500000
5.537115	0.108231	1.904967	0.500000
3.884401	6.011582	0.679478	0.500000
3.159051	1.480602	1.948156	0.500000
5.183522	9.740121	0.714917	0.500000
6.813330	2.761256	0.525378	0.500000
7.321362	7.283776	0.580332	0.500000
7.988665	4.569248	1.048489	0.500000
0.187170	7.767652	1.999326	0.500000
10.691557	6.678159	0.567500	0.500000
2.963591	10.020298	0.615178	0.500000
10.224570	1.331923	1.808329	0.500000
0.146427	8.578212	0.900613	0.500000
4.998828	0.106457	0.503405	0.500000
8.130197	5.923202	0.504013	0.500000
0.724494	5.755957	1.694872	0.500000
9.931821	6.148946	1.986061	0.500000
6.369438	4.562451	0.769393	0.500000
10.813343	0.466493	1.395772	0.500000
1.732981	4.088807	1.781600	0.500000
10.549698	3.754685	1.901901	0.500000
5.544859	7.805682	0.856986	0.500000
6.707397	6.979438	1.728254	0.500000
10.117616	2.721628	0.538683	0.500000
4.357369	8.954332	1.968245	0.500000
1.700044	10.500095	0.735442	0.500000
9.254383	9.063123	1.688992	0.500000
1.380181	0.918464	1.980852	0.500000
7.560443	2.271464	1.854720	0.500000
9.931945	0.059359	1.832703	0.500000
4.887074	5.527870	0.571251	0.500000
2.145857	9.457912	1.445785	0.500000
4.862932	9.943334	1.832057	0.500000
4.329642	2.321629	0.754683	0.500000
0.508701	4.253341	0.587416	0.500000
8.348877	5.973370	1.542901	0.500000
8.644880	2.780838	0.924154	0.500000
0.038239	9.165739	1.829422	0.500000
8.446544	7.808327	0.503339	0.500000
4.127844	2.248917	1.854946	0.500000
3.858702	6.506005	1.929450	0.500000
4.273878	0.828843	0.517069	0.500000
9.381226	9.689250	0.632723	0.500000
5.223298	1.536243	1.983527	0.500000
5.232378	4.200693	1.930307	0.500000
4.639197	10.928277	1.458352	0.500000
6.078827	1.145277	1.594763	0.500000
1.237678	5.470905	0.597819	0.500000
8.302888	0.315384	0.501484	0.500000
10.639271	2.036853	1.168803	0.500000
10.155225	8.594966	1.740504	0.500000
6.750713	1.835195	1.107711	0.500000
6.209607	6.472849	0.543358	0.500000
4.881061	6.074116	1.981413	0.500000
0.839476	6.362983	0.893323	0.500000
7.682794	6.624451	1.997147	0.500000
6.147188	5.550389	1.014268	0.500000
9.699543	7.027726	0.503350	0.500000
4.917166	6.737130	0.712408	0.500000
3.792604	10.865615	0.664233	0.500000
0.578578	7.355573	1.047116	0.500000
1.994024	1.929797	1.940429	0.500000
3.418604	5.559267	1.601015	0.500000
2.508025	4.749236	1.483659	0.500000
4.673269	8.872460	0.517132	0.500000
7.190165	5.246656	0.512807	0.500000
7.487691	8.397499	0.685427	0.500000
4.183808	3.979990	0.903125	0.500000
9.999558	7.082247	1.589799	0.500000
4.645600	3.340510	1.856421	0.500000
6.074463	3.563614	0.654106	0.500000
10.250629	1.318655	0.535277	0.500000
4.667327	7.281756	1.592340	0.500000
8.519032	10.206907	0.516178	0.500000
1.411461	8.212766	0.668030	0.500000
7.070988	1.340348	1.986645	0.500000
9.908236	3.777475	0.826275	0.500000
3.718447	3.253732	1.439754	0.500000
2.941454	9.963692	1.860972	0.500000
7.542409	5.511507	1.961959	0.500000
3.900806	10.460893	1.998577	0.500000
1.245655	7.770196	1.792600	0.500000
2.918840	5.581250	0.537017	0.500000
10.148400	5.530372	0.866600	0.500000
7.077131	9.127442	1.694268	0.500000
7.325409	4.465090	1.862233	0.500000
2.068198	10.575173	1.681552	0.500000
4.043614	9.845292	0.722057	0.500000
9.373479	0.296896	0.544583	0.500000
7.305694	0.024843	0.640287	0.500000
4.288525	1.106937	1.980447	0.500000
7.363624	9.597545	0.647460	0.500000
8.675749	4.381154	1.927546	0.500000
9.542615	9.977221	1.988617	0.500000
0.213093	9.539658	0.555676	0.500000
7.277124	6.245308	1.092312	0.500000
9.415176	4.881969	0.516513	0.500000
7.239016	3.950115	0.666744	0.500000
3.159776	3.023895	0.567497	0.500000
9.293479	8.321513	0.997424	0.500000
5.011616	3.380069	0.898707	0.500000
2.364965	3.673547	0.613036	0.500000
9.405825	5.253487	1.888906	0.500000
2.424681	3.365521	1.683429	0.500000
10.554859	10.096026	1.950416	0.500000
5.206046	4.503224	0.675160	0.500000
2.000320	6.038232	1.126983	0.500000
6.249274	8.568975	1.998914	0.500000
10.626352	5.319774	1.949670	0.500000
2.573469	0.499192	1.912616	0.500000
6.017407	2.189920	1.853843	0.500000
0.745305	0.631164	0.906044	0.500000
5.707300	2.531878	0.572228	0.500000
7.946728	8.562046	1.673575	0.500000
10.229499	2.617611	1.889654	0.500000
7.548474	0.978744	0.977993	0.500000
0.306694	2.779554	1.800268	0.500000
8.980924	6.754689	1.550153	0.500000
5.144035	5.103741	1.480408	0.500000
7.783954	2.057491	0.829897	0.500000
8.355762	9.529397	1.739784	0.500000
10.540359	7.720164	1.025311	0.500000
1.542617	6.704686	1.740722	0.500000
1.548856	2.935490	1.934085	0.500000
6.636629	0.800724	0.568523	0.500000
2.817556	7.841745	1.510271	0.500000
6.229573	9.246334	1.091450	0.500000
3.717804	7.068868	1.085805	0.500000
7.924977	3.576982	1.983248	0.500000
5.978755	0.099882	0.895493	0.500000
3.311238	8.725370	1.951098	0.500000
6.642990	0.027322	1.766772	0.500000
0.378244	6.685677	1.864580	0.500000
3.886100	7.907190	1.761028	0.500000
5.241476	1.324767	0.663936	0.500000
2.434733	0.240492	0.877596	0.500000
0.363785	1.383048	1.610193	0.500000
9.479717	1.929576	0.914295	0.500000
9.081305	0.691115	1.776962	0.500000
9.467349	3.294075	1.642633	0.500000
6.589606	8.014111	1.097212	0.500000
8.436147	8.937906	0.773413	0.500000
5.285786	8.037816	1.997418	0.500000
3.072122	4.445324	0.573929	0.500000
8.565273	1.187301	1.026038	0.500000
1.669695	0.854042	0.511061	0.500000
1.430163	2.145435	1.139001	0.500000
4.112478	4.534651	1.952320	0.500000
0.252012	10.577648	0.950908	0.500000
4.295795	7.716223	0.582531	0.500000
6.485655	5.295290	1.920991	0.500000
0.106717	3.331431	0.664236	0.500000
0.737377	3.683484	1.941941	0.500000
1.153544	9.898117	1.859781	0.500000
8.848876	7.930204	1.826557	0.500000
10.390429	0.091764	0.550638	0.500000
2.493999	5.746341	1.975678	0.500000
8.105503	1.322090	1.999581	0.500000
3.687222	8.818283	1.017020	0.500000
7.388613	10.294214	1.475257	0.500000
3.135989	8.088765	0.511679	0.500000
3.402819	1.896787	0.708920	0.500000
3.266537	0.888640	0.608615	0.500000
7.266589	7.874278	1.976097	0.500000
10.289761	9.569024	1.073148	0.500000
8.813344	2.594151	1.931037	0.500000
0.221031	5.376253	0.667157	0.500000
0.778955	2.600092	0.518256	0.500000
6.784736	2.906168	1.794149	0.500000
8.112331	7.286082	1.290428	0.500000
9.693990	4.276515	1.691585	0.500000
8.767438	10.445460	1.512401	0.500000
6.361388	10.093405	0.502950	0.500000
0.853111	10.890611	1.823604	0.500000
8.806151	3.846878	0.913927	0.500000
3.189494	4.008044	1.851690	0.500000
1.310693	3.674500	0.900225	0.500000
8.112941	0.314882	1.517910	0.500000
2.882891	2.419731	1.473044	0.500000
5.820554	3.190940	1.628119	0.500000
2.333588	8.575408	1.001231	0.500000
9.213500	6.125261	0.695843	0.500000
1.693331	7.272682	0.870763	0.500000
1.814908	4.614834	0.528140	0.500000
2.700212	6.573404	0.589749	0.500000
6.339271	4.291535	1.778624	0.500000
0.655036	4.665963	1.706165	0.500000
2.841873	6.706579	1.582232	0.500000
5.929649	10.068305	1.980196	0.500000
5.117875	2.497839	1.386280	0.500000
3.554276	0.471540	1.630135	0.500000
0.476856	1.616763	0.504914	0.500000
10.563415	4.477942	1.159465	0.500000
2.532807	1.467869	1.087247	0.500000
1.078324	8.756586	1.643828	0.500000
5.657653	6.627786	1.544135	0.500000
1.516696	9.517925	0.614111	0.500000
