200

3.742260	4.941336	1.957215	0.500000
2.490692	8.769451	1.762282	0.500000
1.821607	4.538908	0.593574	0.500000
3.882348	1.396671	1.864150	0.500000
6.801939	1.359138	1.999686	0.500000
4.509551	5.632662	1.239726	0.500000
0.601205	0.189425	1.991148	0.500000
6.946452	10.661147	1.540915	0.500000
6.116109	0.807986	1.396222	0.500000
6.400329	6.938504	0.506020	0.500000
6.528992	3.554938	1.506771	0.500000
8.210413	8.155075	1.167351	0.500000
9.637656	7.299625	1.955453	0.500000
0.557250	7.065361	0.506567	0.500000
9.693520	1.070933	1.975299	0.500000
1.473142	9.004565	1.800291	0.500000
4.846057	1.973783	1.622750	0.500000
5.022794	5.002631	0.504250	0.500000
9.694765	3.765319	1.948033	0.500000
9.074888	6.082977	0.583982	0.500000
3.654529	3.906850	1.894022	0.500000
10.419450	2.991342	1.519079	0.500000
0.948167	3.744850	1.377237	0.500000
6.538392	2.726281	0.617284	0.500000
5.047812	8.848065	1.611666	0.500000
7.121136	4.964866	0.507908	0.500000
9.875830	3.463480	0.781355	0.500000
4.118379	9.008880	1.972669	0.500000
2.246204	9.759449	1.798595	0.500000
7.238147	8.341798	1.899454	0.500000
1.560662	1.507843	1.783911	0.500000
5.592970	2.977325	1.677985	0.500000
10.314815	10.677384	1.978433	0.500000
6.883713	6.006690	0.954030	0.500000
1.488273	7.742941	1.976403	0.500000
3.134236	0.052617	1.634713	0.500000
7.502585	1.131843	0.556889	0.500000
0.595624	4.483601	0.549564	0.500000
5.698746	7.053222	1.224264	0.500000
7.366310	9.557101	1.952776	0.500000
10.520036	5.408534	1.967673	0.500000
9.032533	7.478644	0.983413	0.500000
2.628337	0.457029	0.690995	0.500000
3.938904	4.967996	0.572658	0.500000
4.819865	1.454431	0.587350	0.500000
7.965248	8.893371	0.528925	0.500000
0.738265	9.614239	1.011670	0.500000
2.733736	6.145658	1.874528	0.500000
4.725968	0.472018	1.000495	0.500000
5.077150	1.000424	1.793931	0.500000
0.381426	6.010192	0.626753	0.500000
9.894451	0.684744	0.792918	0.500000
0.135132	3.678471	1.999657	0.500000
10.307080	6.116950	0.830044	0.500000
8.380831	3.862579	1.986959	0.500000
7.206302	4.257054	1.952008	0.500000
5.795075	4.291496	1.760626	0.500000
10.869783	7.047241	1.928963	0.500000
6.921476	7.734041	1.021719	0.500000
6.590557	6.097840	1.913302	0.500000
10.769578	7.831074	0.514885	0.500000
5.785714	5.787414	0.802024	0.500000
5.275615	9.321841	0.681034	0.500000
0.858122	7.055892	1.520745	0.500000
3.936662	2.109878	0.866049	0.500000
1.855910	5.322149	1.751128	0.500000
1.686765	4.143158	1.986691	0.500000
5.488685	8.086140	0.914419	0.500000
6.018838	4.653401	0.716667	0.500000
4.821664	10.286945	0.504930	0.500000
3.934521	3.143074	1.133164	0.500000
10.231913	7.224001	1.142240	0.500000
2.876729	2.738551	0.934544	0.500000
2.874678	4.724571	0.516892	0.500000
9.939988	1.727264	0.556391	0.500000
5.400273	5.640833	1.955212	0.500000
10.555207	9.117230	0.545511	0.500000
1.547847	7.292074	0.721218	0.500000
8.115411	2.356346	1.398173	0.500000
6.409657	1.473248	0.600983	0.500000
5.680191	10.837693	0.529643	0.500000
3.318662	9.390293	0.660097	0.500000
8.826418	5.993507	1.955997	0.500000
4.139594	0.383525	1.825683	0.500000
0.830002	5.993380	1.751097	0.500000
2.702908	3.230592	1.868929	0.500000
9.216261	9.433598	1.825381	0.500000
6.425978	7.135039	1.917723	0.500000
4.777725	3.692449	1.954233	0.500000
3.553065	9.949728	1.890445	0.500000
1.467651	8.312185	1.005738	0.500000
10.936831	0.900098	0.568950	0.500000
6.258396	9.802132	0.871041	0.500000
3.513988	10.747961	0.581433	0.500000
8.218251	10.299080	1.792320	0.500000
8.870441	1.706785	1.687949	0.500000
9.336635	10.423436	1.675945	0.500000
0.494284	8.587092	0.616121	0.500000
7.931208	7.400779	0.541769	0.500000
7.827825	4.239315	0.966747	0.500000
7.586120	3.321351	1.421645	0.500000
1.983166	3.441289	0.816528	0.500000
0.212903	10.090412	1.986052	0.500000
2.829421	5.222287	1.461179	0.500000
10.885154	3.608710	0.526194	0.500000
8.430096	6.686296	1.168403	0.500000
0.845285	1.639082	0.655092	0.500000
0.385082	9.062709	1.961161	0.500000
4.551987	4.031280	0.768193	0.500000
3.604150	5.996565	0.809059	0.500000
4.753195	10.127793	1.818991	0.500000
9.792065	6.300552	1.787836	0.500000
1.951562	10.771252	1.673290	0.500000
5.988926	1.915143	1.769571	0.500000
0.468551	1.764880	1.896744	0.500000
7.670804	0.361211	1.886563	0.500000
6.413205	8.484052	0.534744	0.500000
6.880340	2.620785	1.993330	0.500000
7.604143	2.832361	0.528347	0.500000
0.632847	4.828304	1.780561	0.500000
8.371433	7.521225	1.974737	0.500000
8.240554	5.715461	1.004602	0.500000
8.590423	1.948263	0.511268	0.500000
8.940592	8.525921	0.527176	0.500000
10.305992	9.215402	1.988195	0.500000
10.533771	4.284282	1.320151	0.500000
10.331625	1.865322	1.762291	0.500000
7.854978	0.233890	0.899197	0.500000
4.579309	7.601441	0.551629	0.500000
4.545609	7.949365	1.838979	0.500000
2.510140	7.708963	0.740397	0.500000
7.694110	6.028787	1.952162	0.500000
7.771082	1.340092	1.691022	0.500000
4.916744	6.870213	1.900179	0.500000
9.283821	8.412674	1.882029	0.500000
2.517936	7.138092	1.833240	0.500000
3.907211	6.201377	1.945698	0.500000
6.290619	8.861628	1.818892	0.500000
0.505658	10.679632	0.972240	0.500000
2.153770	2.354571	1.963354	0.500000
8.862366	0.938738	0.790569	0.500000
7.178770	2.078389	1.081694	0.500000
9.034836	3.873081	1.174464	0.500000
4.308727	8.733960	0.907991	0.500000
7.255728	9.774786	0.704826	0.500000
3.543453	7.833645	0.530644	0.500000
3.652776	2.513571	1.911988	0.500000
9.578301	9.640533	0.719319	0.500000
1.473859	2.355394	1.008923	0.500000
2.853947	1.439027	0.564511	0.500000
3.065534	3.690024	0.648155	0.500000
0.929970	0.684988	1.108337	0.500000
2.641529	10.140067	0.809401	0.500000
9.030646	4.862141	1.934518	0.500000
9.804621	4.497954	0.526602	0.500000
1.383818	3.036097	1.985863	0.500000
0.537117	8.001381	1.719697	0.500000
8.321112	8.878987	1.953439	0.500000
0.443323	2.776008	1.348110	0.500000
2.713077	6.585279	0.791185	0.500000
8.929806	2.908633	1.930072	0.500000
4.164124	9.732515	1.111471	0.500000
6.273364	9.900153	1.904896	0.500000
2.383154	8.839378	0.732585	0.500000
6.782805	10.867117	0.531621	0.500000
2.617207	0.986128	1.989629	0.500000
4.875285	4.703100	1.520721	0.500000
10.401031	10.307172	0.856155	0.500000
7.969998	5.008032	1.906415	0.500000
8.703027	4.878240	0.689838	0.500000
10.680718	2.398409	0.646078	0.500000
5.570265	3.668765	0.596837	0.500000
9.890273	8.339118	1.090176	0.500000
6.980436	3.719055	0.512397	0.500000
9.265014	10.844123	0.712328	0.500000
8.508286	9.820227	0.875593	0.500000
10.763992	0.862798	1.700491	0.500000
8.748124	3.140737	0.524408	0.500000
4.737777	2.844779	0.508676	0.500000
0.997289	3.110727	0.546745	0.500000
8.652474	0.560481	1.828982	0.500000
2.899536	1.861489	1.472629	0.500000
6.608500	5.112595	1.388208	0.500000
10.674478	5.046272	0.586573	0.500000
7.463948	6.998867	1.775006	0.500000
1.725815	6.464341	1.944105	0.500000
1.851207	5.906081	0.736380	0.500000
3.819008	7.392991	1.405678	0.500000
5.621922	2.142992	0.528291	0.500000
1.156133	5.238177	1.029930	0.500000
3.356805	8.278435	1.993870	0.500000
4.706357	6.552795	0.608763	0.500000
5.715158	10.813683	1.599378	0.500000
1.643933	10.491309	0.555930	0.500000
9.395194	2.503913	1.004956	0.500000
9.632359	5.330167	1.270085	0.500000
3.584028	0.850218	0.990279	0.500000
10.500312	8.166329	1.887660	0.500000
5.553200	7.950029	1.989828	0.500000
1.895851	1.210123	0.750002	0.500000
