200

3.749960	10.466835	1.000909	0.500000
7.685806	2.297217	0.743954	0.500000
8.154664	6.605945	0.667163	0.500000
10.851238	2.680779	1.875486	0.500000
5.979208	3.415724	0.838155	0.500000
6.120072	1.078663	1.948303	0.500000
7.719180	0.492261	1.435638	0.500000
7.660741	9.131199	0.683223	0.500000
6.665454	7.284266	1.844124	0.500000
6.782616	2.790782	1.138357	0.500000
6.237565	8.158069	1.583209	0.500000
6.731751	3.984399	1.764680	0.500000
5.544974	7.378471	1.029256	0.500000
10.192973	1.745361	1.406147	0.500000
9.995619	0.169902	0.569056	0.500000
1.984907	0.756327	1.743559	0.500000
10.637766	6.108449	0.661818	0.500000
9.472801	0.009721	1.439446	0.500000
4.635658	3.170828	1.530289	0.500000
3.919879	6.527496	1.739206	0.500000
0.184065	10.938929	0.752348	0.500000
9.098570	6.080548	1.502530	0.500000
2.452276	1.716614	0.586136	0.500000
4.264134	6.460592	0.569336	0.500000
4.691785	5.444836	1.941937	0.500000
6.365983	4.365761	0.556862	0.500000
7.285113	8.115157	1.854356	0.500000
1.237328	1.791610	0.970564	0.500000
9.854083	8.496489	1.627603	0.500000
10.407501	10.008562	0.922773	0.500000
8.195613	2.618459	1.576005	0.500000
5.293587	2.396043	1.758849	0.500000
3.798736	1.308240	0.596743	0.500000
6.655298	8.970249	1.069579	0.500000
1.855488	8.508382	0.717180	0.500000
2.762154	6.269288	1.963810	0.500000
9.279113	6.282576	0.538549	0.500000
3.371190	5.974364	0.956927	0.500000
1.272287	5.046614	1.833636	0.500000
10.078727	7.012155	0.582679	0.500000
10.055290	9.018697	0.517727	0.500000
5.456267	5.398709	0.599515	0.500000
3.671146	3.398821	0.759770	0.500000
3.320593	5.021170	0.651355	0.500000
3.167086	0.162885	1.719794	0.500000
10.348769	9.505527	1.832137	0.500000
1.893399	1.751657	1.928675	0.500000
1.349221	3.399921	1.751393	0.500000
3.562671	5.442038	1.882329	0.500000
6.044433	8.251978	0.507125	0.500000
0.616537	3.930818	0.523467	0.500000
3.130503	1.555303	1.837471	0.500000
8.752917	5.191780	0.554233	0.500000
0.986577	2.388046	1.939802	0.500000
7.403409	4.961935	0.555975	0.500000
0.859555	2.854459	0.902110	0.500000
5.556175	6.110119	1.890089	0.500000
10.844654	8.577878	1.783281	0.500000
8.248331	7.324903	1.780834	0.500000
7.054802	5.185969	1.713824	0.500000
2.664477	3.206814	0.522064	0.500000
6.574658	1.855117	0.631572	0.500000
0.299529	4.765234	1.917957	0.500000
10.861574	8.143356	0.864341	0.500000
6.477328	6.807452	0.686102	0.500000
3.027933	8.608014	0.651332	0.500000
5.803376	10.521677	0.609324	0.500000
0.219724	2.056255	0.522461	0.500000
6.720938	0.323589	0.604841	0.500000
10.749214	1.049099	0.519985	0.500000
9.724623	2.562005	1.928510	0.500000
10.216440	4.671155	1.893262	0.500000
3.104783	2.467261	1.301804	0.500000
3.966935	7.590063	1.383642	0.500000
5.781067	9.052622	1.771520	0.500000
6.664468	0.136043	1.721622	0.500000
0.393154	4.997861	0.697067	0.500000
3.027000	9.466591	1.360609	0.500000
1.106313	10.809247	1.607893	0.500000
10.056513	3.585664	1.668284	0.500000
5.167654	4.494727	0.988420	0.500000
1.812949	9.533298	0.996124	0.500000
1.608093	3.584578	0.598799	0.500000
1.085583	7.697107	0.511394	0.500000
9.283011	3.211986	0.862193	0.500000
2.272624	5.343878	0.695209	0.500000
9.153025	1.875480	1.381204	0.500000
8.184576	3.248269	0.584119	0.500000
4.896768	6.975878	1.827344	0.500000
1.251100	0.777523	0.594664	0.500000
8.138498	1.588121	1.317468	0.500000
5.666177	9.397847	0.562736	0.500000
9.253353	10.135142	0.663325	0.500000
7.193550	5.958151	0.571292	0.500000
8.448995	8.808529	1.601105	0.500000
7.065805	1.254058	1.359267	0.500000
9.207646	7.664469	1.485108	0.500000
8.475671	10.867057	1.928108	0.500000
7.258255	10.059107	0.694039	0.500000
6.003350	5.007191	1.888536	0.500000
5.247168	6.312855	0.954937	0.500000
6.179491	3.139820	1.983755	0.500000
7.432866	9.420640	1.819490	0.500000
4.816615	8.044187	1.769967	0.500000
7.581018	10.429285	1.778544	0.500000
9.350738	9.410368	1.723285	0.500000
3.452678	3.425750	1.789139	0.500000
7.488736	6.544656	1.553190	0.500000
10.311559	10.756680	1.989686	0.500000
0.848551	9.780912	0.506735	0.500000
3.077625	8.263688	1.943825	0.500000
6.557294	6.227616	1.817602	0.500000
1.985268	9.791324	1.959705	0.500000
8.044779	0.806442	0.516331	0.500000
9.216009	4.946339	1.595972	0.500000
5.325433	0.559372	1.506808	0.500000
4.831248	1.177069	0.590428	0.500000
8.281912	10.566360	0.585886	0.500000
0.347662	3.743418	1.856350	0.500000
8.242307	4.258766	0.656877	0.500000
1.102257	6.740830	0.874361	0.500000
1.452037	4.586034	0.518540	0.500000
0.223189	10.199254	1.858948	0.500000
4.272362	5.535230	1.016642	0.500000
4.634958	0.065412	0.518757	0.500000
9.975675	5.342615	0.531372	0.500000
7.229768	3.664825	0.827297	0.500000
3.773734	8.795838	1.401386	0.500000
10.213502	0.864189	1.915087	0.500000
7.131180	8.168085	0.531416	0.500000
10.155460	2.249774	0.514192	0.500000
3.235056	7.211801	0.534504	0.500000
0.216956	1.695756	1.810881	0.500000
6.337432	9.847572	1.521508	0.500000
1.918964	4.296664	1.976188	0.500000
0.724523	8.861434	0.935893	0.500000
4.292272	4.137254	1.836586	0.500000
4.490676	0.082101	1.855469	0.500000
10.385984	7.667936	1.845251	0.500000
2.258249	0.609672	0.509748	0.500000
10.604448	4.143054	1.002894	0.500000
8.673554	2.282276	0.549806	0.500000
9.721701	8.070831	0.721191	0.500000
4.283018	4.634573	0.533485	0.500000
9.029971	7.260570	0.553555	0.500000
9.000319	0.809546	0.815421	0.500000
4.039538	2.116552	1.992274	0.500000
1.431968	7.015050	1.996700	0.500000
0.945822	7.886802	1.716633	0.500000
1.033792	1.116803	1.706409	0.500000
7.361636	3.202146	1.972290	0.500000
3.717724	9.558867	0.567072	0.500000
2.773416	10.162977	0.676835	0.500000
0.610963	5.963987	1.787433	0.500000
1.849306	2.588686	1.038198	0.500000
7.939815	4.312718	1.890875	0.500000
0.139363	7.014431	0.595738	0.500000
4.710322	1.391380	1.695957	0.500000
6.381962	5.536579	1.029348	0.500000
4.663065	10.042096	1.624073	0.500000
10.505776	5.650828	1.992512	0.500000
4.615272	7.457766	0.606439	0.500000
8.428784	9.865935	1.537418	0.500000
2.054928	6.488582	0.703136	0.500000
0.259904	0.506965	1.920213	0.500000
2.493986	5.202506	1.832268	0.500000
10.030363	6.538010	1.987489	0.500000
8.685164	9.197197	0.628168	0.500000
2.346785	2.748558	1.892136	0.500000
8.212858	5.203270	1.464670	0.500000
5.881002	1.001522	0.555190	0.500000
0.268491	6.909723	1.784483	0.500000
3.234964	0.470960	0.688159	0.500000
3.679652	9.951188	1.973742	0.500000
4.564154	9.061177	1.958044	0.500000
2.606944	4.298248	0.937200	0.500000
0.662250	9.228418	1.945399	0.500000
2.176046	10.801809	1.260449	0.500000
1.741385	5.943255	1.791249	0.500000
7.193651	2.189626	1.889881	0.500000
5.116418	8.582112	0.935333	0.500000
5.607535	10.502790	1.826511	0.500000
5.409400	4.123055	1.897735	0.500000
4.769487	3.460136	0.506748	0.500000
4.744846	9.921469	0.525659	0.500000
3.863095	0.873316	1.893271	0.500000
1.331898	5.738970	0.521093	0.500000
2.064125	8.297111	1.917396	0.500000
4.176533	8.469229	0.537265	0.500000
9.437239	4.375696	0.625178	0.500000
8.323064	7.945320	0.862964	0.500000
2.111829	7.543938	0.993783	0.500000
3.170538	4.476945	1.984002	0.500000
1.457102	10.632315	0.529926	0.500000
4.185177	2.183998	0.999092	0.500000
10.699176	3.102157	0.749253	0.500000
9.109978	3.382310	1.922171	0.500000
3.061952	7.223909	1.994017	0.500000
5.363818	2.047095	0.721930	0.500000
9.150973	0.878053	1.877088	0.500000
