400

9.701390	3.217735	0.540620	0.500000
1.827725	9.703510	1.619015	0.500000
1.412594	2.538221	1.440760	0.500000
3.898582	10.443635	0.541162	0.500000
4.555375	0.475720	0.551601	0.500000
5.242247	9.765155	1.442387	0.500000
10.457148	0.827854	1.470557	0.500000
4.614715	6.141750	0.693223	0.500000
6.969361	8.780254	0.511525	0.500000
7.639871	10.277666	1.361294	0.500000
10.577379	3.340842	1.503751	0.500000
10.469482	2.082230	0.568031	0.500000
1.881593	9.123086	0.563646	0.500000
5.016271	10.349451	0.564062	0.500000
8.916348	0.663936	0.560273	0.500000
5.936587	9.816737	0.506227	0.500000
1.521139	3.161293	0.524338	0.500000
6.243366	7.701663	2.596465	0.500000
0.714495	3.243596	3.329768	0.500000
0.564540	2.056839	3.493331	0.500000
3.620907	2.751468	1.543584	0.500000
9.238145	8.998192	3.407615	0.500000
1.660780	1.787897	0.543450	0.500000
1.399696	3.031153	2.346495	0.500000
6.931193	0.805767	2.537516	0.500000
7.317558	0.796632	1.467230	0.500000
4.476804	2.710067	0.502369	0.500000
8.719094	2.965420	0.630749	0.500000
10.563382	0.479333	0.501337	0.500000
8.443415	4.899470	0.658483	0.500000
0.111013	3.061060	0.576095	0.500000
2.534310	2.391609	0.576003	0.500000
2.425421	4.923296	0.635868	0.500000
3.644804	5.250743	1.575605	0.500000
3.215026	3.640201	1.799039	0.500000
5.412665	3.074417	0.585747	0.500000
6.692516	0.005200	1.482224	0.500000
6.788426	5.477876	1.529599	0.500000
6.344003	7.088212	0.516063	0.500000
7.405916	1.841859	0.540580	0.500000
1.703560	4.154958	0.612225	0.500000
3.524897	4.696464	2.432170	0.500000
2.375753	4.159374	1.478333	0.500000
4.265017	3.852756	0.645722	0.500000
0.880508	7.240487	0.512293	0.500000
6.792287	6.007533	0.565966	0.500000
9.525526	2.439913	2.398238	0.500000
0.246623	9.541801	1.753753	0.500000
7.968968	4.653567	2.497622	0.500000
9.926174	1.238500	0.696489	0.500000
10.018942	4.983245	0.572715	0.500000
10.667765	6.653664	3.370991	0.500000
4.605610	5.109692	0.703701	0.500000
3.207775	4.269067	0.868752	0.500000
3.470422	7.822868	0.530800	0.500000
5.501092	7.784790	0.570988	0.500000
8.566784	1.802128	0.538291	0.500000
7.104556	9.280982	1.642008	0.500000
3.769664	9.643709	2.531368	0.500000
0.454948	4.550074	1.701848	0.500000
0.104365	1.535114	2.473217	0.500000
3.643925	9.278509	0.504108	0.500000
3.628107	6.481510	0.531480	0.500000
1.005893	7.358731	2.379985	0.500000
9.001114	6.930837	1.641769	0.500000
7.019370	7.836528	1.812486	0.500000
5.473842	2.035512	0.602075	0.500000
8.328862	7.628170	0.595700	0.500000
8.607117	8.719297	0.729444	0.500000
2.697872	9.746036	0.574290	0.500000
0.067318	7.603859	1.518845	0.500000
5.954057	9.551106	2.414577	0.500000
3.642984	1.465462	1.467138	0.500000
2.775973	7.064057	0.569764	0.500000
3.543026	3.097514	0.548560	0.500000
7.148908	0.015844	0.539146	0.500000
4.479269	8.227637	0.502830	0.500000
10.027288	6.980585	1.544034	0.500000
10.319629	8.510513	1.641380	0.500000
1.691028	5.647111	0.522135	0.500000
8.202938	1.408683	1.400540	0.500000
10.705752	8.087394	2.563986	0.500000
4.126908	9.186732	1.558226	0.500000
4.554545	1.602508	0.516066	0.500000
9.826290	1.417874	2.060695	0.500000
1.618022	8.270301	2.368606	0.500000
9.269242	8.826256	1.493448	0.500000
8.344176	4.284618	1.551140	0.500000
0.540375	1.221138	0.548507	0.500000
9.160667	6.487430	2.542663	0.500000
3.181036	6.836372	2.589599	0.500000
1.730797	10.261672	0.549814	0.500000
8.636158	2.157083	2.031420	0.500000
4.077173	7.139720	2.016619	0.500000
6.401280	1.946036	0.983362	0.500000
7.159268	9.590134	2.637367	0.500000
6.441032	2.920661	0.523296	0.500000
5.483399	1.901906	1.698538	0.500000
8.905779	10.135805	1.327846	0.500000
0.932403	0.160762	0.610215	0.500000
0.816859	5.673624	1.567303	0.500000
9.873730	0.412890	2.396195	0.500000
2.598657	1.374719	0.594020	0.500000
1.705803	0.242470	1.680562	0.500000
3.602581	0.883499	0.596559	0.500000
2.853393	9.256388	1.584818	0.500000
8.482419	1.803969	2.963083	0.500000
7.597182	2.847556	0.579544	0.500000
2.503077	3.416930	0.515126	0.500000
3.414599	2.088219	3.462361	0.500000
0.435872	2.103043	1.684358	0.500000
9.074051	0.620175	3.369734	0.500000
3.633020	2.041847	0.556111	0.500000
8.308392	9.272460	1.566658	0.500000
5.690432	5.221968	0.562428	0.500000
6.585582	1.487911	3.286715	0.500000
6.263955	0.417035	3.385337	0.500000
10.085007	3.405995	2.486669	0.500000
9.325156	1.903709	1.273603	0.500000
2.890742	0.144115	0.560356	0.500000
1.083420	3.564940	1.428220	0.500000
0.753748	8.856382	2.390700	0.500000
3.621964	5.257183	0.508180	0.500000
1.047169	1.310318	1.649172	0.500000
7.323607	7.623128	0.628376	0.500000
5.424153	1.053305	0.971189	0.500000
9.071467	5.043761	1.526871	0.500000
7.641752	8.688628	2.258387	0.500000
7.764817	5.625940	0.524724	0.500000
7.781211	0.873076	0.556867	0.500000
2.781066	6.402182	1.522750	0.500000
2.192111	3.172252	1.605777	0.500000
8.473236	6.824548	3.489156	0.500000
5.860934	3.786767	1.231720	0.500000
4.547731	3.002740	2.415665	0.500000
6.004848	4.835236	1.503637	0.500000
8.936784	1.078772	2.434166	0.500000
10.456720	4.000285	0.612765	0.500000
7.845457	4.106298	0.503438	0.500000
0.704608	3.985081	0.502908	0.500000
4.213081	3.948504	2.502726	0.500000
1.902489	1.653505	2.047769	0.500000
2.721407	8.487543	0.751110	0.500000
1.102462	9.011736	1.384646	0.500000
5.469039	0.168295	1.639429	0.500000
2.574295	7.736421	2.566243	0.500000
6.881595	3.821385	0.553726	0.500000
7.771786	5.199089	1.609256	0.500000
6.218961	6.343832	1.541584	0.500000
6.042214	0.217778	0.691812	0.500000
2.567519	8.854930	2.581603	0.500000
6.015404	5.082345	3.366811	0.500000
2.637188	5.352415	3.466643	0.500000
4.146157	6.127585	1.730909	0.500000
2.655122	5.982494	0.538099	0.500000
0.402336	5.053844	0.516005	0.500000
0.692456	6.215336	0.592692	0.500000
10.182190	4.346984	1.535622	0.500000
5.020942	4.628767	1.531311	0.500000
6.403265	2.305420	2.287463	0.500000
10.459931	5.303711	1.755780	0.500000
3.277684	7.311086	1.399037	0.500000
2.635338	5.369664	1.574516	0.500000
5.064240	5.635453	1.573097	0.500000
5.176438	4.267832	0.593644	0.500000
7.285352	2.345752	1.399313	0.500000
9.523152	7.858792	1.499935	0.500000
7.706324	6.684189	0.572843	0.500000
6.216208	8.566765	3.474706	0.500000
0.035380	4.058956	3.443936	0.500000
2.049958	6.858298	2.429354	0.500000
10.085769	6.079504	2.533996	0.500000
10.689306	9.016465	0.520875	0.500000
0.340534	5.343781	2.530103	0.500000
6.577182	5.743313	2.502689	0.500000
5.917852	7.323702	1.543765	0.500000
9.406922	5.877765	0.502225	0.500000
9.651851	7.421744	2.565335	0.500000
8.691182	5.467982	2.354405	0.500000
6.476164	9.545348	3.446316	0.500000
6.376357	10.645051	2.472427	0.500000
2.800929	9.937921	2.329989	0.500000
3.940769	8.158753	1.525901	0.500000
5.216295	6.437912	3.373001	0.500000
6.306012	3.215612	2.780798	0.500000
4.709157	10.150080	3.369196	0.500000
6.916131	6.859167	2.478567	0.500000
6.727939	3.182177	1.765928	0.500000
9.147086	4.181713	0.745866	0.500000
9.299675	9.510600	0.522756	0.500000
9.513416	10.594524	0.530968	0.500000
9.807609	9.695307	1.450749	0.500000
2.503035	10.531093	3.476238	0.500000
4.880319	9.207988	0.588109	0.500000
1.792424	8.006234	0.568230	0.500000
2.724888	10.738002	1.552302	0.500000
7.356724	1.651815	2.208540	0.500000
1.207284	0.775289	2.502959	0.500000
5.455704	9.309485	3.433552	0.500000
7.931019	0.785133	2.395118	0.500000
10.601293	7.887884	0.589900	0.500000
2.433469	0.946523	1.543767	0.500000
2.005423	8.524545	1.480448	0.500000
10.779155	10.276145	2.569034	0.500000
1.922475	10.440873	2.654082	0.500000
3.099168	7.461860	3.483343	0.500000
0.229717	0.502151	2.637148	0.500000
6.207601	8.857786	1.502145	0.500000
4.579334	8.370355	2.446309	0.500000
7.931357	3.713174	3.328072	0.500000
9.353482	2.600251	3.378629	0.500000
3.900890	1.983683	2.491578	0.500000
0.994517	10.234167	1.406717	0.500000
2.806730	2.079329	1.518385	0.500000
4.866499	3.522041	1.373690	0.500000
5.488437	2.461001	2.715930	0.500000
8.302779	10.624315	0.598916	0.500000
9.293808	3.240281	1.619459	0.500000
6.612570	8.617039	2.412352	0.500000
7.602011	1.651176	3.422558	0.500000
1.424848	5.040636	3.434609	0.500000
1.657656	9.347245	2.580973	0.500000
5.657473	2.884441	1.819594	0.500000
0.535092	10.718167	3.437760	0.500000
0.732167	2.252273	0.623783	0.500000
8.281424	3.591002	2.324462	0.500000
9.787202	10.186635	2.412737	0.500000
6.251935	9.864039	1.511922	0.500000
7.840501	2.625715	2.442758	0.500000
5.319162	3.128708	3.458486	0.500000
10.107698	9.869707	3.432592	0.500000
10.496426	4.529796	2.483880	0.500000
2.411800	3.688448	2.544820	0.500000
3.336592	3.733464	3.369254	0.500000
2.461676	4.354711	3.482547	0.500000
2.531798	4.865743	2.591673	0.500000
5.700939	6.321703	0.552197	0.500000
6.986777	4.954262	0.572134	0.500000
9.227244	3.976008	2.469253	0.500000
0.635347	3.995225	2.619811	0.500000
0.602768	0.347883	1.703322	0.500000
1.766506	6.747174	0.634178	0.500000
4.014114	4.268972	1.573208	0.500000
4.473896	2.139984	1.532552	0.500000
4.638873	1.136086	1.611473	0.500000
5.908486	7.251898	3.485529	0.500000
10.260994	7.696294	3.417568	0.500000
8.094436	9.957701	2.375758	0.500000
0.089482	6.445546	1.612388	0.500000
1.520679	3.986252	3.412314	0.500000
6.962098	4.760518	2.344025	0.500000
3.940467	4.615266	3.404364	0.500000
5.181982	8.675820	1.406539	0.500000
7.625408	5.679820	2.488615	0.500000
2.242178	9.426837	3.431123	0.500000
0.793550	6.362467	2.452021	0.500000
8.250594	5.703319	3.294463	0.500000
6.268384	4.042943	2.164012	0.500000
10.566369	5.843984	0.818059	0.500000
1.648456	4.324410	2.372618	0.500000
4.971590	4.165174	3.371600	0.500000
1.137884	8.949051	3.427158	0.500000
5.497724	4.643545	2.436629	0.500000
3.351525	8.934504	3.448322	0.500000
5.830275	8.790355	0.524920	0.500000
5.848946	6.776858	2.551025	0.500000
0.979127	10.133012	2.430425	0.500000
4.996600	5.298241	3.476197	0.500000
4.556599	7.219789	0.695815	0.500000
9.772439	1.700000	3.093225	0.500000
1.839728	5.993194	1.588880	0.500000
9.767277	7.324923	0.619923	0.500000
1.120683	7.777716	1.393132	0.500000
5.131248	6.704853	1.557223	0.500000
2.447436	5.935371	2.500767	0.500000
10.725683	6.874654	0.708882	0.500000
1.526645	7.998374	3.351472	0.500000
7.303616	6.355223	1.513086	0.500000
9.646544	6.734704	3.464645	0.500000
9.403758	0.342961	1.473614	0.500000
3.358266	2.853172	2.513083	0.500000
10.505430	9.177010	2.536428	0.500000
6.991417	2.601914	3.236055	0.500000
1.821881	0.683948	0.658800	0.500000
4.874929	7.722237	1.509573	0.500000
3.568781	8.604847	2.485821	0.500000
3.111904	0.896209	3.376375	0.500000
6.406802	8.020655	0.990606	0.500000
0.903451	8.469812	0.539931	0.500000
8.876503	6.772629	0.537016	0.500000
3.614626	0.475972	1.614614	0.500000
8.855408	10.774118	2.260986	0.500000
1.063531	6.742598	1.381903	0.500000
2.248806	0.789739	2.543920	0.500000
4.460450	10.648111	1.372216	0.500000
0.400603	2.964686	2.211640	0.500000
2.887072	1.560208	2.630142	0.500000
5.213638	7.547318	2.456809	0.500000
10.405059	10.635660	1.701345	0.500000
8.238791	0.395506	1.504694	0.500000
8.150212	8.120896	3.474034	0.500000
2.920869	8.188637	1.733497	0.500000
0.929051	1.123590	3.430653	0.500000
5.293669	10.412977	2.547684	0.500000
5.411198	1.684246	3.434786	0.500000
7.376005	10.688187	2.309029	0.500000
9.025201	3.632174	3.441164	0.500000
9.612610	8.602056	2.504374	0.500000
8.335321	6.151393	1.368546	0.500000
9.067095	10.235579	3.299734	0.500000
1.533578	0.320257	3.403466	0.500000
5.413625	3.614471	2.512377	0.500000
5.116902	0.374476	3.472401	0.500000
5.983485	4.072115	3.395654	0.500000
0.387304	5.000900	3.482744	0.500000
3.476640	10.026760	3.460873	0.500000
9.181951	7.942236	3.395694	0.500000
3.758933	0.866620	2.539402	0.500000
8.033629	9.646766	0.529042	0.500000
1.113190	2.033650	2.533291	0.500000
8.629273	4.621734	3.336141	0.500000
3.023558	6.314612	3.437477	0.500000
2.046729	1.664524	3.375606	0.500000
8.098365	3.249833	1.365335	0.500000
4.407104	1.096753	3.266600	0.500000
4.099144	10.593011	2.313630	0.500000
10.500256	10.084040	0.749725	0.500000
6.971813	10.482632	3.288858	0.500000
4.604095	2.310451	3.254804	0.500000
10.356851	5.599878	3.460518	0.500000
0.863919	9.739301	0.530072	0.500000
2.245280	3.286604	3.453757	0.500000
3.608081	5.724824	2.495906	0.500000
3.979804	0.210236	3.471768	0.500000
7.210724	3.705705	2.476463	0.500000
4.894923	9.444104	2.569483	0.500000
7.017132	5.469870	3.453456	0.500000
7.181359	4.261804	1.476938	0.500000
7.065944	4.207362	3.431810	0.500000
10.086946	3.376415	3.496303	0.500000
1.370624	5.424254	2.509286	0.500000
10.241957	2.302669	1.606786	0.500000
0.916724	7.059542	3.355739	0.500000
4.871376	1.620297	2.486598	0.500000
6.209580	0.851045	1.786305	0.500000
6.670924	1.059695	0.507920	0.500000
9.052834	9.533814	2.218520	0.500000
3.562607	10.013672	1.417654	0.500000
6.881673	7.619956	3.448491	0.500000
8.504079	8.072614	1.838545	0.500000
4.412530	6.414591	2.681657	0.500000
7.378840	6.743000	3.453411	0.500000
10.538965	2.594337	3.006304	0.500000
1.485140	2.523543	3.385837	0.500000
4.786501	0.524692	2.485428	0.500000
0.735058	5.954592	3.377143	0.500000
8.352266	2.775743	3.415546	0.500000
9.601618	5.916197	1.592248	0.500000
4.837000	7.370713	3.422979	0.500000
8.602234	8.736770	2.668440	0.500000
9.899315	4.598978	3.373962	0.500000
9.635117	5.184132	2.534454	0.500000
0.436361	8.020511	3.427454	0.500000
2.151601	7.230488	1.430981	0.500000
4.522215	5.324143	2.399191	0.500000
7.527347	7.783105	2.679766	0.500000
3.936027	5.809586	3.492413	0.500000
7.379211	0.617344	3.466225	0.500000
4.305844	3.400604	3.389787	0.500000
5.548643	8.635139	2.348472	0.500000
2.164457	7.096657	3.487515	0.500000
9.263153	5.758363	3.341836	0.500000
2.381409	2.474167	2.857624	0.500000
5.720499	1.021898	2.685312	0.500000
6.445720	6.297241	3.454014	0.500000
3.895873	8.079870	3.494657	0.500000
8.608832	7.409940	2.633480	0.500000
7.951992	7.175640	1.534335	0.500000
9.721134	8.549470	0.631113	0.500000
10.211440	8.765155	3.485165	0.500000
10.711112	7.099533	2.397314	0.500000
7.661768	8.435825	1.258858	0.500000
1.390004	4.840047	1.345416	0.500000
0.293543	9.479722	3.324229	0.500000
5.465110	5.817636	2.521104	0.500000
4.318855	9.203693	3.466627	0.500000
8.173171	10.743439	3.311913	0.500000
4.954707	8.408703	3.396686	0.500000
7.045311	9.772169	0.638991	0.500000
10.700185	1.094842	3.462264	0.500000
2.510111	8.309675	3.487303	0.500000
8.009254	6.605726	2.466316	0.500000
3.973862	6.831477	3.479225	0.500000
1.749142	6.055763	3.477141	0.500000
5.748065	10.331878	3.467097	0.500000
3.032308	0.144889	2.488406	0.500000
7.492826	8.867615	3.281815	0.500000
1.329782	10.004825	3.407107	0.500000
10.072978	0.224576	3.370628	0.500000
8.137952	9.652708	3.369650	0.500000
