200

0.412597	8.242250	0.532095	0.500000
1.551729	7.690318	0.508141	0.500000
1.968920	0.090949	0.549511	0.500000
2.245492	7.974951	1.250320	0.500000
4.366714	0.016121	0.507859	0.500000
5.193867	0.240850	1.177176	0.500000
5.995637	0.501879	0.507287	0.500000
7.071415	0.208029	0.520966	0.500000
8.351136	0.830234	0.503715	0.500000
9.488012	0.317722	0.549546	0.500000
0.785668	0.534587	0.612229	0.500000
1.816786	1.122596	0.525247	0.500000
3.301312	0.733348	0.510601	0.500000
4.025100	0.741350	1.217182	0.500000
4.804906	0.954280	0.527390	0.500000
5.602859	1.194253	1.259683	0.500000
6.272175	1.464172	0.538767	0.500000
7.243990	1.200942	0.588617	0.500000
8.772259	8.540016	1.283871	0.500000
9.263263	1.238261	0.878027	0.500000
9.822286	2.356546	0.522782	0.500000
0.203864	1.362072	0.507719	0.500000
1.936006	1.981156	1.263466	0.500000
2.613378	1.754755	0.558454	0.500000
4.416637	1.800572	1.103886	0.500000
5.318750	1.919907	0.560485	0.500000
5.660120	2.487351	1.313817	0.500000
6.893507	1.894542	1.243955	0.500000
7.974311	1.567787	1.256998	0.500000
8.625542	1.978011	0.561542	0.500000
0.563826	2.410283	1.211107	0.500000
1.173695	1.936177	0.518497	0.500000
2.789328	2.639660	1.222385	0.500000
3.488655	2.270378	0.500564	0.500000
4.374280	2.743903	0.546077	0.500000
5.327666	3.214785	0.545116	0.500000
6.308812	2.765548	0.553605	0.500000
7.628774	2.194003	0.507638	0.500000
8.180578	2.618156	1.233574	0.500000
8.923667	2.995267	0.503306	0.500000
0.448583	3.159551	0.558386	0.500000
1.251386	3.354515	1.169516	0.500000
1.925930	2.844884	0.626733	0.500000
3.055623	3.324760	0.507746	0.500000
4.428474	3.762324	0.535617	0.500000
5.156458	4.060035	1.232714	0.500000
5.980002	4.099528	0.556179	0.500000
6.942598	3.805805	0.515559	0.500000
7.875811	3.292047	0.521709	0.500000
8.764839	3.659201	1.240307	0.500000
0.882598	4.279334	0.554453	0.500000
1.847654	3.839045	0.527075	0.500000
2.480716	4.665059	0.554358	0.500000
3.450455	4.253318	0.516484	0.500000
4.957257	4.731252	0.503131	0.500000
5.678085	4.925470	1.172357	0.500000
6.764338	4.537751	1.299388	0.500000
7.535295	4.758655	0.582081	0.500000
7.803362	4.076298	1.285000	0.500000
9.957232	4.901794	0.525614	0.500000
9.013393	5.357947	0.546185	0.500000
1.365138	5.273215	0.504687	0.500000
2.251048	5.448549	1.141862	0.500000
2.949091	5.836835	0.511928	0.500000
3.885823	5.166714	0.517579	0.500000
4.766467	5.455333	1.288417	0.500000
5.438476	5.782125	0.586210	0.500000
6.410048	5.054807	0.502529	0.500000
8.029867	5.809985	1.960156	0.500000
8.442130	4.325461	0.504887	0.500000
0.216203	6.568440	1.312377	0.500000
0.963356	6.758858	0.623513	0.500000
3.189814	5.022106	1.223758	0.500000
3.562016	6.633683	0.500596	0.500000
4.531359	6.347179	0.505541	0.500000
5.353737	6.460335	1.333194	0.500000
7.046387	6.347383	0.506534	0.500000
8.055833	5.682602	0.523528	0.500000
8.282753	5.074587	1.324452	0.500000
9.730608	5.535703	1.273931	0.500000
9.521479	6.257267	0.503170	0.500000
1.821601	6.969917	1.189876	0.500000
1.980941	6.201316	0.513537	0.500000
3.177211	7.574482	1.255503	0.500000
4.214519	7.007841	1.223886	0.500000
5.119050	7.161556	0.566063	0.500000
6.093491	6.769630	0.507856	0.500000
7.525999	7.319753	0.516942	0.500000
8.470301	6.822888	0.518322	0.500000
8.735823	6.090362	1.252435	0.500000
9.956712	7.318306	0.526705	0.500000
3.167840	8.466986	1.772348	0.500000
2.567984	7.171987	0.527789	0.500000
3.890254	7.671446	0.546571	0.500000
4.690680	7.984891	1.228845	0.500000
5.442105	8.171385	0.504721	0.500000
6.574829	7.851273	0.512090	0.500000
7.334688	8.114321	1.150916	0.500000
8.081547	8.470030	0.546820	0.500000
8.930419	7.844617	0.547352	0.500000
1.085083	0.548722	1.995473	0.500000
1.187433	8.449343	1.151642	0.500000
2.548462	0.707220	1.176509	0.500000
3.234433	0.786037	1.998235	0.500000
4.907562	0.801637	1.982869	0.500000
5.939851	0.458935	1.991011	0.500000
6.607516	0.823767	1.276911	0.500000
7.677097	0.538330	1.328223	0.500000
8.988448	7.814735	1.957535	0.500000
9.726621	8.001138	1.245568	0.500000
1.140128	1.276894	1.307587	0.500000
1.989555	1.007866	1.960664	0.500000
3.367840	1.536143	1.192300	0.500000
4.090687	1.407798	1.976947	0.500000
5.016673	1.963996	1.908490	0.500000
6.251425	1.497674	1.968558	0.500000
7.240433	1.234003	1.981070	0.500000
8.388637	0.903562	1.973377	0.500000
9.472373	0.115309	1.998639	0.500000
0.194517	0.630529	1.413735	0.500000
0.364875	1.513565	1.896473	0.500000
1.194618	2.282370	1.998255	0.500000
2.676260	1.738691	1.979701	0.500000
3.571721	2.311107	1.834291	0.500000
4.510894	2.799919	1.612990	0.500000
5.375121	3.219267	1.958746	0.500000
6.457971	2.611236	1.951508	0.500000
7.567713	2.181383	1.941007	0.500000
8.584311	2.015846	1.944845	0.500000
9.344726	1.329854	1.941594	0.500000
0.600665	3.210067	1.979042	0.500000
2.047245	2.852676	1.924260	0.500000
3.030926	3.278773	1.971850	0.500000
3.666341	3.595005	1.252113	0.500000
4.410103	3.764136	1.920418	0.500000
6.144186	3.527558	1.366058	0.500000
7.131094	3.044625	1.178098	0.500000
7.882048	3.300644	1.913449	0.500000
9.865733	2.407295	1.949737	0.500000
9.655040	3.111367	1.267302	0.500000
0.761535	4.178282	1.705851	0.500000
1.685682	3.847452	1.968135	0.500000
2.568362	3.949942	1.341031	0.500000
3.357833	4.361845	1.996077	0.500000
4.166841	4.462767	1.207717	0.500000
5.925967	4.311333	1.992239	0.500000
6.959648	3.700425	1.969900	0.500000
7.571741	4.772271	1.976025	0.500000
8.854696	2.979198	1.999427	0.500000
9.466875	3.883538	0.508467	0.500000
1.430915	5.304342	1.939970	0.500000
1.576812	4.603214	1.231667	0.500000
2.436689	4.858147	1.945778	0.500000
3.988830	5.206196	1.923288	0.500000
4.952862	4.715805	1.973376	0.500000
6.446178	5.304942	1.989011	0.500000
7.239392	5.447622	1.311948	0.500000
8.593831	4.335650	1.965724	0.500000
9.540128	3.869225	1.933312	0.500000
0.705742	5.096952	1.235822	0.500000
0.478074	5.830882	0.583780	0.500000
1.308537	6.049788	1.259694	0.500000
2.093710	6.274612	1.943878	0.500000
3.865746	5.968868	1.206563	0.500000
4.524892	6.177428	1.971474	0.500000
5.504217	5.649529	1.944304	0.500000
6.334728	5.938280	1.100393	0.500000
7.073267	6.198958	1.985465	0.500000
9.249790	4.575544	1.201897	0.500000
9.981442	4.864292	1.987539	0.500000
0.484703	5.803043	1.916868	0.500000
2.824797	6.532841	1.290159	0.500000
2.978986	5.704693	1.930988	0.500000
3.554198	6.740862	1.945852	0.500000
5.027360	7.178239	1.969790	0.500000
6.034364	6.768733	1.999142	0.500000
6.737952	7.097197	1.204753	0.500000
7.692144	6.524092	1.251232	0.500000
9.051321	5.342628	1.990565	0.500000
9.481336	6.268013	1.998217	0.500000
0.087072	7.344982	1.961176	0.500000
1.023250	6.753738	1.942213	0.500000
2.506906	7.268605	1.952746	0.500000
2.933998	8.427390	0.671880	0.500000
4.003987	7.633742	1.993191	0.500000
5.798898	7.498092	1.263621	0.500000
6.544735	7.731531	1.999786	0.500000
7.503874	7.351890	1.989054	0.500000
8.415181	6.854000	1.938221	0.500000
9.207683	7.016826	1.239842	0.500000
0.813794	7.523533	1.250678	0.500000
1.541653	7.725520	1.967125	0.500000
1.950337	0.001301	1.953277	0.500000
4.237446	8.612620	1.946169	0.500000
5.434052	8.137507	1.995661	0.500000
6.200319	8.460407	1.243523	0.500000
6.953857	0.030696	1.998692	0.500000
7.927678	8.430689	1.993793	0.500000
8.226409	7.632960	1.294205	0.500000
0.455190	8.282511	1.987351	0.500000
