200

0.456673	8.408301	0.508292	0.500000
1.495193	7.930432	0.524483	0.500000
1.937079	0.217791	0.569270	0.500000
2.916838	8.349353	1.911720	0.500000
4.457087	0.210338	0.545185	0.500000
5.232773	0.473510	1.224065	0.500000
5.853841	0.827141	0.518454	0.500000
6.795847	0.269882	0.537595	0.500000
8.507089	0.502587	0.536879	0.500000
9.506513	0.142680	0.610869	0.500000
0.999178	0.616279	0.533079	0.500000
2.367005	1.139130	0.537230	0.500000
3.449413	0.636924	0.566848	0.500000
4.168129	0.922835	1.206282	0.500000
4.910365	1.242842	0.552565	0.500000
5.609156	1.493627	1.284703	0.500000
6.198077	1.772370	0.502967	0.500000
7.279987	1.315459	0.511918	0.500000
8.810591	8.482426	1.260565	0.500000
0.057723	1.420398	0.525590	0.500000
0.520949	2.448931	0.571298	0.500000
0.637893	1.659165	1.359102	0.500000
2.064386	1.987685	1.174320	0.500000
2.898746	2.219516	0.545859	0.500000
4.579497	2.039902	1.310903	0.500000
5.260559	2.240427	0.505183	0.500000
6.012918	2.490620	1.212237	0.500000
7.043984	2.048737	1.234667	0.500000
8.094221	1.544467	1.280751	0.500000
8.987416	1.635310	0.505165	0.500000
0.298270	2.520676	1.885994	0.500000
1.249022	1.638910	0.544087	0.500000
3.450857	2.652830	1.277292	0.500000
3.862774	1.845115	0.614988	0.500000
4.131548	2.827305	0.559928	0.500000
5.693411	3.147022	0.517050	0.500000
6.722796	2.692378	0.508507	0.500000
7.749824	2.212757	0.516254	0.500000
8.474719	2.473310	1.225271	0.500000
9.280344	2.725481	0.505560	0.500000
1.037301	3.449396	0.506892	0.500000
1.995192	3.701529	1.998001	0.500000
1.787175	2.777011	0.585531	0.500000
3.268829	3.375179	0.557102	0.500000
4.737551	3.792539	0.521481	0.500000
5.424389	3.996142	1.238047	0.500000
6.029297	4.321528	0.508331	0.500000
7.092774	3.708385	0.517984	0.500000
8.011556	3.256851	0.525187	0.500000
8.915865	3.482299	1.170544	0.500000
1.804417	4.514112	1.306561	0.500000
1.967075	3.836459	0.562766	0.500000
2.625962	4.871703	0.543772	0.500000
3.554777	4.376473	0.573242	0.500000
5.123261	4.760770	0.510308	0.500000
5.821337	4.980893	1.252968	0.500000
6.729753	4.497704	1.234317	0.500000
7.436451	4.783561	0.563763	0.500000
7.786682	3.974294	1.196401	0.500000
0.086984	4.822338	0.560291	0.500000
9.083537	5.328207	0.525341	0.500000
1.648003	5.224915	0.601313	0.500000
2.371747	5.555911	1.235199	0.500000
3.216498	5.754692	0.527425	0.500000
4.219197	5.258350	0.544591	0.500000
4.884795	5.517978	1.259361	0.500000
5.582676	5.853568	0.536232	0.500000
6.547079	5.285014	0.527158	0.500000
8.136210	5.663784	1.972994	0.500000
8.614122	4.362844	0.517311	0.500000
0.357906	6.514692	1.266032	0.500000
1.129370	6.920011	0.531333	0.500000
3.366249	5.019391	1.319838	0.500000
3.515730	6.795011	0.525857	0.500000
4.536943	6.207190	0.519213	0.500000
5.322055	6.511242	1.269252	0.500000
7.084073	6.259407	0.530768	0.500000
8.090313	5.743144	0.626601	0.500000
8.263084	4.937656	1.270602	0.500000
9.840230	5.563841	1.199469	0.500000
9.551945	6.357397	0.517262	0.500000
1.781157	7.063555	1.388824	0.500000
2.295711	6.355985	0.503195	0.500000
3.251887	7.502627	1.224228	0.500000
4.289045	6.991232	1.157317	0.500000
5.058694	7.426070	0.551124	0.500000
5.960126	6.931093	0.510148	0.500000
7.472571	7.238474	0.548599	0.500000
8.439552	6.746855	0.510582	0.500000
8.847792	6.131091	1.232696	0.500000
0.038405	7.239804	0.510903	0.500000
3.752573	8.561423	1.364323	0.500000
2.493956	7.348714	0.552633	0.500000
4.100119	7.903515	0.512642	0.500000
4.777945	8.109890	1.265021	0.500000
5.511188	8.475100	0.501076	0.500000
6.511944	7.915291	0.510744	0.500000
7.186694	8.211031	1.214031	0.500000
8.013616	8.241088	0.606217	0.500000
9.127691	7.776654	0.525728	0.500000
0.872617	0.604489	1.991746	0.500000
1.236138	8.588705	1.280698	0.500000
2.684985	0.488995	1.255299	0.500000
3.415162	0.753509	1.983019	0.500000
4.904409	1.278855	1.969892	0.500000
5.867826	0.734225	1.986757	0.500000
6.563972	0.934642	1.295988	0.500000
7.774718	0.504065	1.222194	0.500000
9.045318	7.812787	1.986290	0.500000
9.772166	8.054769	1.257233	0.500000
1.667742	0.953248	1.239075	0.500000
2.398723	1.221464	1.925535	0.500000
3.168639	1.402460	1.219488	0.500000
3.877508	1.682187	1.939833	0.500000
5.357337	2.258834	1.970487	0.500000
6.384393	1.756737	1.997862	0.500000
7.411487	1.338402	1.999701	0.500000
8.438492	0.786428	1.988907	0.500000
9.583692	0.042481	1.997201	0.500000
0.212742	0.453445	1.250025	0.500000
9.803253	1.209609	1.966290	0.500000
1.465396	1.688610	1.990455	0.500000
2.852189	2.214650	1.980898	0.500000
4.183544	2.937907	1.983736	0.500000
4.941376	3.101782	1.244955	0.500000
5.716453	3.289075	1.972725	0.500000
6.715194	2.729546	1.990620	0.500000
7.723030	2.322440	1.946657	0.500000
8.909888	1.734831	1.956972	0.500000
9.216546	0.940307	1.188401	0.500000
1.042965	3.285117	1.678648	0.500000
1.828517	2.651849	1.968990	0.500000
3.168909	3.379275	1.931047	0.500000
4.017702	3.589743	1.213586	0.500000
4.725320	3.789918	1.971708	0.500000
6.347793	3.562314	1.201047	0.500000
7.351996	3.006181	1.261544	0.500000
8.231963	3.198900	1.876328	0.500000
9.643765	2.020104	1.273433	0.500000
0.037990	3.159904	1.127165	0.500000
0.517638	4.071432	1.181121	0.500000
2.496694	3.048636	1.248901	0.500000
2.735048	4.137971	1.217770	0.500000
3.700980	4.254103	1.990574	0.500000
4.411198	4.529324	1.258421	0.500000
6.125837	4.217887	1.998961	0.500000
7.118985	3.792704	1.923546	0.500000
7.545665	4.698677	1.963009	0.500000
9.243544	2.791750	1.905982	0.500000
9.608407	3.900908	0.566557	0.500000
1.559201	5.344266	1.881762	0.500000
1.027837	4.434170	1.987675	0.500000
2.525955	4.763943	1.972270	0.500000
4.130266	5.170552	1.973648	0.500000
5.112010	4.726455	1.982384	0.500000
6.526515	5.304612	1.939426	0.500000
7.309877	5.545754	1.333901	0.500000
8.691454	4.139692	1.970668	0.500000
9.657094	3.725202	1.989551	0.500000
0.805150	5.101184	1.257552	0.500000
0.601851	5.866592	0.539945	0.500000
1.449122	6.120182	1.059278	0.500000
2.011609	6.268189	1.961377	0.500000
3.853541	5.955910	1.277514	0.500000
4.614787	6.157079	1.993969	0.500000
5.541764	5.732446	1.994572	0.500000
6.292312	6.217666	1.230599	0.500000
6.987484	6.417430	1.949363	0.500000
9.348715	4.578350	1.261552	0.500000
0.126746	4.868702	1.992198	0.500000
0.535623	5.786350	1.945688	0.500000
2.875609	6.512654	1.320155	0.500000
3.053966	5.767452	1.965623	0.500000
3.655037	6.794930	1.933459	0.500000
4.935133	7.398903	1.956978	0.500000
6.022447	6.949966	1.906231	0.500000
6.745472	7.208326	1.242420	0.500000
7.809379	6.511656	1.374073	0.500000
9.090413	5.304327	1.955217	0.500000
9.620378	6.260190	1.937932	0.500000
0.108562	7.281209	1.979830	0.500000
1.050316	6.679532	1.970519	0.500000
2.574379	7.190986	1.997602	0.500000
2.925836	8.388048	0.602160	0.500000
3.995444	7.799488	1.990073	0.500000
5.806788	7.652862	1.207507	0.500000
6.540883	7.896879	1.967818	0.500000
7.551501	7.307555	1.955239	0.500000
8.632038	6.804152	1.978020	0.500000
9.303645	7.087256	1.272579	0.500000
0.791477	7.627613	1.193144	0.500000
2.194478	7.981835	1.288939	0.500000
1.989420	0.156187	1.950111	0.500000
4.601880	0.223322	1.972517	0.500000
5.477452	8.267868	1.979842	0.500000
6.207481	8.573658	1.269977	0.500000
7.001409	0.218418	1.976875	0.500000
8.080436	8.280167	1.997289	0.500000
8.265675	7.501729	1.267598	0.500000
0.523901	8.246461	1.963845	0.500000
