200

0.213797	8.388111	0.505168	0.500000
1.407702	7.770706	0.570342	0.500000
1.672893	0.342725	0.502961	0.500000
2.839179	8.364228	1.982862	0.500000
4.294303	0.212915	0.534412	0.500000
5.140080	0.456848	1.277795	0.500000
5.710758	0.815437	0.517380	0.500000
6.753179	0.147545	0.502054	0.500000
8.341356	0.763723	0.576877	0.500000
9.290979	0.225417	0.562366	0.500000
0.748531	0.761046	0.507203	0.500000
2.413684	1.145558	0.506907	0.500000
3.323947	0.552952	0.506684	0.500000
3.974662	0.912306	1.186265	0.500000
4.740558	1.264073	0.516041	0.500000
5.549109	1.474841	1.308018	0.500000
6.199624	1.694326	0.544692	0.500000
7.317033	1.077397	0.511233	0.500000
8.588008	8.585796	1.270219	0.500000
9.719419	1.149702	0.513605	0.500000
0.363560	2.225128	0.508629	0.500000
0.597353	1.429374	1.241843	0.500000
1.921392	1.988635	1.236552	0.500000
2.700810	2.153478	0.554520	0.500000
4.413340	1.978911	1.298501	0.500000
5.206166	2.148368	0.556168	0.500000
5.875038	2.572780	1.211042	0.500000
6.964307	1.864444	1.175899	0.500000
7.980209	1.473464	1.221789	0.500000
8.702201	1.735272	0.510161	0.500000
0.209325	2.387578	1.993350	0.500000
1.327850	1.604795	0.525705	0.500000
3.439866	2.366358	1.252516	0.500000
3.726683	1.698778	0.511537	0.500000
4.124939	2.706744	0.574874	0.500000
5.406612	3.378583	0.503410	0.500000
6.686116	2.759310	0.510240	0.500000
7.714715	2.313400	0.513089	0.500000
8.399150	2.499903	1.251987	0.500000
9.251076	2.696925	0.554648	0.500000
0.770322	3.598515	0.537410	0.500000
1.772763	3.672477	1.851576	0.500000
1.399197	2.666616	0.711471	0.500000
3.160672	3.245684	0.515552	0.500000
4.466842	3.873989	0.522870	0.500000
5.273482	4.038874	1.289456	0.500000
5.904904	4.320172	0.546897	0.500000
7.100364	3.763227	0.549553	0.500000
8.167048	3.245499	0.618701	0.500000
8.962870	3.433064	1.211301	0.500000
1.580752	4.458486	1.109945	0.500000
1.793119	3.572330	0.530808	0.500000
2.465908	4.855362	0.511709	0.500000
3.521921	4.374297	0.515051	0.500000
4.857188	4.801538	0.500388	0.500000
5.717478	5.093658	1.266599	0.500000
6.788040	4.504371	1.248740	0.500000
7.519646	4.705431	0.519556	0.500000
7.747028	3.886510	1.308350	0.500000
0.021379	4.883461	0.536436	0.500000
8.961812	5.204073	0.531310	0.500000
1.435655	5.285940	0.528175	0.500000
2.157830	5.598149	1.190509	0.500000
2.942270	5.819001	0.546801	0.500000
3.944251	5.365351	0.503938	0.500000
4.733882	5.496956	1.218471	0.500000
5.372395	5.910405	0.505293	0.500000
6.446141	5.273165	0.525235	0.500000
8.007748	5.653589	1.924270	0.500000
8.570004	4.205647	0.517900	0.500000
0.227983	6.685291	1.264740	0.500000
0.962605	6.829970	0.524453	0.500000
3.257612	4.995232	1.254773	0.500000
3.343511	6.931342	0.581127	0.500000
4.441960	6.341616	0.504808	0.500000
5.152695	6.589439	1.217231	0.500000
6.965565	6.321569	0.602589	0.500000
8.069310	5.699954	0.587390	0.500000
8.213575	4.887924	1.217401	0.500000
9.736222	5.645260	1.300220	0.500000
9.596727	6.451143	0.517495	0.500000
1.755476	7.098506	1.231435	0.500000
1.898376	6.420728	0.500161	0.500000
3.103312	7.595597	1.311335	0.500000
4.157654	7.037279	1.255017	0.500000
4.900017	7.442857	0.551708	0.500000
5.847382	6.951649	0.519845	0.500000
7.268118	7.337947	0.610019	0.500000
8.517809	6.830068	0.541005	0.500000
8.824887	6.049476	1.141505	0.500000
9.913307	7.409107	0.582796	0.500000
3.633189	8.632058	1.270076	0.500000
2.429625	7.394971	0.519845	0.500000
3.953308	7.808266	0.541953	0.500000
4.537568	8.151578	1.361847	0.500000
5.353124	8.409099	0.549934	0.500000
6.266397	7.904065	0.536338	0.500000
7.107723	8.132538	1.233408	0.500000
7.814568	8.329557	0.540042	0.500000
8.743988	7.828024	0.529021	0.500000
0.802479	0.693306	1.958070	0.500000
0.998774	8.646410	1.182648	0.500000
2.455232	0.419265	1.284375	0.500000
3.321454	0.641188	1.970021	0.500000
4.805176	1.251924	1.974432	0.500000
5.869602	0.726096	1.965909	0.500000
6.499979	0.892700	1.206868	0.500000
7.563509	0.423436	1.246539	0.500000
8.900593	7.948126	1.991314	0.500000
9.679813	8.074064	1.298563	0.500000
1.572305	0.995958	1.285206	0.500000
2.299818	1.237464	1.980324	0.500000
3.035611	1.421822	1.288709	0.500000
3.819147	1.543606	1.980977	0.500000
5.170234	2.281127	1.905872	0.500000
6.325848	1.628031	1.942955	0.500000
7.292768	1.171576	1.987977	0.500000
8.337544	0.682057	1.993270	0.500000
9.323146	0.224082	1.961313	0.500000
0.076755	0.376710	1.271081	0.500000
9.921494	1.207098	1.956385	0.500000
1.258276	1.673452	1.997636	0.500000
2.598859	2.356309	1.955057	0.500000
4.081795	2.693022	1.970464	0.500000
4.750518	3.076586	1.324291	0.500000
5.676738	3.299647	1.955348	0.500000
6.590898	2.766886	1.934623	0.500000
7.617671	2.123028	1.965223	0.500000
8.695519	1.762922	1.977381	0.500000
9.028135	1.045500	1.265881	0.500000
0.820503	3.388972	1.602060	0.500000
1.515632	2.671803	1.877502	0.500000
2.955513	3.336886	1.930529	0.500000
3.790001	3.408628	1.296819	0.500000
4.497539	3.857437	1.998210	0.500000
6.300075	3.592959	1.152171	0.500000
7.407296	2.912929	1.252985	0.500000
8.172239	3.222527	1.997116	0.500000
9.481675	2.001415	1.251322	0.500000
9.885969	3.030752	1.258541	0.500000
0.323481	4.177662	1.221915	0.500000
2.254701	2.962991	1.177948	0.500000
2.606543	3.995242	1.063939	0.500000
3.537368	4.172261	1.917185	0.500000
4.208554	4.528145	1.266194	0.500000
6.061679	4.307510	1.932721	0.500000
7.023412	3.829841	1.996330	0.500000
7.564275	4.738265	1.976242	0.500000
9.196956	2.759368	1.967146	0.500000
9.644051	3.641275	0.502146	0.500000
1.472257	5.295756	1.988385	0.500000
1.015556	4.326241	1.977856	0.500000
2.372164	4.623353	1.895235	0.500000
3.996371	5.292026	1.980138	0.500000
4.948571	4.801630	1.994649	0.500000
6.609786	5.155358	1.988227	0.500000
7.234910	5.537436	1.170780	0.500000
8.501050	4.234962	1.950460	0.500000
9.593276	3.716620	1.945018	0.500000
0.693029	5.167673	1.240719	0.500000
0.444556	5.842057	0.539808	0.500000
1.196942	6.112650	1.199390	0.500000
1.906319	6.263262	1.929940	0.500000
3.736380	6.016795	1.331754	0.500000
4.467518	6.278352	1.966743	0.500000
5.419081	5.826661	1.905892	0.500000
6.177561	6.009341	1.210046	0.500000
6.923020	6.290066	1.878316	0.500000
9.344578	4.463343	1.188537	0.500000
0.063840	4.752367	1.998494	0.500000
0.522578	5.928808	1.944208	0.500000
2.600879	6.493748	1.233845	0.500000
2.935444	5.838223	1.958812	0.500000
3.428742	6.817832	1.927158	0.500000
4.956696	7.339914	1.983708	0.500000
5.941127	6.705405	1.963621	0.500000
6.546357	7.032292	1.236361	0.500000
7.715035	6.449025	1.283378	0.500000
8.976453	5.265889	1.917490	0.500000
9.416972	6.302693	1.994184	0.500000
9.945396	7.362238	1.999997	0.500000
0.954369	6.843887	1.939669	0.500000
2.457751	7.202858	1.996184	0.500000
2.693302	8.365312	0.502513	0.500000
3.863165	7.723848	1.965009	0.500000
5.735745	7.613046	1.332444	0.500000
6.490156	7.816151	1.989658	0.500000
7.317895	7.234236	1.860557	0.500000
8.402982	6.771490	1.994152	0.500000
9.133264	7.194535	1.354067	0.500000
0.688922	7.576736	1.279660	0.500000
1.957850	8.085931	1.387950	0.500000
1.648122	0.154292	1.999391	0.500000
4.366432	0.339834	1.975766	0.500000
5.326651	8.372204	1.950728	0.500000
6.138849	8.564674	1.281848	0.500000
6.846337	0.127561	1.977278	0.500000
7.872984	8.262509	1.965069	0.500000
8.138859	7.532531	1.318976	0.500000
0.408526	8.341288	1.980996	0.500000
