200

5.158438	10.581501	1.408566	0.500000
8.463822	4.442231	0.508575	0.500000
0.609550	12.118738	0.507598	0.500000
11.758901	3.413535	1.458527	0.500000
11.538847	11.914857	0.560563	0.500000
6.423471	3.417723	0.508064	0.500000
4.382267	1.908057	0.544018	0.500000
7.922213	11.009985	1.157476	0.500000
2.589376	4.530784	1.467262	0.500000
5.512206	2.769467	0.599920	0.500000
10.259589	6.207150	1.439947	0.500000
0.492102	1.506136	0.856705	0.500000
6.095587	8.609345	1.333781	0.500000
10.916115	0.964995	1.487952	0.500000
11.094918	10.879551	1.407114	0.500000
3.437923	11.705797	1.400274	0.500000
4.578036	12.051958	0.710206	0.500000
9.156513	1.640254	0.736010	0.500000
6.425795	6.777521	1.208442	0.500000
10.532893	10.213417	0.526574	0.500000
0.808409	6.626175	0.595791	0.500000
10.480272	5.419488	0.771245	0.500000
7.881857	9.971741	1.472498	0.500000
4.785695	4.092619	0.952755	0.500000
8.286825	5.682211	1.494605	0.500000
3.164559	4.268624	0.527296	0.500000
3.634165	1.099965	0.578378	0.500000
3.297529	0.546058	1.485492	0.500000
12.214676	9.111675	1.355745	0.500000
9.867278	6.486530	0.531190	0.500000
11.757156	1.036069	0.682102	0.500000
8.935738	11.186321	0.761330	0.500000
5.297091	1.449631	0.825082	0.500000
0.984936	5.083680	0.553912	0.500000
3.769450	2.336288	1.459410	0.500000
4.845810	8.298453	1.399866	0.500000
1.504352	6.714763	1.434153	0.500000
7.951633	2.247634	0.506378	0.500000
2.583165	6.707649	0.529767	0.500000
8.332153	8.740804	1.406219	0.500000
11.288324	6.938193	1.475301	0.500000
3.739018	8.232743	1.418795	0.500000
11.940209	0.143220	1.464600	0.500000
2.062164	10.887714	0.521377	0.500000
11.534745	10.174821	0.513483	0.500000
9.033516	2.574575	1.101633	0.500000
2.156593	8.802945	0.509154	0.500000
3.015216	0.166476	0.597149	0.500000
7.225661	5.849199	1.477205	0.500000
2.764073	6.274072	1.467330	0.500000
1.663100	9.852374	0.517960	0.500000
3.690982	3.766917	1.452782	0.500000
7.159239	1.795369	1.106089	0.500000
1.253119	8.234976	0.559435	0.500000
3.446474	5.497795	1.498749	0.500000
9.272147	3.759384	1.479464	0.500000
10.209966	11.169464	0.555172	0.500000
1.937560	4.597048	0.500103	0.500000
7.459924	12.024634	1.431016	0.500000
4.223987	7.086173	1.448095	0.500000
4.348871	9.789365	1.454093	0.500000
4.295951	4.841425	1.415836	0.500000
9.930729	8.510172	1.372830	0.500000
3.589686	8.934114	0.669225	0.500000
6.715059	4.869473	0.533559	0.500000
9.832718	0.832923	1.081522	0.500000
12.146048	10.985711	0.613575	0.500000
10.861198	0.436279	0.582612	0.500000
10.734288	11.885987	1.459194	0.500000
4.727683	5.749675	1.460689	0.500000
10.382639	4.463685	1.444322	0.500000
8.617776	9.757528	0.527212	0.500000
1.622267	0.066722	0.504470	0.500000
9.734038	12.175746	0.617691	0.500000
9.448159	5.297873	0.903314	0.500000
7.063067	0.763595	1.440988	0.500000
8.652646	7.436193	0.637946	0.500000
12.088285	6.434661	0.924929	0.500000
6.460641	5.894106	0.594505	0.500000
2.958761	7.293319	1.429407	0.500000
10.437484	3.247296	1.450578	0.500000
3.382985	3.189460	0.500119	0.500000
3.313506	10.228688	0.545642	0.500000
9.989745	7.450290	0.857059	0.500000
4.319982	11.125747	1.441733	0.500000
8.733472	3.436888	0.572985	0.500000
12.167059	10.260022	1.348904	0.500000
6.833150	11.934588	0.504954	0.500000
6.601447	11.402036	1.382094	0.500000
9.087993	8.378162	0.552713	0.500000
6.454555	0.694933	0.614001	0.500000
6.333916	1.821765	0.529579	0.500000
0.938388	11.159571	0.540484	0.500000
2.680671	1.669041	1.415603	0.500000
8.700305	4.739339	1.486908	0.500000
12.190077	7.456476	0.528150	0.500000
5.277560	6.724971	1.360497	0.500000
8.487458	11.792383	1.474486	0.500000
1.347911	1.590552	1.487062	0.500000
2.763481	9.462882	0.952843	0.500000
11.169098	9.694066	1.467293	0.500000
5.535626	9.923686	0.592842	0.500000
7.011530	9.190420	1.414602	0.500000
6.433506	10.111494	1.332922	0.500000
2.273242	0.693169	1.342609	0.500000
12.182279	5.008426	0.526538	0.500000
8.905937	10.406015	1.443953	0.500000
4.951120	2.313713	1.457866	0.500000
4.699732	9.208460	0.544939	0.500000
0.734565	3.243092	1.352920	0.500000
10.980693	8.066297	1.448812	0.500000
1.888321	1.800483	0.628374	0.500000
8.138565	12.152947	0.544107	0.500000
1.718794	7.216563	0.547075	0.500000
3.298157	2.086549	0.560174	0.500000
7.775001	7.225520	1.489084	0.500000
5.422787	8.250178	0.508129	0.500000
7.584338	6.761768	0.601955	0.500000
10.135049	10.287475	1.466433	0.500000
4.889769	7.332605	0.539241	0.500000
4.056688	6.553013	0.530031	0.500000
0.849706	9.836066	1.493078	0.500000
12.028638	7.974911	1.385848	0.500000
11.455769	2.673468	0.584440	0.500000
2.399293	11.596875	1.427357	0.500000
0.778940	8.455387	1.486369	0.500000
7.500958	4.081476	0.520027	0.500000
9.536641	10.397380	0.510174	0.500000
9.432630	9.420731	1.276706	0.500000
6.957577	7.791997	0.515443	0.500000
0.657844	5.587683	1.491594	0.500000
9.551837	4.312918	0.583853	0.500000
5.685854	7.637778	1.471254	0.500000
7.625826	0.826182	0.613700	0.500000
0.890440	3.999967	0.622942	0.500000
10.991940	7.565927	0.540283	0.500000
7.783127	8.402712	0.529532	0.500000
10.262657	9.230241	0.545744	0.500000
5.415452	11.496423	0.502160	0.500000
2.990273	10.649038	1.460578	0.500000
11.334766	9.174938	0.548533	0.500000
0.704903	11.615145	1.491822	0.500000
2.616528	7.852662	0.657473	0.500000
4.444495	1.401656	1.460312	0.500000
5.755942	3.533243	1.328694	0.500000
0.134480	2.387645	1.462924	0.500000
0.744378	7.415422	1.418682	0.500000
7.281528	8.197943	1.445957	0.500000
6.258866	2.631909	1.364297	0.500000
5.266682	9.207812	1.454491	0.500000
10.842631	3.527698	0.510267	0.500000
8.990498	6.885205	1.486790	0.500000
5.951605	5.928225	1.490861	0.500000
8.431979	0.741787	1.230793	0.500000
3.028017	5.790480	0.572071	0.500000
6.106752	1.262079	1.410652	0.500000
6.607080	4.270095	1.495778	0.500000
10.085456	2.167573	1.452793	0.500000
3.603810	7.472054	0.552510	0.500000
4.318196	8.197024	0.551008	0.500000
2.974995	3.004250	1.448162	0.500000
4.493283	3.198480	0.570419	0.500000
5.184700	5.289162	0.565399	0.500000
1.572298	9.101427	1.444588	0.500000
5.845352	4.905398	1.323246	0.500000
2.390475	3.370181	0.653097	0.500000
6.147243	10.815098	0.631257	0.500000
3.855631	5.138753	0.549090	0.500000
7.266003	3.103140	1.027362	0.500000
0.327863	4.298818	1.462577	0.500000
1.870109	5.978837	0.500838	0.500000
7.394789	4.865619	1.319787	0.500000
8.664194	6.359922	0.620794	0.500000
2.434101	8.583189	1.484007	0.500000
3.676999	11.270508	0.509252	0.500000
7.952168	3.808731	1.467198	0.500000
11.438109	4.540258	1.372548	0.500000
1.704809	7.873251	1.402830	0.500000
7.676906	9.388025	0.684869	0.500000
11.067936	6.358586	0.624277	0.500000
11.385489	2.068861	1.402186	0.500000
8.267519	1.910490	1.443758	0.500000
1.973164	10.143386	1.450417	0.500000
1.017704	2.372559	0.638928	0.500000
4.623272	10.450318	0.516979	0.500000
5.701672	12.020209	1.359793	0.500000
1.822088	3.682299	1.497826	0.500000
1.639032	2.616878	1.445199	0.500000
5.961094	7.312651	0.501521	0.500000
11.239297	5.638260	1.490109	0.500000
12.142251	8.572572	0.505790	0.500000
9.783390	11.456652	1.424066	0.500000
7.713748	5.503162	0.594088	0.500000
0.175298	3.213142	0.517125	0.500000
0.590251	9.467021	0.516001	0.500000
1.623082	5.308267	1.317109	0.500000
1.226653	0.267327	1.442459	0.500000
7.317397	10.341003	0.641792	0.500000
9.885680	2.991025	0.580414	0.500000
10.951758	1.774359	0.548018	0.500000
