200

10.648948	10.455381	1.382870	0.500000
3.816412	11.615483	1.316374	0.500000
0.963826	0.437163	0.559276	0.500000
11.210466	10.200995	0.586710	0.500000
11.097790	5.034949	0.505519	0.500000
0.544911	10.527286	1.498918	0.500000
9.783358	7.108948	0.531654	0.500000
8.371758	1.581187	0.607792	0.500000
3.057410	5.890303	0.562472	0.500000
2.548253	2.306722	1.467032	0.500000
6.309650	1.423106	0.566823	0.500000
1.480657	4.013907	0.955792	0.500000
4.560058	10.792078	1.451978	0.500000
4.558244	6.096293	1.478949	0.500000
9.643907	10.210395	1.486521	0.500000
7.128150	4.200698	0.508308	0.500000
3.940093	10.545484	0.609312	0.500000
11.105464	1.161376	0.667711	0.500000
2.489824	11.395160	1.409480	0.500000
7.344592	1.094525	0.525939	0.500000
6.805564	5.262125	0.692043	0.500000
10.379460	4.774173	1.487894	0.500000
2.591779	3.247104	0.935005	0.500000
6.571599	1.745202	1.491992	0.500000
3.230927	1.454731	0.560790	0.500000
0.539053	8.198912	0.514742	0.500000
0.638253	4.531198	0.529048	0.500000
10.871265	2.116029	1.236730	0.500000
7.477056	6.163601	0.564232	0.500000
6.686435	3.861184	1.413302	0.500000
1.466099	2.734865	0.537599	0.500000
12.177378	9.788746	0.505870	0.500000
1.710907	8.456773	0.574950	0.500000
12.099799	11.104809	0.519408	0.500000
0.509051	3.354223	0.547179	0.500000
12.195116	0.136150	0.659814	0.500000
5.853711	10.761534	1.329341	0.500000
6.861355	5.940395	1.492779	0.500000
2.876117	5.281057	1.431726	0.500000
4.306583	8.627088	0.715862	0.500000
11.744229	5.926580	0.593359	0.500000
0.146406	7.648493	1.413145	0.500000
10.150181	10.551471	0.507921	0.500000
5.350910	9.005305	0.502382	0.500000
0.566857	4.988557	1.483862	0.500000
1.315281	5.816344	1.476571	0.500000
7.869860	11.616412	0.626351	0.500000
1.622401	6.304305	0.590355	0.500000
6.339917	7.581632	1.464227	0.500000
0.014007	1.206317	0.542542	0.500000
1.238630	10.218069	0.623008	0.500000
10.345559	0.315915	1.486639	0.500000
9.183464	1.315275	1.276944	0.500000
3.347932	12.113267	0.578751	0.500000
1.051066	8.579306	1.323505	0.500000
7.916341	6.759811	1.359260	0.500000
7.705842	0.097174	1.310075	0.500000
0.116064	4.064671	1.413547	0.500000
1.135059	3.150141	1.396673	0.500000
9.130740	5.462522	1.482839	0.500000
11.610515	0.602523	1.423824	0.500000
11.373836	11.695157	1.453409	0.500000
3.000928	10.318754	1.237709	0.500000
11.270189	4.173941	1.428060	0.500000
7.785129	4.327647	1.426920	0.500000
0.681400	7.141953	0.548361	0.500000
9.239874	9.602946	0.611868	0.500000
0.254081	5.991707	1.334051	0.500000
1.101395	6.796439	1.452352	0.500000
11.318286	3.120074	1.253082	0.500000
9.500683	6.104190	0.553110	0.500000
11.256687	9.313559	1.420122	0.500000
3.171470	4.712824	0.567267	0.500000
3.183361	7.677498	1.497995	0.500000
6.521309	8.454968	0.505620	0.500000
10.215625	3.439184	1.380614	0.500000
6.674434	11.836043	1.472039	0.500000
6.767375	0.656922	1.466477	0.500000
5.021034	5.068804	1.212557	0.500000
10.431745	8.075400	1.446150	0.500000
10.364357	5.833753	1.499856	0.500000
9.843352	2.397354	1.428797	0.500000
10.755234	7.229560	0.788569	0.500000
4.922654	11.254261	0.595858	0.500000
6.973762	3.114623	0.501563	0.500000
4.717881	3.206958	0.526743	0.500000
9.761396	11.642934	0.504681	0.500000
5.276760	3.012451	1.360672	0.500000
10.141712	6.867801	1.496007	0.500000
7.845058	5.366667	1.493884	0.500000
4.403420	4.442644	0.654499	0.500000
1.713596	10.616010	1.423530	0.500000
10.660325	2.839192	0.503589	0.500000
3.445694	8.642753	1.439582	0.500000
6.190141	2.443952	0.573294	0.500000
6.545311	6.709774	0.829972	0.500000
4.385107	2.092891	0.516712	0.500000
7.648177	8.795305	0.523659	0.500000
3.891272	9.734654	1.432066	0.500000
5.476328	4.335911	0.634693	0.500000
5.960485	3.431888	0.529319	0.500000
2.690462	8.091314	0.507030	0.500000
3.474553	3.555913	0.500104	0.500000
2.354127	9.691722	0.587722	0.500000
1.680293	9.615777	1.369631	0.500000
10.929081	8.640535	0.604628	0.500000
6.164795	4.968132	1.408567	0.500000
7.598230	1.736850	1.426759	0.500000
8.792831	7.990153	0.595875	0.500000
11.475749	8.243149	1.452943	0.500000
8.247069	0.966187	1.388598	0.500000
0.046672	8.920847	1.380220	0.500000
7.004418	0.052354	0.567406	0.500000
1.832234	7.935562	1.493497	0.500000
10.276803	11.536709	1.382921	0.500000
9.052829	11.414001	1.287252	0.500000
0.959928	9.191657	0.535324	0.500000
8.459510	10.627659	0.512692	0.500000
0.072035	2.916326	1.411275	0.500000
4.830220	7.605901	0.571479	0.500000
1.575762	0.642186	1.419848	0.500000
1.007704	2.046991	1.468663	0.500000
8.523777	5.799928	0.587146	0.500000
2.011567	7.280291	0.524400	0.500000
7.804567	2.423390	0.522018	0.500000
4.858265	0.020499	0.878674	0.500000
7.233906	7.495162	0.568597	0.500000
9.178759	8.787756	1.414733	0.500000
2.537914	0.197139	1.424073	0.500000
5.639699	0.657485	0.504013	0.500000
6.021841	11.656154	0.528564	0.500000
10.674402	4.046486	0.546410	0.500000
10.540493	6.029313	0.533723	0.500000
9.426260	2.609866	0.518293	0.500000
2.973859	6.989388	0.515955	0.500000
2.134204	10.867095	0.513724	0.500000
1.079583	11.310261	0.526631	0.500000
10.257474	9.342575	1.457096	0.500000
2.992709	1.172671	1.496773	0.500000
4.865539	6.470875	0.513007	0.500000
7.629515	9.367570	1.420655	0.500000
11.558241	7.838056	0.541227	0.500000
2.149442	5.431161	0.751480	0.500000
3.941002	5.505394	0.864091	0.500000
11.870862	4.261216	0.517555	0.500000
8.994823	6.664046	1.474098	0.500000
8.051509	3.263636	1.038268	0.500000
11.285904	5.249949	1.470033	0.500000
11.191961	0.036524	0.515969	0.500000
5.690050	6.030283	1.000277	0.500000
11.849467	10.124846	1.435354	0.500000
4.544208	1.065791	1.101997	0.500000
0.574791	0.980275	1.418544	0.500000
2.236126	6.554337	1.479980	0.500000
9.872868	8.460897	0.562260	0.500000
8.005763	4.864757	0.594362	0.500000
3.706801	4.393032	1.386904	0.500000
10.937352	11.188991	0.644662	0.500000
1.761056	1.694905	0.505781	0.500000
5.769501	0.101160	1.416224	0.500000
12.138617	2.512669	0.507029	0.500000
8.472111	0.529196	0.510253	0.500000
9.199680	0.220282	1.481210	0.500000
3.814688	1.901566	1.338907	0.500000
11.989831	1.922413	1.414244	0.500000
4.551956	9.730512	0.556354	0.500000
4.821769	3.933955	1.478732	0.500000
6.685470	10.027934	1.499093	0.500000
5.426908	1.729511	1.275002	0.500000
7.952569	7.815671	1.430293	0.500000
9.276217	5.025841	0.517869	0.500000
0.772338	11.919802	1.326471	0.500000
11.485134	6.651616	1.441754	0.500000
3.819081	3.106467	1.459294	0.500000
7.634974	9.949627	0.519608	0.500000
8.656014	4.088603	0.756391	0.500000
2.464588	8.796235	1.298235	0.500000
6.554728	10.622627	0.607953	0.500000
6.401939	9.461937	0.661817	0.500000
9.379130	7.585786	1.347261	0.500000
0.859287	5.567198	0.509893	0.500000
1.822787	11.974208	0.824282	0.500000
10.154299	1.571372	0.765991	0.500000
3.487857	9.266076	0.513957	0.500000
3.732582	7.737022	0.537834	0.500000
8.667788	6.922171	0.556122	0.500000
5.538879	8.435323	1.355467	0.500000
7.806820	10.675140	1.403742	0.500000
7.044543	2.685040	1.451917	0.500000
5.505549	10.143142	0.510730	0.500000
2.291310	0.822676	0.569305	0.500000
5.142546	9.694679	1.368382	0.500000
6.882715	8.615713	1.425080	0.500000
5.846825	7.424376	0.561260	0.500000
3.533989	6.518199	1.464271	0.500000
4.197928	7.701267	1.438771	0.500000
1.729018	4.858508	1.498275	0.500000
8.756276	2.324225	1.495384	0.500000
9.554433	0.721711	0.500099	0.500000
8.627836	9.928238	1.356999	0.500000
