500

13.057759	7.956131	4.420139	0.500000
3.106540	8.934302	4.194061	0.500000
6.904499	13.154479	2.652608	0.500000
4.685430	7.429591	1.338510	0.500000
3.640609	2.914400	0.603163	0.500000
0.030571	7.289366	2.404276	0.500000
5.873266	11.244502	0.536273	0.500000
10.842947	3.901396	3.442691	0.500000
11.404609	5.145281	4.213305	0.500000
5.564945	10.928927	4.004033	0.500000
9.643391	2.579074	3.357335	0.500000
11.468748	3.787071	4.354906	0.500000
6.807843	10.955635	2.576816	0.500000
1.953801	9.032036	2.311372	0.500000
0.557299	4.791102	4.027484	0.500000
8.252815	1.114664	2.102039	0.500000
12.940019	6.031605	0.860470	0.500000
2.904056	8.188832	1.610089	0.500000
3.322717	7.954807	4.015422	0.500000
5.831239	12.281649	1.002772	0.500000
9.772312	8.993000	4.376902	0.500000
4.157338	6.673904	0.664621	0.500000
10.228665	0.105014	0.606767	0.500000
4.560638	1.824092	3.467260	0.500000
9.381826	8.957498	2.588405	0.500000
6.018648	3.767838	2.272365	0.500000
6.228330	8.179768	1.836674	0.500000
6.403217	7.526251	3.548967	0.500000
6.737776	6.057927	2.136737	0.500000
2.290009	4.227395	3.596804	0.500000
3.219345	5.795472	4.498741	0.500000
8.333625	5.287400	4.438428	0.500000
0.337283	7.655831	3.330241	0.500000
9.829314	0.437559	4.264646	0.500000
3.771395	10.658597	3.188293	0.500000
11.037649	0.719751	0.583252	0.500000
0.954886	3.133185	1.323784	0.500000
7.659457	4.634683	2.462416	0.500000
2.714674	1.641827	2.024706	0.500000
5.006257	2.219040	1.666449	0.500000
11.371359	10.559036	0.549961	0.500000
7.134182	11.670510	1.331153	0.500000
9.972607	3.770274	0.653386	0.500000
1.306101	4.846677	3.225420	0.500000
1.022238	13.003336	4.428844	0.500000
7.403223	8.659938	3.317176	0.500000
7.961166	5.996462	1.841224	0.500000
9.482362	9.746510	1.781500	0.500000
8.568198	6.779572	4.202112	0.500000
12.137478	6.926495	3.700923	0.500000
6.548796	1.023822	1.707256	0.500000
11.768391	6.323656	2.709798	0.500000
4.714050	2.564569	0.520225	0.500000
4.662269	11.550522	3.337138	0.500000
2.323924	2.502341	4.393939	0.500000
7.907770	12.496985	3.142119	0.500000
10.062116	2.482587	1.759644	0.500000
6.017116	0.070364	3.502891	0.500000
10.012570	12.880564	3.628304	0.500000
11.610625	5.931854	0.598059	0.500000
9.582203	12.000740	1.568831	0.500000
6.391919	6.593363	0.739793	0.500000
0.212242	12.843786	2.514549	0.500000
2.096572	7.705986	0.583104	0.500000
0.117507	6.848107	1.455965	0.500000
5.707603	6.654672	3.660386	0.500000
5.120829	11.573712	1.523367	0.500000
12.331316	0.963758	0.542671	0.500000
1.493303	8.409650	3.309054	0.500000
7.136608	0.785716	3.597210	0.500000
5.135321	5.402046	0.567902	0.500000
8.588008	0.746943	3.937335	0.500000
2.203702	8.490339	4.440822	0.500000
2.896926	0.794314	2.569846	0.500000
10.771229	8.014963	3.851076	0.500000
3.349737	3.664258	3.562964	0.500000
5.023296	0.374611	0.853875	0.500000
8.258207	12.895528	0.784441	0.500000
0.626894	4.658235	2.368517	0.500000
10.177418	0.659959	1.778929	0.500000
9.133888	4.499345	4.387033	0.500000
4.737272	3.599094	0.507889	0.500000
5.556879	3.219541	1.283186	0.500000
11.797518	0.869514	3.896291	0.500000
8.438289	7.555236	2.900771	0.500000
9.025472	13.070756	4.464732	0.500000
12.818607	4.583375	1.760916	0.500000
0.685615	0.735611	4.485454	0.500000
4.372867	12.671896	3.613377	0.500000
10.108979	5.097970	3.522039	0.500000
1.738306	0.309018	2.549135	0.500000
10.846939	12.568975	2.928787	0.500000
0.420345	3.726208	2.063875	0.500000
4.620519	9.725577	1.996710	0.500000
7.987079	9.358703	4.406829	0.500000
12.426408	2.976262	4.091183	0.500000
11.662417	6.042370	3.717073	0.500000
2.309319	6.280541	2.640174	0.500000
3.759107	3.985515	0.828418	0.500000
3.094610	11.076977	4.415064	0.500000
11.156605	0.365313	3.032463	0.500000
4.526747	5.159535	4.150686	0.500000
9.046184	0.254856	1.789555	0.500000
9.419682	1.784721	0.835853	0.500000
11.675251	1.197327	2.436130	0.500000
3.896248	1.989764	1.361248	0.500000
3.036145	12.198612	4.165835	0.500000
0.878759	1.765131	3.150437	0.500000
7.728212	3.677179	2.885488	0.500000
6.945307	2.686062	3.323819	0.500000
0.682628	12.270780	3.492547	0.500000
6.761528	5.164998	0.738762	0.500000
3.958075	9.115514	1.010520	0.500000
5.608438	7.199195	2.096990	0.500000
2.819134	12.111267	1.414379	0.500000
3.253567	12.692634	3.228289	0.500000
8.884595	5.942645	2.882249	0.500000
7.447107	1.501882	1.556847	0.500000
1.686400	1.293115	0.553305	0.500000
5.762843	7.358951	4.448952	0.500000
10.473635	12.783005	1.662400	0.500000
5.550921	0.180677	1.736454	0.500000
11.928283	9.711856	3.417521	0.500000
13.070429	8.399403	2.362780	0.500000
8.940703	7.612226	0.686936	0.500000
6.680814	10.404545	1.434369	0.500000
3.828484	1.283663	2.755642	0.500000
0.987200	9.001562	2.648601	0.500000
12.371120	6.165068	4.463481	0.500000
7.933975	4.474753	3.644641	0.500000
8.749997	1.668243	2.845946	0.500000
6.110916	4.841694	4.066918	0.500000
2.121669	12.865696	3.483684	0.500000
3.219883	9.771135	3.034592	0.500000
7.319378	0.252971	0.503387	0.500000
13.076858	5.001649	3.306524	0.500000
12.159647	8.070614	2.737688	0.500000
1.018974	6.328279	0.954085	0.500000
5.282034	0.818538	3.465460	0.500000
6.313232	2.007432	4.410552	0.500000
8.447538	9.176253	0.595579	0.500000
6.258671	3.305511	4.028741	0.500000
9.841887	5.741915	1.978829	0.500000
0.934479	1.730263	1.242957	0.500000
0.028555	1.599026	4.282451	0.500000
10.506564	8.408699	0.516532	0.500000
12.741868	4.897263	0.532182	0.500000
4.587148	8.174490	4.128450	0.500000
2.871094	0.035167	0.856577	0.500000
11.895332	12.369045	1.995954	0.500000
9.868481	11.957406	3.206236	0.500000
12.763814	12.054042	2.986334	0.500000
5.933167	2.024689	2.838712	0.500000
3.557547	10.153872	1.704585	0.500000
2.652715	9.176817	1.458904	0.500000
1.902909	2.056914	3.352522	0.500000
11.185970	10.613483	1.579373	0.500000
12.351237	13.042763	0.597800	0.500000
7.361292	8.595764	0.552201	0.500000
1.670760	1.197989	2.016545	0.500000
11.360086	3.812414	1.213585	0.500000
10.637079	10.938114	3.212857	0.500000
10.455896	8.247390	1.652328	0.500000
10.546818	11.625537	2.437752	0.500000
9.154842	11.436570	4.489823	0.500000
9.572349	6.556839	0.521597	0.500000
2.124538	11.328003	1.623556	0.500000
2.774495	10.972893	3.225459	0.500000
1.656977	7.148094	3.539474	0.500000
6.975456	13.149497	4.319106	0.500000
12.018352	4.322981	3.505726	0.500000
9.515826	8.666096	0.775915	0.500000
7.618508	10.135978	1.676272	0.500000
3.561812	4.844064	4.051895	0.500000
4.434760	4.761444	0.977098	0.500000
12.476165	2.313333	0.925272	0.500000
10.925441	5.225292	1.826391	0.500000
9.148108	11.258772	2.281515	0.500000
9.407675	11.128572	0.668953	0.500000
3.471964	11.187515	2.314901	0.500000
13.184956	0.423243	0.549629	0.500000
8.812828	0.353910	2.784955	0.500000
1.627179	0.508539	3.969824	0.500000
13.185166	1.445242	0.930980	0.500000
7.378480	12.265312	0.519007	0.500000
1.515915	10.275165	0.666428	0.500000
11.311389	8.711259	2.369324	0.500000
12.207174	8.741813	1.655514	0.500000
12.595343	1.320768	1.858397	0.500000
10.061355	6.306958	2.905085	0.500000
6.787676	1.337890	2.811745	0.500000
1.021777	6.945936	4.452513	0.500000
9.182887	4.492921	3.309604	0.500000
9.555460	7.273313	3.304980	0.500000
7.707629	0.349588	1.728880	0.500000
11.899905	10.804539	3.276787	0.500000
0.809657	3.693072	4.088543	0.500000
1.654728	4.776587	4.350368	0.500000
10.704274	2.788692	0.989464	0.500000
8.504348	4.107746	2.238117	0.500000
1.109159	7.461636	2.664360	0.500000
8.973460	10.905674	3.344309	0.500000
4.256651	7.391183	2.294723	0.500000
12.827556	3.435561	3.080708	0.500000
5.226247	8.768852	3.213150	0.500000
9.982122	10.179775	2.766315	0.500000
0.581771	10.984615	0.546448	0.500000
7.796865	7.966512	1.356309	0.500000
5.924089	6.203985	2.783851	0.500000
2.827971	2.123067	2.961217	0.500000
2.002929	2.639098	1.464570	0.500000
11.341092	1.691413	0.668196	0.500000
8.656989	10.365719	0.807360	0.500000
12.886919	7.997387	1.054395	0.500000
4.202474	12.047224	4.472832	0.500000
2.649359	5.103137	0.510232	0.500000
0.136330	2.001792	2.147593	0.500000
13.129580	6.856132	4.348470	0.500000
9.702469	8.459512	3.465143	0.500000
5.571416	11.122589	3.010133	0.500000
6.912659	3.972581	3.427164	0.500000
4.710959	6.381225	1.570866	0.500000
12.236544	1.941471	3.661208	0.500000
1.826080	8.380582	1.290245	0.500000
5.863443	10.976058	1.970309	0.500000
12.539523	2.518329	2.561652	0.500000
2.466368	6.444705	0.669598	0.500000
6.476811	8.748672	4.466073	0.500000
6.677390	4.868564	1.739292	0.500000
1.890413	3.435859	4.367991	0.500000
4.940224	3.072854	3.061716	0.500000
10.823582	10.376722	4.021248	0.500000
8.892753	7.960730	2.091419	0.500000
4.436896	10.697400	2.442790	0.500000
2.435245	3.238653	0.700725	0.500000
3.426320	0.669597	1.521674	0.500000
0.751152	10.580148	4.358459	0.500000
7.608283	6.402187	2.810764	0.500000
7.189112	10.882653	0.696473	0.500000
3.581902	11.608692	3.565323	0.500000
12.532911	7.098371	0.599016	0.500000
6.517434	3.758343	0.908096	0.500000
4.244046	12.838917	1.698912	0.500000
4.077759	0.033346	2.624984	0.500000
1.236680	11.749447	0.756578	0.500000
10.572963	11.507605	4.461028	0.500000
5.357624	7.229740	0.531485	0.500000
13.195817	2.400066	3.683506	0.500000
11.210382	11.737798	1.296615	0.500000
2.582214	5.719364	3.474809	0.500000
12.936300	12.127785	0.818699	0.500000
12.268458	0.105769	2.285238	0.500000
12.798672	4.762264	4.453771	0.500000
1.554665	10.891646	2.635424	0.500000
7.921661	1.069761	3.046072	0.500000
11.196341	12.467998	4.083406	0.500000
11.615212	7.533196	4.328166	0.500000
3.969605	6.028923	3.646589	0.500000
3.335854	2.504292	3.763808	0.500000
3.253204	6.426342	3.059961	0.500000
3.680753	11.967897	0.813312	0.500000
12.488393	11.181837	2.402183	0.500000
2.316979	0.555433	1.560398	0.500000
7.273288	8.036392	4.467820	0.500000
3.468788	7.483187	0.647190	0.500000
11.553441	9.237931	4.294248	0.500000
10.765042	4.985054	0.713165	0.500000
2.944319	10.058136	4.004766	0.500000
2.638065	7.021582	1.510703	0.500000
4.513221	1.460915	4.423581	0.500000
3.209445	0.404109	3.618108	0.500000
10.827670	1.799166	1.929088	0.500000
9.082848	5.671933	3.884106	0.500000
5.548247	1.303009	1.558003	0.500000
4.090368	5.244899	2.918920	0.500000
4.209944	10.929099	1.332072	0.500000
11.354729	1.728095	4.333292	0.500000
1.059002	7.313222	1.496719	0.500000
12.349706	6.914696	1.792145	0.500000
10.787822	9.052769	3.402883	0.500000
2.542350	0.174582	4.440639	0.500000
8.341944	10.233104	2.414217	0.500000
0.144404	9.105422	3.442601	0.500000
11.398126	2.148700	2.750333	0.500000
4.298559	4.242101	2.552182	0.500000
4.413509	3.521452	1.703900	0.500000
1.848590	4.082143	0.837917	0.500000
12.865433	5.641603	1.869268	0.500000
9.356774	12.869878	1.044103	0.500000
9.197557	0.687166	0.851257	0.500000
1.173402	1.590760	4.240763	0.500000
5.370657	8.748610	1.963455	0.500000
0.768616	10.087261	1.765214	0.500000
6.399091	12.655218	1.802836	0.500000
11.881401	7.869122	0.621387	0.500000
11.286576	0.150605	1.573259	0.500000
9.495819	5.282856	0.513126	0.500000
8.872692	3.353720	3.127571	0.500000
5.798390	9.850230	0.667407	0.500000
0.611602	3.925663	3.120718	0.500000
4.185085	0.631497	3.914136	0.500000
11.790750	6.093049	1.654303	0.500000
6.919054	1.869602	0.613545	0.500000
11.316317	4.376589	2.681750	0.500000
1.042624	2.845574	3.320608	0.500000
8.629412	6.212685	0.888820	0.500000
9.077457	4.449654	1.015582	0.500000
7.611583	1.600896	4.373677	0.500000
0.676896	12.618430	0.541272	0.500000
5.380989	8.151828	0.958601	0.500000
5.274770	7.671843	3.373791	0.500000
1.316268	10.044618	3.146340	0.500000
6.808841	6.583016	4.442272	0.500000
8.157716	11.474229	2.748448	0.500000
12.215251	12.560831	4.471553	0.500000
1.440359	11.552283	3.394279	0.500000
8.222942	0.766571	0.537454	0.500000
11.803168	3.155111	3.142389	0.500000
6.338517	8.636857	2.801020	0.500000
12.916290	13.033616	1.470940	0.500000
9.148504	1.539512	4.464033	0.500000
0.144218	3.064904	0.514745	0.500000
12.972365	1.371468	3.023487	0.500000
10.837468	7.406352	0.680670	0.500000
4.314906	9.832426	3.532848	0.500000
11.420079	9.003924	0.628436	0.500000
7.129449	3.357894	2.056195	0.500000
7.862404	5.965156	3.715237	0.500000
13.083411	9.606197	0.838396	0.500000
5.476040	4.078268	4.481633	0.500000
2.614710	11.236162	0.638277	0.500000
0.318472	10.344255	3.291273	0.500000
5.143078	13.155675	2.730394	0.500000
10.332475	4.417158	4.431407	0.500000
8.733262	11.980949	3.528918	0.500000
11.965010	5.157171	2.854382	0.500000
3.446250	3.104164	1.633206	0.500000
11.591608	3.118157	0.523132	0.500000
6.597183	9.325784	1.611536	0.500000
11.258196	7.428317	3.000285	0.500000
5.327615	9.705846	2.770946	0.500000
1.968695	7.953514	2.481675	0.500000
10.108278	4.698800	1.539552	0.500000
9.916898	1.744520	2.682903	0.500000
12.033274	10.685436	4.340909	0.500000
2.897005	5.724316	1.278632	0.500000
11.414924	7.468010	1.733884	0.500000
4.834845	10.277714	0.512535	0.500000
12.505939	9.007697	2.920954	0.500000
6.790115	7.856491	1.033203	0.500000
7.512006	9.320820	2.566897	0.500000
11.136537	10.037368	2.848667	0.500000
11.907186	4.650368	1.216850	0.500000
10.333418	1.720508	3.942748	0.500000
5.154289	5.305206	3.328105	0.500000
4.374775	11.031945	4.207453	0.500000
9.129097	6.811485	2.126847	0.500000
7.910210	1.711636	0.633612	0.500000
10.348448	7.313919	4.459189	0.500000
0.628150	6.592497	3.530767	0.500000
5.036163	4.918705	2.213166	0.500000
9.309850	3.038543	1.302047	0.500000
3.023535	1.110874	0.537055	0.500000
2.153411	9.199058	0.572569	0.500000
3.633087	6.565570	1.954918	0.500000
7.934068	9.932033	3.447009	0.500000
10.816957	6.647194	3.785317	0.500000
5.752940	1.828308	0.511948	0.500000
5.557234	9.125910	4.202551	0.500000
3.084236	5.716324	2.333892	0.500000
2.123506	12.314560	0.682263	0.500000
10.425249	3.203044	2.521791	0.500000
12.881000	11.683299	4.396091	0.500000
5.254796	0.469480	4.443376	0.500000
7.972533	13.140438	4.163315	0.500000
1.866809	12.452398	4.470577	0.500000
9.315240	1.314059	1.737323	0.500000
4.578275	0.676320	1.895681	0.500000
3.368710	10.010745	0.536063	0.500000
5.533463	5.903257	4.452985	0.500000
4.985180	10.096244	4.485870	0.500000
11.815256	9.744308	1.345407	0.500000
9.767179	10.624801	3.903377	0.500000
1.392887	2.455748	2.403503	0.500000
0.751632	2.493243	4.473434	0.500000
9.228723	2.508590	2.395954	0.500000
10.430777	5.413104	4.475547	0.500000
12.707861	9.954410	4.005476	0.500000
3.115795	4.140666	1.676898	0.500000
2.405862	1.060257	3.401380	0.500000
8.814818	12.263737	2.521591	0.500000
8.613318	2.004558	1.402853	0.500000
6.237990	10.028421	3.066161	0.500000
9.659529	3.894241	2.136059	0.500000
2.663010	2.262059	0.654406	0.500000
6.809149	7.353420	2.491544	0.500000
2.640882	8.475790	3.381206	0.500000
0.927051	8.593727	4.267188	0.500000
11.544804	11.514223	4.067093	0.500000
12.831760	3.810541	0.928935	0.500000
2.260277	12.733637	2.053116	0.500000
6.883612	5.223617	2.699532	0.500000
2.121547	10.770753	4.448190	0.500000
7.399797	6.725360	0.886571	0.500000
8.408163	11.321089	1.118883	0.500000
9.829440	0.933189	3.371689	0.500000
10.847153	0.406992	4.464770	0.500000
6.972217	4.297129	4.473299	0.500000
6.424532	12.968434	0.522398	0.500000
5.036226	1.433445	2.565943	0.500000
0.990017	11.893782	4.463782	0.500000
2.700623	7.489567	3.001565	0.500000
9.872563	3.660647	3.539376	0.500000
2.502947	3.499807	2.147880	0.500000
10.976150	1.349563	3.223170	0.500000
12.275188	3.777524	2.087938	0.500000
12.800360	5.949821	3.569995	0.500000
13.077342	2.974344	1.683439	0.500000
6.005541	0.754636	0.550471	0.500000
10.721071	9.247100	1.668146	0.500000
5.387059	12.253622	2.363270	0.500000
10.327739	9.448436	0.662407	0.500000
3.964898	2.655547	2.381333	0.500000
12.500466	8.924082	3.962631	0.500000
8.654886	8.253050	3.999835	0.500000
3.564645	6.947058	4.278168	0.500000
7.979558	2.690533	1.957548	0.500000
10.652631	6.528624	1.876799	0.500000
6.927420	12.526835	3.517232	0.500000
4.390567	1.286122	0.614942	0.500000
2.447918	7.515924	4.330821	0.500000
7.003848	9.812596	3.827393	0.500000
11.211946	2.773111	1.989483	0.500000
4.884755	6.756116	3.081986	0.500000
5.775737	5.933640	1.263856	0.500000
7.586909	10.778481	4.466736	0.500000
12.844143	0.763084	3.862685	0.500000
1.372607	4.642681	1.571189	0.500000
7.862441	12.463570	2.142118	0.500000
0.407282	6.347556	2.424556	0.500000
4.717850	6.692550	4.250590	0.500000
0.803085	5.807502	4.365984	0.500000
10.506389	6.057036	0.584769	0.500000
0.264263	11.607848	2.401664	0.500000
3.938728	5.678126	1.152481	0.500000
11.109616	12.564031	0.527057	0.500000
9.610553	6.539823	4.295918	0.500000
7.354826	8.406385	2.169277	0.500000
3.430126	7.944599	2.439200	0.500000
8.466635	12.173662	4.476307	0.500000
1.843709	5.970040	4.336742	0.500000
8.853011	5.362882	2.032769	0.500000
1.590714	5.202621	0.511567	0.500000
9.571084	2.466303	4.476568	0.500000
3.894182	8.016424	1.519656	0.500000
8.412270	3.646710	3.995263	0.500000
4.869896	4.061932	3.404607	0.500000
2.152375	10.052281	1.590949	0.500000
13.033996	3.781997	4.421725	0.500000
0.841429	13.054769	1.491880	0.500000
1.675022	5.897263	1.697185	0.500000
6.088997	2.509611	1.840161	0.500000
5.055586	9.154662	0.913647	0.500000
5.613572	12.723382	4.469909	0.500000
3.419868	1.463822	4.486627	0.500000
8.346954	2.312276	4.168155	0.500000
10.125959	10.853710	1.698449	0.500000
8.029419	3.638802	1.457233	0.500000
9.988616	7.202314	1.403138	0.500000
0.795643	0.600634	3.211305	0.500000
0.131728	9.488118	2.320044	0.500000
7.939624	2.273910	2.939318	0.500000
7.271076	2.805173	0.835946	0.500000
7.758263	3.877939	0.515147	0.500000
7.649934	7.283090	3.736392	0.500000
3.827184	8.646612	3.383894	0.500000
4.070119	2.813827	4.463600	0.500000
8.101865	5.341383	0.780724	0.500000
0.958995	7.974893	0.574830	0.500000
12.186438	13.192397	3.338241	0.500000
1.075001	9.111874	1.089453	0.500000
4.124828	9.216032	4.309711	0.500000
1.966519	4.757852	2.456172	0.500000
8.457247	9.568894	1.657824	0.500000
3.802394	12.278115	2.467887	0.500000
5.198256	2.305795	4.398657	0.500000
11.065661	2.641653	3.789290	0.500000
9.141950	9.947045	4.314629	0.500000
3.834909	9.017142	2.007780	0.500000
0.588549	4.213546	0.807285	0.500000
8.301755	8.682600	2.582096	0.500000
5.892077	4.574408	0.576251	0.500000
4.105165	12.937831	0.608955	0.500000
12.760212	10.459607	1.358465	0.500000
6.329355	0.849725	4.294235	0.500000
6.815985	9.694497	0.638727	0.500000
1.461997	3.523734	2.106501	0.500000
8.308244	3.034399	0.604750	0.500000
0.263570	11.346078	3.384731	0.500000
1.313249	12.327865	2.671103	0.500000
