500

5.585375	8.362030	4.185469	0.500000
3.560317	6.015792	4.370058	0.500000
12.993955	6.577522	2.182313	0.500000
7.514822	1.268493	1.177510	0.500000
12.851486	10.714045	3.451553	0.500000
10.835147	4.410248	0.529738	0.500000
2.041640	2.185328	3.190069	0.500000
5.713362	4.236694	3.463471	0.500000
2.543610	1.063474	4.409419	0.500000
10.324624	2.782236	3.317372	0.500000
7.566061	3.431295	4.185528	0.500000
4.567880	9.489445	4.410127	0.500000
5.987522	3.423405	4.264172	0.500000
2.407316	5.785834	1.878368	0.500000
2.244241	8.308733	3.889551	0.500000
1.134467	10.577268	2.033586	0.500000
12.534322	1.529965	4.101010	0.500000
11.825665	2.315616	2.947331	0.500000
13.027154	12.183816	4.369628	0.500000
1.149095	5.952716	4.423132	0.500000
5.854993	10.922529	1.999010	0.500000
6.250684	3.451316	0.538021	0.500000
10.801399	8.954785	1.540738	0.500000
10.991976	0.637241	3.397677	0.500000
11.424596	7.801576	4.357832	0.500000
13.187831	1.454694	3.279801	0.500000
12.200904	4.013044	1.330049	0.500000
4.285398	7.256072	2.973687	0.500000
2.764406	13.144693	4.402157	0.500000
12.765278	12.298864	2.331948	0.500000
4.410233	8.781977	2.032184	0.500000
4.584064	1.360003	1.970559	0.500000
10.103823	0.404109	4.470557	0.500000
2.903038	2.748402	2.783052	0.500000
5.371088	3.549896	2.738437	0.500000
9.707840	13.150218	2.520617	0.500000
5.638419	6.783530	0.672615	0.500000
2.484571	0.838931	2.019173	0.500000
1.030227	3.549048	4.472974	0.500000
6.742657	4.000382	2.444662	0.500000
5.211546	9.389332	3.352149	0.500000
10.965379	8.021085	2.267744	0.500000
0.394132	0.311569	3.635885	0.500000
5.569670	9.373047	4.485400	0.500000
1.162281	7.874634	0.746535	0.500000
7.593065	2.176712	2.957132	0.500000
4.985762	10.931127	3.936170	0.500000
9.804411	7.774314	2.979823	0.500000
5.725983	7.551174	2.483416	0.500000
7.729760	6.461888	1.584539	0.500000
12.703235	10.055254	4.432478	0.500000
11.954765	13.103305	2.030015	0.500000
6.995462	9.998729	1.732372	0.500000
11.867702	11.175006	4.232309	0.500000
1.436002	3.284258	2.345570	0.500000
7.110412	1.436941	3.937217	0.500000
7.080534	6.881760	0.843128	0.500000
13.013045	5.703203	1.607425	0.500000
13.006958	7.592575	1.959089	0.500000
3.370514	10.134469	4.379207	0.500000
5.267025	10.377496	0.618603	0.500000
0.515905	1.270599	4.271739	0.500000
2.056816	9.788763	3.430462	0.500000
3.404990	10.970900	0.781969	0.500000
8.734654	12.894260	3.451249	0.500000
3.576690	11.494923	2.622971	0.500000
12.054982	7.194809	2.596051	0.500000
9.683678	1.520223	4.459569	0.500000
6.795866	11.354816	4.435274	0.500000
7.129742	5.169319	2.312272	0.500000
8.346686	2.419489	1.046190	0.500000
4.487295	6.628391	4.267224	0.500000
4.582379	0.768688	0.815408	0.500000
12.995019	1.838213	2.176206	0.500000
3.130879	7.428256	3.249697	0.500000
8.951481	13.149292	4.436721	0.500000
4.114463	12.688851	3.537093	0.500000
6.310267	7.124554	3.375062	0.500000
7.414284	6.045934	4.210717	0.500000
6.158898	2.791138	2.257760	0.500000
8.652361	0.721457	2.174115	0.500000
0.303174	12.708513	0.657760	0.500000
9.895369	0.954812	2.116019	0.500000
0.684591	2.132498	2.836933	0.500000
10.404144	5.348270	3.029180	0.500000
9.484245	8.136834	4.047530	0.500000
1.502191	10.615300	4.361453	0.500000
11.342456	5.722556	2.449511	0.500000
11.620893	2.236031	1.432652	0.500000
0.304051	5.741579	2.927203	0.500000
8.184058	10.153006	2.253557	0.500000
6.210548	0.638577	2.411874	0.500000
6.899703	0.587379	3.366635	0.500000
10.806340	2.171574	0.658577	0.500000
7.950162	10.167576	0.637576	0.500000
5.669355	10.379352	3.183124	0.500000
13.102218	8.588610	1.428800	0.500000
11.040625	1.263065	2.035403	0.500000
2.686975	8.356970	0.625975	0.500000
1.057997	12.733075	4.401246	0.500000
4.108812	2.703499	1.069574	0.500000
11.964597	12.247405	3.951100	0.500000
8.027209	6.561001	3.527580	0.500000
3.236320	3.457318	2.157061	0.500000
10.577110	1.732843	2.887890	0.500000
12.736785	4.859366	0.657760	0.500000
1.232201	0.187231	1.655597	0.500000
1.010723	4.202629	1.903830	0.500000
11.342582	8.075328	3.262072	0.500000
12.141783	9.489998	2.894285	0.500000
0.412390	11.500909	3.679457	0.500000
4.795373	3.351234	1.640992	0.500000
6.452833	0.376165	0.767793	0.500000
7.784198	8.462910	2.674345	0.500000
5.951760	1.543442	3.063508	0.500000
4.168465	8.975119	3.110871	0.500000
12.978000	2.696374	3.174703	0.500000
0.044340	3.522870	0.698565	0.500000
13.036071	11.992689	1.406139	0.500000
3.593458	12.367075	4.394350	0.500000
9.265804	10.290749	1.353669	0.500000
6.688632	8.191941	2.431382	0.500000
10.884445	0.062644	2.460412	0.500000
2.918822	12.078943	0.695250	0.500000
10.248244	9.853629	0.548171	0.500000
11.407661	9.462216	0.543097	0.500000
8.117112	7.340582	1.017994	0.500000
12.614359	8.543492	2.417737	0.500000
11.396313	6.990930	0.628413	0.500000
7.880376	5.263358	1.579025	0.500000
5.756102	11.882258	1.693359	0.500000
9.393860	6.576200	1.799482	0.500000
0.862773	8.121725	2.202808	0.500000
8.428970	0.172394	1.128097	0.500000
5.416881	0.583035	1.707303	0.500000
7.070057	5.708020	0.632502	0.500000
12.976202	0.229141	4.430629	0.500000
1.746470	11.576525	4.143865	0.500000
1.090234	4.410125	0.717219	0.500000
10.916701	9.261438	3.028023	0.500000
6.320297	4.717790	1.724750	0.500000
2.765797	3.407664	4.492003	0.500000
12.965228	10.284747	2.551828	0.500000
4.108424	6.133774	3.343567	0.500000
11.680784	3.312517	0.518783	0.500000
7.861192	9.346776	3.191088	0.500000
11.871150	7.172368	3.639464	0.500000
12.663786	6.738993	4.424869	0.500000
8.366500	11.181584	0.833693	0.500000
2.000254	7.270797	1.006055	0.500000
7.608672	13.008133	1.668881	0.500000
10.687099	13.033799	1.418102	0.500000
10.244836	2.091349	1.792824	0.500000
9.560042	12.171890	3.530431	0.500000
4.048412	11.156511	4.449444	0.500000
4.273470	3.964298	0.550449	0.500000
7.170523	4.773591	3.532739	0.500000
2.346803	9.226479	4.498400	0.500000
1.466570	6.592666	2.989100	0.500000
2.269758	2.456499	0.706070	0.500000
9.395984	4.656038	2.463706	0.500000
7.271742	4.486928	0.513100	0.500000
4.271454	9.799057	0.720562	0.500000
8.811587	12.335775	0.805684	0.500000
7.724154	7.938309	1.741339	0.500000
8.737809	3.796557	2.378930	0.500000
9.207700	6.845973	3.302361	0.500000
8.355797	7.740687	3.271966	0.500000
10.196153	2.747461	4.427630	0.500000
6.439786	8.780874	3.271485	0.500000
2.662864	6.441933	3.795619	0.500000
7.741944	4.880925	4.442100	0.500000
9.630005	6.182039	0.653294	0.500000
3.953420	12.319514	0.507289	0.500000
6.205173	12.439475	0.534206	0.500000
1.985534	4.387343	2.161820	0.500000
11.941734	8.995355	1.409610	0.500000
8.602205	1.648941	3.319738	0.500000
13.196005	4.393771	1.632961	0.500000
0.255330	0.816167	1.140025	0.500000
2.792366	4.524904	4.454883	0.500000
10.207730	5.672242	1.796203	0.500000
8.196170	4.807314	2.536150	0.500000
3.410475	13.026875	2.826487	0.500000
9.636011	6.050096	3.818097	0.500000
3.819884	10.908263	3.427588	0.500000
3.955975	2.672706	2.341820	0.500000
4.164772	9.842709	2.134393	0.500000
7.767804	8.556242	4.223346	0.500000
0.190145	3.747880	3.883985	0.500000
12.522963	12.942532	1.084621	0.500000
5.052758	12.079524	0.947295	0.500000
10.099414	8.482438	0.570848	0.500000
4.789917	2.121228	3.151794	0.500000
1.658597	1.368588	2.260911	0.500000
4.366123	3.398892	3.016338	0.500000
5.687661	2.391354	3.523469	0.500000
9.371931	1.423113	1.311199	0.500000
7.232799	2.237197	0.814192	0.500000
8.739526	7.738454	2.120035	0.500000
12.927170	2.866352	2.063362	0.500000
5.006142	2.705208	4.397724	0.500000
9.629793	6.930875	4.483141	0.500000
3.722023	4.250486	1.375403	0.500000
4.403080	10.034819	3.106996	0.500000
11.878783	7.917599	1.820070	0.500000
8.037974	0.701031	3.606084	0.500000
2.004466	12.110405	3.057770	0.500000
7.379611	11.910923	0.687729	0.500000
5.151012	4.685999	2.636218	0.500000
3.341471	9.402895	0.595059	0.500000
7.445360	3.282984	0.602764	0.500000
6.352505	1.885535	4.491516	0.500000
0.303381	5.526711	0.580940	0.500000
6.351894	10.186963	0.894326	0.500000
1.867275	7.956593	2.690295	0.500000
9.442266	0.392445	0.792591	0.500000
3.465298	1.631755	2.960865	0.500000
0.837620	2.398596	1.851845	0.500000
5.353667	5.989021	2.698665	0.500000
5.444452	6.096167	3.759896	0.500000
9.700981	8.606649	2.300129	0.500000
3.780411	8.117261	2.591600	0.500000
5.691330	11.612782	4.459220	0.500000
1.669880	6.120563	1.127867	0.500000
0.481316	7.799768	4.457206	0.500000
11.811882	5.733392	1.462376	0.500000
4.469732	0.432216	3.847946	0.500000
11.757699	12.043039	1.795049	0.500000
4.778113	4.006499	4.304223	0.500000
2.101333	10.644274	0.597852	0.500000
10.829623	1.295737	4.180688	0.500000
4.911974	1.276769	4.215217	0.500000
5.458505	0.329994	0.561157	0.500000
6.116692	7.058351	1.594476	0.500000
6.656384	8.861917	1.580580	0.500000
11.785218	0.766518	2.548077	0.500000
9.692189	1.602411	3.399778	0.500000
12.641551	4.860596	2.347659	0.500000
11.579478	4.688278	2.719517	0.500000
1.124567	10.418280	0.963660	0.500000
10.330817	9.547656	2.249520	0.500000
1.583637	9.030514	2.183037	0.500000
10.168786	3.910732	4.197202	0.500000
7.660246	9.027908	1.676582	0.500000
8.652738	6.097037	4.464848	0.500000
0.437276	9.978673	3.601115	0.500000
0.759780	2.374047	0.618221	0.500000
7.618672	3.650234	2.932490	0.500000
6.756254	1.396845	1.981478	0.500000
3.637863	3.898814	3.567873	0.500000
8.687491	1.456058	0.529229	0.500000
6.078636	11.407498	0.513512	0.500000
0.362455	10.800763	4.446103	0.500000
8.507822	1.465224	4.325801	0.500000
12.047879	11.078027	2.878941	0.500000
1.218013	9.961458	2.910338	0.500000
5.625851	8.211190	1.468687	0.500000
1.613594	2.752530	4.160949	0.500000
7.526777	2.877696	1.788442	0.500000
8.016525	10.227995	4.206401	0.500000
11.067002	10.996091	3.271541	0.500000
11.440945	6.326205	3.276055	0.500000
4.179357	4.815517	2.993748	0.500000
6.108276	5.525460	3.226164	0.500000
3.019184	11.913316	3.571396	0.500000
11.159990	3.182243	3.900263	0.500000
4.871025	12.627317	4.253671	0.500000
1.545538	12.042707	0.591176	0.500000
12.874725	5.372610	4.490620	0.500000
7.337647	11.256994	2.682541	0.500000
9.055568	5.632380	3.098066	0.500000
3.628226	6.073488	0.606034	0.500000
3.634945	7.717138	4.339452	0.500000
4.376003	12.894188	1.381813	0.500000
2.586099	6.167890	0.693222	0.500000
5.199057	1.573481	1.167295	0.500000
5.173338	6.259853	1.479227	0.500000
12.067021	4.542431	4.338214	0.500000
9.283122	9.510361	0.564693	0.500000
4.069252	1.654280	0.612600	0.500000
8.996483	2.347612	3.979631	0.500000
7.301201	8.172797	0.590897	0.500000
10.937126	12.147159	0.961508	0.500000
0.742429	12.511202	1.980247	0.500000
6.786480	2.807392	4.458549	0.500000
3.124763	0.862997	3.541613	0.500000
9.878223	4.829157	0.924165	0.500000
11.642794	10.202162	4.302853	0.500000
4.663553	7.799289	2.194658	0.500000
1.731723	7.085849	2.044931	0.500000
11.356666	5.363597	3.690072	0.500000
8.351993	1.831646	2.145519	0.500000
1.135989	9.452251	4.384389	0.500000
1.161005	12.915023	2.976007	0.500000
8.979448	9.737214	4.304556	0.500000
9.857433	12.508597	4.427235	0.500000
9.127671	3.387764	4.185202	0.500000
1.354911	1.777311	3.941945	0.500000
5.986485	0.844595	4.261091	0.500000
2.789142	10.946325	3.922144	0.500000
7.365995	4.236863	1.570199	0.500000
5.958702	5.705355	0.691090	0.500000
11.528224	13.050347	0.554239	0.500000
10.734265	12.363055	3.927601	0.500000
5.982346	7.791338	0.526210	0.500000
5.158775	2.537126	2.103911	0.500000
12.068688	3.608614	2.280831	0.500000
3.265365	12.087407	1.687341	0.500000
2.253245	5.694014	4.391328	0.500000
9.767588	8.843383	3.370809	0.500000
10.559657	2.940567	2.225626	0.500000
6.787348	6.370075	2.760934	0.500000
8.854874	8.618100	1.030386	0.500000
9.763698	3.824071	2.969472	0.500000
1.127687	8.476530	3.927897	0.500000
9.572241	3.355114	1.719932	0.500000
2.951569	9.090034	2.033596	0.500000
7.556298	1.161088	2.741432	0.500000
2.524743	12.968452	1.804707	0.500000
8.508081	11.716881	3.393995	0.500000
1.303122	5.573455	2.984186	0.500000
8.211664	3.648120	1.465563	0.500000
3.878036	3.069638	4.116986	0.500000
12.854429	12.228111	3.352321	0.500000
9.398772	11.433462	4.484897	0.500000
2.038661	0.606002	2.987191	0.500000
9.739696	13.188534	3.612108	0.500000
6.008184	2.069397	0.707072	0.500000
11.988030	0.052609	4.004317	0.500000
5.443536	12.724329	2.140827	0.500000
9.150549	7.657794	0.726991	0.500000
2.785349	8.809622	3.135996	0.500000
10.243258	11.419632	3.936908	0.500000
8.664482	4.376060	3.658271	0.500000
12.454351	3.705172	3.467038	0.500000
1.119979	9.333040	0.505286	0.500000
6.360246	6.044042	4.264759	0.500000
11.602840	0.609599	1.380779	0.500000
7.238920	7.452219	4.467483	0.500000
1.207635	11.685465	2.537877	0.500000
7.088538	10.926711	0.556305	0.500000
2.776865	7.494055	1.957116	0.500000
5.329184	4.969654	1.424338	0.500000
10.968540	7.780338	1.169689	0.500000
2.213626	2.193139	1.899666	0.500000
9.642961	5.124991	4.409032	0.500000
11.479546	10.468240	1.128639	0.500000
9.024887	5.327274	1.651752	0.500000
0.225497	9.416625	2.794121	0.500000
6.663066	12.198332	3.513063	0.500000
12.777589	2.564351	4.209692	0.500000
12.525474	6.494777	3.247096	0.500000
2.112605	9.260920	0.624501	0.500000
0.753249	6.101119	2.069362	0.500000
3.206327	5.323985	3.673655	0.500000
12.568771	0.761849	1.626430	0.500000
8.296106	10.612302	3.217152	0.500000
3.308814	1.923982	1.751827	0.500000
6.923313	12.196721	1.638542	0.500000
11.370809	3.300644	1.559317	0.500000
12.837765	2.600030	0.776580	0.500000
12.829980	7.601693	3.137611	0.500000
6.168649	9.486141	2.505116	0.500000
0.569539	2.476530	4.118929	0.500000
9.947576	11.175118	0.507711	0.500000
0.034946	10.498123	0.665841	0.500000
2.744356	6.633662	2.673708	0.500000
2.634576	3.619960	1.089759	0.500000
13.027825	1.639430	0.513452	0.500000
6.201702	4.978169	4.428109	0.500000
7.678303	11.235627	3.798370	0.500000
8.377150	12.312721	4.476547	0.500000
5.083856	7.620212	3.659063	0.500000
3.176701	5.030412	0.565500	0.500000
5.208572	2.734833	0.831243	0.500000
12.383742	7.200575	0.683240	0.500000
0.471655	7.251802	2.705805	0.500000
3.798123	5.689124	1.607796	0.500000
5.768465	9.511672	1.351646	0.500000
1.057718	1.427568	1.429696	0.500000
2.871081	4.370144	3.055438	0.500000
2.317449	3.549836	3.397839	0.500000
5.230930	10.089110	2.097074	0.500000
2.521076	9.912172	1.531335	0.500000
5.990953	10.592242	4.320895	0.500000
7.949363	12.283763	2.723222	0.500000
8.648543	12.088265	2.023787	0.500000
6.326019	5.717079	1.873578	0.500000
11.088764	8.796381	4.236229	0.500000
10.686305	5.723796	0.572588	0.500000
2.794726	0.246528	0.857066	0.500000
9.552836	10.753606	2.502800	0.500000
1.536066	5.065416	1.500631	0.500000
1.663354	0.542574	4.286534	0.500000
13.156663	13.106610	1.843595	0.500000
3.042531	7.297018	0.513409	0.500000
12.153190	9.205726	4.347754	0.500000
12.525080	10.766171	1.666708	0.500000
8.250176	11.167523	2.071401	0.500000
1.130630	0.441342	0.594546	0.500000
0.862870	0.571780	2.538609	0.500000
1.176266	7.438595	3.712812	0.500000
6.076669	7.362932	4.438915	0.500000
4.568206	8.399444	4.138954	0.500000
9.084870	2.840177	2.452277	0.500000
1.939247	12.896995	3.780208	0.500000
10.291152	11.960504	2.160792	0.500000
4.247846	8.539609	0.539581	0.500000
3.904915	4.801579	4.283162	0.500000
12.034117	12.104152	0.681674	0.500000
9.932446	12.174107	0.586231	0.500000
3.591017	0.565640	1.548874	0.500000
4.954760	8.916145	1.144078	0.500000
5.060881	5.215534	4.144600	0.500000
7.599416	0.200021	4.437661	0.500000
3.893731	0.758417	2.704719	0.500000
5.898293	13.058291	3.192653	0.500000
12.333341	0.676534	0.549044	0.500000
10.034395	6.324069	2.555975	0.500000
11.879586	6.827803	1.535002	0.500000
8.710497	6.101614	1.073274	0.500000
12.658017	5.184646	3.522492	0.500000
3.105477	4.946314	2.268831	0.500000
10.849415	6.358538	1.387341	0.500000
13.058783	0.445085	2.775628	0.500000
3.210960	9.828130	3.361392	0.500000
6.623965	12.928644	2.441412	0.500000
3.816325	11.177423	1.689072	0.500000
11.025659	7.058627	2.646932	0.500000
11.479125	10.012941	2.110070	0.500000
10.019346	9.052365	4.352997	0.500000
1.730100	8.367342	1.414250	0.500000
0.420918	11.145984	1.353958	0.500000
13.132616	8.922144	4.322580	0.500000
6.931483	9.420641	3.912940	0.500000
3.700466	6.754127	1.783091	0.500000
9.684321	12.508373	1.558734	0.500000
2.025770	4.949722	0.628803	0.500000
11.630476	6.352945	4.340788	0.500000
0.470957	4.985129	4.012732	0.500000
3.647507	8.196677	1.267923	0.500000
7.054624	10.162711	3.008855	0.500000
6.249558	12.747779	4.275412	0.500000
8.444842	7.329143	4.403848	0.500000
10.498525	6.948927	3.853969	0.500000
0.116591	4.131124	2.766722	0.500000
6.511571	3.688213	1.516789	0.500000
12.086181	8.414323	0.533444	0.500000
11.584388	1.987481	4.425202	0.500000
8.403842	2.994895	3.314130	0.500000
1.443768	11.412305	1.574525	0.500000
1.452370	4.195262	3.147293	0.500000
2.359568	7.256064	4.422180	0.500000
4.938173	11.174772	2.435634	0.500000
0.882607	3.137848	3.337615	0.500000
8.091194	5.473379	3.432271	0.500000
1.577366	4.433590	4.180286	0.500000
6.774691	9.161461	0.502148	0.500000
6.573978	2.881756	3.259522	0.500000
4.248676	7.001497	0.597880	0.500000
12.988472	9.440098	0.578364	0.500000
8.027035	6.992151	2.556207	0.500000
7.032138	7.901909	3.423910	0.500000
4.777282	0.200651	2.879000	0.500000
2.115633	4.940631	3.391616	0.500000
8.743924	9.159275	1.936648	0.500000
9.428827	3.436660	0.669786	0.500000
2.350535	11.850120	2.154910	0.500000
7.729207	0.126758	2.802321	0.500000
0.780788	7.070437	1.553044	0.500000
11.192964	4.218543	3.831839	0.500000
4.200253	12.308873	2.317708	0.500000
3.293065	10.310614	2.362699	0.500000
3.902868	1.606556	4.492177	0.500000
6.620889	8.298774	4.277785	0.500000
0.337730	6.419871	3.773114	0.500000
1.867044	0.806296	1.180744	0.500000
1.602950	3.073024	1.272844	0.500000
0.670517	6.658975	0.639557	0.500000
8.878654	9.490992	2.941670	0.500000
1.778470	10.852792	3.051154	0.500000
10.653618	4.457803	1.645504	0.500000
10.179211	10.265147	4.140449	0.500000
5.471331	8.747760	2.589034	0.500000
7.421010	12.113868	4.223038	0.500000
7.694736	6.005755	2.508471	0.500000
11.018650	11.067839	2.015711	0.500000
2.901554	2.023054	4.069525	0.500000
10.676065	5.591333	4.466406	0.500000
2.782452	1.394428	0.800021	0.500000
11.639804	5.017399	0.545435	0.500000
12.202022	10.952855	0.567012	0.500000
10.538986	3.437328	0.835559	0.500000
9.851740	7.937983	1.494196	0.500000
8.484211	4.545726	0.559819	0.500000
0.389199	9.670255	1.618415	0.500000
4.520794	11.145895	0.638055	0.500000
5.592073	12.059338	2.974055	0.500000
6.048299	11.271157	3.483631	0.500000
