300

11.711248	2.557713	0.519839	0.500000
5.730665	1.138129	2.445019	0.500000
1.156370	5.992484	0.528355	0.500000
4.503671	9.216440	2.465302	0.500000
9.697200	7.240422	0.621064	0.500000
1.847445	10.021132	0.629504	0.500000
0.860154	1.008880	0.941145	0.500000
5.751805	10.878889	2.451703	0.500000
5.746556	10.733737	0.652174	0.500000
1.175485	2.646353	2.484946	0.500000
9.431069	6.500026	1.962022	0.500000
0.140374	5.296916	2.468188	0.500000
3.836230	11.086449	2.409077	0.500000
3.552535	3.236482	0.525480	0.500000
11.125060	4.418223	1.041354	0.500000
11.273354	0.422990	1.412083	0.500000
7.150573	0.742211	2.165849	0.500000
2.756517	8.066708	1.620552	0.500000
6.857072	8.161401	0.934252	0.500000
1.797843	5.944012	1.303741	0.500000
4.040004	8.623874	1.561412	0.500000
3.896880	5.844780	0.579901	0.500000
4.803702	8.613374	0.503140	0.500000
8.770801	5.710146	1.508434	0.500000
9.917909	12.208960	2.455737	0.500000
5.567542	9.373315	2.389815	0.500000
4.039866	6.929330	0.551307	0.500000
4.408029	6.397882	1.354240	0.500000
8.250955	7.212358	0.503135	0.500000
4.773144	10.384182	2.401916	0.500000
8.879495	7.127288	1.311756	0.500000
0.983894	2.882671	1.027229	0.500000
7.914627	1.572636	2.427943	0.500000
9.420444	1.023698	1.353913	0.500000
7.947311	3.310671	1.445905	0.500000
0.501308	7.224984	2.406871	0.500000
6.031982	5.393585	0.789244	0.500000
6.291094	6.497634	0.508865	0.500000
10.569529	6.510998	0.693620	0.500000
5.914783	0.638609	1.446507	0.500000
5.599907	6.555321	2.442021	0.500000
8.253128	2.306860	1.169348	0.500000
10.838406	1.179652	0.608334	0.500000
9.450825	9.458256	1.523712	0.500000
2.368209	1.582686	1.340316	0.500000
1.163980	4.514478	0.540359	0.500000
2.969819	2.287892	0.662712	0.500000
0.435251	4.218470	1.911187	0.500000
10.136621	4.063974	0.536026	0.500000
0.380104	6.702265	0.561861	0.500000
4.916893	0.694757	1.510892	0.500000
8.826585	4.227973	0.509105	0.500000
8.186991	0.428274	2.449997	0.500000
6.375890	9.041528	0.637677	0.500000
6.476434	0.642813	0.557599	0.500000
7.843358	9.410846	0.504493	0.500000
11.958447	1.301534	2.024255	0.500000
4.846548	5.265101	0.611207	0.500000
5.324544	0.660408	0.581832	0.500000
1.290677	5.857321	2.443259	0.500000
5.542775	8.868527	1.166110	0.500000
7.752980	7.688059	1.284906	0.500000
5.541418	6.352657	1.358332	0.500000
7.161789	4.566466	1.537459	0.500000
4.670685	7.794512	1.421592	0.500000
11.752233	6.344760	2.413762	0.500000
11.533097	3.688102	1.730827	0.500000
5.708446	10.103588	1.435438	0.500000
8.076775	7.902631	2.417849	0.500000
5.179191	1.699943	0.584584	0.500000
9.653369	4.262301	2.449086	0.500000
6.439907	1.747635	1.548497	0.500000
10.334793	8.292838	0.501958	0.500000
7.673686	10.561717	0.552972	0.500000
0.011833	3.090162	1.311800	0.500000
6.526600	6.157447	1.822919	0.500000
2.589683	0.052419	2.450445	0.500000
7.255506	11.972616	2.322489	0.500000
1.352088	3.546343	1.827868	0.500000
8.545256	6.069726	2.416934	0.500000
12.058199	4.033429	0.838453	0.500000
2.029122	7.362499	1.531849	0.500000
6.428037	2.240135	0.677984	0.500000
6.143372	7.348199	1.320941	0.500000
3.886949	4.634265	0.718225	0.500000
7.397821	3.225895	0.613554	0.500000
9.288805	5.196935	2.281269	0.500000
11.010070	6.691065	1.589727	0.500000
1.661947	2.006651	0.600619	0.500000
2.671383	9.453757	0.740842	0.500000
1.286434	11.075102	2.427977	0.500000
5.832321	11.965112	0.657570	0.500000
10.322612	5.244436	0.653069	0.500000
8.451118	10.077743	2.345038	0.500000
11.190404	10.784135	1.211989	0.500000
9.016632	11.742718	0.539329	0.500000
11.357279	5.395945	0.537767	0.500000
7.393318	10.154387	1.425288	0.500000
7.290942	2.460771	1.577314	0.500000
0.351812	11.530424	2.345237	0.500000
1.664199	8.594808	1.336265	0.500000
9.387908	7.987533	1.361027	0.500000
0.318679	3.205379	2.279212	0.500000
3.467541	4.203193	1.526635	0.500000
9.079589	3.152523	0.607225	0.500000
5.231816	2.803979	1.608251	0.500000
2.262418	9.739257	2.433526	0.500000
6.982197	7.150088	2.482088	0.500000
8.486802	8.986758	2.433495	0.500000
3.151113	11.434144	1.617368	0.500000
7.806671	0.213901	1.429335	0.500000
0.480564	0.658254	2.456941	0.500000
2.820908	12.031096	0.755690	0.500000
9.685321	8.838690	2.272867	0.500000
10.672034	2.337145	0.803218	0.500000
5.083260	7.265974	0.508783	0.500000
7.414305	12.017330	0.560959	0.500000
0.181162	7.706498	0.566531	0.500000
6.682008	10.216718	0.599166	0.500000
2.502230	2.274137	2.449173	0.500000
4.028855	5.305503	1.467723	0.500000
4.958020	11.286664	1.704696	0.500000
4.851510	12.071225	2.382506	0.500000
3.616413	11.258140	0.619476	0.500000
3.565057	10.002034	2.332606	0.500000
2.690368	4.383968	2.487375	0.500000
6.481010	8.775278	1.804115	0.500000
10.228775	7.233219	1.995593	0.500000
4.571224	3.842925	0.734729	0.500000
2.838779	9.092166	1.680930	0.500000
11.641303	4.699982	2.132819	0.500000
10.727037	11.970259	1.905524	0.500000
10.151878	5.791013	1.606477	0.500000
2.334733	8.568274	2.411318	0.500000
3.701457	4.748069	2.362326	0.500000
11.747781	2.076679	1.424025	0.500000
3.549389	1.449534	1.562237	0.500000
5.089497	2.123934	2.466528	0.500000
3.263554	5.734747	2.259836	0.500000
3.862008	8.137157	0.514685	0.500000
9.386014	6.234943	0.812370	0.500000
0.271633	11.281353	1.214880	0.500000
6.750560	11.018828	1.289837	0.500000
7.129159	6.832406	1.046536	0.500000
11.007766	9.918986	2.480973	0.500000
11.019569	5.489826	2.091482	0.500000
11.754462	9.979256	0.604851	0.500000
6.215168	3.412899	0.516162	0.500000
4.294714	1.149009	0.872026	0.500000
3.350592	0.669438	0.567396	0.500000
5.413056	5.392045	1.651620	0.500000
8.805022	2.113889	2.331671	0.500000
8.021951	2.739707	2.291846	0.500000
0.112396	8.148737	2.440948	0.500000
7.275588	1.363425	0.837538	0.500000
2.917128	3.211445	1.390769	0.500000
0.349388	0.187526	0.587669	0.500000
7.047107	10.838028	2.434990	0.500000
2.159027	4.883373	0.619080	0.500000
1.532602	4.291876	2.477892	0.500000
5.445352	3.816450	1.459304	0.500000
7.824880	4.702264	0.644722	0.500000
11.944384	10.315164	2.487637	0.500000
4.126660	2.273750	0.679824	0.500000
4.691205	1.873464	1.481271	0.500000
2.748834	7.480753	2.448497	0.500000
8.092588	8.275338	0.527953	0.500000
2.132669	11.611550	1.727339	0.500000
0.724946	7.948815	1.592958	0.500000
6.748069	4.530792	0.515928	0.500000
10.627565	0.758783	2.105944	0.500000
12.093100	8.876153	0.641888	0.500000
7.778612	11.113821	1.560602	0.500000
9.960136	3.284040	1.162898	0.500000
2.120770	0.628596	0.628884	0.500000
2.817255	6.508833	1.578048	0.500000
3.392116	8.643477	2.476588	0.500000
0.449235	9.018486	1.506018	0.500000
2.252981	6.174488	2.488190	0.500000
10.161883	0.353542	1.188755	0.500000
3.882243	12.199453	1.334359	0.500000
4.017531	0.421407	2.353587	0.500000
3.285834	10.223411	1.248870	0.500000
8.410490	8.461351	1.529808	0.500000
6.270396	2.893650	2.275076	0.500000
7.275287	3.954205	2.483196	0.500000
4.978633	4.708203	2.258717	0.500000
5.849681	8.025216	0.623068	0.500000
1.348600	11.011712	0.596041	0.500000
0.090593	5.915858	1.589159	0.500000
8.841258	1.711175	0.577213	0.500000
4.462663	7.436064	2.345600	0.500000
3.474001	3.443378	2.320858	0.500000
5.068834	2.869786	0.600643	0.500000
11.678832	6.422303	0.850735	0.500000
8.203828	11.618772	2.349641	0.500000
10.523245	6.387333	2.450191	0.500000
9.634548	1.357328	2.428537	0.500000
9.212244	10.613471	1.545651	0.500000
2.307434	4.036063	1.594699	0.500000
1.357752	9.571671	1.712080	0.500000
2.779905	5.261711	1.504356	0.500000
9.988347	9.309812	0.603110	0.500000
7.347891	8.620123	2.413745	0.500000
8.423191	4.697317	2.449620	0.500000
0.537077	1.950477	1.642916	0.500000
0.622772	10.098405	0.590538	0.500000
9.260598	11.448871	2.428951	0.500000
0.930413	6.470270	1.589415	0.500000
10.792226	8.871340	2.412393	0.500000
4.472031	9.661968	1.557151	0.500000
7.318051	5.869832	0.699226	0.500000
8.724641	7.116732	2.349862	0.500000
2.608130	1.194082	2.279287	0.500000
6.316620	5.402355	2.494920	0.500000
2.734673	10.862447	2.448326	0.500000
5.189181	8.367726	2.113961	0.500000
2.938565	4.084464	0.501328	0.500000
4.489022	3.706077	2.074244	0.500000
11.237982	7.263471	2.476029	0.500000
1.247613	4.946194	1.693001	0.500000
8.786211	3.671345	2.443250	0.500000
10.724182	8.149333	1.491884	0.500000
11.756328	9.237669	2.384658	0.500000
0.651250	10.285639	1.696531	0.500000
11.852517	1.019696	0.782624	0.500000
0.243108	5.211772	0.886342	0.500000
1.850829	2.597121	1.690543	0.500000
11.764449	8.510543	1.610170	0.500000
7.460291	5.317036	2.327872	0.500000
6.456969	9.989257	2.410807	0.500000
10.332424	11.139138	2.382636	0.500000
5.004232	9.599780	0.549789	0.500000
1.956038	0.457068	1.740801	0.500000
1.153739	12.143060	2.225628	0.500000
5.992311	12.147641	2.490882	0.500000
3.670034	7.450894	1.391541	0.500000
10.184300	2.238158	2.492352	0.500000
3.830514	2.296406	2.080223	0.500000
3.775320	6.685689	2.205364	0.500000
9.112207	8.683477	0.561179	0.500000
0.988513	8.511663	0.591791	0.500000
9.722387	3.222071	2.270088	0.500000
11.719957	0.095529	2.498429	0.500000
8.343670	9.567575	1.473947	0.500000
6.101381	4.657394	1.541248	0.500000
1.492302	6.965596	2.489774	0.500000
2.834969	8.327625	0.611756	0.500000
10.307847	4.817496	1.867540	0.500000
9.857387	1.621945	0.536139	0.500000
0.403335	1.817616	0.513711	0.500000
4.469707	10.465134	0.549190	0.500000
1.450647	0.905744	2.481262	0.500000
2.505996	6.086580	0.606789	0.500000
6.852123	1.966254	2.438253	0.500000
1.737924	3.589298	0.758334	0.500000
8.414800	1.289897	1.428027	0.500000
5.350567	3.352600	2.486226	0.500000
8.914965	0.676211	0.500247	0.500000
2.501914	10.806749	0.853986	0.500000
10.992942	9.212082	0.616311	0.500000
7.551366	9.617810	2.397450	0.500000
6.844153	12.112144	1.417948	0.500000
4.010651	3.072235	1.441574	0.500000
9.832966	10.308775	0.589358	0.500000
1.654267	7.649763	0.535482	0.500000
10.274040	1.687569	1.502948	0.500000
10.720389	3.897384	2.456705	0.500000
9.464494	7.844358	2.420968	0.500000
10.481090	11.496605	0.696981	0.500000
8.795821	0.195887	1.636986	0.500000
11.456722	11.242033	2.205890	0.500000
11.949518	2.330252	2.466781	0.500000
9.623704	10.306744	2.406694	0.500000
1.185119	8.563471	2.257828	0.500000
9.763176	11.707851	1.549750	0.500000
2.755889	7.321861	0.554162	0.500000
9.404241	2.304468	1.203852	0.500000
6.872655	3.544253	1.444857	0.500000
8.305889	5.667636	0.512123	0.500000
6.209134	7.808216	2.390332	0.500000
10.440917	9.783528	1.390197	0.500000
4.735273	11.730552	0.516346	0.500000
3.712646	9.354173	0.853043	0.500000
1.921443	10.425961	1.714450	0.500000
2.115359	5.193567	2.285243	0.500000
7.954954	6.655180	1.723772	0.500000
11.939839	7.086812	1.669088	0.500000
11.073542	2.935452	2.424466	0.500000
7.446731	9.081858	1.440075	0.500000
11.082821	1.796444	2.367147	0.500000
9.562727	4.712401	1.182392	0.500000
5.656969	4.452347	0.655256	0.500000
11.649721	11.787473	1.052573	0.500000
10.909260	3.382232	0.758485	0.500000
1.340344	12.140002	0.849212	0.500000
4.635386	5.790880	2.140027	0.500000
2.431389	3.309711	2.407499	0.500000
8.484657	4.309430	1.455422	0.500000
11.375514	8.010673	0.666896	0.500000
