300

11.872998	1.740490	1.482586	0.500000
4.818436	1.520940	1.746979	0.500000
3.269049	1.550417	2.428564	0.500000
4.809417	10.185520	1.311744	0.500000
7.258069	8.101378	2.470201	0.500000
0.547373	4.637994	2.306678	0.500000
12.004227	1.081315	0.707099	0.500000
8.402590	0.841969	2.388757	0.500000
3.433378	2.052961	1.405393	0.500000
0.966121	9.714053	2.467249	0.500000
9.773253	8.871745	0.772728	0.500000
10.876233	6.461001	1.546197	0.500000
10.753133	9.705846	0.570677	0.500000
3.101513	3.319081	0.711007	0.500000
2.426191	2.237728	2.453298	0.500000
11.029002	0.201043	1.355188	0.500000
6.312118	3.568294	0.572487	0.500000
5.976715	5.682663	2.382260	0.500000
8.267272	4.197007	1.528048	0.500000
3.264204	2.894428	2.148924	0.500000
7.816135	8.942297	1.393947	0.500000
3.968398	2.734540	0.533089	0.500000
1.022651	9.572736	1.436530	0.500000
6.364324	2.782441	2.356803	0.500000
6.502044	1.156695	0.609941	0.500000
2.141817	1.253463	0.600454	0.500000
3.798785	8.637424	1.087485	0.500000
2.837950	6.841543	2.271819	0.500000
8.367572	10.314212	0.692643	0.500000
10.380775	7.206205	2.003429	0.500000
1.827444	6.380190	1.712806	0.500000
4.523351	5.792062	2.269987	0.500000
5.453260	0.963463	0.591389	0.500000
5.678111	9.958869	0.677793	0.500000
2.325257	5.840414	2.422444	0.500000
1.867091	9.026950	0.777603	0.500000
3.772876	7.359982	0.583312	0.500000
10.065830	9.031534	2.478112	0.500000
1.276297	7.079770	1.101535	0.500000
8.196283	11.459751	0.816180	0.500000
9.383370	1.199458	0.637186	0.500000
7.508282	3.537197	1.902455	0.500000
1.983738	11.848404	1.611753	0.500000
10.349832	11.344060	1.467583	0.500000
1.401366	1.474679	2.049052	0.500000
10.887439	3.443770	1.194935	0.500000
12.212031	0.191241	1.397568	0.500000
10.750931	1.281184	1.988897	0.500000
10.410203	5.451398	1.327459	0.500000
0.797331	5.210351	1.453005	0.500000
4.107297	10.981560	2.349431	0.500000
7.253070	1.457445	2.498256	0.500000
9.231043	12.123025	1.682678	0.500000
9.885216	7.717786	0.565163	0.500000
5.624619	1.845531	1.142655	0.500000
10.704985	9.688254	1.694973	0.500000
12.048750	3.717377	0.678501	0.500000
5.344819	6.169562	1.524120	0.500000
6.503205	2.451273	0.657768	0.500000
0.803152	0.563070	0.546875	0.500000
5.505384	8.994204	2.448270	0.500000
8.978562	10.823052	1.597481	0.500000
9.372663	5.879918	0.600365	0.500000
7.933587	5.569946	2.274108	0.500000
3.937409	6.361446	1.518273	0.500000
0.398771	8.765717	1.416749	0.500000
11.385093	12.203177	2.397605	0.500000
7.890145	4.285190	2.453109	0.500000
6.904652	8.162554	1.502035	0.500000
3.889995	3.804800	2.442801	0.500000
8.336250	9.819451	1.663330	0.500000
9.809433	11.885121	0.532244	0.500000
9.152047	7.240091	1.868386	0.500000
7.180018	11.952318	0.636546	0.500000
0.697558	0.867578	1.586951	0.500000
4.177561	5.309710	1.454614	0.500000
6.315696	11.654671	1.607434	0.500000
7.954004	12.163570	2.457249	0.500000
11.046555	4.427348	1.655219	0.500000
7.384979	2.499163	2.299096	0.500000
0.380082	2.088923	2.177643	0.500000
4.307561	0.711925	2.488597	0.500000
10.934680	1.400215	0.649656	0.500000
10.150431	4.839384	2.378463	0.500000
8.095231	7.364063	2.446753	0.500000
5.441887	5.680834	0.604230	0.500000
6.079414	8.262335	2.067756	0.500000
0.940580	4.639327	0.637248	0.500000
3.660316	10.079088	1.485569	0.500000
6.886453	10.558355	0.574538	0.500000
0.278514	10.579438	2.483584	0.500000
6.301181	9.280227	1.173353	0.500000
9.979280	10.575689	2.492554	0.500000
10.829880	11.263602	2.485015	0.500000
1.072283	0.491024	2.449609	0.500000
6.162086	8.123765	0.518071	0.500000
0.720734	3.785552	1.629892	0.500000
5.649240	10.075335	1.933751	0.500000
8.856407	1.967926	1.147811	0.500000
10.059553	4.051811	0.532400	0.500000
11.675782	6.601747	0.697098	0.500000
11.831995	11.968931	0.500193	0.500000
1.729416	0.586648	1.385822	0.500000
2.088187	5.078423	0.636388	0.500000
7.665262	1.875779	0.857268	0.500000
3.179222	9.334024	0.523917	0.500000
2.877311	10.492272	2.485936	0.500000
7.003184	8.720921	0.570513	0.500000
10.768354	8.513454	0.578919	0.500000
3.811062	7.450816	1.674239	0.500000
1.795895	10.694634	0.521029	0.500000
3.001615	10.460640	0.795217	0.500000
3.885546	0.990026	1.625681	0.500000
6.850465	9.554633	2.056383	0.500000
6.807240	1.931928	1.547210	0.500000
5.616141	6.875760	0.748671	0.500000
6.494185	10.431039	2.454959	0.500000
2.248131	4.554690	1.843989	0.500000
6.881965	7.168725	2.303950	0.500000
2.953193	0.575192	1.717322	0.500000
3.768743	11.436942	0.644264	0.500000
4.011775	8.207642	2.464785	0.500000
8.160217	11.156638	2.280969	0.500000
2.823809	8.322422	0.839561	0.500000
6.783881	4.849094	2.378277	0.500000
6.688598	6.990119	1.186023	0.500000
4.426474	6.866073	2.455014	0.500000
1.283533	8.117195	1.840970	0.500000
5.170596	2.882935	2.259729	0.500000
0.796330	11.164524	0.601778	0.500000
1.077666	6.182188	2.445726	0.500000
0.227166	12.140183	2.441661	0.500000
11.818634	5.793456	1.386695	0.500000
4.701222	9.073076	0.827019	0.500000
5.238538	3.856874	1.450455	0.500000
2.731683	0.223778	0.675332	0.500000
0.799209	3.505109	0.668264	0.500000
2.873746	2.233620	0.588976	0.500000
2.836707	3.751305	2.442733	0.500000
9.445510	8.124142	1.445696	0.500000
0.448607	7.591804	2.140602	0.500000
11.190058	8.955561	2.488283	0.500000
5.096398	11.765386	0.771385	0.500000
11.939877	8.595315	0.521478	0.500000
10.519657	6.244057	0.587440	0.500000
10.921012	7.323764	0.705191	0.500000
1.660135	8.020025	0.581268	0.500000
6.563822	0.199903	2.287921	0.500000
4.004510	2.282216	2.472696	0.500000
1.803113	11.858281	0.519777	0.500000
5.372537	4.393392	0.578751	0.500000
11.974930	2.795441	1.786606	0.500000
11.710044	6.998642	2.484982	0.500000
8.962432	5.252232	2.478128	0.500000
6.480390	4.956237	0.777597	0.500000
1.469062	4.100741	2.454527	0.500000
9.108475	3.552534	1.512842	0.500000
4.105730	1.573533	0.734396	0.500000
10.606987	8.146290	1.501080	0.500000
4.718942	3.419629	0.586764	0.500000
7.875295	6.875858	1.515711	0.500000
6.034556	3.186699	1.459637	0.500000
10.344943	0.145472	2.328506	0.500000
3.184074	4.205213	1.432946	0.500000
8.161229	6.507974	0.556005	0.500000
5.166446	5.067495	1.584253	0.500000
8.384750	2.916416	2.077541	0.500000
3.706827	0.041606	1.295755	0.500000
2.761787	5.900249	1.493888	0.500000
8.122383	3.848570	0.574634	0.500000
7.097679	0.834076	1.628220	0.500000
11.362751	10.426280	1.920556	0.500000
6.248964	10.679037	1.357946	0.500000
1.073168	1.556509	0.616359	0.500000
5.866951	1.766681	2.132609	0.500000
6.733154	5.642034	1.571043	0.500000
7.553729	0.751028	0.550063	0.500000
0.456650	7.886466	0.530662	0.500000
5.008545	8.053720	2.403853	0.500000
1.635613	11.112960	2.413830	0.500000
4.397249	2.622215	1.598225	0.500000
7.726294	5.336875	0.653245	0.500000
2.700328	11.395850	0.548076	0.500000
6.073758	11.259450	0.524818	0.500000
5.983825	0.853618	1.555327	0.500000
10.278406	0.644584	0.642326	0.500000
3.707760	5.716616	0.640978	0.500000
6.983154	11.468704	2.434204	0.500000
11.975113	9.630391	2.031076	0.500000
1.996859	6.219181	0.638892	0.500000
10.133308	10.747904	0.586601	0.500000
8.917808	7.198298	0.632848	0.500000
3.134263	5.109534	2.030347	0.500000
7.143442	4.173403	1.031301	0.500000
11.742649	7.626008	1.231665	0.500000
8.711860	9.214565	0.772804	0.500000
9.399623	2.822328	2.482137	0.500000
12.163114	4.507212	1.412609	0.500000
7.513948	10.439612	1.702478	0.500000
4.550135	9.912189	2.451215	0.500000
1.953296	10.039219	2.252624	0.500000
5.466130	8.102779	1.278923	0.500000
6.966303	6.086683	2.481474	0.500000
4.682791	7.883479	0.535763	0.500000
11.075946	5.344093	0.532876	0.500000
1.763264	3.035499	0.517116	0.500000
1.869435	8.878559	2.198619	0.500000
10.821086	11.606322	0.598887	0.500000
11.028204	5.403559	2.249041	0.500000
0.872433	9.136280	0.508272	0.500000
4.193962	4.091482	1.465186	0.500000
6.786886	5.979442	0.612969	0.500000
0.078831	3.511744	2.490575	0.500000
4.940106	11.137859	1.812697	0.500000
8.856882	6.317159	2.394858	0.500000
9.540476	8.017924	2.488069	0.500000
0.519570	6.679958	1.657818	0.500000
8.555468	5.910840	1.261767	0.500000
5.353677	6.459173	2.488777	0.500000
2.223071	7.825048	2.394256	0.500000
9.872498	1.565523	2.443681	0.500000
8.992378	3.952093	2.468428	0.500000
0.938117	11.830672	1.686257	0.500000
7.328671	7.613180	0.638193	0.500000
2.971538	11.565971	1.627077	0.500000
10.232157	1.784990	1.248385	0.500000
9.038174	8.895848	2.480620	0.500000
2.191345	0.633372	2.364300	0.500000
0.930911	5.876373	0.577050	0.500000
8.710331	10.310034	2.472690	0.500000
4.068839	9.830415	0.542106	0.500000
9.164579	11.028253	0.568230	0.500000
2.318421	7.265865	1.049216	0.500000
2.146018	2.492854	1.500626	0.500000
4.625242	10.864080	0.589878	0.500000
4.321377	0.416446	0.518108	0.500000
1.403252	5.213761	2.333682	0.500000
10.872377	2.166004	2.478681	0.500000
2.560524	1.575062	1.517912	0.500000
7.734964	9.147847	2.426476	0.500000
0.580673	10.200223	0.787229	0.500000
1.470722	7.108621	2.423697	0.500000
10.069527	3.741869	2.144575	0.500000
11.692119	1.018151	2.229808	0.500000
9.248069	1.015554	1.651075	0.500000
8.841954	4.746577	0.804155	0.500000
3.413070	9.474172	2.324883	0.500000
2.968026	8.464710	2.132175	0.500000
10.021578	6.164670	2.085113	0.500000
11.341060	2.654007	0.719828	0.500000
0.710390	2.691326	1.379428	0.500000
7.331893	12.040901	1.638608	0.500000
11.011079	3.369360	2.317105	0.500000
5.295452	4.075585	2.474712	0.500000
6.148765	0.186382	0.509147	0.500000
0.553653	8.545028	2.441681	0.500000
9.313022	11.352140	2.408247	0.500000
4.605094	6.463431	0.718422	0.500000
10.152578	2.974978	0.519694	0.500000
2.243612	10.811540	1.571405	0.500000
11.377413	9.049653	1.275673	0.500000
11.860669	8.284597	1.987038	0.500000
5.344038	0.050860	1.591328	0.500000
4.084607	4.775382	0.564833	0.500000
8.432670	8.149628	1.385990	0.500000
9.388181	4.685505	1.659009	0.500000
9.361075	9.824033	1.713615	0.500000
0.068447	5.226359	0.697937	0.500000
6.459896	3.900004	2.421154	0.500000
3.529054	11.999308	2.341930	0.500000
7.455585	9.684047	0.824112	0.500000
11.306124	10.646855	0.535424	0.500000
10.092472	2.912944	1.574214	0.500000
9.442529	9.936822	0.640411	0.500000
3.061276	6.541561	0.608510	0.500000
12.124982	11.152204	1.200285	0.500000
5.950493	7.117002	1.886921	0.500000
8.111616	1.036910	1.433567	0.500000
6.038526	4.578164	1.637953	0.500000
9.849623	6.856248	1.145261	0.500000
7.554557	4.962516	1.573527	0.500000
2.587955	9.322635	1.536686	0.500000
5.366759	0.903202	2.469059	0.500000
4.832340	7.379202	1.573287	0.500000
1.226687	10.707926	1.393004	0.500000
12.175578	5.521541	2.468123	0.500000
11.049773	4.247859	0.560747	0.500000
11.819706	9.716535	0.568076	0.500000
8.745779	3.054549	0.528618	0.500000
4.518536	8.962368	2.045546	0.500000
8.938529	0.107186	0.732489	0.500000
1.288891	3.014870	2.237793	0.500000
5.329838	2.574093	0.523489	0.500000
11.793652	4.520148	2.495173	0.500000
7.554121	2.923046	1.042730	0.500000
0.165671	2.302962	0.556252	0.500000
1.917294	3.493175	1.575288	0.500000
4.558674	4.784755	2.332439	0.500000
8.653092	2.013645	2.420374	0.500000
10.915150	7.908062	2.477402	0.500000
