300

10.615460	7.199265	0.770241	0.500000
2.683356	1.296678	2.042242	0.500000
8.399409	6.032958	0.680609	0.500000
10.433610	11.229962	0.527272	0.500000
4.921659	3.449824	0.520726	0.500000
11.185618	3.989351	0.606163	0.500000
0.190208	11.064282	2.409536	0.500000
5.494511	7.315146	2.483882	0.500000
8.221540	0.717389	0.531406	0.500000
0.770172	0.981845	2.229490	0.500000
11.219344	1.810894	2.203333	0.500000
9.300004	2.696217	2.200074	0.500000
0.862015	4.125597	1.759973	0.500000
5.416529	5.696350	2.276900	0.500000
5.953630	9.605577	0.524908	0.500000
11.363970	5.446246	1.099953	0.500000
5.006329	6.355367	0.581445	0.500000
7.523729	11.702967	1.322557	0.500000
3.907052	2.862297	0.572393	0.500000
0.268368	7.443799	1.520630	0.500000
4.852517	11.616308	2.172746	0.500000
8.375310	8.019871	0.563087	0.500000
5.664841	1.901015	0.537753	0.500000
1.580068	0.824272	0.535364	0.500000
8.714195	6.938358	1.329817	0.500000
4.920334	9.616125	1.437664	0.500000
8.527442	3.032594	1.523131	0.500000
0.655793	11.744714	0.717838	0.500000
10.516487	2.989775	2.139899	0.500000
0.901104	6.958059	0.825327	0.500000
0.229806	3.919800	0.728341	0.500000
10.373236	8.712284	2.266884	0.500000
8.385639	7.206074	2.332297	0.500000
3.295149	11.442819	0.521796	0.500000
6.693903	5.760982	1.713396	0.500000
0.096007	8.487453	1.870978	0.500000
4.003738	7.969381	1.504639	0.500000
8.406783	10.964956	1.657268	0.500000
0.834650	10.219782	0.861559	0.500000
5.064923	0.275970	1.681692	0.500000
11.563055	6.512810	0.539171	0.500000
2.544434	7.997331	1.497593	0.500000
7.158755	10.527739	1.665642	0.500000
1.725086	1.426973	2.459063	0.500000
8.533460	3.620825	2.384512	0.500000
10.362338	5.763576	1.601230	0.500000
12.198970	1.645177	0.526746	0.500000
10.078438	0.258993	1.480228	0.500000
5.932842	2.303612	2.416119	0.500000
8.690266	9.956529	0.561624	0.500000
1.894591	7.571323	2.417932	0.500000
7.127659	6.245315	0.613539	0.500000
11.855474	10.109142	1.611660	0.500000
8.627958	4.149611	1.488772	0.500000
2.660092	1.531378	0.750156	0.500000
2.946299	2.560646	0.530496	0.500000
6.706216	7.529766	2.499215	0.500000
7.329071	0.192379	2.422595	0.500000
7.815298	1.508222	2.398086	0.500000
9.403585	8.154024	0.581645	0.500000
3.780042	0.658674	1.393823	0.500000
5.569771	11.492472	0.997102	0.500000
1.575205	0.805241	1.560510	0.500000
9.369470	6.008521	1.470963	0.500000
0.141173	2.789382	0.688111	0.500000
0.111950	9.696587	2.448314	0.500000
11.941076	9.574272	0.569216	0.500000
4.494125	6.192670	2.242197	0.500000
7.002891	11.435904	2.383032	0.500000
4.974056	2.740508	1.290884	0.500000
0.580600	5.433594	2.112689	0.500000
6.389075	8.023603	1.607485	0.500000
6.863554	8.601801	0.668402	0.500000
3.456996	6.437694	1.895263	0.500000
6.395867	0.980747	1.333738	0.500000
2.635566	10.527848	0.607172	0.500000
2.121120	6.074481	2.373084	0.500000
9.258913	1.899889	1.058524	0.500000
7.561267	0.832759	1.545324	0.500000
9.269294	10.009122	1.428571	0.500000
6.149142	10.857936	2.322367	0.500000
7.850752	10.553742	2.394130	0.500000
7.398582	0.110116	0.514349	0.500000
1.134165	3.497992	0.633264	0.500000
3.089581	9.385007	2.254103	0.500000
9.648688	10.564235	0.651357	0.500000
0.208193	6.537330	2.470963	0.500000
5.003277	10.394036	2.361033	0.500000
6.066911	10.289461	1.492628	0.500000
1.011794	8.235310	1.245120	0.500000
8.492852	0.575030	2.390753	0.500000
7.804281	6.260052	1.513182	0.500000
11.452623	0.139583	1.481301	0.500000
6.814042	8.749201	2.225102	0.500000
1.791063	9.697701	2.469387	0.500000
5.933466	6.790442	0.555324	0.500000
11.226690	7.600788	2.419407	0.500000
10.325689	10.883119	2.416372	0.500000
4.292298	8.330675	0.575033	0.500000
9.673699	5.471652	0.557771	0.500000
8.731916	9.660897	2.321718	0.500000
6.044073	4.700946	1.453767	0.500000
8.895446	8.820812	1.732349	0.500000
3.697680	2.634035	1.628540	0.500000
2.445370	8.858336	0.540918	0.500000
5.339442	3.194897	2.489346	0.500000
7.454251	9.774895	0.524842	0.500000
0.886427	9.037635	2.270909	0.500000
11.359066	8.288416	1.556606	0.500000
8.261005	2.256106	0.504162	0.500000
10.135902	4.715080	2.073119	0.500000
12.185240	11.411612	1.464302	0.500000
9.758017	9.611068	2.479741	0.500000
3.707307	5.413413	0.718472	0.500000
11.761385	0.459686	0.583185	0.500000
3.769428	9.547807	0.854870	0.500000
6.300688	2.400961	1.438063	0.500000
12.073673	1.266963	2.490582	0.500000
0.975264	7.168178	2.175426	0.500000
6.638460	4.943113	0.504985	0.500000
7.086222	9.513185	1.524291	0.500000
8.149008	9.036324	1.102416	0.500000
1.549661	3.244811	1.538809	0.500000
0.044763	8.564191	0.694854	0.500000
10.205589	2.008561	1.443050	0.500000
2.975091	5.504811	2.426071	0.500000
7.525805	4.277047	1.526262	0.500000
5.865638	5.618251	0.893645	0.500000
4.169252	9.324351	2.120822	0.500000
9.500329	0.615303	2.411372	0.500000
10.846074	0.041202	0.690600	0.500000
9.826905	5.820319	2.483032	0.500000
9.404688	4.845598	1.326440	0.500000
3.239927	8.228313	2.207965	0.500000
12.135752	10.655882	0.572616	0.500000
11.164780	11.874026	2.472876	0.500000
9.586695	2.875298	1.021908	0.500000
11.962790	3.437468	1.476064	0.500000
7.054034	7.085742	1.538470	0.500000
8.136918	1.710747	1.347942	0.500000
1.893615	8.017445	0.519146	0.500000
3.051518	0.218736	0.703966	0.500000
2.406813	5.605328	0.510021	0.500000
9.540657	11.903657	0.660586	0.500000
2.732378	2.524600	2.414177	0.500000
2.454218	0.295742	1.542856	0.500000
4.538815	1.320491	1.555463	0.500000
2.737511	4.509216	1.924368	0.500000
11.717960	11.691882	0.618064	0.500000
4.843498	7.154833	1.637142	0.500000
3.110786	0.143053	2.353439	0.500000
3.180016	8.815963	1.222179	0.500000
6.405693	3.451139	1.599027	0.500000
6.414980	12.034013	1.455704	0.500000
4.402563	10.783150	1.546989	0.500000
11.208109	7.012853	1.555597	0.500000
8.528990	11.454091	0.647214	0.500000
1.827515	0.042381	2.310129	0.500000
1.598414	5.172149	2.168164	0.500000
11.761379	3.388062	2.466886	0.500000
9.417058	6.792465	2.486915	0.500000
5.271100	4.116215	1.769218	0.500000
12.017192	2.391592	2.458555	0.500000
1.277222	5.891744	0.563580	0.500000
1.893333	6.847782	0.560006	0.500000
9.150259	5.105145	2.270202	0.500000
2.421098	11.454188	1.136693	0.500000
4.687130	2.426112	2.304087	0.500000
11.107978	10.251184	0.837679	0.500000
4.309428	3.658886	2.353760	0.500000
8.614510	6.146899	2.280388	0.500000
5.565042	1.652708	1.608142	0.500000
7.029576	7.250736	0.514208	0.500000
8.962751	0.870447	1.200940	0.500000
11.163054	2.557088	1.303402	0.500000
8.151560	11.811695	2.355315	0.500000
5.844168	0.270199	0.699325	0.500000
6.556965	11.699913	0.519651	0.500000
3.961805	3.989545	0.579442	0.500000
3.817794	7.282679	2.356163	0.500000
10.824629	8.499099	0.573600	0.500000
1.193495	8.946418	0.565101	0.500000
11.479078	9.107529	2.152993	0.500000
6.070034	9.048417	1.532895	0.500000
11.004957	11.352943	1.450714	0.500000
7.597577	5.701222	2.350601	0.500000
9.757475	3.836927	0.608816	0.500000
11.086968	1.709243	0.618869	0.500000
9.954702	11.270586	1.415737	0.500000
5.175613	8.975546	0.667931	0.500000
9.145159	10.749608	2.327787	0.500000
1.798347	9.751623	0.540867	0.500000
7.338462	10.797074	0.636500	0.500000
5.215116	8.203319	1.587918	0.500000
8.210575	4.655963	2.486880	0.500000
11.247416	5.197878	2.134772	0.500000
3.225696	6.329681	0.588623	0.500000
5.957399	0.059088	2.496153	0.500000
3.017607	4.651456	0.628709	0.500000
5.887176	7.905114	0.591811	0.500000
3.088351	8.056738	0.573909	0.500000
5.830017	4.739552	2.436241	0.500000
10.982431	9.231922	1.252764	0.500000
7.605572	2.490381	2.295257	0.500000
1.615792	2.620009	2.463093	0.500000
2.585608	10.567562	2.386252	0.500000
0.742312	5.041139	0.812104	0.500000
10.151637	9.702484	0.513617	0.500000
0.470229	9.281328	1.322218	0.500000
8.128083	3.321751	0.639134	0.500000
1.727857	2.230111	0.603771	0.500000
2.961060	10.126668	1.478581	0.500000
5.214991	9.378774	2.483276	0.500000
3.732861	4.659198	2.474765	0.500000
2.044477	8.696675	2.472845	0.500000
10.431212	3.396934	1.213592	0.500000
11.717650	4.419979	1.489859	0.500000
0.599460	3.021454	2.466283	0.500000
1.602494	10.965965	0.580217	0.500000
3.928025	4.609442	1.390727	0.500000
1.982858	9.235486	1.395916	0.500000
5.783335	8.475622	2.394209	0.500000
6.860784	4.693336	2.214599	0.500000
5.129971	1.014491	0.750453	0.500000
10.377418	2.504659	0.502307	0.500000
11.011786	0.613867	2.278313	0.500000
7.646518	4.680180	0.575486	0.500000
9.841023	1.843825	2.499473	0.500000
4.559542	8.336458	2.376744	0.500000
9.821759	7.842994	2.240204	0.500000
1.807057	3.688538	2.458321	0.500000
6.030258	6.665815	1.753906	0.500000
5.234717	10.352474	0.538431	0.500000
3.108818	7.224582	1.152687	0.500000
2.768828	6.849191	2.495933	0.500000
2.521244	3.327615	1.845679	0.500000
9.553165	3.782247	2.373484	0.500000
10.470768	6.782486	2.406213	0.500000
2.162318	3.321438	0.525065	0.500000
0.072992	4.463786	2.353379	0.500000
6.978361	6.521563	2.482007	0.500000
6.871512	1.777813	2.021917	0.500000
11.017022	4.072979	2.143182	0.500000
2.590981	5.638961	1.497798	0.500000
9.845668	9.127180	1.288340	0.500000
9.091665	12.093767	1.795699	0.500000
0.750846	1.956058	2.461888	0.500000
3.359789	3.308845	2.461887	0.500000
6.222363	1.116718	2.408885	0.500000
4.783414	5.617996	1.385682	0.500000
11.801860	7.465548	0.799272	0.500000
10.027575	11.875712	2.344949	0.500000
5.813759	2.940265	0.555610	0.500000
7.928489	8.025113	1.755041	0.500000
7.272756	2.612872	0.842217	0.500000
8.651426	4.926062	0.547644	0.500000
1.326231	10.667501	2.394158	0.500000
1.911710	10.505561	1.445377	0.500000
10.561421	4.840182	0.645479	0.500000
6.516266	9.873948	2.308641	0.500000
0.366961	6.127041	1.345155	0.500000
4.569392	1.986011	0.526586	0.500000
0.637942	0.492483	1.029999	0.500000
4.157007	0.114634	2.184536	0.500000
9.508760	6.497588	0.542189	0.500000
4.440520	0.076552	0.550349	0.500000
4.157417	7.006884	0.671822	0.500000
0.187693	1.558740	1.524800	0.500000
0.949664	1.620586	0.852799	0.500000
11.399499	6.270753	2.458901	0.500000
6.880130	3.529714	0.636781	0.500000
3.498061	1.806376	2.466657	0.500000
9.994249	1.348536	0.504370	0.500000
4.239846	10.883661	0.501642	0.500000
7.223708	1.295311	0.713051	0.500000
7.970504	8.893738	2.303200	0.500000
1.599405	12.045386	1.012907	0.500000
8.402288	5.407112	1.498173	0.500000
8.814415	1.531062	2.355543	0.500000
12.130939	0.190067	2.420698	0.500000
10.655717	5.886252	0.532822	0.500000
3.270800	3.846171	1.345540	0.500000
2.031738	4.120218	1.250345	0.500000
4.764600	0.882887	2.458729	0.500000
1.425617	6.325560	1.648274	0.500000
8.000875	9.944188	1.532052	0.500000
11.319127	10.284869	2.437734	0.500000
1.721655	5.217819	1.161390	0.500000
8.085064	6.979206	0.545059	0.500000
4.667586	4.863360	0.634896	0.500000
3.365484	11.536234	1.584716	0.500000
0.721777	12.087072	1.932954	0.500000
10.739435	0.975048	1.205804	0.500000
0.691856	2.488794	1.588663	0.500000
3.642554	1.504519	0.553914	0.500000
9.691519	7.371659	1.166642	0.500000
5.857456	4.133233	0.547513	0.500000
4.728016	4.907030	2.174790	0.500000
3.717241	10.576944	2.319292	0.500000
7.034370	3.680946	2.449940	0.500000
