300

11.938395	7.397508	1.443556	0.500000
2.086864	2.854504	0.623228	0.500000
7.465349	6.604428	1.449827	0.500000
10.931747	11.776326	2.458577	0.500000
4.256387	3.113241	2.316602	0.500000
10.790810	4.594143	0.732285	0.500000
8.247908	11.655035	0.607301	0.500000
3.795997	7.376350	0.567480	0.500000
5.723701	0.700610	0.602862	0.500000
1.027399	10.190560	1.192901	0.500000
0.492252	2.518451	1.592841	0.500000
9.924692	5.563215	2.447347	0.500000
0.335318	1.704006	0.761346	0.500000
7.915900	6.650347	0.526816	0.500000
4.519165	10.803537	0.609391	0.500000
0.453315	4.881829	1.654203	0.500000
6.804011	7.238021	2.307462	0.500000
10.317707	12.104501	0.558537	0.500000
3.060862	2.783737	0.968200	0.500000
1.098555	11.025793	0.526985	0.500000
5.982799	0.762939	2.488397	0.500000
5.493887	8.507697	0.553740	0.500000
4.471247	3.082725	0.861524	0.500000
1.317184	1.982707	0.633793	0.500000
6.885247	8.571434	0.907663	0.500000
3.749908	8.902169	0.727403	0.500000
8.713167	3.207279	0.548814	0.500000
11.503231	10.356503	0.813660	0.500000
10.721634	4.615879	2.408083	0.500000
0.651052	8.436858	1.233403	0.500000
1.281405	3.453794	0.579631	0.500000
10.078284	6.580878	2.393396	0.500000
7.937713	9.312975	1.982035	0.500000
4.839258	1.431043	0.575729	0.500000
7.773312	5.089804	2.383813	0.500000
2.662890	7.206326	0.544290	0.500000
4.439070	10.415188	2.469081	0.500000
8.320845	10.576172	2.389942	0.500000
0.026915	10.601371	1.472948	0.500000
4.536774	1.260497	2.386899	0.500000
10.844516	5.607936	0.532146	0.500000
1.159875	4.462226	2.400475	0.500000
7.032176	9.919781	0.521361	0.500000
2.032003	0.064511	2.211773	0.500000
7.374401	6.042234	2.438657	0.500000
9.697977	3.935892	2.244266	0.500000
11.351148	4.171738	1.763572	0.500000
8.975870	1.012412	2.313038	0.500000
6.310584	3.226736	2.497043	0.500000
10.047018	6.827389	0.517492	0.500000
2.001806	8.537958	2.398768	0.500000
7.883443	8.072159	0.502249	0.500000
10.985809	10.697404	2.259306	0.500000
8.694199	5.011725	0.742079	0.500000
2.927926	1.014301	2.459186	0.500000
2.850316	1.949301	1.743789	0.500000
8.171538	7.326525	1.340000	0.500000
6.350863	2.362800	1.575917	0.500000
9.666531	11.235007	0.556723	0.500000
9.125552	7.530222	0.734753	0.500000
3.776950	1.662719	0.514674	0.500000
3.552967	11.052070	2.465012	0.500000
4.197071	0.457775	0.540099	0.500000
10.971169	5.753707	2.498482	0.500000
1.942512	2.551975	1.770024	0.500000
0.178704	7.811842	0.531023	0.500000
1.572411	9.111996	0.810167	0.500000
4.340315	7.552301	2.467358	0.500000
8.633089	11.554373	2.206503	0.500000
6.974568	3.163448	1.627858	0.500000
2.036951	5.967354	1.574027	0.500000
6.570578	4.983628	1.664168	0.500000
5.148097	10.741995	1.482535	0.500000
2.708590	9.207551	0.639197	0.500000
6.012532	11.671702	0.502740	0.500000
1.556239	0.132976	1.318708	0.500000
4.733897	5.512285	1.533705	0.500000
10.659050	2.422464	0.643642	0.500000
6.692800	11.220387	1.402635	0.500000
7.068634	9.480968	1.506297	0.500000
5.573087	11.462656	2.112663	0.500000
6.226378	10.242289	1.284380	0.500000
8.887819	1.182407	0.704617	0.500000
0.060299	5.348145	0.559909	0.500000
1.682018	10.692307	2.373992	0.500000
9.289263	9.564439	0.584859	0.500000
0.939876	8.027977	2.217492	0.500000
5.366568	1.145544	1.696055	0.500000
6.921237	6.761431	0.616586	0.500000
2.675402	7.515411	2.402664	0.500000
7.630471	12.132182	1.458741	0.500000
7.810736	7.011291	2.333871	0.500000
0.499017	0.731520	1.271208	0.500000
5.865781	6.679469	0.610751	0.500000
2.903509	9.075444	2.473716	0.500000
5.819583	8.874798	1.438386	0.500000
11.148903	8.347310	2.438940	0.500000
9.861983	0.488788	2.017785	0.500000
5.425509	5.634552	0.547230	0.500000
9.149602	5.869824	1.768131	0.500000
9.543129	8.917758	1.368829	0.500000
5.068372	4.698221	2.472606	0.500000
8.676239	8.402753	1.130323	0.500000
0.921426	12.011517	0.598273	0.500000
6.190513	7.584651	0.897953	0.500000
6.569667	4.030351	1.223074	0.500000
8.248728	9.581355	0.616510	0.500000
11.759815	8.883829	0.564153	0.500000
11.237112	7.097837	2.404067	0.500000
8.014669	0.678488	0.546568	0.500000
0.333211	5.422394	2.497620	0.500000
10.761893	0.260527	1.506839	0.500000
10.431000	9.832250	2.168181	0.500000
4.588602	5.019405	0.564560	0.500000
9.047138	0.035029	1.517242	0.500000
3.227116	9.477882	1.485018	0.500000
5.793735	1.780265	0.502895	0.500000
11.983203	12.025411	1.534541	0.500000
1.370780	7.031309	2.416101	0.500000
6.373701	4.743973	0.544072	0.500000
4.624062	8.535351	2.131153	0.500000
9.892131	7.253178	1.588864	0.500000
3.375182	1.018800	1.460682	0.500000
0.832079	6.786583	1.496448	0.500000
10.474495	3.564883	1.458896	0.500000
4.793399	6.482775	2.476780	0.500000
8.640496	3.887407	1.348496	0.500000
5.189642	6.478091	1.424802	0.500000
2.577811	11.315845	2.442814	0.500000
11.527926	2.579898	1.473483	0.500000
11.287542	1.247367	2.481495	0.500000
0.875374	5.802104	1.718238	0.500000
10.140077	2.873284	2.448638	0.500000
1.891336	7.011161	1.304342	0.500000
0.097702	11.174591	0.622384	0.500000
11.720647	1.156961	1.373096	0.500000
8.915774	3.265616	2.483867	0.500000
1.049832	2.375224	2.497171	0.500000
8.900422	9.770821	1.517946	0.500000
9.010675	4.934130	2.319165	0.500000
1.790229	5.552934	0.632265	0.500000
3.488605	11.372388	0.510649	0.500000
3.679211	6.718920	2.400939	0.500000
8.132436	2.726184	1.567999	0.500000
2.715595	0.129142	1.024644	0.500000
0.260795	1.490706	2.075407	0.500000
2.124639	1.220054	1.389938	0.500000
2.877733	4.451635	1.395552	0.500000
10.355933	11.244629	1.392999	0.500000
5.848802	6.428772	2.401468	0.500000
3.040321	12.217277	2.340222	0.500000
2.875381	10.362186	0.813036	0.500000
6.027627	3.152699	0.507776	0.500000
8.046481	10.939860	1.498462	0.500000
5.005088	9.538483	2.436896	0.500000
10.867172	7.473640	1.309004	0.500000
7.418648	11.027770	0.692695	0.500000
1.540715	0.995824	0.595553	0.500000
2.804418	4.060438	2.437134	0.500000
0.679114	3.488693	2.315119	0.500000
10.330084	7.726400	2.371828	0.500000
6.552063	5.821530	0.593518	0.500000
11.940569	4.388606	0.607961	0.500000
3.572310	5.781802	1.415317	0.500000
3.893656	4.839803	1.262255	0.500000
9.453249	4.630259	1.317434	0.500000
2.380416	11.285890	0.589323	0.500000
1.884103	1.706392	2.431077	0.500000
10.825816	9.047500	1.492875	0.500000
3.000435	2.860907	2.316363	0.500000
8.857646	9.051884	2.295888	0.500000
4.603036	4.133085	1.579791	0.500000
4.315661	8.093805	1.102102	0.500000
9.184682	0.015944	0.509758	0.500000
12.079484	4.464227	2.452708	0.500000
6.663031	0.285990	0.635417	0.500000
5.512657	10.201749	0.544839	0.500000
6.134131	9.409098	2.235075	0.500000
5.588116	3.205768	1.501510	0.500000
2.946842	10.231002	2.165665	0.500000
10.986575	8.201904	0.504303	0.500000
1.177170	7.312851	0.505851	0.500000
10.608570	10.768595	0.525712	0.500000
5.951597	10.450516	2.444087	0.500000
8.320322	2.128322	2.425122	0.500000
0.368845	6.515563	2.499012	0.500000
9.662398	3.705636	0.530486	0.500000
10.896939	2.177824	2.234453	0.500000
9.924378	11.365133	2.458017	0.500000
5.230465	7.856051	1.698293	0.500000
7.381044	11.341097	2.229868	0.500000
1.747412	11.345936	1.597419	0.500000
7.274285	1.336654	0.859661	0.500000
3.671833	8.197181	1.962193	0.500000
7.681076	3.516206	2.368086	0.500000
11.719174	5.066906	1.387651	0.500000
3.863574	4.072450	0.514905	0.500000
6.973030	0.599977	2.098198	0.500000
3.699601	3.583745	1.477526	0.500000
6.513418	6.124372	1.676744	0.500000
3.248830	8.066451	1.051963	0.500000
8.184547	5.656694	1.594595	0.500000
0.128566	9.774560	0.731100	0.500000
6.568201	1.373455	1.588702	0.500000
12.062052	3.434931	1.757783	0.500000
3.639139	0.007670	1.415109	0.500000
0.729102	3.896899	1.350842	0.500000
10.532950	9.580650	0.579478	0.500000
9.953696	10.338140	1.244439	0.500000
6.789104	2.200324	0.531585	0.500000
0.170511	2.782853	0.610588	0.500000
2.980833	11.073356	1.524141	0.500000
6.413126	11.961970	2.494717	0.500000
4.068676	4.398880	2.463154	0.500000
2.061942	9.867347	1.484126	0.500000
9.513923	5.643088	0.518841	0.500000
0.004819	7.743779	2.434941	0.500000
0.612694	0.230465	2.336166	0.500000
1.881690	10.296371	0.583270	0.500000
2.879708	5.023322	0.531417	0.500000
1.153656	9.183875	2.274719	0.500000
5.937848	7.778087	2.476525	0.500000
7.434102	7.947297	1.806977	0.500000
4.852910	2.236231	2.175381	0.500000
10.070207	2.347028	1.535320	0.500000
11.834157	0.352925	2.380381	0.500000
8.953483	6.519827	0.714324	0.500000
9.467964	1.965132	2.246387	0.500000
3.906910	9.500820	2.310648	0.500000
9.301499	11.099502	1.562932	0.500000
1.980917	4.867535	1.662806	0.500000
3.980622	7.221449	1.589111	0.500000
4.809938	9.356541	1.146228	0.500000
3.757355	5.481955	2.384674	0.500000
2.513867	8.563936	1.536987	0.500000
1.749630	3.392283	2.474743	0.500000
11.339724	11.699676	0.532884	0.500000
10.137143	8.904817	2.478013	0.500000
2.285699	3.885390	0.549454	0.500000
11.874324	2.647697	2.422580	0.500000
6.221209	9.329084	0.622201	0.500000
6.031579	2.107185	2.493708	0.500000
7.766864	4.509611	1.446820	0.500000
5.521511	4.715794	1.522056	0.500000
8.495425	7.816037	2.465082	0.500000
8.692227	10.548888	0.618215	0.500000
2.339673	3.521568	1.563858	0.500000
1.354122	0.893276	2.181538	0.500000
7.382156	3.148264	0.708423	0.500000
2.581977	6.476855	2.340721	0.500000
11.818186	8.392673	1.688087	0.500000
11.091843	3.388206	2.334209	0.500000
7.488658	5.401729	0.756712	0.500000
4.995372	7.545279	0.500672	0.500000
8.029937	1.561609	1.644227	0.500000
9.485767	2.022097	0.508763	0.500000
0.181757	9.376926	1.932913	0.500000
1.992062	8.198968	0.667475	0.500000
2.757171	5.404196	2.400073	0.500000
7.067074	10.057565	2.468243	0.500000
12.046792	6.150258	1.638674	0.500000
2.774946	1.730517	0.717836	0.500000
11.943799	0.329764	0.502701	0.500000
4.963655	12.151890	1.015351	0.500000
10.112448	6.126720	1.402090	0.500000
3.841374	1.987678	2.460515	0.500000
3.009394	6.757735	1.437903	0.500000
11.495026	3.338596	0.641696	0.500000
10.916275	0.855444	0.712133	0.500000
1.581422	5.647045	2.414060	0.500000
8.436209	2.110107	0.582469	0.500000
3.967499	0.431681	2.301408	0.500000
9.854187	0.777664	0.627035	0.500000
6.047117	0.019326	1.591987	0.500000
8.132005	0.395065	2.431155	0.500000
6.659032	8.538452	2.310017	0.500000
0.831880	11.338795	2.242518	0.500000
9.456529	3.258289	1.432794	0.500000
7.208932	2.446030	2.468412	0.500000
11.836801	11.237065	2.425892	0.500000
10.646532	5.289069	1.610289	0.500000
4.276222	2.004691	1.327857	0.500000
2.612207	6.187987	0.526786	0.500000
5.321919	3.439887	2.490251	0.500000
0.092924	6.645701	0.771384	0.500000
9.324725	10.397423	2.411717	0.500000
11.980331	10.192521	2.456751	0.500000
0.948436	4.790116	0.629007	0.500000
9.046521	6.872769	2.240346	0.500000
4.712847	6.431699	0.517204	0.500000
3.980633	10.142974	1.428250	0.500000
0.784419	10.194849	2.404194	0.500000
9.634853	1.324411	1.482835	0.500000
11.592669	1.977290	0.533367	0.500000
4.831727	12.136996	2.343903	0.500000
10.172385	8.175410	1.089931	0.500000
5.286485	3.994755	0.828310	0.500000
6.176531	4.381477	2.436487	0.500000
4.055523	11.278292	1.390360	0.500000
8.109992	4.187905	0.511066	0.500000
