300

10.453230	9.960231	2.000405	0.500000
1.616178	0.058561	0.678651	0.500000
2.336457	2.030107	2.310525	0.500000
8.175130	9.221759	2.489704	0.500000
11.662921	3.792433	1.493788	0.500000
0.449588	8.602413	2.441381	0.500000
1.518790	10.115619	1.580906	0.500000
1.435213	5.092824	0.532624	0.500000
2.808498	2.169002	0.784382	0.500000
3.365668	10.954747	1.314887	0.500000
2.075356	1.379569	0.568552	0.500000
2.914100	11.431859	2.320436	0.500000
12.089743	3.756255	2.422551	0.500000
4.837996	2.713034	0.680712	0.500000
1.553964	0.385950	1.836586	0.500000
9.775141	10.583073	0.761127	0.500000
5.666918	8.755253	2.136634	0.500000
5.045160	10.081013	0.669952	0.500000
7.269481	0.288042	0.542325	0.500000
2.528208	0.084271	1.501610	0.500000
8.132612	6.624911	0.768844	0.500000
8.331653	3.808604	1.488445	0.500000
7.630577	1.586750	2.328837	0.500000
8.769455	5.744863	0.796914	0.500000
8.247404	4.370986	0.542102	0.500000
11.603659	8.245611	2.409218	0.500000
3.178569	4.074514	2.487786	0.500000
2.675514	6.637276	2.350955	0.500000
9.521503	7.628150	2.492016	0.500000
7.612849	5.660405	0.590357	0.500000
0.430215	6.133672	0.558311	0.500000
5.299978	1.268700	2.076031	0.500000
6.264709	1.672806	2.263773	0.500000
10.394464	3.301039	2.464747	0.500000
5.975015	0.383153	0.802130	0.500000
4.583105	7.954147	0.575196	0.500000
5.674925	8.949926	0.530975	0.500000
8.180610	11.123632	2.469431	0.500000
9.060968	2.156693	1.471443	0.500000
5.907076	7.726939	0.549766	0.500000
9.337771	1.061321	0.571506	0.500000
0.122552	2.199165	0.530866	0.500000
8.592348	11.075947	1.535566	0.500000
0.638974	0.242118	2.432893	0.500000
10.035584	12.204491	0.525108	0.500000
6.349646	8.267564	1.529702	0.500000
10.496739	2.856177	0.878672	0.500000
10.671508	4.259081	1.577937	0.500000
9.212355	4.754148	0.547038	0.500000
7.174407	0.314310	2.335935	0.500000
4.578001	2.560700	1.680168	0.500000
4.578596	1.885239	2.451130	0.500000
8.546572	10.097554	1.880884	0.500000
10.829209	11.762052	2.296595	0.500000
5.690787	11.451975	2.015630	0.500000
0.789346	8.405960	0.572552	0.500000
4.991576	10.634717	2.311916	0.500000
5.658262	7.333576	1.472121	0.500000
4.439294	0.544723	1.439190	0.500000
2.116641	10.601457	2.396853	0.500000
3.984930	5.366920	2.242100	0.500000
10.991653	8.185419	1.609618	0.500000
9.149298	6.527051	2.061690	0.500000
0.029916	2.582956	2.194657	0.500000
3.423241	7.670305	0.610348	0.500000
0.939246	7.908710	1.503160	0.500000
11.936896	11.303932	0.666366	0.500000
8.801732	7.364062	1.296472	0.500000
8.026788	1.017521	0.562292	0.500000
11.349754	5.144539	1.648213	0.500000
8.290857	8.102778	2.449082	0.500000
10.622875	9.195047	1.340110	0.500000
10.654232	7.059483	2.428939	0.500000
8.643030	8.783975	1.650187	0.500000
11.299169	0.536597	1.636137	0.500000
1.461162	7.090680	0.504981	0.500000
1.030674	9.545153	2.374635	0.500000
0.491521	4.748578	0.591050	0.500000
3.422694	1.598244	2.242194	0.500000
5.989929	11.638179	0.525961	0.500000
2.440823	1.089015	1.592495	0.500000
1.297901	1.513322	1.596279	0.500000
6.558509	5.231712	1.621664	0.500000
9.328591	5.120916	1.595591	0.500000
11.016831	9.087994	2.367970	0.500000
4.186013	7.053906	1.158299	0.500000
8.200618	4.813694	1.503567	0.500000
10.669233	11.030968	0.701954	0.500000
2.259067	3.210198	2.406003	0.500000
8.742367	2.075038	0.522737	0.500000
10.309947	8.311071	0.601437	0.500000
0.350497	9.378243	0.647210	0.500000
1.990014	7.445844	1.428963	0.500000
11.583478	11.800053	1.632607	0.500000
10.384149	1.086229	0.923899	0.500000
7.590362	8.610328	1.925369	0.500000
1.496516	6.813763	2.450743	0.500000
6.568348	10.401475	1.607028	0.500000
6.035869	5.469893	0.740111	0.500000
0.011872	10.707629	1.533155	0.500000
6.832541	1.494310	0.641750	0.500000
4.932274	5.876121	2.499474	0.500000
11.608812	2.867143	0.802209	0.500000
2.130145	5.637351	2.083128	0.500000
9.895210	8.687256	2.442787	0.500000
9.038208	0.102649	0.501390	0.500000
0.127644	10.379274	0.519212	0.500000
6.123532	10.576580	2.494896	0.500000
8.137820	8.854422	0.658764	0.500000
1.845677	8.394418	0.971952	0.500000
3.596300	6.551155	0.507618	0.500000
6.165620	10.578545	0.629520	0.500000
4.934256	5.539675	1.279084	0.500000
6.522001	9.205843	2.405124	0.500000
3.800693	0.806347	0.530499	0.500000
1.240399	4.991096	2.376583	0.500000
6.426570	6.675070	0.574102	0.500000
12.062918	4.939739	2.343996	0.500000
10.988919	3.791669	0.724040	0.500000
0.991019	6.746238	1.366065	0.500000
5.683672	2.795961	1.259831	0.500000
8.215921	7.824178	0.521624	0.500000
4.878675	0.970159	0.599968	0.500000
0.271970	7.499235	0.607790	0.500000
1.829138	1.141382	2.462045	0.500000
4.351638	4.635283	1.573372	0.500000
0.638026	3.337670	1.493440	0.500000
0.005010	7.385095	1.585307	0.500000
1.754056	4.790331	1.541534	0.500000
1.367448	11.216855	0.716785	0.500000
3.118945	2.663770	2.414200	0.500000
9.803359	4.122961	2.077196	0.500000
11.212393	6.797050	1.613887	0.500000
7.172725	11.433259	0.603567	0.500000
2.954490	9.999685	2.232142	0.500000
3.728858	1.624719	1.205029	0.500000
1.372106	2.590178	2.491679	0.500000
0.928862	5.629736	1.480931	0.500000
6.932975	3.187770	1.503964	0.500000
7.862675	5.938965	1.634587	0.500000
9.585702	8.403470	1.430720	0.500000
0.052280	11.555810	2.430725	0.500000
3.825179	6.536629	2.372525	0.500000
11.430240	9.909945	1.491390	0.500000
7.286512	6.773907	1.457361	0.500000
2.018888	11.445633	1.853184	0.500000
4.648437	9.254593	2.452351	0.500000
3.549505	12.058213	1.079361	0.500000
0.005416	3.684830	0.648337	0.500000
1.129284	3.929811	0.783119	0.500000
8.225806	11.294675	0.514449	0.500000
6.885341	2.471452	2.493191	0.500000
10.975585	7.458189	0.593790	0.500000
8.224497	7.027867	2.071033	0.500000
9.896965	12.213782	2.215409	0.500000
3.952451	3.433600	1.393597	0.500000
7.639277	9.590307	1.301926	0.500000
6.219015	5.769560	2.419693	0.500000
0.017105	10.205901	2.494420	0.500000
9.916247	7.440137	1.582992	0.500000
6.501353	4.117601	1.608783	0.500000
9.542892	2.521523	2.370627	0.500000
6.101237	0.531888	2.432953	0.500000
2.484738	4.519555	0.754068	0.500000
2.811730	7.610677	2.032743	0.500000
8.272732	2.436724	2.189839	0.500000
8.977726	3.269928	0.561185	0.500000
4.938849	6.827135	2.118675	0.500000
5.453606	2.497856	2.228211	0.500000
5.389415	6.532187	0.697792	0.500000
4.570019	11.470301	1.523030	0.500000
0.144854	0.608198	1.471847	0.500000
6.339517	6.402155	1.578697	0.500000
4.233809	0.932648	2.443494	0.500000
6.065994	1.276572	1.283826	0.500000
7.621638	5.028185	2.494717	0.500000
8.688045	0.158905	2.206724	0.500000
9.523363	7.340144	0.584734	0.500000
3.736283	4.027120	0.553251	0.500000
5.404130	11.016995	1.131836	0.500000
5.081594	1.759845	1.186676	0.500000
6.192639	3.300780	2.167981	0.500000
4.247082	10.281592	1.575468	0.500000
2.911973	0.383398	2.428720	0.500000
4.071724	11.696974	2.377016	0.500000
11.286539	10.859985	1.918422	0.500000
5.704499	4.540506	1.142939	0.500000
9.863726	5.173712	2.456343	0.500000
6.805384	11.574599	2.428597	0.500000
7.039156	3.738471	0.633168	0.500000
7.247390	0.955959	1.490867	0.500000
10.449129	0.815488	2.464796	0.500000
8.528981	1.130325	2.456225	0.500000
7.156172	8.474329	0.963096	0.500000
1.711695	2.702354	0.591095	0.500000
9.806482	11.580569	1.406125	0.500000
8.816229	3.261110	2.405780	0.500000
0.301885	4.393307	1.527567	0.500000
5.681085	3.618337	0.527643	0.500000
4.895292	7.974193	2.499754	0.500000
11.730939	6.682929	0.644499	0.500000
4.942079	3.550082	1.701994	0.500000
4.245653	8.338768	1.447899	0.500000
5.751877	7.451248	2.490671	0.500000
11.030993	2.443070	2.173782	0.500000
12.223903	9.409857	1.850410	0.500000
3.977892	10.682536	2.467801	0.500000
7.681155	10.663426	1.648847	0.500000
9.399971	3.175809	1.486645	0.500000
3.022299	9.049238	0.655219	0.500000
7.260534	7.390321	0.583883	0.500000
11.925853	6.462640	2.320403	0.500000
4.022835	5.952832	1.299392	0.500000
4.080260	11.307367	0.614665	0.500000
6.540307	2.802233	0.630095	0.500000
9.421651	9.590535	0.923800	0.500000
10.815163	4.775034	2.458929	0.500000
6.766870	12.132182	1.351735	0.500000
11.292703	1.917979	0.632272	0.500000
2.465590	6.872231	0.507018	0.500000
6.230928	4.760910	2.460036	0.500000
1.870699	6.072560	0.714395	0.500000
2.338215	9.359857	1.366764	0.500000
9.174511	8.431689	0.504097	0.500000
11.028275	12.044789	0.813100	0.500000
0.659409	1.781208	2.386294	0.500000
0.892564	3.915680	2.434773	0.500000
1.051378	10.648160	2.373257	0.500000
11.266122	5.634269	0.599132	0.500000
10.347557	1.921102	1.529596	0.500000
5.347857	0.085484	1.536822	0.500000
5.813443	2.074890	0.518140	0.500000
12.158223	5.756150	1.348758	0.500000
0.896300	2.363960	1.147463	0.500000
1.354457	10.075908	0.534420	0.500000
2.734136	6.327261	1.327060	0.500000
3.321326	8.833510	2.451644	0.500000
10.048753	1.947795	0.512662	0.500000
0.586012	0.202214	0.518981	0.500000
9.113729	11.505888	2.469042	0.500000
9.420819	10.655961	1.969545	0.500000
2.134759	8.287277	2.453860	0.500000
2.943314	3.207659	0.581145	0.500000
11.208772	5.732134	2.462513	0.500000
7.410370	3.935456	2.162746	0.500000
4.892962	11.991482	0.641377	0.500000
4.758515	4.337105	0.668127	0.500000
7.233482	6.361744	2.402133	0.500000
4.150923	9.087985	0.532038	0.500000
11.110911	9.911973	0.506112	0.500000
10.159237	5.138834	0.644676	0.500000
1.049329	1.495421	0.600513	0.500000
8.707648	1.098886	1.405921	0.500000
3.457771	0.717453	1.564369	0.500000
7.406619	10.292984	0.522463	0.500000
11.863007	0.360836	2.456459	0.500000
8.712933	10.311068	0.598000	0.500000
0.787687	11.371880	1.595042	0.500000
6.634308	9.579277	0.537726	0.500000
3.562169	10.060167	0.588196	0.500000
4.783545	9.353901	1.424694	0.500000
3.849347	2.572514	0.884621	0.500000
11.911628	0.988809	0.606568	0.500000
2.628868	0.424701	0.540212	0.500000
9.248500	9.670084	2.470703	0.500000
6.675141	2.200674	1.449486	0.500000
7.740174	2.746329	0.818205	0.500000
11.705376	4.549482	0.554259	0.500000
9.674346	0.563749	1.424752	0.500000
12.098071	8.420591	1.297721	0.500000
9.591150	1.412787	2.381561	0.500000
6.988240	7.665382	2.057966	0.500000
7.730271	1.838106	1.351983	0.500000
2.503657	10.460914	0.804635	0.500000
3.653499	5.107761	0.562535	0.500000
3.795343	7.620324	2.333597	0.500000
2.336396	3.909837	1.667265	0.500000
8.650620	5.502982	2.352136	0.500000
3.060108	5.069853	2.481260	0.500000
10.374253	6.054558	1.328623	0.500000
12.148439	1.747699	1.619609	0.500000
0.981804	9.102671	1.456660	0.500000
7.904416	12.160245	1.628734	0.500000
3.109118	8.296537	1.340016	0.500000
3.317692	4.898023	1.514991	0.500000
11.330648	8.884799	0.534886	0.500000
9.600222	6.328380	0.745438	0.500000
10.069816	6.180316	2.409394	0.500000
4.640501	4.159588	2.438156	0.500000
3.551753	9.485130	1.475281	0.500000
2.337378	11.594856	0.822057	0.500000
0.915006	5.968573	2.442178	0.500000
9.923446	3.806255	0.892714	0.500000
11.392876	1.290487	2.477388	0.500000
5.886114	9.664326	1.384557	0.500000
10.371251	10.868220	2.411458	0.500000
1.889062	2.697006	1.584391	0.500000
4.300819	3.189444	2.414524	0.500000
0.547874	7.270632	2.423744	0.500000
8.651714	4.271204	2.393579	0.500000
