300

0.934091	1.626523	0.572273	0.500000
2.584940	1.699173	1.859601	0.500000
3.287499	3.428807	2.475181	0.500000
3.713649	10.985133	1.536000	0.500000
8.894654	10.512934	1.937896	0.500000
0.800406	5.325815	2.448341	0.500000
1.733778	10.672566	1.557916	0.500000
7.435667	3.029860	2.485651	0.500000
5.555872	3.913980	2.339105	0.500000
0.998611	9.683812	2.303209	0.500000
11.581938	7.392511	2.377513	0.500000
0.070428	9.225433	1.656315	0.500000
9.025960	1.117264	2.341421	0.500000
3.623347	4.314544	0.639866	0.500000
1.778861	2.961512	0.554275	0.500000
0.016396	0.444249	2.409131	0.500000
8.423014	7.864517	0.807123	0.500000
5.679356	5.632627	2.293561	0.500000
8.338889	4.224773	0.590113	0.500000
2.342474	3.057568	1.974094	0.500000
9.928231	8.954202	1.522218	0.500000
5.034101	2.615674	2.401197	0.500000
1.853957	10.379647	0.534704	0.500000
4.503342	1.588098	2.394674	0.500000
7.716774	1.322947	1.528887	0.500000
0.177394	11.565702	0.607200	0.500000
5.616376	9.071178	0.515655	0.500000
2.885322	8.169119	2.391704	0.500000
10.257791	8.512128	2.498629	0.500000
8.145772	6.375105	2.299511	0.500000
0.212132	5.564052	1.579261	0.500000
4.182204	3.983359	2.412645	0.500000
4.619105	1.286233	0.691650	0.500000
5.519382	11.061131	0.603128	0.500000
4.570185	5.491628	1.725068	0.500000
4.775672	9.678536	0.526500	0.500000
4.103788	8.919873	1.482210	0.500000
11.186249	9.037606	1.421999	0.500000
2.093310	5.806538	0.751884	0.500000
7.915329	11.316115	0.657833	0.500000
7.837535	1.841494	0.660129	0.500000
7.594439	4.401020	1.632805	0.500000
1.247363	11.599710	2.060462	0.500000
9.278931	11.965031	1.656674	0.500000
2.979906	1.177379	1.087553	0.500000
11.699772	1.433119	0.685168	0.500000
10.050956	1.663421	0.512626	0.500000
10.854784	1.347574	1.392115	0.500000
10.668490	6.302340	0.569954	0.500000
11.244829	6.366048	2.405216	0.500000
3.942665	1.397588	1.423941	0.500000
6.593921	1.200521	1.680800	0.500000
9.129769	0.394956	0.725619	0.500000
9.580432	8.556557	0.615842	0.500000
4.757647	3.600353	0.610766	0.500000
10.803902	10.113829	1.214550	0.500000
11.624330	3.575059	1.721029	0.500000
5.537647	8.018847	0.604849	0.500000
6.412089	0.792610	0.546413	0.500000
2.955925	0.401114	1.834062	0.500000
8.103696	9.836564	1.541612	0.500000
10.930022	9.645361	2.278959	0.500000
9.542155	4.441221	1.122291	0.500000
9.090515	5.262318	2.355246	0.500000
4.282658	6.526409	1.714929	0.500000
0.529746	10.179722	1.439877	0.500000
11.372611	10.959113	1.544887	0.500000
7.648488	8.072609	2.437453	0.500000
7.839448	9.118304	2.437689	0.500000
3.965378	3.545791	1.225583	0.500000
7.975866	10.123370	0.549100	0.500000
9.015445	1.578921	0.531549	0.500000
9.464083	6.636446	2.088608	0.500000
8.741594	9.020204	1.633304	0.500000
1.348016	0.358003	0.552206	0.500000
2.893961	4.189009	1.598922	0.500000
5.456389	10.464656	1.450901	0.500000
8.086793	2.104844	2.443916	0.500000
10.890229	4.253068	1.573461	0.500000
4.902807	2.254588	1.381062	0.500000
1.163613	1.408310	2.331210	0.500000
2.235565	0.833502	2.378626	0.500000
8.457634	2.688084	0.597120	0.500000
9.140811	3.618294	0.513185	0.500000
8.372602	7.067511	1.501005	0.500000
4.341092	7.652078	1.131732	0.500000
5.846538	8.741566	2.268605	0.500000
11.778994	5.820490	0.648821	0.500000
3.545760	11.879059	2.418638	0.500000
7.890817	12.221032	1.218303	0.500000
11.984726	10.111061	2.154757	0.500000
6.251500	9.918445	0.630725	0.500000
11.270157	8.348543	2.206647	0.500000
9.530907	11.288289	2.478174	0.500000
11.570137	12.147046	0.545969	0.500000
6.283792	8.375886	1.302197	0.500000
1.037820	3.981354	0.716371	0.500000
6.280192	10.133611	2.429643	0.500000
8.675195	3.453955	2.312330	0.500000
12.187961	2.262978	1.118717	0.500000
11.242344	5.250810	1.328087	0.500000
0.133164	11.178083	1.590797	0.500000
1.232493	1.003410	1.356260	0.500000
1.404288	6.315239	2.448807	0.500000
6.598320	4.497771	1.384192	0.500000
4.360768	10.889050	0.586897	0.500000
2.496869	9.190616	2.467167	0.500000
6.715067	11.347833	0.907019	0.500000
0.565198	9.377002	0.612726	0.500000
4.730574	8.334733	2.047479	0.500000
11.888085	10.658116	0.634184	0.500000
3.427915	10.139003	2.040769	0.500000
2.305017	11.886630	2.349245	0.500000
7.730946	8.523902	1.399469	0.500000
6.929778	3.478565	1.461443	0.500000
3.601691	8.341083	0.595510	0.500000
6.142945	9.386558	1.534802	0.500000
1.703848	3.824887	1.503687	0.500000
7.486203	6.583681	0.600868	0.500000
3.609606	2.325854	2.170930	0.500000
5.117404	11.968150	1.359181	0.500000
6.091276	7.633415	2.190870	0.500000
7.422044	11.971929	2.446935	0.500000
2.049120	8.273585	0.593579	0.500000
6.708331	4.120430	2.324364	0.500000
7.356036	5.865954	1.786588	0.500000
3.019771	8.823502	1.556293	0.500000
2.142962	7.353293	2.323107	0.500000
5.432212	5.436080	0.661022	0.500000
11.457201	0.435718	1.442526	0.500000
2.728332	5.820078	2.483015	0.500000
1.582584	1.943813	1.284580	0.500000
11.988815	4.624029	1.576186	0.500000
7.066547	8.003147	0.655087	0.500000
4.505956	4.432778	1.482284	0.500000
3.712714	0.662150	0.637307	0.500000
0.974824	2.768048	1.615427	0.500000
4.352570	2.524144	0.585800	0.500000
2.266530	4.022419	2.425235	0.500000
10.650404	8.937411	0.558531	0.500000
0.237678	6.877992	1.381981	0.500000
1.271846	8.269004	2.374664	0.500000
5.927990	12.147400	0.703222	0.500000
1.110560	7.829588	0.594061	0.500000
12.014458	7.898948	1.406454	0.500000
11.317064	7.531635	0.505396	0.500000
2.502816	9.882764	1.418183	0.500000
7.651545	0.802763	2.388070	0.500000
3.534770	2.361727	1.140921	0.500000
4.288625	0.489152	1.695720	0.500000
6.433578	2.890869	0.694541	0.500000
10.017961	1.145842	2.486336	0.500000
10.036589	5.598945	2.462644	0.500000
9.929471	4.260176	2.443871	0.500000
7.596686	4.994434	0.748470	0.500000
1.162287	3.465498	2.430721	0.500000
11.484396	1.349855	2.453844	0.500000
5.487045	2.559512	0.553300	0.500000
11.535277	9.695485	0.526605	0.500000
4.427208	6.625472	0.608501	0.500000
6.424208	6.620676	2.455737	0.500000
7.090605	1.691492	2.431862	0.500000
7.974789	11.114590	1.886698	0.500000
0.035449	3.793810	0.606507	0.500000
9.550503	5.954826	1.335487	0.500000
6.390981	5.922080	1.326034	0.500000
9.172157	2.943416	1.577032	0.500000
4.563605	11.800180	2.413179	0.500000
2.408073	4.353587	0.715662	0.500000
9.052696	5.258942	0.715917	0.500000
5.279466	1.038855	1.491767	0.500000
11.745029	11.133287	2.466707	0.500000
6.908574	9.020224	0.832952	0.500000
1.625131	2.397438	2.279568	0.500000
5.369717	0.655294	2.432021	0.500000
7.080953	7.239256	1.375505	0.500000
6.854724	0.046437	1.669275	0.500000
3.168481	6.561965	0.726713	0.500000
3.834733	6.036287	2.488248	0.500000
0.597796	10.959805	2.480717	0.500000
4.883363	4.743389	2.395450	0.500000
8.036369	5.285283	2.251361	0.500000
2.735642	11.255042	1.509148	0.500000
3.561110	12.010291	1.249663	0.500000
5.429101	3.185171	1.501531	0.500000
10.931876	2.160897	0.511368	0.500000
4.304523	5.557194	0.738038	0.500000
6.993817	10.412011	1.202200	0.500000
10.183828	10.560008	0.534580	0.500000
2.996797	5.246459	0.571879	0.500000
10.039338	10.366414	2.169799	0.500000
7.882204	9.092610	0.550263	0.500000
3.248641	4.791127	2.387835	0.500000
8.385465	5.666301	1.391187	0.500000
11.048636	4.763461	2.430653	0.500000
8.900133	10.691155	0.521213	0.500000
10.949114	3.515350	2.491161	0.500000
2.109309	6.205785	1.739200	0.500000
10.639049	11.216131	2.437071	0.500000
5.536384	11.158534	2.179843	0.500000
1.941213	8.530451	1.562541	0.500000
5.226451	6.418706	1.274116	0.500000
5.254701	7.119137	2.469689	0.500000
4.239081	10.040787	1.442201	0.500000
11.370254	4.303691	0.535452	0.500000
11.420987	3.215267	0.553616	0.500000
0.765410	8.502888	1.376588	0.500000
9.918126	11.529106	0.518142	0.500000
10.250354	5.137595	1.584839	0.500000
1.810409	9.351718	0.584986	0.500000
4.850685	4.604182	0.529066	0.500000
6.385160	5.023575	0.551538	0.500000
0.966345	6.094527	0.840536	0.500000
7.435333	10.168948	2.497693	0.500000
8.845363	8.374623	2.396439	0.500000
10.559916	8.018402	1.556022	0.500000
1.785717	7.412439	1.283359	0.500000
8.637900	4.413452	1.584634	0.500000
4.159651	7.472721	2.485390	0.500000
2.198559	6.774125	0.506785	0.500000
8.566394	0.744402	1.528352	0.500000
7.311282	7.098825	2.397739	0.500000
0.497310	0.025180	1.439670	0.500000
6.857559	10.983168	2.398552	0.500000
0.824706	10.712246	0.593240	0.500000
10.552941	0.438155	0.860185	0.500000
9.383522	9.587302	2.269325	0.500000
1.240521	0.372042	2.373858	0.500000
1.317198	5.185465	0.590681	0.500000
11.287988	12.206198	2.326614	0.500000
1.496636	11.587886	0.673486	0.500000
7.944613	0.734488	0.533890	0.500000
0.125436	6.337323	2.486357	0.500000
2.362363	1.921968	0.503698	0.500000
3.172291	10.373954	0.840745	0.500000
4.750085	0.275976	0.503126	0.500000
2.029468	5.166079	1.647632	0.500000
10.566029	2.772908	1.286379	0.500000
2.058376	0.138747	1.446476	0.500000
9.071750	9.715900	0.872839	0.500000
10.989694	11.241088	0.579279	0.500000
3.246178	6.969158	2.222277	0.500000
9.136050	2.174611	2.278430	0.500000
10.004714	0.474221	1.716644	0.500000
9.811066	1.812350	1.487622	0.500000
10.192174	5.087007	0.545195	0.500000
5.146310	9.059058	1.423578	0.500000
4.056035	9.243738	2.495107	0.500000
10.550750	6.996067	1.948026	0.500000
0.420057	4.349664	2.290839	0.500000
0.311613	1.333845	1.643811	0.500000
8.692392	1.823920	1.451319	0.500000
10.121987	2.788377	2.334403	0.500000
6.140108	2.845999	2.414325	0.500000
6.134895	12.031741	2.406392	0.500000
12.223426	8.627480	2.465422	0.500000
8.506680	0.239581	2.390160	0.500000
3.490450	7.810585	1.639143	0.500000
9.802581	2.783755	0.543282	0.500000
2.774023	10.932549	2.477279	0.500000
3.140733	9.367567	0.628589	0.500000
0.990109	7.347393	2.031376	0.500000
3.486229	1.199090	2.358140	0.500000
2.852509	3.037149	0.765800	0.500000
6.218912	7.256975	0.667433	0.500000
6.672577	1.794422	0.662990	0.500000
10.663991	11.771674	1.516174	0.500000
1.026556	4.885053	1.557696	0.500000
7.958050	3.204538	1.618959	0.500000
4.624514	8.685886	0.592088	0.500000
7.152148	0.019935	0.519080	0.500000
9.724020	10.975343	1.405526	0.500000
10.423292	3.781660	0.511637	0.500000
0.088461	8.350849	0.505647	0.500000
3.131722	5.690572	1.462282	0.500000
3.292335	11.340360	0.535375	0.500000
6.962403	8.746615	2.015278	0.500000
7.228604	2.437789	1.374149	0.500000
5.437923	4.799292	1.536173	0.500000
9.340722	7.415399	0.737149	0.500000
8.820751	6.493660	0.620691	0.500000
2.012370	10.098595	2.467105	0.500000
5.604696	1.748982	2.191943	0.500000
2.794379	7.545815	0.926890	0.500000
4.358369	10.771759	2.407028	0.500000
11.333567	6.615173	1.249513	0.500000
0.264437	4.784593	0.616766	0.500000
10.361995	7.865311	0.532390	0.500000
7.073877	4.074254	0.558775	0.500000
4.950024	9.730846	2.382867	0.500000
6.202868	2.259788	1.445490	0.500000
0.181086	3.084465	2.273758	0.500000
7.428832	3.066896	0.507103	0.500000
11.546159	2.378009	1.975683	0.500000
6.623185	5.256716	2.446866	0.500000
0.226809	0.776815	0.567232	0.500000
0.741028	2.754269	0.628612	0.500000
5.886706	3.889540	0.922800	0.500000
0.423481	2.071259	2.448624	0.500000
9.566211	7.762819	1.699578	0.500000
