400

8.076760	1.608426	3.153918	0.500000
0.252396	2.784916	0.561508	0.500000
4.688837	5.484373	0.544331	0.500000
4.081525	3.370285	0.634814	0.500000
3.635522	8.853432	2.414780	0.500000
7.656114	0.844186	3.905253	0.500000
7.523183	1.841554	0.500693	0.500000
7.373751	1.711509	2.231193	0.500000
7.864453	10.089830	0.526056	0.500000
6.576150	5.519709	0.555345	0.500000
2.153669	0.616766	3.958186	0.500000
1.955865	9.058682	0.502628	0.500000
9.114855	1.715731	3.183866	0.500000
1.715217	0.693412	1.454758	0.500000
1.022765	2.052529	0.876475	0.500000
7.374181	1.882839	3.929303	0.500000
8.622238	2.880954	1.513329	0.500000
0.256264	0.423027	0.500757	0.500000
7.434850	4.418152	0.689143	0.500000
9.318000	2.376662	0.567140	0.500000
8.856817	9.199389	3.980930	0.500000
1.664051	5.881757	0.517360	0.500000
2.229261	2.198179	0.681452	0.500000
4.512944	4.854923	1.313534	0.500000
2.767094	0.368475	0.586150	0.500000
4.903862	1.533882	3.835052	0.500000
6.650352	1.881286	1.359925	0.500000
8.312934	1.665380	1.506011	0.500000
7.770985	3.372168	1.082682	0.500000
0.418708	3.871760	0.524263	0.500000
0.990007	1.046019	0.837211	0.500000
2.539371	1.289858	1.488051	0.500000
2.525664	8.042586	0.580622	0.500000
3.388776	1.758553	2.657294	0.500000
3.469505	1.896295	1.665974	0.500000
6.820896	2.616649	0.626915	0.500000
3.893509	1.061467	0.509236	0.500000
3.309764	0.541026	2.952355	0.500000
9.503624	4.472101	0.552989	0.500000
7.987658	5.000230	2.589256	0.500000
9.026872	3.426475	0.660824	0.500000
2.314014	3.524628	2.797677	0.500000
1.366794	2.972462	0.519427	0.500000
1.458947	1.922651	2.990054	0.500000
6.581878	2.561992	2.105294	0.500000
6.559479	0.171375	1.386560	0.500000
5.372994	3.313284	1.925985	0.500000
8.865304	5.109538	1.543026	0.500000
5.604307	4.947322	2.127165	0.500000
7.014337	5.869099	3.191610	0.500000
9.984036	4.975650	1.475558	0.500000
7.355366	6.785880	0.676874	0.500000
8.097596	7.713755	0.515626	0.500000
3.214657	4.066312	2.461747	0.500000
3.936605	4.098696	1.716641	0.500000
3.793996	6.803659	2.979319	0.500000
5.913588	4.705232	3.062783	0.500000
4.425355	7.619168	0.688263	0.500000
9.795555	6.269949	0.541454	0.500000
7.219697	5.896587	1.229326	0.500000
5.775440	6.213770	2.535113	0.500000
5.080322	4.446378	0.501062	0.500000
1.199497	6.874060	1.276112	0.500000
7.253851	4.292309	1.966828	0.500000
9.807430	5.465967	2.805392	0.500000
4.023073	2.171233	0.504500	0.500000
5.717615	9.409920	0.556638	0.500000
9.049574	5.605265	0.584233	0.500000
9.870104	6.989781	2.251353	0.500000
9.019618	7.448793	1.171360	0.500000
7.032471	7.757892	0.553798	0.500000
3.331055	9.573749	3.087480	0.500000
5.133880	6.492541	0.606199	0.500000
1.407184	3.725339	2.278034	0.500000
2.086265	5.092382	0.965599	0.500000
0.643735	4.181592	1.507349	0.500000
9.950991	9.508599	0.661731	0.500000
7.203991	7.392908	2.239561	0.500000
5.626289	5.259304	0.840711	0.500000
7.560243	7.964786	1.390097	0.500000
1.263245	10.086032	3.938982	0.500000
9.123215	8.096879	2.253755	0.500000
2.433017	6.626125	0.507708	0.500000
1.917363	6.956329	2.033220	0.500000
3.492542	9.196230	1.316274	0.500000
5.168424	1.236822	0.529814	0.500000
5.234782	8.459717	0.541384	0.500000
6.394834	8.652363	0.555914	0.500000
1.813719	7.799447	2.919822	0.500000
8.363821	6.592207	2.538491	0.500000
3.063213	5.630897	0.551924	0.500000
0.179125	8.581719	0.554909	0.500000
2.678224	7.096160	1.363226	0.500000
1.745611	10.148977	0.564363	0.500000
3.614744	8.482832	0.593950	0.500000
8.350247	1.120567	0.590864	0.500000
6.326160	7.996216	1.397591	0.500000
5.793783	0.442943	0.801997	0.500000
5.671066	6.792989	1.684423	0.500000
7.691080	0.728657	1.276373	0.500000
0.011138	2.376983	3.206818	0.500000
0.160862	6.907918	1.307138	0.500000
2.582099	0.519387	2.206610	0.500000
2.878822	9.461816	0.528693	0.500000
2.629991	5.982467	1.387002	0.500000
6.139422	9.151184	1.470452	0.500000
7.529003	2.402656	1.471314	0.500000
3.099232	1.194069	3.849915	0.500000
5.574561	9.640012	3.206707	0.500000
0.781589	9.578868	0.737451	0.500000
8.562585	4.448007	3.970945	0.500000
9.792281	8.798052	1.485635	0.500000
1.655958	7.426719	0.562825	0.500000
2.387848	10.051553	1.427933	0.500000
4.307531	9.326087	0.574598	0.500000
5.449885	1.855927	2.818711	0.500000
7.873398	3.280023	2.114002	0.500000
5.322171	9.869692	1.389283	0.500000
6.280331	4.545269	0.563070	0.500000
10.063954	0.320302	2.316392	0.500000
8.507378	0.186817	1.576200	0.500000
0.230633	9.562093	3.940733	0.500000
2.375378	9.623279	3.948005	0.500000
4.431128	6.751260	2.098869	0.500000
1.561856	0.842207	2.470845	0.500000
4.938715	2.547879	1.193433	0.500000
4.775994	3.787832	1.224819	0.500000
6.916498	0.825318	0.591202	0.500000
8.736727	5.670047	2.381358	0.500000
9.881333	3.157068	1.342678	0.500000
8.290377	4.071445	1.645595	0.500000
1.625127	1.709410	1.689507	0.500000
0.782076	5.630142	1.179514	0.500000
4.777843	4.360896	2.194940	0.500000
0.576736	1.984446	3.992897	0.500000
3.909372	2.493929	3.160261	0.500000
6.263401	1.456264	2.225128	0.500000
7.420269	2.416037	3.076492	0.500000
7.569979	0.194959	3.131411	0.500000
6.925916	4.437502	3.170991	0.500000
9.837191	5.895412	1.874102	0.500000
0.543790	3.125858	3.974607	0.500000
1.543928	4.053949	0.519739	0.500000
2.335444	3.336122	0.544071	0.500000
4.468013	1.530868	1.309220	0.500000
8.279752	5.936957	1.219539	0.500000
9.363911	4.076288	1.464724	0.500000
3.402883	7.452689	0.607252	0.500000
0.527508	6.235283	2.352365	0.500000
0.963776	4.887623	0.507299	0.500000
3.263156	5.474882	3.987978	0.500000
0.577456	4.904860	2.291077	0.500000
2.433362	2.856839	1.440510	0.500000
4.409330	4.271147	3.792537	0.500000
3.315486	4.849752	1.126396	0.500000
6.324855	4.155015	3.967643	0.500000
6.276276	3.956385	2.384410	0.500000
0.193917	2.118852	1.490773	0.500000
0.983461	3.171830	1.500972	0.500000
9.816414	7.317194	0.523584	0.500000
0.625677	6.467105	0.525211	0.500000
4.016157	4.447679	0.504273	0.500000
6.707853	9.645099	0.611563	0.500000
1.944541	3.833298	1.431940	0.500000
4.586997	6.091553	3.055084	0.500000
7.792104	5.097610	1.609050	0.500000
7.709382	5.944454	2.137738	0.500000
7.612183	8.805429	0.514835	0.500000
9.277049	6.498722	3.021282	0.500000
7.843894	6.937153	1.582935	0.500000
8.962996	6.570000	1.655707	0.500000
3.434693	6.664995	1.877748	0.500000
1.376327	6.433131	2.910305	0.500000
2.631712	4.368473	0.538103	0.500000
4.660093	7.398670	3.090048	0.500000
3.775285	9.360368	3.969974	0.500000
3.861927	7.562732	1.564891	0.500000
3.878962	4.638821	2.958068	0.500000
9.934472	8.698343	2.475616	0.500000
3.219183	2.817329	0.659502	0.500000
3.099107	1.673916	0.574752	0.500000
3.474584	10.034237	2.148987	0.500000
9.852609	8.225893	3.981679	0.500000
3.318082	5.333067	2.003102	0.500000
3.404284	5.856313	2.899720	0.500000
4.350757	9.675740	1.702034	0.500000
6.146365	6.687391	0.586636	0.500000
6.620408	9.642796	2.209039	0.500000
7.679329	5.064313	3.642368	0.500000
9.643759	7.641804	3.090771	0.500000
9.114866	0.246409	0.527799	0.500000
2.147580	5.498451	3.597683	0.500000
9.228424	8.259595	0.609981	0.500000
2.432255	0.082376	3.139411	0.500000
3.762733	0.049624	0.544895	0.500000
3.318919	0.554933	1.432212	0.500000
6.127076	7.919905	3.613493	0.500000
8.051286	8.615769	3.569527	0.500000
7.917297	9.771045	2.221168	0.500000
9.427432	1.243793	0.574626	0.500000
2.207536	7.978489	1.839037	0.500000
5.851609	2.044511	0.598042	0.500000
5.618641	8.939049	2.310878	0.500000
2.761658	9.138977	2.002119	0.500000
5.426181	8.729286	3.974068	0.500000
6.801928	3.624585	0.574407	0.500000
4.990479	7.715463	3.982407	0.500000
4.383469	8.548202	3.958106	0.500000
4.779135	0.143745	0.560602	0.500000
8.195404	2.585432	0.621312	0.500000
5.491279	3.573421	3.914473	0.500000
8.372265	7.586103	2.931846	0.500000
4.222183	0.613785	3.913878	0.500000
6.091593	3.107451	2.963297	0.500000
6.395055	0.166412	2.942765	0.500000
6.401497	1.597738	3.976532	0.500000
8.424314	0.008304	3.972675	0.500000
9.662545	2.447299	2.303655	0.500000
1.672376	10.026274	2.150034	0.500000
0.118486	1.789465	0.537375	0.500000
0.698872	2.604404	2.343278	0.500000
0.738349	1.170940	1.956220	0.500000
2.988011	3.771222	1.388252	0.500000
2.526552	2.089573	2.122481	0.500000
4.259542	1.334590	3.078381	0.500000
5.549047	7.216226	2.624223	0.500000
4.992618	9.981053	2.417525	0.500000
7.816959	5.394929	0.502288	0.500000
6.665699	5.161991	2.433144	0.500000
7.306543	9.357099	2.906236	0.500000
3.894492	2.821493	1.465382	0.500000
8.946727	4.983980	3.180040	0.500000
9.397853	1.725390	1.542868	0.500000
2.319068	2.527183	3.083525	0.500000
1.438805	3.679277	3.926555	0.500000
0.976858	7.201861	2.269641	0.500000
6.399543	2.128470	2.989483	0.500000
2.242177	4.295138	3.752050	0.500000
8.471464	4.370573	0.602094	0.500000
9.664320	0.700235	3.186589	0.500000
9.073105	3.970610	3.093644	0.500000
1.263203	5.393611	2.937408	0.500000
1.454722	2.526784	3.906537	0.500000
1.935128	9.373717	2.888395	0.500000
3.943628	3.629315	3.128449	0.500000
6.560723	5.180361	3.842958	0.500000
6.021445	2.881871	1.197880	0.500000
9.333751	3.005232	3.116134	0.500000
9.430527	4.653990	2.306609	0.500000
7.648898	6.471016	3.995902	0.500000
0.325880	6.898711	3.101023	0.500000
1.593886	4.906012	1.822925	0.500000
2.875552	4.808619	3.146248	0.500000
0.669181	8.874547	1.567164	0.500000
1.255611	7.856762	1.506414	0.500000
6.739058	4.936742	1.374388	0.500000
8.835365	6.727921	3.907690	0.500000
10.156579	4.406474	3.066799	0.500000
9.030838	3.431247	2.250413	0.500000
5.708748	4.154746	1.297816	0.500000
0.482830	7.985383	2.815353	0.500000
1.203947	1.147666	3.833771	0.500000
1.437195	6.197091	3.893787	0.500000
0.560869	9.427696	2.406328	0.500000
2.005277	1.209415	0.548594	0.500000
5.438539	3.428672	0.553692	0.500000
4.340339	5.419711	2.320778	0.500000
2.575680	4.646718	1.866099	0.500000
6.683381	6.923463	1.426031	0.500000
6.238282	8.085785	2.422376	0.500000
8.695684	6.768476	0.500127	0.500000
0.191244	7.935825	1.477171	0.500000
8.522512	8.446068	1.445412	0.500000
2.763448	8.419494	2.866640	0.500000
1.416373	6.053340	1.851770	0.500000
6.209811	5.800946	1.595072	0.500000
6.813413	3.387287	1.581687	0.500000
7.289042	3.750243	3.895521	0.500000
6.449272	7.112360	3.074846	0.500000
0.912324	9.089272	3.375630	0.500000
8.534281	1.994885	3.983836	0.500000
4.180327	10.106757	3.097052	0.500000
10.122722	5.266273	0.517540	0.500000
2.242390	5.857628	2.439916	0.500000
5.341547	8.311013	3.050509	0.500000
4.396895	8.591002	1.261488	0.500000
2.580923	6.820683	2.864885	0.500000
6.911627	8.606039	3.972251	0.500000
5.475661	0.250821	3.865078	0.500000
6.968055	8.720525	1.920137	0.500000
9.453587	9.942260	1.467201	0.500000
4.541128	5.568658	3.965934	0.500000
0.611828	0.160814	1.589881	0.500000
0.640553	7.522197	0.584324	0.500000
4.920770	7.502232	1.593640	0.500000
5.815981	0.359104	2.053197	0.500000
5.977601	1.060506	3.235375	0.500000
9.890960	7.034297	3.986908	0.500000
2.050852	1.694931	3.935664	0.500000
7.324931	9.580988	1.431118	0.500000
9.098916	10.138360	2.382295	0.500000
7.867765	7.619844	3.848144	0.500000
1.772252	8.820603	3.874168	0.500000
3.876943	8.114039	3.136449	0.500000
3.202763	3.015904	2.515318	0.500000
2.368119	1.207530	3.113232	0.500000
5.667177	2.338493	3.857772	0.500000
8.477697	0.676795	3.111412	0.500000
9.100077	0.989249	2.289963	0.500000
8.625159	2.170092	2.319068	0.500000
1.801195	9.151025	1.681349	0.500000
1.463304	7.191546	3.757647	0.500000
4.965568	1.221803	2.209112	0.500000
3.171013	7.648402	2.365048	0.500000
2.385860	3.195841	3.971576	0.500000
6.687830	0.502123	3.986972	0.500000
7.364936	9.765867	3.999326	0.500000
8.070227	4.115994	3.129939	0.500000
0.554889	1.184722	3.067116	0.500000
9.873557	9.653947	3.000334	0.500000
1.435107	3.108283	3.087381	0.500000
5.061525	2.772704	3.043727	0.500000
1.680875	2.629873	2.140119	0.500000
6.303412	9.710161	3.893852	0.500000
4.532186	2.844312	3.902957	0.500000
3.954860	1.836226	3.930489	0.500000
8.339710	2.930209	2.934867	0.500000
0.378906	0.423302	3.925029	0.500000
9.870846	1.393072	3.993783	0.500000
0.965010	0.094105	2.967580	0.500000
0.451660	5.357907	3.522310	0.500000
0.354485	3.302487	2.989814	0.500000
0.876088	8.290094	3.990411	0.500000
3.514256	3.108429	3.907758	0.500000
5.630032	1.238956	1.422196	0.500000
2.968902	2.268853	3.799443	0.500000
5.658257	2.246447	1.886871	0.500000
9.719864	3.720471	3.814583	0.500000
7.923643	0.876700	2.302872	0.500000
6.946354	0.684451	2.155356	0.500000
9.015500	9.094333	2.121126	0.500000
3.377027	4.324212	3.883376	0.500000
1.203399	8.397954	0.618475	0.500000
5.483800	5.852715	3.644892	0.500000
4.316544	3.292038	2.252329	0.500000
6.902519	7.344413	3.959831	0.500000
0.481887	4.212676	3.947713	0.500000
5.123463	5.974546	1.508092	0.500000
8.882126	5.679541	3.952525	0.500000
2.235370	7.897067	3.898035	0.500000
1.976342	4.509091	2.801450	0.500000
8.125847	5.902899	3.229206	0.500000
1.328235	4.888761	3.919239	0.500000
4.970911	5.162087	3.063424	0.500000
5.841730	7.659661	0.569342	0.500000
4.492139	2.196118	2.176167	0.500000
8.709467	3.134981	3.971519	0.500000
6.724972	2.643618	3.801312	0.500000
8.967925	9.240596	0.655381	0.500000
4.370842	9.110293	3.106722	0.500000
9.682255	4.768115	3.932148	0.500000
1.069885	4.191574	3.105248	0.500000
8.875478	7.876448	3.838285	0.500000
6.431452	8.843628	3.063074	0.500000
3.124132	8.235581	1.444440	0.500000
5.735131	6.954871	3.964188	0.500000
6.990302	1.139648	3.078786	0.500000
7.554250	6.985619	3.128851	0.500000
3.646741	6.468322	3.928187	0.500000
9.917569	6.037049	3.858151	0.500000
9.278618	8.624869	3.229219	0.500000
10.093939	3.779119	2.171774	0.500000
8.933542	0.869030	3.994508	0.500000
2.399374	6.612577	3.921979	0.500000
5.360470	4.809610	3.947101	0.500000
4.784955	8.341469	2.153449	0.500000
7.106065	3.502021	2.859221	0.500000
4.638662	6.632303	3.896938	0.500000
5.370474	3.864950	2.920774	0.500000
7.850373	8.480661	2.396490	0.500000
4.008005	6.426975	0.574102	0.500000
8.414462	9.570600	3.112802	0.500000
4.069788	5.796877	1.425362	0.500000
3.077213	7.493950	3.475458	0.500000
6.783685	6.472134	2.324804	0.500000
4.754904	0.561475	1.473022	0.500000
4.978496	0.617556	3.025762	0.500000
6.428338	6.166746	3.969127	0.500000
2.946135	8.728842	3.889558	0.500000
9.446072	10.054420	3.854977	0.500000
1.282664	8.566936	2.501625	0.500000
10.091027	0.956911	1.392949	0.500000
3.223190	0.109070	3.881395	0.500000
3.915583	1.005132	2.103755	0.500000
4.734797	9.684302	3.864943	0.500000
3.984273	7.527843	3.994541	0.500000
7.738150	2.824600	3.996450	0.500000
9.473431	2.479018	3.997412	0.500000
7.170090	7.983917	3.201220	0.500000
10.009765	1.458962	2.394776	0.500000
