300

7.926393	6.241051	0.516025	0.500000
3.286911	9.699891	2.408308	0.500000
1.016888	0.582717	0.519221	0.500000
9.703896	10.696781	2.494184	0.500000
7.817543	0.807412	0.584044	0.500000
6.714705	0.934829	0.656704	0.500000
9.623828	3.585383	1.573264	0.500000
11.638928	2.086191	0.515640	0.500000
10.754941	4.685447	0.542192	0.500000
6.846149	9.168766	0.527460	0.500000
11.198099	2.231533	2.425034	0.500000
2.672022	1.719357	0.836420	0.500000
0.467925	6.961473	1.400887	0.500000
6.867210	8.157618	0.546479	0.500000
2.731368	1.957311	2.471127	0.500000
9.447906	8.382321	0.556652	0.500000
5.534360	8.080226	2.474500	0.500000
11.077666	11.531335	1.456022	0.500000
0.814779	6.024118	2.459891	0.500000
2.189147	9.843443	2.440750	0.500000
4.860786	6.356457	1.264066	0.500000
2.702542	8.338286	2.450465	0.500000
1.225191	4.319928	1.531109	0.500000
1.855175	5.862527	2.306850	0.500000
8.227792	6.117801	1.471428	0.500000
1.392875	10.450289	1.453107	0.500000
11.567289	5.587468	0.723746	0.500000
3.774774	4.511913	0.723035	0.500000
2.906819	5.929480	1.338623	0.500000
3.760979	11.796966	0.609759	0.500000
11.606235	3.108964	0.782650	0.500000
3.982629	8.512497	2.393052	0.500000
4.731521	0.540211	0.554283	0.500000
6.661219	0.952980	2.426212	0.500000
2.823332	1.124324	1.894830	0.500000
4.979302	0.529032	2.196242	0.500000
11.430328	6.785290	2.030749	0.500000
3.958670	2.916147	2.448781	0.500000
0.499522	10.060355	2.302282	0.500000
7.996018	8.326860	0.512938	0.500000
2.236982	10.067156	0.543427	0.500000
10.739629	9.988398	1.342513	0.500000
5.538941	2.619413	1.403453	0.500000
10.123874	5.454975	2.478493	0.500000
5.222835	3.389460	0.707514	0.500000
7.573416	3.483793	1.561818	0.500000
6.407223	3.084894	1.638411	0.500000
5.848764	7.283733	1.937521	0.500000
8.769999	11.073360	1.820772	0.500000
5.943258	9.644903	0.518204	0.500000
11.296248	8.669037	1.773941	0.500000
2.801529	4.587967	1.395654	0.500000
6.847703	2.949068	0.514518	0.500000
11.257401	1.212797	2.312350	0.500000
4.522239	11.502383	2.405185	0.500000
8.558319	7.288283	0.548227	0.500000
7.827214	9.411263	0.549312	0.500000
0.640182	10.452832	0.683377	0.500000
9.392839	10.322074	1.572411	0.500000
3.292145	0.124422	1.493260	0.500000
8.678616	8.959958	0.890864	0.500000
6.371205	1.774594	1.734964	0.500000
1.907084	3.460727	1.305017	0.500000
4.141907	3.599445	0.529574	0.500000
6.654797	4.831040	1.224984	0.500000
0.175972	1.164666	0.542265	0.500000
9.589533	7.382494	0.601628	0.500000
7.244800	4.053035	0.571177	0.500000
9.972177	1.803938	1.722178	0.500000
10.347050	2.032277	0.668197	0.500000
1.648925	1.404025	0.564575	0.500000
8.819112	1.556656	1.660959	0.500000
7.463405	9.317242	2.139624	0.500000
6.069811	3.843519	2.364793	0.500000
4.295540	6.824420	0.535562	0.500000
1.979756	0.476441	1.237301	0.500000
5.263822	6.564532	2.353476	0.500000
5.654825	10.224037	1.379107	0.500000
11.300204	9.813392	0.511509	0.500000
1.651777	9.142585	0.510335	0.500000
10.171628	3.648367	2.459418	0.500000
10.650246	5.683282	1.556425	0.500000
3.797925	9.469699	1.534907	0.500000
4.605878	7.584472	2.477863	0.500000
10.669440	9.005354	0.592965	0.500000
5.860898	0.757528	1.746866	0.500000
3.515346	7.293112	2.481234	0.500000
10.211322	3.790131	0.671916	0.500000
9.137770	6.354077	0.632201	0.500000
5.132982	2.363931	0.520568	0.500000
2.100862	6.782924	0.526946	0.500000
0.619306	11.589678	2.432833	0.500000
10.078013	6.713709	1.982207	0.500000
2.647873	0.045963	0.558185	0.500000
5.825792	5.579748	2.482798	0.500000
10.505614	0.829218	0.713677	0.500000
9.223853	0.607768	0.558165	0.500000
0.931987	2.479421	1.442000	0.500000
5.784848	2.481171	2.371653	0.500000
2.321347	6.891519	1.523173	0.500000
0.191707	9.049764	0.580666	0.500000
2.978745	0.171389	2.490404	0.500000
8.449636	2.312619	2.478372	0.500000
2.923198	3.142014	1.592133	0.500000
2.222238	11.569958	1.850032	0.500000
4.659450	11.213106	0.521089	0.500000
7.235611	4.104752	2.363037	0.500000
1.234817	11.472996	1.502383	0.500000
4.375950	10.412236	2.039198	0.500000
7.589635	1.059111	1.537125	0.500000
5.760905	5.935804	1.402329	0.500000
1.852011	11.109229	0.718470	0.500000
10.638236	2.951814	1.354970	0.500000
1.031838	1.271502	1.488544	0.500000
6.659099	0.083690	1.451301	0.500000
11.224972	3.349571	2.355674	0.500000
4.274350	0.342614	1.483123	0.500000
0.491262	11.525869	0.617897	0.500000
8.831384	8.816619	2.007104	0.500000
10.862675	4.505343	2.424729	0.500000
8.221244	4.287869	2.448571	0.500000
7.072514	7.376021	2.485115	0.500000
8.759780	3.503124	1.008145	0.500000
5.079187	11.387048	1.482126	0.500000
11.763522	10.788612	1.477257	0.500000
1.330846	7.874894	1.634400	0.500000
1.693868	2.072653	2.444482	0.500000
1.314093	9.507797	1.851236	0.500000
6.515288	10.764577	2.415347	0.500000
0.718818	3.568755	2.462978	0.500000
6.852405	11.434783	0.522457	0.500000
3.474104	2.656710	0.543680	0.500000
2.176731	7.442792	2.382799	0.500000
3.867500	11.005282	1.383331	0.500000
8.213899	1.721561	0.809388	0.500000
5.531905	4.581563	1.719349	0.500000
5.635636	8.387007	0.652669	0.500000
8.187972	4.418004	0.886265	0.500000
11.632506	5.393104	2.461602	0.500000
4.940914	9.292254	0.599094	0.500000
5.465052	9.122107	1.884825	0.500000
10.255014	6.405472	0.505984	0.500000
7.843775	5.186597	1.729022	0.500000
7.643905	2.298039	1.472701	0.500000
4.333191	5.204790	1.608776	0.500000
11.407607	0.042623	0.564499	0.500000
3.257880	0.826144	0.723838	0.500000
1.481670	8.700982	2.475602	0.500000
8.062041	7.303450	1.696767	0.500000
11.728435	7.754182	1.706473	0.500000
6.480742	5.684958	0.559811	0.500000
3.109135	8.033017	1.417400	0.500000
5.456228	10.298070	2.406428	0.500000
8.595557	0.561262	1.415015	0.500000
0.599790	3.510851	1.326761	0.500000
9.029714	7.608587	1.417558	0.500000
1.212337	3.456593	0.523727	0.500000
9.880362	5.396530	0.508998	0.500000
0.388546	0.150463	1.532336	0.500000
1.703045	5.775489	0.516438	0.500000
3.859430	6.528769	1.404787	0.500000
1.623924	10.959851	2.435914	0.500000
11.326330	4.803372	1.429691	0.500000
7.058985	1.945035	0.535717	0.500000
4.623739	5.687097	2.442250	0.500000
2.704157	6.387239	2.413235	0.500000
10.400645	11.545340	0.691306	0.500000
2.493326	5.009453	2.261688	0.500000
8.658826	3.361700	2.496171	0.500000
10.097968	8.335640	2.396636	0.500000
5.745018	11.489700	2.486684	0.500000
11.733739	7.106328	0.543784	0.500000
6.580166	8.461859	2.435340	0.500000
6.164407	3.719178	0.777698	0.500000
4.700534	5.026931	0.505578	0.500000
2.036970	4.286147	0.679995	0.500000
1.123250	4.792472	2.483983	0.500000
8.822441	9.838426	2.496674	0.500000
0.455459	5.073798	1.469514	0.500000
0.568908	1.742518	2.453541	0.500000
3.112730	3.635501	2.495936	0.500000
6.284946	8.733034	1.456877	0.500000
3.627371	10.940396	2.478319	0.500000
8.290763	1.087402	2.371675	0.500000
6.416337	6.567941	2.355575	0.500000
9.561558	4.504417	2.422948	0.500000
11.321717	10.243572	2.468902	0.500000
10.079478	10.387656	0.653437	0.500000
7.419140	1.786847	2.391308	0.500000
5.580491	1.436776	2.433569	0.500000
7.495000	5.185408	0.749454	0.500000
7.826456	10.963426	2.298965	0.500000
10.626111	0.153857	2.216565	0.500000
4.601682	7.423844	1.489137	0.500000
2.155737	2.620135	0.530254	0.500000
8.318912	11.581002	0.515115	0.500000
6.673067	10.917462	1.392228	0.500000
10.857244	9.348243	2.440795	0.500000
3.554593	4.738369	2.328159	0.500000
10.631646	7.571061	0.506546	0.500000
0.081352	8.961907	2.493782	0.500000
4.641404	10.340534	1.016301	0.500000
4.536244	9.397309	2.435359	0.500000
8.958044	4.933161	1.658283	0.500000
10.084022	0.784991	1.626638	0.500000
3.109371	7.032460	0.531916	0.500000
5.902442	10.898543	0.640491	0.500000
7.555347	8.329232	1.487245	0.500000
1.046791	4.717674	0.572943	0.500000
8.562151	5.311221	0.575656	0.500000
6.749480	5.671429	1.789432	0.500000
6.793215	11.747167	2.425153	0.500000
8.852056	6.729747	2.315825	0.500000
5.086418	7.520840	0.508701	0.500000
0.305834	0.771357	2.323896	0.500000
4.040670	3.741074	1.839738	0.500000
10.188621	4.764301	1.448784	0.500000
8.778580	9.987157	0.500625	0.500000
0.106586	4.301888	0.666763	0.500000
9.607655	2.963759	0.609961	0.500000
2.648743	10.223674	1.518959	0.500000
5.666043	0.223778	0.825471	0.500000
11.342353	8.189743	0.877932	0.500000
3.003908	9.485274	0.849579	0.500000
11.386343	10.863845	0.551513	0.500000
3.738986	6.174377	2.435857	0.500000
1.953036	3.982445	2.355463	0.500000
9.388538	4.456330	0.846233	0.500000
4.607698	1.746319	2.338343	0.500000
11.453929	11.356028	2.467054	0.500000
3.210715	10.846836	0.568950	0.500000
1.848237	0.886128	2.270656	0.500000
1.192800	7.291470	0.543399	0.500000
10.839667	3.935044	1.548648	0.500000
3.859532	5.913518	0.536011	0.500000
7.499072	7.333705	0.555563	0.500000
6.504259	4.831839	2.485994	0.500000
7.602114	8.352356	2.497855	0.500000
6.919375	9.968046	1.602824	0.500000
9.476885	1.327710	2.488596	0.500000
2.207432	2.435802	1.549461	0.500000
3.480456	2.072396	1.634995	0.500000
4.723029	4.220288	1.160323	0.500000
5.688691	6.490057	0.542442	0.500000
6.351185	9.591854	2.397561	0.500000
0.042070	4.367096	2.161625	0.500000
6.569309	7.199540	0.917408	0.500000
11.791556	9.632649	1.436898	0.500000
0.551489	8.016648	2.444974	0.500000
11.289032	0.757252	1.370186	0.500000
1.404709	6.354880	1.350032	0.500000
0.131842	6.013321	1.619409	0.500000
4.545773	2.822895	1.202613	0.500000
1.925109	7.938455	0.831600	0.500000
4.969367	1.485544	1.228824	0.500000
4.696338	4.533168	2.426199	0.500000
4.428975	8.623835	1.346085	0.500000
8.244304	9.835812	1.588578	0.500000
10.980287	6.717416	1.125035	0.500000
9.594436	11.779295	1.450052	0.500000
5.235705	3.531576	1.903475	0.500000
3.880041	1.728265	0.679872	0.500000
2.325495	8.751722	1.599082	0.500000
4.109428	7.940726	0.553862	0.500000
2.642002	10.765721	2.458436	0.500000
2.644950	8.612047	0.518361	0.500000
9.424835	11.305345	0.523422	0.500000
2.548152	5.197772	0.610283	0.500000
7.899524	2.895068	0.597027	0.500000
9.348092	0.030332	2.456056	0.500000
9.866702	9.523222	2.221267	0.500000
0.177909	2.736424	2.187210	0.500000
7.632787	10.911753	1.029361	0.500000
7.593184	6.002916	2.272477	0.500000
5.945184	1.742472	0.504259	0.500000
2.204643	2.968094	2.432528	0.500000
10.017330	8.797656	1.491066	0.500000
0.671304	8.736250	1.703149	0.500000
5.573875	4.555767	0.670457	0.500000
9.311667	5.986860	1.596581	0.500000
0.074029	1.679550	1.503809	0.500000
7.245278	2.795746	2.266359	0.500000
1.645698	5.221953	1.362400	0.500000
9.046412	2.591329	1.699702	0.500000
10.265971	2.596608	2.498607	0.500000
2.831218	3.427494	0.637687	0.500000
1.275078	7.008178	2.454341	0.500000
8.732458	7.841336	2.444687	0.500000
10.932943	1.961782	1.488744	0.500000
10.962053	7.760368	2.370165	0.500000
9.606950	9.367443	0.722631	0.500000
0.456325	7.968515	0.668638	0.500000
0.703094	5.927963	0.524007	0.500000
10.294213	7.599589	1.482899	0.500000
10.218281	10.991194	1.633467	0.500000
3.799155	1.102136	2.274166	0.500000
6.842516	10.335226	0.562648	0.500000
7.761082	0.013421	1.688317	0.500000
8.705255	5.694454	2.389274	0.500000
9.210418	1.714324	0.559683	0.500000
