100

10.696886	8.253539	0.540585	0.500000
0.984543	8.274509	0.605090	0.500000
1.982721	8.309611	0.963224	0.500000
3.076102	8.391048	0.928387	0.500000
4.094263	8.270508	0.986860	0.500000
5.346196	8.105965	0.966257	0.500000
6.517492	8.424795	0.976133	0.500000
7.668576	8.333817	0.967260	0.500000
8.641198	8.382712	0.734447	0.500000
9.608438	8.143346	0.578342	0.500000
0.458773	9.242592	0.536200	0.500000
1.353847	9.156776	0.984794	0.500000
2.581346	0.098766	0.511389	0.500000
3.737812	9.215032	0.567544	0.500000
4.833966	8.984794	0.998806	0.500000
5.765832	8.960933	0.578456	0.500000
6.983129	9.205773	0.559138	0.500000
8.150371	9.220148	0.999299	0.500000
9.055715	0.023561	0.530843	0.500000
10.152255	9.073709	0.959893	0.500000
10.610269	0.704505	0.905860	0.500000
0.832809	0.884422	0.516906	0.500000
2.036681	0.973765	0.547330	0.500000
3.183144	0.930951	0.823160	0.500000
4.273732	0.865003	0.572634	0.500000
5.364618	0.707390	0.504189	0.500000
6.332124	0.645187	0.772580	0.500000
7.480243	0.811499	0.614602	0.500000
8.456078	0.981513	0.910037	0.500000
9.686259	0.884614	0.538633	0.500000
0.310041	1.666211	0.933836	0.500000
1.416478	1.800895	0.980202	0.500000
2.527199	1.841529	0.923200	0.500000
3.700317	1.848868	0.948031	0.500000
4.765021	1.854278	0.721107	0.500000
5.761064	1.631430	0.729626	0.500000
6.790312	1.643617	0.895060	0.500000
7.773049	1.820752	0.835110	0.500000
9.133028	1.790854	0.890927	0.500000
10.178354	1.993448	0.512347	0.500000
10.548856	2.853454	0.944646	0.500000
0.810383	2.589351	0.568449	0.500000
1.988638	2.769506	0.743403	0.500000
3.112590	2.661927	0.865506	0.500000
4.277215	2.765027	0.940264	0.500000
5.263594	2.721940	0.521799	0.500000
6.278356	2.559880	0.927360	0.500000
7.213704	2.626766	0.562900	0.500000
8.333525	2.750749	0.911973	0.500000
9.470470	2.733402	0.907339	0.500000
0.233552	3.681873	0.512510	0.500000
1.275995	3.575136	0.957050	0.500000
2.533241	3.586458	0.995113	0.500000
3.684068	3.496107	0.525769	0.500000
4.682475	3.699471	0.935042	0.500000
5.719136	3.580497	0.959849	0.500000
6.698074	3.515436	0.597816	0.500000
7.734459	3.609675	0.771003	0.500000
8.795605	3.687694	0.564458	0.500000
9.809034	3.632735	0.586514	0.500000
10.444025	4.433255	0.967260	0.500000
0.822687	4.545653	0.811262	0.500000
1.913457	4.289208	0.511386	0.500000
3.055095	4.464033	0.788545	0.500000
4.208662	4.575396	0.768457	0.500000
5.203779	4.695777	0.913600	0.500000
6.262765	4.718607	0.794000	0.500000
7.271605	4.509326	0.933245	0.500000
8.269241	4.687763	0.754426	0.500000
9.383611	4.457212	0.973520	0.500000
0.720148	5.581815	0.731019	0.500000
1.678243	5.298504	0.989450	0.500000
2.666370	5.460681	0.999480	0.500000
3.604207	5.469482	0.587625	0.500000
4.657562	5.570245	0.899617	0.500000
5.697446	5.621948	0.768743	0.500000
6.819833	5.513338	0.514784	0.500000
7.881742	5.747897	0.942637	0.500000
9.397863	5.368170	0.524357	0.500000
10.391842	5.517708	0.739324	0.500000
10.680554	6.590189	0.559821	0.500000
1.047910	6.599404	0.524270	0.500000
2.007349	6.349282	0.666518	0.500000
3.129755	6.462693	0.559345	0.500000
4.136395	6.523144	0.689648	0.500000
5.244468	6.616525	0.535997	0.500000
6.606680	6.502132	0.533293	0.500000
7.497215	6.790260	0.996310	0.500000
8.781749	6.202641	0.517046	0.500000
9.720704	6.328129	0.871786	0.500000
0.425507	7.409852	0.990348	0.500000
1.572300	7.411691	0.801120	0.500000
2.601738	7.390244	0.850357	0.500000
3.605386	7.451985	0.592832	0.500000
4.667158	7.342731	0.992716	0.500000
6.163986	7.401886	0.873252	0.500000
7.087994	7.627754	0.501044	0.500000
8.266891	7.447371	0.978417	0.500000
9.149864	7.229043	0.524873	0.500000
10.089896	7.292237	0.967178	0.500000
