100

0.146104	0.059670	0.547954	0.500000
1.114227	0.310497	0.552802	0.500000
2.115084	0.136468	0.542085	0.500000
3.107769	0.249221	0.595709	0.500000
4.204638	0.010414	0.531662	0.500000
5.187724	9.794508	0.588420	0.500000
6.200834	0.027330	0.570037	0.500000
7.182819	9.805802	0.532133	0.500000
8.160650	0.040253	0.541215	0.500000
9.173964	9.762700	0.527828	0.500000
0.387145	1.032277	0.571079	0.500000
1.406868	1.270963	0.554189	0.500000
2.484168	1.132388	0.581081	0.500000
3.490636	1.252180	0.535625	0.500000
4.476670	1.009060	0.504357	0.500000
5.446832	0.773093	0.568527	0.500000
6.433541	1.006344	0.570751	0.500000
7.429455	0.830428	0.506436	0.500000
8.403861	1.110500	0.547362	0.500000
9.382837	0.762585	0.504031	0.500000
0.121845	2.096175	0.591566	0.500000
1.124492	2.276155	0.520006	0.500000
2.116671	2.090645	0.515903	0.500000
3.133745	2.249447	0.508117	0.500000
4.133144	2.042362	0.599265	0.500000
5.111932	1.803715	0.512017	0.500000
6.096769	1.980050	0.560447	0.500000
7.132867	1.791513	0.539580	0.500000
8.089570	2.082804	0.540756	0.500000
9.124644	1.805851	0.570890	0.500000
0.351293	3.097191	0.522984	0.500000
1.343193	3.325199	0.543201	0.500000
2.354118	3.110124	0.558309	0.500000
3.401691	3.239163	0.582019	0.500000
4.422740	2.997620	0.528233	0.500000
5.433394	2.771271	0.572539	0.500000
6.404592	3.054781	0.582600	0.500000
7.389554	2.814628	0.588210	0.500000
8.375258	3.073584	0.538920	0.500000
9.363283	2.791375	0.585165	0.500000
0.135239	4.082027	0.504666	0.500000
1.145184	4.320756	0.516359	0.500000
2.145209	4.087763	0.506184	0.500000
3.130993	4.256255	0.504685	0.500000
4.139032	3.989406	0.589864	0.500000
5.124291	3.766586	0.511181	0.500000
6.083205	4.036284	0.599723	0.500000
7.139079	3.807717	0.520890	0.500000
8.139348	4.052906	0.519923	0.500000
9.134913	3.792279	0.551640	0.500000
9.876607	5.051465	0.583671	0.500000
0.850114	5.297135	0.569390	0.500000
1.824984	5.067398	0.537738	0.500000
2.860881	5.225378	0.563642	0.500000
3.915069	5.095271	0.531017	0.500000
4.880597	4.754115	0.531452	0.500000
5.876969	5.037510	0.510926	0.500000
6.838444	4.770456	0.587490	0.500000
7.829006	5.027529	0.501313	0.500000
8.840394	4.766237	0.578707	0.500000
0.063785	6.046448	0.567452	0.500000
1.072839	6.296111	0.542152	0.500000
2.052607	6.047189	0.577921	0.500000
3.081395	6.238747	0.560997	0.500000
4.104938	6.076579	0.577668	0.500000
5.118802	5.728499	0.503825	0.500000
6.142301	6.044758	0.549802	0.500000
7.105999	5.759752	0.543095	0.500000
8.093930	6.036198	0.514046	0.500000
9.070650	5.770934	0.542222	0.500000
9.925844	7.043247	0.539111	0.500000
0.904960	7.340530	0.584858	0.500000
1.879885	7.039876	0.502683	0.500000
2.939076	7.282130	0.507042	0.500000
3.916711	7.065064	0.540949	0.500000
4.876540	6.717794	0.522321	0.500000
5.834651	7.039232	0.501733	0.500000
6.831786	6.778215	0.586381	0.500000
7.858350	7.038447	0.510384	0.500000
8.936043	6.788646	0.590971	0.500000
0.188922	8.043999	0.524553	0.500000
1.224461	8.295376	0.577217	0.500000
2.204175	7.982630	0.590054	0.500000
3.146634	8.337325	0.523023	0.500000
4.141483	8.041075	0.506522	0.500000
5.107959	7.775019	0.594924	0.500000
6.216301	8.030677	0.533287	0.500000
7.202055	7.795236	0.576161	0.500000
8.200445	8.025770	0.578195	0.500000
9.179880	7.783304	0.545137	0.500000
0.450078	9.099227	0.532404	0.500000
1.432662	9.294488	0.513504	0.500000
2.420607	9.095086	0.525002	0.500000
3.464047	9.290969	0.516029	0.500000
4.482510	9.041812	0.586584	0.500000
5.457002	8.807632	0.500260	0.500000
6.426154	9.053167	0.553951	0.500000
7.406129	8.795324	0.563766	0.500000
8.431656	9.058491	0.575484	0.500000
9.453000	8.767726	0.551504	0.500000
