200

2.480907	2.036411	0.957382	0.500000
1.360388	6.498245	0.516154	0.500000
12.817886	7.311108	1.042323	0.500000
0.784522	4.205252	0.700405	0.500000
6.922709	7.570920	1.418065	0.500000
10.814605	7.265609	1.249188	0.500000
7.866350	4.480376	0.951366	0.500000
1.099331	9.098319	0.530078	0.500000
6.522082	10.509965	1.474744	0.500000
2.047393	1.114337	0.534725	0.500000
12.659668	2.241893	1.218028	0.500000
0.374765	8.449772	0.777302	0.500000
4.952539	4.840070	1.405173	0.500000
6.472603	10.745857	0.500456	0.500000
11.512398	0.924059	0.561336	0.500000
13.818728	7.417118	0.756318	0.500000
7.343448	2.792484	0.798879	0.500000
6.030667	7.056884	1.328021	0.500000
4.096449	2.818404	1.495279	0.500000
0.200688	3.182102	0.730003	0.500000
4.622272	11.784118	1.378487	0.500000
10.656149	12.016310	1.336216	0.500000
7.297582	8.973517	1.480017	0.500000
8.802571	3.132747	1.151758	0.500000
6.677078	14.088894	0.503226	0.500000
10.240308	2.097691	0.610084	0.500000
5.210203	11.973500	0.529884	0.500000
4.363080	12.965300	0.795228	0.500000
0.898342	5.745804	1.488940	0.500000
13.858265	5.651724	1.228592	0.500000
13.928948	0.716625	0.726518	0.500000
4.632834	1.890941	0.507170	0.500000
2.643913	11.765203	0.540383	0.500000
3.024852	2.898836	1.414921	0.500000
8.266631	8.279379	1.438046	0.500000
0.440947	7.417125	1.467476	0.500000
2.040843	3.018931	0.863500	0.500000
5.377454	9.993109	1.328995	0.500000
6.558047	0.464006	1.351350	0.500000
12.006722	5.088278	1.429977	0.500000
9.266516	4.083244	1.206584	0.500000
3.255070	8.271424	0.555183	0.500000
7.566008	5.641827	0.785096	0.500000
7.589961	7.906537	0.728191	0.500000
4.467516	5.493438	0.617633	0.500000
4.004171	2.912246	0.503491	0.500000
9.316435	12.667426	1.247432	0.500000
8.259721	2.303994	0.885797	0.500000
10.983144	3.539675	1.487137	0.500000
0.333199	9.567448	1.012166	0.500000
1.944576	11.038397	0.760077	0.500000
4.089263	0.168358	1.439649	0.500000
2.124463	5.222440	0.741489	0.500000
0.012714	12.835357	1.364260	0.500000
4.788398	6.740858	0.565282	0.500000
12.772549	13.589926	0.765816	0.500000
1.850704	11.867917	1.396809	0.500000
10.811107	1.432034	1.459608	0.500000
12.457002	4.957871	0.535677	0.500000
6.696743	1.574564	0.660530	0.500000
10.769307	0.043983	1.229015	0.500000
0.402049	14.121564	1.399631	0.500000
5.790075	9.331311	0.562915	0.500000
9.674303	10.746151	0.528729	0.500000
12.598142	4.280760	1.490869	0.500000
1.836480	12.649886	0.615296	0.500000
8.508582	5.417051	1.345871	0.500000
0.938529	11.797481	0.856800	0.500000
10.870469	13.021713	1.418711	0.500000
5.284445	5.804960	1.149818	0.500000
11.901541	9.753145	1.002404	0.500000
3.567393	1.805662	0.847458	0.500000
13.845514	10.391331	1.341878	0.500000
13.477625	2.929785	1.493647	0.500000
13.358675	6.401700	0.702565	0.500000
9.761541	3.004663	0.775482	0.500000
12.133769	3.749526	0.765033	0.500000
11.960534	13.879956	1.431973	0.500000
13.187196	3.387309	0.503518	0.500000
1.732994	0.152225	1.338673	0.500000
11.710868	7.974257	1.486098	0.500000
6.581168	11.791232	0.823981	0.500000
5.973264	4.801006	1.480761	0.500000
2.171229	4.009317	1.206474	0.500000
1.270089	8.190860	1.414337	0.500000
2.893358	3.496466	0.501335	0.500000
5.314793	1.654363	1.214825	0.500000
9.681106	6.916121	0.513653	0.500000
7.434102	11.116393	0.586300	0.500000
2.788334	13.340287	0.571585	0.500000
6.420077	8.439544	1.486360	0.500000
4.747512	3.586558	0.558412	0.500000
5.481711	8.829009	1.446636	0.500000
11.394511	6.736376	0.581537	0.500000
1.175302	12.971693	1.401700	0.500000
10.235430	12.444847	0.505495	0.500000
11.011004	4.695308	1.455451	0.500000
11.435103	3.032631	0.625077	0.500000
6.642815	2.207648	1.475329	0.500000
10.476389	8.056764	0.583784	0.500000
4.107757	1.218322	1.496621	0.500000
7.357100	1.465855	1.408383	0.500000
0.274805	1.737605	0.725057	0.500000
1.492676	4.774535	1.486992	0.500000
8.758402	11.476348	0.596738	0.500000
14.065036	13.465462	0.530967	0.500000
8.844518	4.732371	0.502486	0.500000
2.613648	9.395101	0.623525	0.500000
4.433113	10.976745	0.795840	0.500000
13.420414	9.713402	0.683353	0.500000
5.855259	8.265991	0.523772	0.500000
11.528977	11.762698	0.730722	0.500000
4.550915	7.313248	1.405844	0.500000
8.832350	7.944199	0.512461	0.500000
4.431490	9.508683	0.950533	0.500000
3.069667	0.398121	1.371465	0.500000
3.242966	4.449642	0.830572	0.500000
1.866514	9.105985	1.451644	0.500000
3.246013	9.628345	1.409568	0.500000
7.907575	6.715963	0.523294	0.500000
13.378089	14.085992	1.447772	0.500000
0.971357	10.716956	1.018017	0.500000
9.133068	10.532384	1.452374	0.500000
8.746900	13.544864	0.596365	0.500000
3.791508	11.870430	0.513979	0.500000
7.013974	3.562328	1.357742	0.500000
12.825910	0.517841	0.618186	0.500000
3.053661	11.102261	1.491877	0.500000
7.897831	11.600823	1.384514	0.500000
6.436164	12.966749	0.591027	0.500000
1.164798	7.496500	0.585597	0.500000
13.248257	12.290309	1.465144	0.500000
5.100662	13.711813	0.665366	0.500000
5.432953	13.026886	1.345583	0.500000
12.461639	12.125174	0.596016	0.500000
10.745147	9.249305	0.968136	0.500000
11.633522	10.806618	1.485448	0.500000
5.370602	2.699571	0.559403	0.500000
0.818831	2.450792	1.316659	0.500000
3.840519	3.776753	1.284049	0.500000
3.510900	5.624205	1.433729	0.500000
2.876745	7.898809	1.421371	0.500000
10.198983	10.255988	1.458387	0.500000
9.524967	2.044655	1.476120	0.500000
6.574326	5.399577	0.862443	0.500000
9.894503	5.075181	1.464461	0.500000
10.281293	3.896996	0.551887	0.500000
12.168644	1.347643	1.234899	0.500000
13.485179	8.647830	0.596768	0.500000
8.821247	6.209007	0.506279	0.500000
7.913730	10.499553	1.439241	0.500000
12.669037	11.100339	1.427562	0.500000
8.352170	1.331401	1.410308	0.500000
13.218476	1.436300	1.457431	0.500000
7.625272	0.600829	0.759572	0.500000
10.806786	2.555004	1.332582	0.500000
5.448770	4.489118	0.525506	0.500000
7.519217	13.537170	0.611289	0.500000
10.424997	5.671858	0.851323	0.500000
10.808995	10.313517	0.588794	0.500000
9.677898	8.972741	0.974180	0.500000
6.965754	4.645841	1.416074	0.500000
3.458180	13.262586	1.440872	0.500000
5.730601	0.874587	0.534541	0.500000
3.227833	12.217204	1.298121	0.500000
12.446039	10.538565	0.502608	0.500000
7.355470	12.717082	1.415517	0.500000
1.140073	13.742235	0.729826	0.500000
11.753634	12.892177	0.841961	0.500000
5.633322	3.761323	1.410844	0.500000
5.551465	0.118039	1.380716	0.500000
2.496141	10.272851	1.108263	0.500000
4.868701	8.554050	0.559420	0.500000
3.910760	0.802335	0.597988	0.500000
9.187314	7.523070	1.481479	0.500000
8.369328	8.928006	0.537830	0.500000
7.294099	9.867254	0.847909	0.500000
0.088190	11.829040	1.480139	0.500000
2.752747	7.137307	0.639141	0.500000
7.017545	6.541243	1.003975	0.500000
13.533149	11.087229	0.569920	0.500000
4.040460	13.897782	0.512447	0.500000
0.388967	6.218194	0.739877	0.500000
6.814531	13.643413	1.420286	0.500000
1.281021	1.546533	1.391722	0.500000
12.475420	8.558027	0.708833	0.500000
6.342877	2.991657	0.672140	0.500000
9.392199	6.357987	1.454246	0.500000
11.610261	2.003201	0.521218	0.500000
3.855816	6.600970	0.937122	0.500000
9.902584	14.024761	0.729525	0.500000
1.844957	7.055758	1.192494	0.500000
7.937200	12.245115	0.573697	0.500000
3.042063	6.048900	0.515157	0.500000
12.924006	9.137159	1.412791	0.500000
9.764907	0.907895	0.658028	0.500000
3.835621	10.464569	1.472554	0.500000
13.877729	4.423692	0.831638	0.500000
2.041354	8.539171	0.606135	0.500000
0.778901	0.717285	0.567258	0.500000
