200

2.701161	3.510999	1.396216	0.500000
2.540514	6.907300	0.985692	0.500000
14.046059	4.646118	1.371348	0.500000
1.650170	6.036199	1.338330	0.500000
4.135563	10.923399	1.351194	0.500000
9.830032	8.717121	0.561924	0.500000
9.812534	3.258825	1.477170	0.500000
0.068272	12.784075	0.524863	0.500000
2.356113	11.553299	1.420976	0.500000
0.001935	3.708927	0.526249	0.500000
12.285938	3.525581	0.532419	0.500000
0.864638	12.223729	1.331841	0.500000
6.171260	0.985209	1.467860	0.500000
6.411341	11.209108	0.737295	0.500000
3.365170	13.645798	1.496749	0.500000
10.805715	8.205578	0.991738	0.500000
7.973742	5.412112	1.459653	0.500000
6.441794	4.594369	0.596598	0.500000
4.278708	2.147284	0.583278	0.500000
2.610898	2.418549	1.216441	0.500000
1.001057	10.296851	0.522166	0.500000
10.480563	12.985993	1.156147	0.500000
12.699779	5.621922	0.600454	0.500000
11.657729	1.238959	0.509860	0.500000
8.103542	1.371469	0.721269	0.500000
8.937475	2.728357	1.303978	0.500000
5.644896	11.337518	1.403889	0.500000
5.096096	12.490046	1.440385	0.500000
1.762913	5.033201	1.103612	0.500000
12.045982	4.767586	0.593836	0.500000
12.199542	13.540175	1.111431	0.500000
6.962597	0.695839	0.610250	0.500000
4.128055	0.700590	1.144179	0.500000
1.612142	3.099629	0.646886	0.500000
6.334641	8.198010	1.437515	0.500000
1.127844	8.194552	1.393746	0.500000
13.313487	14.289140	1.455295	0.500000
4.304153	8.895464	0.541486	0.500000
4.367321	4.974780	0.571852	0.500000
8.804473	4.124561	1.461004	0.500000
11.343791	1.974416	1.353674	0.500000
14.108229	7.021322	1.263783	0.500000
10.013532	4.751575	0.547529	0.500000
9.607701	9.569241	1.472031	0.500000
0.749050	4.969807	0.627689	0.500000
4.636670	3.567961	0.658718	0.500000
10.278203	1.328738	0.613967	0.500000
7.247277	13.697806	0.606072	0.500000
9.209012	1.661997	1.437799	0.500000
3.014762	11.076123	0.553282	0.500000
1.262095	11.129169	1.371515	0.500000
5.206920	0.696211	1.461022	0.500000
2.298428	4.142004	0.575691	0.500000
4.013261	12.273118	1.383334	0.500000
5.849824	5.953956	1.457718	0.500000
13.308362	11.791619	0.605823	0.500000
0.862984	13.248784	1.327730	0.500000
11.249734	13.779926	0.703178	0.500000
10.382691	5.562199	1.363622	0.500000
8.268694	2.457958	0.571201	0.500000
12.395501	0.376446	0.566332	0.500000
2.764204	13.990400	0.624206	0.500000
2.314156	8.252573	1.378327	0.500000
10.280198	10.771428	1.366048	0.500000
8.897059	6.719569	1.424535	0.500000
2.983819	12.636954	1.261758	0.500000
8.505147	5.908845	0.589642	0.500000
0.006910	1.107909	0.532431	0.500000
1.123841	13.938078	0.609083	0.500000
6.347359	3.554051	1.326619	0.500000
12.371863	10.532382	1.250360	0.500000
4.496534	13.092465	0.654971	0.500000
11.616567	10.588966	0.580033	0.500000
10.993473	3.222859	1.353088	0.500000
0.040443	5.593837	1.456517	0.500000
8.225712	7.208747	0.545262	0.500000
10.722957	4.037639	0.549904	0.500000
11.912068	0.989149	1.476269	0.500000
0.555667	1.992733	0.770532	0.500000
1.216679	1.211316	0.572753	0.500000
12.838710	7.543990	1.378672	0.500000
5.048158	13.686847	1.324131	0.500000
5.627423	3.741268	0.504632	0.500000
4.803476	2.675897	1.349850	0.500000
13.733742	8.261367	1.045865	0.500000
4.128866	4.158885	1.414271	0.500000
5.384422	4.125434	1.425539	0.500000
10.838852	9.851995	1.483474	0.500000
8.230961	9.972117	1.256257	0.500000
13.839185	13.154985	1.457896	0.500000
9.099230	10.420844	0.525035	0.500000
6.479080	2.064023	1.342001	0.500000
7.134258	9.319128	0.902274	0.500000
11.494945	5.627776	0.627604	0.500000
3.459041	12.052843	0.558421	0.500000
9.408250	13.467259	1.369726	0.500000
9.364431	8.473486	1.459811	0.500000
12.132723	2.412148	0.581427	0.500000
6.923673	5.305847	1.420987	0.500000
10.122959	6.519986	0.670610	0.500000
3.102328	0.579551	0.985765	0.500000
6.998834	3.121548	0.581236	0.500000
13.399370	3.382053	1.471651	0.500000
0.460276	7.665657	0.678786	0.500000
7.870365	11.132523	1.420722	0.500000
0.020044	13.955387	0.721889	0.500000
11.426753	6.697243	0.589161	0.500000
0.544813	11.642153	0.580089	0.500000
6.095261	12.873441	1.414457	0.500000
13.406002	6.039398	1.430413	0.500000
4.682146	8.216471	1.383679	0.500000
0.044914	10.539514	0.749130	0.500000
6.068698	8.929968	0.757682	0.500000
5.334440	6.580736	0.543449	0.500000
2.262185	9.580992	1.322523	0.500000
3.662086	2.993574	1.469135	0.500000
5.656853	1.631724	0.511549	0.500000
4.407049	7.016722	0.746666	0.500000
3.742769	10.269008	0.681970	0.500000
6.982154	7.176773	0.928824	0.500000
3.831326	9.215711	1.436925	0.500000
13.351407	9.497517	0.668708	0.500000
12.402604	8.161788	0.679251	0.500000
10.859282	0.454317	0.522206	0.500000
5.705626	10.257870	0.565733	0.500000
10.235395	1.938580	1.484564	0.500000
13.048250	1.885533	1.030782	0.500000
5.172243	11.627109	0.562159	0.500000
8.300069	7.586527	1.483083	0.500000
4.836008	0.018216	0.600470	0.500000
3.754359	5.982308	0.623301	0.500000
0.582112	9.082835	1.213455	0.500000
2.217441	0.796361	0.523722	0.500000
6.943243	12.575667	0.587948	0.500000
10.165849	14.001921	0.830732	0.500000
10.300204	11.762699	0.799526	0.500000
8.868480	9.261992	0.601814	0.500000
7.806546	2.621950	1.492709	0.500000
11.593763	4.348065	1.485714	0.500000
3.210102	1.680087	0.657899	0.500000
3.221592	5.825433	1.467959	0.500000
0.481520	6.327775	0.749080	0.500000
11.626228	11.776391	0.540551	0.500000
10.156270	4.325750	1.460619	0.500000
7.431986	4.541352	0.911455	0.500000
6.505718	6.281313	0.538053	0.500000
13.927321	2.403222	0.744776	0.500000
13.389078	12.838282	0.615961	0.500000
2.651959	5.295942	0.580976	0.500000
9.325453	5.749630	1.395042	0.500000
9.199671	11.210359	1.259165	0.500000
13.393706	10.698369	1.448081	0.500000
7.956682	3.654448	0.853036	0.500000
13.452712	0.405873	0.532683	0.500000
5.917734	13.583188	0.636945	0.500000
2.076987	1.465294	1.326686	0.500000
3.321179	3.943312	0.513900	0.500000
7.737451	13.704811	1.486286	0.500000
11.709102	7.422044	1.268900	0.500000
8.045242	8.981248	1.214009	0.500000
11.595810	8.940340	0.519423	0.500000
9.452385	3.452564	0.549519	0.500000
7.164795	12.006908	1.388577	0.500000
9.196198	12.395781	0.939953	0.500000
2.016333	13.009091	0.847249	0.500000
12.340338	9.459970	1.066967	0.500000
7.929773	0.234384	0.504819	0.500000
1.817648	11.613417	0.544884	0.500000
12.431472	11.670925	1.400322	0.500000
5.542351	2.636996	0.664140	0.500000
6.589700	14.192165	1.356519	0.500000
1.491514	9.286459	0.706919	0.500000
6.531942	10.277481	1.144564	0.500000
4.132865	1.680803	1.493469	0.500000
8.887140	8.065551	0.520977	0.500000
3.273433	8.463637	0.667275	0.500000
7.197747	8.171371	0.925595	0.500000
0.535249	0.084563	1.492694	0.500000
3.599175	7.364883	1.322335	0.500000
5.456968	5.554232	0.575252	0.500000
14.015342	12.116669	1.247368	0.500000
3.783229	14.128621	0.672093	0.500000
12.444073	6.434337	1.403441	0.500000
11.730195	12.795655	0.500750	0.500000
12.784945	4.255343	1.251500	0.500000
13.181498	6.898421	0.576706	0.500000
8.674367	4.963769	0.885141	0.500000
7.622428	6.401928	0.557788	0.500000
9.242303	0.271007	0.953586	0.500000
5.339443	8.051043	0.570662	0.500000
11.278966	12.140916	1.454054	0.500000
1.591673	7.772418	0.561627	0.500000
10.034903	9.808778	0.539083	0.500000
4.412480	5.948345	1.492850	0.500000
14.165178	9.749527	1.439042	0.500000
8.345129	13.588783	0.606083	0.500000
4.777612	9.774236	1.150412	0.500000
1.004928	3.021662	1.498710	0.500000
0.756777	4.272957	1.415096	0.500000
1.667315	0.415035	1.401996	0.500000
