200

11.564114	2.931277	1.747168	0.500000
0.779407	10.877141	1.886605	0.500000
4.862277	9.291200	0.841503	0.500000
8.002180	11.732960	0.748404	0.500000
4.909779	1.308053	1.488333	0.500000
1.680109	7.921821	1.871173	0.500000
8.208700	10.320800	0.531621	0.500000
11.761477	8.270344	0.506984	0.500000
9.798450	2.634725	1.985586	0.500000
4.630312	8.162957	1.786004	0.500000
8.670515	2.427323	1.707316	0.500000
6.313976	9.692025	1.926013	0.500000
3.864140	7.489318	1.493554	0.500000
1.675078	11.107768	0.689526	0.500000
0.047446	5.349782	1.764474	0.500000
6.180625	6.285371	0.549324	0.500000
1.908674	4.221414	1.268018	0.500000
5.822656	2.225391	0.689997	0.500000
0.836020	7.196749	1.784621	0.500000
8.802851	4.347593	0.589671	0.500000
0.996925	0.248930	0.984607	0.500000
5.382891	8.815535	1.958146	0.500000
7.234816	9.418116	0.664481	0.500000
6.931223	7.971211	1.835209	0.500000
10.241941	10.362620	0.677794	0.500000
0.762844	1.374322	1.063973	0.500000
1.849537	3.305755	0.610588	0.500000
4.954522	4.027482	1.917904	0.500000
5.196594	1.233851	0.514413	0.500000
2.670891	10.014625	1.583051	0.500000
9.675527	10.521845	1.618141	0.500000
10.682820	2.139842	1.950950	0.500000
3.933182	5.808548	0.548091	0.500000
1.419811	7.054712	0.584487	0.500000
6.543447	3.109495	1.800281	0.500000
3.563641	11.201629	1.344256	0.500000
9.880327	9.511419	1.559880	0.500000
7.918931	1.205078	1.771258	0.500000
3.091533	3.875395	1.852049	0.500000
7.705092	9.972555	1.784804	0.500000
1.927943	6.892712	1.608067	0.500000
9.360925	5.911670	1.951422	0.500000
6.524648	5.241435	0.710550	0.500000
11.794387	8.056803	1.880814	0.500000
9.889268	4.967241	0.645758	0.500000
2.986158	7.090334	1.812788	0.500000
10.557655	5.215570	1.972613	0.500000
8.651736	6.618484	1.981596	0.500000
7.446519	4.208223	0.921234	0.500000
5.879342	1.043663	1.983011	0.500000
4.417684	0.351174	0.526608	0.500000
2.555519	2.806159	1.208742	0.500000
4.605701	9.556253	1.843942	0.500000
6.715447	0.593115	1.655000	0.500000
7.304261	2.539731	1.481067	0.500000
5.741524	2.506537	1.913290	0.500000
3.551076	9.481135	1.980022	0.500000
10.804759	3.054508	0.825455	0.500000
3.973469	8.959958	1.209725	0.500000
1.809369	1.068298	1.198895	0.500000
2.309795	7.549580	0.634883	0.500000
8.967178	5.537917	0.701765	0.500000
1.009535	7.947933	0.831262	0.500000
5.622813	8.303736	0.752445	0.500000
2.689394	11.585338	0.518742	0.500000
5.579295	3.133980	1.133025	0.500000
4.454878	10.917770	1.985392	0.500000
2.915501	8.932061	1.023320	0.500000
4.699207	0.356215	1.820622	0.500000
3.155099	2.576376	1.978552	0.500000
6.282930	9.756020	0.761611	0.500000
7.172295	4.949082	1.870736	0.500000
3.394259	6.791780	0.508467	0.500000
8.608195	3.375096	0.821742	0.500000
11.550803	11.401654	0.616053	0.500000
3.973159	1.277608	1.911809	0.500000
0.031177	0.588607	0.731427	0.500000
0.924451	4.091839	1.770594	0.500000
9.855891	3.687074	1.793780	0.500000
9.408756	7.170925	0.729605	0.500000
1.649305	3.227744	1.698644	0.500000
2.875110	1.465991	1.543266	0.500000
9.289536	8.647621	1.102344	0.500000
1.272917	10.113278	0.519174	0.500000
9.782001	0.482415	0.641393	0.500000
5.903606	6.336297	1.623146	0.500000
3.019743	0.429382	1.212946	0.500000
6.949080	10.507053	1.000456	0.500000
3.583954	10.007778	1.068079	0.500000
3.282186	1.315937	0.560101	0.500000
0.891953	5.901900	1.688979	0.500000
7.473801	0.952488	0.643354	0.500000
2.245875	4.780243	0.501730	0.500000
4.416418	5.565466	1.523374	0.500000
8.412597	0.199357	1.970904	0.500000
11.032485	5.965680	0.874784	0.500000
2.282384	6.395849	0.677841	0.500000
9.146741	7.752527	1.660346	0.500000
5.351653	11.596023	0.926122	0.500000
2.169548	9.003060	1.811253	0.500000
7.454679	3.604586	1.861030	0.500000
10.565057	10.997759	1.746304	0.500000
11.719940	1.991001	1.160660	0.500000
4.800397	7.030983	0.980694	0.500000
8.171823	7.529224	1.974212	0.500000
7.611228	11.415348	1.739087	0.500000
0.718182	2.519976	1.965649	0.500000
0.155211	7.308289	0.979446	0.500000
2.544906	4.854044	1.892443	0.500000
3.458049	8.105378	0.556299	0.500000
1.876028	0.143336	1.867798	0.500000
11.230600	8.849715	1.336932	0.500000
6.627730	1.862346	1.891631	0.500000
0.423742	0.487330	1.934270	0.500000
7.684319	2.911334	0.533585	0.500000
11.703412	6.447809	1.578424	0.500000
7.754673	7.098348	0.664508	0.500000
0.131539	4.460064	1.113537	0.500000
2.885361	3.655039	0.535210	0.500000
5.916805	10.662540	0.525870	0.500000
3.154514	4.542196	1.036109	0.500000
8.203542	1.928236	0.522117	0.500000
4.954783	3.854543	0.634962	0.500000
7.694450	8.812240	1.540486	0.500000
3.490047	6.179763	1.873194	0.500000
5.993408	7.263194	0.647184	0.500000
8.175400	5.590984	1.816411	0.500000
4.419603	4.908219	0.502061	0.500000
6.792050	5.812889	1.533279	0.500000
11.745636	11.456370	1.677203	0.500000
5.298936	10.545374	1.470366	0.500000
5.345765	7.275149	1.786347	0.500000
0.886280	3.972666	0.521684	0.500000
10.231371	8.448513	1.678765	0.500000
9.353942	4.732541	1.858448	0.500000
6.824455	3.455233	0.555908	0.500000
5.440252	4.868549	0.616840	0.500000
8.345080	9.203667	0.848108	0.500000
8.700966	0.646685	0.647606	0.500000
2.852000	5.506924	0.952098	0.500000
4.733378	2.809108	1.936849	0.500000
2.641669	11.306877	1.862685	0.500000
9.670632	6.836094	1.642030	0.500000
5.930906	0.031856	1.968634	0.500000
2.197086	5.866338	1.641083	0.500000
0.434631	9.793253	1.683151	0.500000
10.619001	1.023263	1.732467	0.500000
1.877782	2.082895	1.719389	0.500000
3.930490	4.563626	1.679013	0.500000
1.256549	2.174243	0.535742	0.500000
1.663949	10.366573	1.782840	0.500000
7.985909	6.095111	0.526883	0.500000
1.120363	9.036520	1.987590	0.500000
7.343819	7.072101	1.580977	0.500000
9.755099	6.222372	0.829952	0.500000
3.647945	0.287783	1.978509	0.500000
10.509944	7.015266	0.731004	0.500000
4.219450	1.733704	0.880268	0.500000
11.688882	9.397229	0.523717	0.500000
9.351144	1.837381	0.657142	0.500000
10.148074	9.081557	0.572276	0.500000
9.285783	1.563730	1.722311	0.500000
9.348257	0.535452	1.700224	0.500000
10.037105	11.331633	0.518568	0.500000
6.626035	11.771240	0.867935	0.500000
4.700262	2.808228	0.722379	0.500000
8.569398	3.525368	1.972164	0.500000
6.744479	1.834265	0.707681	0.500000
9.895314	3.820147	0.549944	0.500000
3.011721	8.346218	1.895997	0.500000
2.089847	9.543261	0.780045	0.500000
6.177954	4.505349	1.933384	0.500000
8.113793	4.565599	1.841575	0.500000
10.872280	3.700031	1.792612	0.500000
8.640250	10.879066	1.835675	0.500000
10.905781	9.824637	1.674167	0.500000
11.799415	3.251512	0.631440	0.500000
0.495436	6.364257	0.777320	0.500000
4.138872	10.915462	0.511099	0.500000
6.521592	10.886963	1.984742	0.500000
0.851962	9.164971	0.899856	0.500000
9.761716	2.799257	0.675023	0.500000
10.977535	7.854231	1.164754	0.500000
5.155036	5.876139	0.706799	0.500000
8.958354	9.529285	1.981537	0.500000
3.379677	2.492632	0.700797	0.500000
2.461143	1.984805	0.607158	0.500000
6.918751	7.891385	0.577881	0.500000
10.908194	4.187004	0.561629	0.500000
1.261053	5.029709	1.306246	0.500000
8.875773	11.203937	0.774483	0.500000
4.600459	8.172128	0.630582	0.500000
10.669067	6.415733	1.927349	0.500000
9.192909	10.025250	0.583362	0.500000
6.505902	8.830812	1.454929	0.500000
11.547618	10.452010	1.065410	0.500000
3.941835	3.463467	0.532834	0.500000
10.568690	1.172529	0.686604	0.500000
6.247291	0.897224	0.752765	0.500000
8.034941	8.177185	0.756938	0.500000
