200

2.372667	1.917190	1.638309	0.500000
3.815868	0.475315	0.945021	0.500000
3.744012	7.714150	0.939974	0.500000
5.368436	8.812624	0.750557	0.500000
11.172275	3.733187	0.599979	0.500000
0.648658	0.658927	1.713206	0.500000
8.106481	2.734976	1.615854	0.500000
2.064388	11.126768	0.731681	0.500000
10.595611	1.412304	0.757471	0.500000
4.282738	5.825818	1.344650	0.500000
4.915656	0.914092	0.544240	0.500000
4.750978	7.750941	0.761836	0.500000
3.992397	11.054974	1.857861	0.500000
6.606690	3.188018	1.909186	0.500000
1.648269	0.240178	0.709208	0.500000
5.896892	3.770387	0.628095	0.500000
9.549434	7.057665	0.618799	0.500000
7.542520	3.030346	0.589700	0.500000
11.661119	7.587599	1.773647	0.500000
10.447634	2.381305	1.004357	0.500000
5.037088	1.253582	1.949012	0.500000
7.011224	8.986911	0.654318	0.500000
8.963640	11.733400	1.485497	0.500000
0.384218	8.070990	0.598448	0.500000
8.798633	8.651691	1.829729	0.500000
7.786213	1.877818	1.125823	0.500000
1.443911	4.930216	0.507323	0.500000
9.021879	4.671598	1.812120	0.500000
3.421083	0.716506	1.857804	0.500000
11.732395	10.934328	1.875213	0.500000
11.516423	0.764629	0.804372	0.500000
9.605348	2.484183	1.919426	0.500000
9.480178	1.901108	0.749693	0.500000
9.439036	10.648570	1.984537	0.500000
1.596358	1.286277	1.848800	0.500000
0.402508	5.006582	1.046067	0.500000
5.216158	2.918685	0.816636	0.500000
5.674342	1.726247	0.534917	0.500000
1.793961	3.846533	0.920277	0.500000
7.176065	11.161561	0.595952	0.500000
9.401192	10.317366	0.581310	0.500000
5.708551	7.224818	0.567774	0.500000
8.524700	9.920767	1.646965	0.500000
8.111117	10.911737	1.851351	0.500000
9.048216	11.345139	0.567277	0.500000
1.893817	7.872307	1.798802	0.500000
11.322077	8.601425	0.552997	0.500000
9.618400	9.509055	1.994949	0.500000
0.826924	6.287559	0.532429	0.500000
3.836440	6.945153	1.784582	0.500000
7.533850	8.726099	1.558615	0.500000
10.097805	9.483734	0.968924	0.500000
5.341339	5.226521	0.597746	0.500000
0.642208	2.412692	0.556561	0.500000
10.209186	5.951022	0.583824	0.500000
4.567247	1.961694	0.907682	0.500000
2.516473	7.173916	1.005763	0.500000
2.248808	0.261217	1.805910	0.500000
5.633370	10.217669	1.928366	0.500000
8.799971	0.902503	0.593088	0.500000
1.716426	6.267857	1.793296	0.500000
2.305176	4.478727	1.892755	0.500000
8.568675	9.263994	0.724644	0.500000
2.604451	9.531760	1.158481	0.500000
11.154433	6.626007	1.901853	0.500000
8.929769	2.855944	1.042126	0.500000
11.252718	9.732588	0.639863	0.500000
5.744643	7.867336	1.577824	0.500000
3.551832	9.601882	1.969176	0.500000
1.161285	4.200154	1.640149	0.500000
6.417191	8.100216	0.806152	0.500000
1.087373	5.480308	1.647789	0.500000
10.749037	5.033951	0.557660	0.500000
7.878692	5.207729	1.957262	0.500000
1.446573	7.881838	0.803181	0.500000
8.611772	7.019414	1.892808	0.500000
7.279189	9.674236	1.839621	0.500000
2.398048	8.417684	1.118238	0.500000
4.188590	2.913881	1.332608	0.500000
7.068306	5.983295	1.849846	0.500000
0.773998	11.450179	1.676314	0.500000
11.676677	8.709210	1.533824	0.500000
9.622802	7.808048	1.911558	0.500000
1.144151	8.809137	0.550407	0.500000
4.173665	1.872014	1.995175	0.500000
2.668984	2.000247	0.581554	0.500000
11.583824	2.003518	1.820339	0.500000
6.000789	4.359000	1.481886	0.500000
0.249494	2.912408	1.933766	0.500000
4.638521	7.505388	1.993227	0.500000
9.115984	7.901133	1.014806	0.500000
10.439793	4.590259	1.918074	0.500000
5.369340	3.633804	1.964729	0.500000
8.768017	5.098355	0.917995	0.500000
7.865029	4.781488	0.512941	0.500000
9.261986	5.796458	1.994554	0.500000
0.133702	5.750843	1.937656	0.500000
7.529670	10.195683	0.895049	0.500000
6.089421	1.058041	1.976769	0.500000
2.542478	10.198972	1.904052	0.500000
10.063768	6.634260	1.582965	0.500000
5.582184	0.509437	1.230392	0.500000
11.065452	0.051081	1.758384	0.500000
5.790252	5.435341	1.604623	0.500000
2.816606	4.670372	0.533942	0.500000
3.104458	2.902664	1.781381	0.500000
3.638817	2.345669	0.590392	0.500000
7.814151	7.799573	1.820260	0.500000
0.677483	10.710747	0.656512	0.500000
2.868333	3.726435	0.949196	0.500000
1.733676	11.184007	1.781176	0.500000
6.842880	2.135747	1.602909	0.500000
1.839238	2.600446	0.624443	0.500000
6.367292	9.854853	0.998843	0.500000
5.336897	11.361713	1.665570	0.500000
3.014877	6.363183	1.830508	0.500000
8.142498	3.915241	1.894492	0.500000
0.432417	7.150100	1.029824	0.500000
0.758951	1.922027	1.587614	0.500000
5.663755	9.178557	1.710637	0.500000
4.605804	0.280468	1.593846	0.500000
5.008550	4.274874	1.040468	0.500000
5.012021	6.430247	0.531709	0.500000
8.554958	3.796169	0.792787	0.500000
4.056947	10.686973	0.547154	0.500000
3.942795	3.827420	1.872571	0.500000
6.819487	4.992935	1.791437	0.500000
6.068217	5.936022	0.711671	0.500000
2.242262	3.442179	1.907274	0.500000
10.978427	3.572606	1.683088	0.500000
9.992227	4.366420	0.582827	0.500000
8.111614	6.178266	1.343352	0.500000
4.994097	11.561645	0.668137	0.500000
10.574659	8.744834	1.619388	0.500000
10.656342	1.438561	1.808963	0.500000
4.235090	3.628924	0.584623	0.500000
7.072314	6.998393	1.953405	0.500000
6.125850	10.829527	0.659079	0.500000
0.201322	9.840891	1.998609	0.500000
2.852625	8.862614	1.899812	0.500000
3.000505	11.428005	1.960224	0.500000
2.822246	5.984091	0.639083	0.500000
0.396308	9.544579	0.977993	0.500000
6.518164	2.300044	0.524771	0.500000
5.362019	2.392470	1.987634	0.500000
11.223175	10.923902	0.995008	0.500000
8.676764	0.802112	1.906509	0.500000
0.838195	6.721318	1.957704	0.500000
4.480951	9.183842	1.557384	0.500000
8.957837	6.119914	0.559153	0.500000
10.846967	6.961194	0.990636	0.500000
3.231086	4.982820	1.579414	0.500000
0.776973	8.197178	1.660987	0.500000
7.559474	0.618326	1.678312	0.500000
6.702918	8.103499	1.854829	0.500000
1.197865	10.324719	1.631775	0.500000
2.936134	7.847197	1.790938	0.500000
2.735688	0.679736	0.881457	0.500000
11.567226	1.878716	0.526195	0.500000
3.951971	4.770483	0.565952	0.500000
4.801037	10.539598	1.297256	0.500000
8.400356	7.033160	0.753147	0.500000
1.559848	2.560144	1.799596	0.500000
10.795718	9.937054	1.716258	0.500000
10.305449	8.044803	0.816002	0.500000
6.669913	0.330524	0.521080	0.500000
10.626697	7.550202	1.842920	0.500000
8.064483	11.797623	0.673729	0.500000
11.816172	4.095856	1.469927	0.500000
7.027099	7.279903	0.816520	0.500000
1.691253	9.306302	1.588070	0.500000
9.361360	3.638723	1.530254	0.500000
5.965729	6.484021	1.833485	0.500000
11.649974	2.848129	0.956676	0.500000
0.491275	11.729194	0.534832	0.500000
1.673432	1.492220	0.646904	0.500000
3.887038	8.386993	1.762937	0.500000
9.829111	0.260256	1.852939	0.500000
5.025133	9.913566	0.545589	0.500000
8.825664	1.805341	1.824805	0.500000
3.958201	6.768849	0.574292	0.500000
9.801063	5.185357	1.215282	0.500000
10.101027	11.102284	0.939608	0.500000
7.191180	3.883510	1.089024	0.500000
3.716648	9.234153	0.839120	0.500000
10.201664	3.472079	1.006047	0.500000
2.979718	10.546056	0.702415	0.500000
7.294607	1.227407	0.527895	0.500000
0.678763	3.548362	0.519155	0.500000
6.446589	1.329921	1.058049	0.500000
9.995531	0.353066	0.762772	0.500000
4.372380	4.796613	1.933156	0.500000
7.778726	8.048964	0.758325	0.500000
10.682219	5.635781	1.762368	0.500000
11.632756	6.312643	0.725128	0.500000
6.280492	11.756797	1.705537	0.500000
1.809901	6.494984	0.673180	0.500000
7.285339	5.663252	0.524221	0.500000
1.933002	9.959700	0.543918	0.500000
6.632690	10.568474	1.737611	0.500000
