200

3.267935	2.907005	1.083297	0.500000
6.193345	6.022569	1.916257	0.500000
5.106785	7.868661	1.027233	0.500000
4.874512	10.346044	1.835810	0.500000
4.027785	4.908524	1.619757	0.500000
0.339832	5.703227	1.076251	0.500000
10.328144	11.041260	0.611016	0.500000
11.017515	11.453405	1.498937	0.500000
9.048117	0.145426	0.656519	0.500000
8.908744	4.147466	0.534668	0.500000
2.786759	5.864858	1.987479	0.500000
4.739967	6.762655	1.494670	0.500000
7.471295	8.863226	1.244818	0.500000
11.329868	7.394017	0.562834	0.500000
2.161702	4.527087	0.619940	0.500000
11.279418	4.910157	1.981793	0.500000
4.083147	6.394778	0.557787	0.500000
10.444620	10.359740	1.837506	0.500000
8.735871	1.094856	0.811274	0.500000
0.140977	8.237887	0.621507	0.500000
5.423054	4.433209	0.505333	0.500000
7.686293	6.890360	0.600240	0.500000
7.292249	10.079592	0.977825	0.500000
10.714031	1.490416	1.777584	0.500000
11.377169	10.925916	0.548722	0.500000
5.969551	8.501028	1.498835	0.500000
3.231431	8.346012	1.777373	0.500000
4.753177	3.088871	0.558553	0.500000
0.447250	7.125382	0.831293	0.500000
4.278911	2.019050	0.614524	0.500000
1.872121	5.332158	1.829738	0.500000
4.588768	10.339265	0.541543	0.500000
9.183522	2.897032	1.913120	0.500000
7.003944	3.582368	1.819818	0.500000
11.814661	6.193667	1.931051	0.500000
10.517195	6.844302	1.325561	0.500000
1.971283	9.339242	0.653646	0.500000
0.013749	8.363154	1.638153	0.500000
2.417822	3.499459	1.069366	0.500000
6.555482	3.898621	0.715625	0.500000
4.212840	8.341785	0.636953	0.500000
3.147927	11.419864	0.656321	0.500000
10.235753	3.688090	1.923224	0.500000
4.640901	1.684084	1.795619	0.500000
1.721760	2.675059	0.667758	0.500000
11.477964	0.625665	1.710327	0.500000
9.576652	6.236914	1.694216	0.500000
1.157492	8.006213	0.730122	0.500000
4.017326	11.206462	1.917810	0.500000
7.046851	1.078870	1.686681	0.500000
0.619594	2.158006	0.987736	0.500000
0.658467	5.342737	1.957351	0.500000
0.772165	4.360498	1.578568	0.500000
1.300829	1.434943	0.749230	0.500000
3.716885	10.576180	1.097428	0.500000
2.853151	9.618148	1.483612	0.500000
9.703947	8.333232	1.902157	0.500000
2.825524	10.310014	0.666194	0.500000
3.105436	8.859488	0.777490	0.500000
1.973691	1.194202	1.476105	0.500000
5.953429	10.420759	0.504907	0.500000
11.240453	1.324385	0.670233	0.500000
7.783779	11.096986	0.552568	0.500000
8.426750	10.247353	1.059584	0.500000
2.281479	6.694174	1.484198	0.500000
11.112581	0.246070	0.505593	0.500000
9.784759	11.466305	1.352251	0.500000
2.453107	7.553831	0.644900	0.500000
5.790469	7.518655	1.700180	0.500000
10.241708	7.780763	1.095271	0.500000
1.042748	11.322079	1.479421	0.500000
2.553725	11.354723	1.782808	0.500000
10.679663	4.270565	1.199011	0.500000
8.457440	9.663500	1.884279	0.500000
9.621590	5.122272	1.865784	0.500000
6.506939	2.084112	1.649480	0.500000
8.992653	10.858088	1.901820	0.500000
0.742083	11.747138	0.565782	0.500000
2.433659	1.213529	0.574898	0.500000
0.947310	4.603256	0.564347	0.500000
11.807873	3.343323	0.520073	0.500000
7.880606	3.064381	0.781998	0.500000
3.563811	7.562205	0.556774	0.500000
5.688270	6.456429	1.162959	0.500000
2.853988	3.727667	1.955231	0.500000
10.245371	1.943442	0.954246	0.500000
0.432741	10.518823	1.709317	0.500000
8.819420	3.886149	1.993824	0.500000
3.005725	6.719042	0.747357	0.500000
1.073249	7.802070	1.891369	0.500000
1.594554	9.694442	1.850955	0.500000
6.657502	6.082475	0.766090	0.500000
1.032700	6.796309	1.802715	0.500000
6.648998	8.008157	0.792913	0.500000
9.506849	9.927009	1.890650	0.500000
5.027597	9.644928	1.115288	0.500000
7.700238	4.289077	1.645972	0.500000
7.982634	7.380004	1.960327	0.500000
3.535713	0.712930	0.533508	0.500000
11.513208	9.145059	1.030729	0.500000
5.615568	9.587760	1.976254	0.500000
5.848521	10.719092	1.987949	0.500000
3.009836	0.476647	1.422496	0.500000
11.605684	3.682237	1.968739	0.500000
3.603222	4.087735	1.198895	0.500000
5.484732	2.937882	1.939104	0.500000
4.346648	5.063353	0.526398	0.500000
4.568706	8.695986	1.640164	0.500000
11.011433	2.896317	0.959518	0.500000
7.514135	0.388615	0.560629	0.500000
8.542284	7.984416	0.614537	0.500000
1.204883	2.087557	1.949713	0.500000
11.016236	5.260452	0.804499	0.500000
6.311456	1.970465	0.524340	0.500000
9.209102	2.052426	0.596391	0.500000
3.780706	9.650886	1.875485	0.500000
7.616029	4.102171	0.578072	0.500000
6.496881	9.174698	0.802224	0.500000
8.992170	6.294507	0.588696	0.500000
4.196736	11.499663	0.960011	0.500000
1.305034	5.958348	1.282230	0.500000
8.832954	0.177751	1.926522	0.500000
6.360787	11.689438	1.696296	0.500000
10.300254	0.810661	0.932680	0.500000
6.068273	2.923630	1.029540	0.500000
6.453473	11.574765	0.671390	0.500000
2.023467	10.536623	1.439804	0.500000
3.968809	7.320272	1.941060	0.500000
1.674332	11.033457	0.521709	0.500000
9.381200	1.707547	1.784237	0.500000
5.843729	1.061262	1.869229	0.500000
2.143108	8.747049	1.810177	0.500000
11.589136	2.452198	1.910223	0.500000
8.914363	3.047813	0.529253	0.500000
10.577662	9.972681	0.738130	0.500000
2.226260	5.905929	0.739451	0.500000
5.298555	4.921744	1.695364	0.500000
3.638481	2.177655	1.977042	0.500000
5.561705	0.604677	0.743330	0.500000
10.728450	8.232727	1.859471	0.500000
0.247392	1.525690	1.929573	0.500000
1.053713	3.441056	0.867656	0.500000
0.836959	9.158690	1.233630	0.500000
7.157180	5.164486	0.557455	0.500000
2.141464	7.733109	1.766312	0.500000
4.956436	11.685866	1.613233	0.500000
8.566895	5.951109	1.874220	0.500000
10.455936	9.319958	1.663471	0.500000
0.328939	0.970779	0.926622	0.500000
5.049836	6.960226	0.528209	0.500000
8.054070	9.360471	0.506623	0.500000
11.603178	4.363525	0.679790	0.500000
9.146376	10.782405	0.573827	0.500000
1.938597	0.280404	0.787153	0.500000
10.380342	8.779498	0.639278	0.500000
1.767268	2.919860	1.857300	0.500000
7.615767	6.208803	1.631542	0.500000
4.026994	9.520923	0.837636	0.500000
9.083417	7.684563	1.452093	0.500000
0.744020	3.251591	1.826953	0.500000
10.317820	0.326999	1.954572	0.500000
4.684227	3.807744	1.396580	0.500000
7.772599	1.937502	0.554786	0.500000
9.964067	3.131008	0.511108	0.500000
8.488629	4.919914	1.993563	0.500000
7.834980	2.447863	1.749802	0.500000
5.326856	2.062508	1.136444	0.500000
7.950381	11.794330	1.487436	0.500000
1.914430	4.192331	1.591984	0.500000
6.720072	5.116442	1.595892	0.500000
8.034727	1.393296	1.530899	0.500000
5.907836	5.359907	0.520404	0.500000
4.517642	0.928709	0.977117	0.500000
0.763690	0.344619	1.948074	0.500000
2.522472	2.243849	1.516303	0.500000
8.660063	8.532165	1.809383	0.500000
7.606364	10.902979	1.880295	0.500000
9.893522	4.370854	0.580981	0.500000
9.271290	9.720991	0.556000	0.500000
5.174991	11.287106	0.513043	0.500000
8.044144	5.637219	0.556571	0.500000
6.773258	9.154675	1.963594	0.500000
6.744583	7.164090	1.738908	0.500000
8.907957	5.224008	0.877539	0.500000
4.688198	5.785248	1.146043	0.500000
11.487417	9.603643	1.981803	0.500000
11.403907	7.175837	1.927707	0.500000
3.353649	1.684139	0.952343	0.500000
2.721885	4.780382	1.518644	0.500000
9.325777	7.250740	0.520175	0.500000
11.435450	6.396252	0.910356	0.500000
0.986986	9.975477	0.665133	0.500000
9.348940	8.560352	0.770722	0.500000
5.458005	8.894677	0.586043	0.500000
3.902025	6.084017	1.868191	0.500000
1.511370	7.050190	0.729216	0.500000
10.455243	2.693643	1.770585	0.500000
4.475989	2.735102	1.796838	0.500000
3.457359	5.384140	0.928425	0.500000
10.095235	6.063430	0.793949	0.500000
