200

5.684736	2.070883	0.542274	0.500000
2.218618	5.468562	1.388644	0.500000
5.272104	6.612261	1.912255	0.500000
7.598757	2.082390	1.819301	0.500000
11.568751	7.577675	0.596700	0.500000
1.326554	4.720544	1.524089	0.500000
0.767309	5.669195	0.978698	0.500000
1.687587	1.492057	1.561018	0.500000
0.752231	2.259314	1.830926	0.500000
4.124792	3.305824	1.971753	0.500000
5.582570	8.815523	1.974376	0.500000
5.200374	9.433653	1.256448	0.500000
8.938894	10.877053	0.877892	0.500000
5.379938	4.146434	0.549161	0.500000
11.272466	0.820730	0.781805	0.500000
9.347352	3.835928	1.488950	0.500000
10.197952	8.943106	1.696128	0.500000
9.426853	0.681757	0.710608	0.500000
10.210286	10.000420	1.757671	0.500000
8.390225	7.897002	0.921455	0.500000
6.526043	2.533851	0.891961	0.500000
4.717836	7.744808	1.931153	0.500000
5.276612	0.706190	0.525530	0.500000
9.554238	11.750706	1.567687	0.500000
11.184181	11.777415	1.810648	0.500000
9.524999	10.116122	0.522765	0.500000
1.459000	8.301073	1.926536	0.500000
4.202834	1.203607	1.731617	0.500000
8.683215	5.633179	1.091048	0.500000
1.576766	2.960668	1.943244	0.500000
1.058316	8.584983	0.673093	0.500000
2.816207	0.832684	1.768294	0.500000
0.326624	3.819131	0.834998	0.500000
3.708872	3.625110	0.639224	0.500000
11.315181	1.869639	0.921744	0.500000
8.191708	5.895871	1.933239	0.500000
1.491761	1.032964	0.533359	0.500000
11.147626	8.672284	0.834688	0.500000
0.711425	1.267832	1.132068	0.500000
7.634979	2.010521	0.795008	0.500000
3.358406	11.718688	0.517754	0.500000
2.322166	1.725881	0.609189	0.500000
0.630889	0.566852	1.865097	0.500000
5.586785	4.168321	1.932888	0.500000
11.557552	5.312038	0.770349	0.500000
10.320621	1.506338	0.829362	0.500000
7.848679	10.419731	0.569819	0.500000
2.661859	9.095807	1.996826	0.500000
7.012163	10.442839	1.556097	0.500000
6.717516	1.380065	0.921382	0.500000
1.253830	10.252499	1.759623	0.500000
3.748086	2.109656	0.547638	0.500000
9.949508	4.106174	0.643913	0.500000
11.764047	5.448770	1.896956	0.500000
1.935656	7.869040	1.034819	0.500000
2.879641	7.511662	1.875459	0.500000
2.918851	8.842865	0.937962	0.500000
2.619925	10.831759	0.905607	0.500000
1.205501	11.479655	1.831765	0.500000
0.710890	3.469341	1.727106	0.500000
3.555901	8.434016	1.639408	0.500000
8.560966	0.337106	1.848773	0.500000
6.098628	10.959870	1.630371	0.500000
7.757880	9.590411	1.896185	0.500000
9.222461	6.420595	0.601741	0.500000
8.319612	0.033615	0.560178	0.500000
9.367930	7.500000	0.872298	0.500000
5.686141	7.180282	0.683157	0.500000
4.461573	6.303767	0.767566	0.500000
0.403715	11.770955	0.721529	0.500000
4.574597	8.916777	1.842400	0.500000
5.015813	5.429446	1.525101	0.500000
8.239429	3.126117	1.960376	0.500000
9.054528	4.740139	0.678492	0.500000
9.997551	5.234861	0.813878	0.500000
6.492671	4.002937	0.540592	0.500000
9.608726	1.235686	1.535903	0.500000
1.913725	11.520800	0.531539	0.500000
2.280776	11.369360	1.689329	0.500000
11.481892	8.660822	1.801313	0.500000
9.061482	2.722659	1.555092	0.500000
8.350274	7.505400	1.975524	0.500000
7.547196	6.908882	1.820360	0.500000
4.032354	5.956363	1.746933	0.500000
3.003181	6.683289	0.671479	0.500000
10.512021	1.400102	1.947060	0.500000
9.932130	2.228117	1.890574	0.500000
8.895612	3.616593	0.500425	0.500000
10.259107	4.288581	1.603890	0.500000
3.967914	7.243919	0.843191	0.500000
1.844760	9.098264	1.359555	0.500000
2.564773	10.071040	1.610962	0.500000
3.727324	2.370191	1.569683	0.500000
7.896020	7.097219	0.560590	0.500000
3.603587	9.435493	1.743807	0.500000
10.773097	10.645059	0.594850	0.500000
6.641403	6.698107	0.681938	0.500000
9.939701	7.134200	1.847465	0.500000
3.566772	10.565287	1.935629	0.500000
1.082419	9.765083	0.726323	0.500000
7.084674	0.108761	0.724050	0.500000
4.880253	3.609152	1.233747	0.500000
6.676582	9.865028	0.595680	0.500000
7.346970	3.257100	0.557947	0.500000
4.802970	5.245103	0.522164	0.500000
2.673072	1.839368	1.921783	0.500000
6.762508	10.924697	0.523443	0.500000
9.074863	9.418356	1.691109	0.500000
9.710174	2.754973	0.702334	0.500000
1.806905	0.481606	1.681649	0.500000
6.767233	2.667472	1.861330	0.500000
0.264513	2.692896	0.838182	0.500000
2.948746	6.149569	1.823722	0.500000
6.124217	4.975977	0.764158	0.500000
3.512700	5.817150	0.633530	0.500000
6.029456	9.943457	1.573314	0.500000
8.095065	10.984511	1.831558	0.500000
3.819198	4.648277	0.502102	0.500000
10.556478	9.449555	0.583136	0.500000
6.912805	1.229578	1.949140	0.500000
4.495606	10.991186	1.634787	0.500000
10.521334	7.981359	1.259230	0.500000
9.550976	5.898935	1.527359	0.500000
6.881730	5.971954	1.987634	0.500000
5.590426	3.056285	1.754806	0.500000
5.853087	11.411065	0.571783	0.500000
8.594355	1.694464	1.459688	0.500000
6.440777	8.589897	0.544273	0.500000
11.540851	9.725245	0.641482	0.500000
4.238026	0.522321	0.769483	0.500000
1.495094	2.295851	0.578352	0.500000
11.112081	4.406807	0.591599	0.500000
10.655218	3.371943	0.682301	0.500000
10.765703	5.988797	0.508191	0.500000
0.662066	8.966498	1.817077	0.500000
1.619390	6.375905	0.671783	0.500000
7.562037	3.777950	1.388370	0.500000
3.910263	4.988342	1.987776	0.500000
6.202424	0.317433	1.261324	0.500000
3.558853	10.321717	0.907711	0.500000
11.346417	7.464288	1.807953	0.500000
6.960684	4.635112	1.239157	0.500000
2.595092	2.726326	0.606887	0.500000
3.290595	1.154970	0.914537	0.500000
1.307900	6.145836	1.883996	0.500000
10.307345	3.238109	1.908184	0.500000
6.272328	5.126180	1.835616	0.500000
4.668172	11.216245	0.666619	0.500000
3.473857	11.761456	1.729320	0.500000
2.320517	4.477043	0.624591	0.500000
8.563827	2.668604	0.586496	0.500000
1.086828	7.407294	1.328426	0.500000
9.148004	10.870138	1.859133	0.500000
5.333194	10.480518	0.870520	0.500000
9.218278	8.262806	1.860039	0.500000
4.924853	2.455336	1.300158	0.500000
7.302792	5.661683	1.074865	0.500000
4.896078	0.245450	1.903609	0.500000
10.840517	10.805349	1.684764	0.500000
2.684319	2.842060	1.735950	0.500000
7.214706	11.478417	1.906682	0.500000
7.989318	4.618726	0.671247	0.500000
0.135814	10.939942	1.996768	0.500000
3.134733	3.765714	1.810172	0.500000
7.283715	7.908651	0.514715	0.500000
5.807336	6.034790	0.852522	0.500000
5.131982	1.602054	1.981279	0.500000
11.511397	4.290284	1.711165	0.500000
5.306049	8.609114	0.512009	0.500000
6.872670	7.856753	1.946672	0.500000
11.769032	10.859996	0.822514	0.500000
3.892982	8.284168	0.602962	0.500000
4.394856	9.576628	0.596635	0.500000
0.365290	8.123033	1.325470	0.500000
11.050758	2.474974	1.874669	0.500000
2.985488	7.801659	0.510087	0.500000
10.393115	5.406893	1.925988	0.500000
7.845176	1.006508	0.988606	0.500000
0.287778	6.709104	0.594775	0.500000
2.034053	6.817440	1.686679	0.500000
9.452660	8.719177	0.779194	0.500000
10.918978	6.377977	1.675804	0.500000
8.559074	9.762215	0.839813	0.500000
6.424010	3.735004	1.530410	0.500000
7.012921	8.844804	1.521180	0.500000
2.467000	0.542123	0.848207	0.500000
2.050218	4.027522	1.514350	0.500000
0.904083	10.927343	0.511710	0.500000
6.418412	6.939335	1.943176	0.500000
3.192515	4.954910	1.273776	0.500000
11.695955	9.785633	1.747942	0.500000
9.772231	11.306960	0.520474	0.500000
7.758456	9.046255	0.866854	0.500000
9.065984	1.717267	0.553185	0.500000
5.704500	7.893588	1.398335	0.500000
11.508203	1.391679	1.845539	0.500000
0.104602	6.514693	1.698519	0.500000
1.465376	3.516780	0.530990	0.500000
1.044029	4.468247	0.511463	0.500000
9.125811	4.868110	1.754498	0.500000
