100

5.739398	1.824539	0.698920	0.500000
0.246521	9.043224	0.575760	0.500000
0.950661	5.568253	0.840613	0.500000
3.772919	2.314650	0.636581	0.500000
2.248361	10.316547	0.763717	0.500000
0.178185	0.210940	0.700835	0.500000
0.902881	3.921311	0.567729	0.500000
1.702501	2.280629	0.993567	0.500000
9.337619	1.297737	0.909129	0.500000
3.717809	0.275684	0.907833	0.500000
0.623080	6.764388	0.550332	0.500000
1.330796	0.237834	0.910146	0.500000
3.729762	7.211659	0.968575	0.500000
7.819398	10.701909	0.501025	0.500000
8.217685	8.234348	0.930689	0.500000
7.304914	7.624930	0.581800	0.500000
5.933797	9.143839	0.790894	0.500000
2.491338	0.535954	0.954273	0.500000
10.038591	9.066476	0.996839	0.500000
9.803034	5.644882	0.560108	0.500000
9.165454	6.502155	0.866280	0.500000
9.198735	7.735576	0.780520	0.500000
8.054938	4.061026	0.563970	0.500000
5.181237	4.612541	0.693959	0.500000
1.731101	3.362910	0.976642	0.500000
9.242941	2.227873	0.541658	0.500000
2.252628	9.307877	0.541996	0.500000
1.853337	1.219386	0.547757	0.500000
9.224195	3.416549	0.639828	0.500000
5.988556	7.919107	0.648806	0.500000
2.068847	5.502653	0.671110	0.500000
3.429651	3.256932	0.949217	0.500000
6.642993	4.670415	0.715708	0.500000
6.809603	9.739778	0.514753	0.500000
4.165597	9.540958	0.977714	0.500000
8.795310	0.284668	0.867108	0.500000
2.504204	3.871164	0.596477	0.500000
5.569075	3.673070	0.618978	0.500000
6.368108	7.026003	0.987992	0.500000
8.260841	1.851341	0.850970	0.500000
3.240482	10.212530	0.522109	0.500000
7.326399	2.736928	0.977978	0.500000
10.382554	1.296680	0.584073	0.500000
5.156210	9.733405	0.510510	0.500000
4.425624	0.915184	0.594995	0.500000
6.921621	5.875458	0.649720	0.500000
1.416051	8.136459	0.568592	0.500000
4.765651	7.686901	0.805642	0.500000
3.156916	8.962343	0.938015	0.500000
4.656929	1.867398	0.964203	0.500000
7.244817	1.773758	0.671317	0.500000
10.648802	9.922096	0.896717	0.500000
5.634433	0.806214	0.729574	0.500000
10.161254	8.118002	0.602442	0.500000
3.979691	8.339146	0.761501	0.500000
9.979951	6.965554	0.514334	0.500000
4.180970	4.738541	0.840210	0.500000
2.509483	7.386777	0.617755	0.500000
10.292401	2.496696	0.829517	0.500000
2.740822	2.381317	0.975411	0.500000
3.617882	5.733420	0.892266	0.500000
1.698841	4.408068	0.970617	0.500000
10.782338	5.874476	0.598287	0.500000
7.840999	0.798175	0.973816	0.500000
1.233451	9.051823	0.995453	0.500000
10.186031	3.618459	0.995651	0.500000
8.729108	5.163313	0.607760	0.500000
5.168207	2.712308	0.753762	0.500000
8.858137	8.935767	0.513631	0.500000
2.331910	8.352974	0.919990	0.500000
9.998917	0.321073	0.977444	0.500000
10.753532	4.842482	0.958718	0.500000
6.620408	0.995047	0.575984	0.500000
4.970957	8.817137	0.880122	0.500000
0.529139	2.726997	0.560694	0.500000
0.333635	7.961994	0.934809	0.500000
8.038716	6.015282	0.586808	0.500000
5.506512	6.536793	0.679694	0.500000
0.735168	1.440221	0.699841	0.500000
2.057635	6.507838	0.887588	0.500000
6.421647	2.551228	0.558985	0.500000
5.698340	10.543612	0.818271	0.500000
8.102249	7.038087	0.780487	0.500000
8.255974	2.819526	0.528097	0.500000
1.180025	9.936742	0.525933	0.500000
6.793509	10.779316	0.902622	0.500000
3.052184	6.513847	0.538877	0.500000
5.931594	5.376791	0.537091	0.500000
9.364122	9.785772	0.792336	0.500000
6.899095	8.804713	0.959291	0.500000
4.670011	10.586819	0.754140	0.500000
4.705919	5.646912	0.989287	0.500000
4.308647	3.660410	0.688291	0.500000
2.885639	4.845347	0.573127	0.500000
4.486366	6.687745	0.521860	0.500000
7.648559	5.121628	0.990067	0.500000
3.443440	1.361691	0.783910	0.500000
7.907209	9.183362	0.797550	0.500000
9.528949	4.541281	0.833883	0.500000
7.000646	3.696693	0.833850	0.500000
