200

7.929584	7.880625	1.492877	0.500000
10.204771	11.611299	0.561704	0.500000
12.890846	11.187096	0.648821	0.500000
3.866348	4.606964	0.500917	0.500000
6.188453	8.459936	0.544394	0.500000
3.752018	1.993155	1.497408	0.500000
12.057593	8.386629	1.326046	0.500000
0.707409	5.099351	1.334876	0.500000
1.039234	11.465220	0.598276	0.500000
7.069576	1.939044	1.402303	0.500000
5.488135	13.091776	0.773403	0.500000
0.344182	2.624271	1.492976	0.500000
7.660101	2.783702	1.085881	0.500000
4.981694	7.937312	1.462384	0.500000
6.101360	4.171070	0.656738	0.500000
2.593066	0.100957	0.653655	0.500000
2.629441	7.525167	0.636131	0.500000
10.257798	4.997496	0.625675	0.500000
0.391246	2.983117	0.541208	0.500000
8.264564	13.104702	1.417032	0.500000
11.366771	11.412982	1.412149	0.500000
10.839027	4.043884	0.569550	0.500000
4.023390	10.292783	0.812213	0.500000
9.697166	12.807029	1.425177	0.500000
6.545231	1.857750	0.503789	0.500000
7.257203	4.064445	1.490641	0.500000
12.475519	9.796472	0.828575	0.500000
3.002281	8.943207	0.622143	0.500000
8.841243	0.197803	0.527188	0.500000
4.381100	1.532790	0.590827	0.500000
9.242084	2.714614	1.485346	0.500000
12.305496	7.311954	0.550204	0.500000
3.980769	8.171298	0.601309	0.500000
9.114866	6.225477	0.542717	0.500000
10.712596	7.622620	1.392590	0.500000
8.761551	0.886872	1.498809	0.500000
5.672240	1.216409	1.418171	0.500000
7.033722	0.919755	1.446557	0.500000
8.981073	7.879749	1.434337	0.500000
4.332396	12.333377	1.487767	0.500000
11.876039	0.870126	1.389517	0.500000
5.331041	6.858248	1.409173	0.500000
11.624802	5.399959	0.521278	0.500000
4.306354	2.676876	0.594674	0.500000
8.616025	6.194422	1.420925	0.500000
8.958718	1.497603	0.549564	0.500000
11.347389	10.301857	1.134100	0.500000
2.359106	5.249489	0.682566	0.500000
5.114745	2.053799	1.456043	0.500000
5.433749	5.675511	0.559101	0.500000
10.775987	4.644838	1.410112	0.500000
11.214820	7.042925	0.594549	0.500000
9.863538	3.323412	0.787995	0.500000
0.478117	10.524876	0.524042	0.500000
5.563071	7.611398	0.693414	0.500000
9.470897	4.362667	1.332245	0.500000
8.160046	9.096084	0.686811	0.500000
9.896863	10.045186	0.654406	0.500000
12.914336	13.185768	1.317355	0.500000
1.780037	1.454035	0.738851	0.500000
1.280854	8.088054	0.559949	0.500000
6.074986	12.240073	0.528270	0.500000
11.599101	2.351031	0.622713	0.500000
1.929505	10.466515	1.349671	0.500000
2.782573	6.436720	1.416052	0.500000
1.647956	11.438212	1.489571	0.500000
8.235500	10.698222	1.296626	0.500000
7.505490	10.882371	0.614362	0.500000
9.036648	10.878335	0.626668	0.500000
7.329830	11.541582	1.411942	0.500000
2.258502	8.251252	1.262004	0.500000
11.341715	5.590197	1.462125	0.500000
7.566814	6.872660	1.262973	0.500000
9.894812	5.701764	1.290676	0.500000
0.732710	3.679174	1.406206	0.500000
5.316013	10.214342	1.394490	0.500000
11.909114	4.430747	0.693819	0.500000
12.664432	1.132360	0.551716	0.500000
4.588095	12.701717	0.539325	0.500000
7.930322	4.237529	0.699539	0.500000
0.555197	6.500330	1.465983	0.500000
11.601929	12.502163	1.404435	0.500000
0.809300	1.634484	1.407268	0.500000
0.375178	12.222259	1.405740	0.500000
1.173004	2.348756	0.579758	0.500000
4.047646	6.306207	1.369748	0.500000
12.469446	2.619803	1.120985	0.500000
7.068069	9.598738	0.612600	0.500000
2.600660	1.072141	1.478628	0.500000
12.327275	5.306287	1.430645	0.500000
8.461554	5.074388	0.544574	0.500000
6.992916	7.738397	0.866086	0.500000
6.343878	0.194575	1.454790	0.500000
1.444426	9.189463	0.527951	0.500000
5.862976	3.204973	1.485704	0.500000
11.295513	3.161712	1.446210	0.500000
13.108706	5.503213	0.762273	0.500000
0.824484	5.849495	0.506822	0.500000
10.735277	6.414802	1.497393	0.500000
4.966579	10.657551	0.523692	0.500000
7.606734	1.322147	0.685280	0.500000
11.253276	8.506459	0.662846	0.500000
4.496143	9.187751	1.284649	0.500000
5.091323	8.547640	0.617313	0.500000
2.310259	9.241308	1.466545	0.500000
1.998168	3.979243	1.147761	0.500000
6.647846	5.378986	0.522379	0.500000
7.521295	0.054286	0.550999	0.500000
7.945483	5.944295	0.571833	0.500000
11.801581	6.906255	1.461340	0.500000
4.105694	5.658211	0.548169	0.500000
3.780100	0.994585	1.368187	0.500000
2.892682	12.286865	0.500813	0.500000
3.268252	2.255468	0.640338	0.500000
6.183357	5.409814	1.416536	0.500000
6.062997	6.684938	0.598291	0.500000
1.575456	0.079210	0.700054	0.500000
11.098969	0.232914	1.212372	0.500000
0.507891	11.178331	1.498510	0.500000
10.512896	8.654314	1.494356	0.500000
6.236660	10.860990	0.802908	0.500000
4.814093	5.244362	1.315949	0.500000
8.195417	11.615930	0.507150	0.500000
10.150951	11.172476	1.474990	0.500000
9.308020	9.312870	1.433423	0.500000
13.006637	8.873243	1.427549	0.500000
12.144674	0.264792	0.525814	0.500000
12.735291	8.396435	0.586376	0.500000
3.328509	9.838996	1.470871	0.500000
12.606159	11.857558	1.483621	0.500000
12.975943	1.436574	1.475263	0.500000
3.281910	4.889576	1.354808	0.500000
1.936000	6.388589	0.660798	0.500000
10.271002	0.940126	1.246926	0.500000
7.098877	12.291554	0.728662	0.500000
12.448732	3.500698	0.557227	0.500000
4.810795	6.517044	0.534966	0.500000
4.390305	0.158529	1.498410	0.500000
8.479248	7.028105	0.713294	0.500000
0.240485	9.555846	0.747090	0.500000
1.081530	4.274810	0.555402	0.500000
9.778537	7.627478	0.599641	0.500000
6.728550	6.364634	1.462158	0.500000
2.324189	2.564355	0.814353	0.500000
1.717240	5.447491	1.471850	0.500000
2.699346	12.149707	1.497182	0.500000
5.935087	9.620202	0.578085	0.500000
3.927820	7.481007	1.493259	0.500000
6.424593	9.754502	1.489335	0.500000
3.403913	12.947776	1.328484	0.500000
6.222081	7.566937	1.497662	0.500000
1.711535	3.024060	1.494203	0.500000
3.237153	11.138103	1.220809	0.500000
0.051935	6.501083	0.523385	0.500000
5.682839	2.503214	0.662861	0.500000
5.590341	8.856534	1.490399	0.500000
10.034559	8.672743	0.560073	0.500000
1.520202	0.766407	1.442514	0.500000
0.114933	1.961181	0.669423	0.500000
10.019575	2.293689	0.615392	0.500000
3.444957	3.112308	1.446637	0.500000
8.540182	2.663869	0.574057	0.500000
10.933660	9.525310	0.523926	0.500000
0.290511	12.884768	0.559115	0.500000
8.576998	12.011877	1.385652	0.500000
6.593351	0.628099	0.579696	0.500000
12.408526	12.102183	0.522540	0.500000
13.156012	10.303616	1.404232	0.500000
12.916975	4.095444	1.232924	0.500000
9.695911	1.792941	1.462153	0.500000
11.355486	9.234231	1.404525	0.500000
11.008715	1.580072	0.982349	0.500000
4.218148	0.465057	0.547524	0.500000
2.558602	9.986725	0.579892	0.500000
3.997558	11.803260	0.639349	0.500000
0.635215	1.059591	0.563467	0.500000
7.998252	8.047454	0.501629	0.500000
4.475057	3.806657	1.366206	0.500000
0.669664	8.020164	1.410653	0.500000
1.066120	9.540812	1.459443	0.500000
10.142322	6.334568	0.527220	0.500000
7.289279	5.535784	1.486849	0.500000
8.443380	1.994920	1.426211	0.500000
8.757208	3.674411	0.913941	0.500000
2.145902	11.280200	0.585011	0.500000
4.252307	11.212323	1.406135	0.500000
7.452661	9.978963	1.464904	0.500000
3.874650	6.899652	0.556240	0.500000
9.355817	12.414554	0.535374	0.500000
6.831410	8.825390	1.410520	0.500000
9.457946	6.758426	1.414729	0.500000
4.912426	4.281069	0.547296	0.500000
2.936606	4.037968	0.503036	0.500000
1.872486	12.349518	0.531422	0.500000
2.872503	1.280411	0.508444	0.500000
13.104215	7.244515	1.280615	0.500000
10.288925	12.804702	0.591282	0.500000
1.581697	7.238728	1.438290	0.500000
6.696138	2.833465	0.688880	0.500000
5.467144	12.195895	1.412156	0.500000
