300

11.945980	13.167279	0.518990	0.500000
4.056248	6.773028	1.348040	0.500000
2.212964	1.199397	2.426490	0.500000
1.124989	4.897542	1.432011	0.500000
2.070128	10.253835	2.447991	0.500000
0.602529	1.525915	0.716359	0.500000
5.011782	4.630043	2.402510	0.500000
11.329249	6.053621	1.764069	0.500000
4.840743	4.248254	0.514756	0.500000
8.012780	10.765875	1.109835	0.500000
0.230324	12.301243	0.714901	0.500000
7.008927	6.521493	2.266926	0.500000
4.660098	7.231686	0.635085	0.500000
6.415276	3.434885	1.466139	0.500000
8.326962	9.899916	2.083038	0.500000
3.902717	4.647872	1.277734	0.500000
0.999310	6.160398	1.577468	0.500000
9.353100	12.291511	2.301677	0.500000
9.965641	7.788407	0.572711	0.500000
8.861166	1.955091	0.581017	0.500000
5.493429	2.341251	0.572748	0.500000
3.274266	6.406867	0.513436	0.500000
2.995096	11.691024	2.092848	0.500000
13.002823	11.644023	1.473099	0.500000
12.215620	3.511322	0.641819	0.500000
0.868107	7.082093	2.458972	0.500000
6.706947	3.817409	0.514814	0.500000
1.738020	0.332167	2.233378	0.500000
3.805811	8.306928	2.413196	0.500000
9.058312	0.125013	1.593954	0.500000
7.093803	0.035948	0.845780	0.500000
8.655573	8.964889	2.428350	0.500000
11.156135	5.209890	2.291266	0.500000
12.872334	7.371588	2.194995	0.500000
5.971005	0.561634	2.457675	0.500000
9.282611	11.285214	1.989476	0.500000
3.044306	5.675358	1.942277	0.500000
0.372410	6.462988	0.643780	0.500000
3.333877	5.264490	0.541383	0.500000
12.333312	7.088007	0.727471	0.500000
8.229625	4.160213	0.637271	0.500000
5.300455	5.615137	2.489327	0.500000
2.561440	3.624869	0.547746	0.500000
7.595609	5.290407	0.524491	0.500000
0.213237	2.702130	1.647107	0.500000
2.679810	8.176717	2.461650	0.500000
1.973728	8.545922	1.267699	0.500000
13.211051	10.175902	2.494277	0.500000
0.901641	9.097434	0.698863	0.500000
10.238486	7.251868	2.398471	0.500000
1.083564	11.056032	2.317700	0.500000
5.297269	9.339722	0.516065	0.500000
13.029492	12.586367	2.454789	0.500000
0.436156	10.182463	0.784625	0.500000
8.307159	6.212270	2.225775	0.500000
3.634438	11.369529	0.637935	0.500000
1.384351	10.218951	1.671043	0.500000
12.435293	1.215113	0.566829	0.500000
7.024929	4.503081	2.263183	0.500000
5.667840	10.638468	1.806085	0.500000
8.114492	1.840498	1.536019	0.500000
8.472613	11.788352	2.414029	0.500000
11.504502	12.148737	1.514031	0.500000
2.038466	4.983219	0.502286	0.500000
11.493943	10.180918	2.378758	0.500000
0.976313	11.723970	1.521167	0.500000
11.317749	9.070457	2.411870	0.500000
8.147494	1.207429	2.435657	0.500000
3.484841	2.533011	1.170146	0.500000
11.976060	4.088340	1.578845	0.500000
2.925181	8.543816	0.551926	0.500000
11.085132	7.846295	0.748326	0.500000
5.593812	8.164632	1.195913	0.500000
5.619875	2.201374	2.230551	0.500000
4.974101	12.808214	2.161098	0.500000
11.689427	7.475832	1.584299	0.500000
8.005171	4.270495	1.862669	0.500000
2.685967	4.424926	2.175271	0.500000
0.698361	5.348856	2.468134	0.500000
8.212356	11.849663	0.831380	0.500000
3.652308	7.505538	0.661119	0.500000
5.802110	6.708979	0.553698	0.500000
11.265043	9.102932	0.549366	0.500000
3.347073	2.997692	2.317437	0.500000
3.611377	3.985316	2.112475	0.500000
6.396353	7.584364	0.880453	0.500000
6.475784	11.447369	2.461295	0.500000
2.026787	12.596318	2.474901	0.500000
11.626898	2.011530	2.312053	0.500000
2.546187	6.777670	1.346195	0.500000
0.921555	0.490885	1.288835	0.500000
9.331922	6.547413	2.447210	0.500000
6.283237	9.075676	1.032796	0.500000
1.359617	12.037093	0.551435	0.500000
1.318820	7.828413	0.943281	0.500000
0.443740	4.202972	2.475305	0.500000
8.947947	1.975510	2.369695	0.500000
11.475226	10.133303	0.752525	0.500000
8.709917	0.676540	0.656960	0.500000
9.804998	5.154729	1.551237	0.500000
10.291009	12.926169	2.371498	0.500000
11.881757	2.804655	1.739978	0.500000
4.490558	3.011624	0.552415	0.500000
9.808989	12.485124	0.704620	0.500000
8.684880	8.293946	0.831293	0.500000
10.627195	2.466071	1.917025	0.500000
1.741977	12.688106	1.401100	0.500000
4.964879	2.982112	2.192666	0.500000
4.634231	0.868543	0.506004	0.500000
6.575393	8.144240	1.757655	0.500000
6.032099	8.712792	2.491028	0.500000
0.291137	4.778985	0.508829	0.500000
9.102462	1.431664	1.416935	0.500000
5.218614	0.928078	1.413331	0.500000
6.895588	11.650118	0.525346	0.500000
4.868326	11.315650	0.854798	0.500000
3.976179	11.899154	1.684420	0.500000
13.125780	6.110946	2.387375	0.500000
5.708254	9.479605	1.827138	0.500000
10.794485	10.609323	1.708133	0.500000
10.182520	3.954536	1.441166	0.500000
4.375282	10.444335	1.110205	0.500000
8.313901	5.247321	1.487120	0.500000
0.168400	5.419184	1.464568	0.500000
2.211566	7.379333	0.609920	0.500000
1.477881	4.587998	2.376933	0.500000
10.773975	4.036586	2.432288	0.500000
3.644159	3.533900	0.855311	0.500000
12.404187	10.963700	0.541024	0.500000
3.842674	12.827868	2.461994	0.500000
0.306783	1.654505	1.675348	0.500000
3.069802	0.231848	2.076713	0.500000
6.083064	0.184054	0.878106	0.500000
4.890124	1.970231	1.429162	0.500000
2.779427	10.700711	1.758671	0.500000
1.709237	7.867774	2.117833	0.500000
6.244355	10.531911	0.902713	0.500000
1.655685	10.837139	0.540817	0.500000
7.098535	9.672559	0.562242	0.500000
11.452004	11.522044	0.546915	0.500000
2.717739	4.529143	1.145324	0.500000
4.056346	5.704197	1.313329	0.500000
12.724208	6.197377	1.224877	0.500000
12.741270	8.226072	1.374585	0.500000
2.884605	1.403733	0.571869	0.500000
9.358558	10.236662	1.380738	0.500000
9.029777	6.988841	1.483849	0.500000
11.707606	6.039296	0.780947	0.500000
10.604476	6.923920	1.146202	0.500000
7.890515	10.880201	2.325063	0.500000
5.989310	4.849254	2.104844	0.500000
1.085906	13.052806	0.503223	0.500000
10.242619	8.804396	0.571396	0.500000
12.937209	11.372436	2.448050	0.500000
6.552910	2.600925	2.194155	0.500000
4.110620	0.312912	1.568581	0.500000
10.428598	11.743137	1.379215	0.500000
11.636209	4.330039	0.552471	0.500000
7.328773	9.805733	1.725566	0.500000
5.464654	3.309412	0.841402	0.500000
10.525710	0.532716	0.646325	0.500000
5.651160	4.098124	1.518257	0.500000
11.944815	11.120899	2.061147	0.500000
4.061265	11.254473	2.488580	0.500000
9.105817	0.733979	2.419478	0.500000
10.592618	5.923706	0.778294	0.500000
1.860661	5.642662	2.121755	0.500000
8.235528	13.180015	2.485858	0.500000
3.314352	1.484384	2.443416	0.500000
11.407496	0.610137	1.257008	0.500000
1.495551	3.327805	0.651144	0.500000
0.405116	7.534790	1.535083	0.500000
12.597640	4.706498	2.338246	0.500000
7.599986	2.793146	2.311048	0.500000
4.017049	12.309963	0.512626	0.500000
0.702808	12.671060	1.931522	0.500000
7.641298	3.523443	1.275766	0.500000
10.536264	1.773341	1.121657	0.500000
12.708651	2.595441	2.357555	0.500000
7.279326	1.837759	2.483481	0.500000
6.644337	12.473915	1.731620	0.500000
0.452039	4.037608	1.369929	0.500000
5.481008	6.928763	2.455370	0.500000
12.336271	9.765653	1.660719	0.500000
12.940380	10.592768	1.520419	0.500000
7.826710	12.609086	1.738462	0.500000
2.361755	2.608938	1.769940	0.500000
11.283142	3.466374	1.196131	0.500000
3.277837	10.432387	0.889167	0.500000
4.236654	6.456008	2.420531	0.500000
7.229046	5.956081	1.444892	0.500000
5.268623	10.358310	0.612966	0.500000
12.388019	9.445389	0.552459	0.500000
8.685212	7.251865	0.521343	0.500000
9.368605	6.120489	0.883482	0.500000
2.892577	12.459485	1.192933	0.500000
12.234833	8.086589	0.508450	0.500000
7.539633	8.251593	0.519107	0.500000
8.393505	7.813092	1.807578	0.500000
1.855038	2.045170	0.789094	0.500000
9.556076	3.073979	1.155044	0.500000
11.089379	8.035363	2.335692	0.500000
7.157675	11.199532	1.681338	0.500000
5.543091	11.821541	1.423477	0.500000
4.936245	0.711242	2.390447	0.500000
1.412000	3.898001	1.638621	0.500000
0.303297	8.279885	0.511821	0.500000
11.744445	8.667218	1.433082	0.500000
11.263677	2.368266	0.721411	0.500000
4.959887	13.110489	0.704550	0.500000
12.898603	0.304845	0.519351	0.500000
7.290618	7.076776	0.836804	0.500000
3.703566	10.146424	1.822626	0.500000
4.270467	1.865176	2.273783	0.500000
6.754634	13.127253	2.494918	0.500000
12.588926	5.054305	0.894715	0.500000
2.222127	3.533507	2.130117	0.500000
11.285599	12.581520	2.454765	0.500000
10.963421	0.740489	2.274186	0.500000
5.931307	1.138810	0.506113	0.500000
9.746449	4.356583	2.475989	0.500000
12.424032	12.121717	0.771363	0.500000
4.625132	10.250315	2.342865	0.500000
1.278523	5.679682	0.561863	0.500000
8.252142	9.382828	1.097967	0.500000
2.644925	0.234612	0.670302	0.500000
5.901354	3.710876	2.458411	0.500000
0.595097	8.233126	2.359167	0.500000
1.697530	0.841081	0.537466	0.500000
9.227294	4.652456	0.875537	0.500000
8.921067	10.870949	0.551989	0.500000
2.520329	9.786226	0.738525	0.500000
3.832031	9.483957	0.662728	0.500000
8.612285	12.891957	0.504992	0.500000
9.073369	3.733409	1.813365	0.500000
2.468536	1.606452	1.469108	0.500000
9.323829	9.273459	0.743727	0.500000
12.095341	8.141641	2.259594	0.500000
12.314970	0.074164	2.346186	0.500000
9.740538	9.859503	2.479275	0.500000
10.571082	12.955463	1.262435	0.500000
7.483341	5.609798	2.486044	0.500000
5.292703	7.998817	2.480498	0.500000
4.614536	8.981350	2.451727	0.500000
7.895874	0.801474	1.487555	0.500000
5.282875	5.543467	1.434321	0.500000
9.347712	7.885374	2.468447	0.500000
1.938925	9.221877	2.446009	0.500000
2.766576	7.853345	1.462332	0.500000
9.911864	8.936168	1.609211	0.500000
4.464558	9.053743	1.457584	0.500000
4.530701	5.364993	0.500102	0.500000
2.267545	5.987239	0.791986	0.500000
9.738515	1.211459	0.531144	0.500000
6.848436	1.613919	0.705226	0.500000
12.551563	2.051702	1.157693	0.500000
11.102522	5.068764	1.022510	0.500000
1.272575	9.130505	1.702085	0.500000
6.007111	6.347413	1.629583	0.500000
8.587515	3.146877	0.741733	0.500000
4.530390	8.501854	0.505337	0.500000
6.482995	2.668135	0.550091	0.500000
7.630135	2.327304	0.640908	0.500000
10.441097	8.001199	1.570748	0.500000
12.905313	3.672854	2.012930	0.500000
1.566751	2.295134	2.412538	0.500000
12.221957	0.926544	1.783617	0.500000
3.977824	1.350221	1.104725	0.500000
7.478790	9.086496	2.475885	0.500000
7.026474	4.887400	1.265777	0.500000
10.049350	0.679885	1.690568	0.500000
0.043732	9.213073	1.456389	0.500000
0.011453	3.345691	0.611569	0.500000
2.739152	7.091033	2.418751	0.500000
7.814942	1.200030	0.541496	0.500000
1.498519	1.532990	1.718197	0.500000
10.359700	10.469504	0.506465	0.500000
6.107532	12.312602	0.641886	0.500000
11.820001	3.539063	2.487574	0.500000
6.682829	0.720060	1.606801	0.500000
4.830976	7.534766	1.675849	0.500000
3.656037	4.979907	2.428192	0.500000
6.571193	10.429410	2.474039	0.500000
5.075100	11.380683	2.251039	0.500000
6.029853	4.878437	0.773819	0.500000
13.085979	0.270402	1.595416	0.500000
1.974713	11.496755	1.658425	0.500000
0.008009	0.980605	2.467854	0.500000
3.810598	8.143586	1.424780	0.500000
6.107604	1.716124	1.484476	0.500000
2.619707	11.598679	0.556703	0.500000
8.558471	2.760266	1.769795	0.500000
3.139531	9.161892	1.519021	0.500000
7.456294	7.451565	2.415304	0.500000
12.072508	6.130251	2.461805	0.500000
3.441256	9.250481	2.484491	0.500000
10.950112	11.471936	2.395861	0.500000
7.977216	6.369228	0.630086	0.500000
7.330697	8.842286	1.312658	0.500000
10.325328	5.969898	1.844286	0.500000
