300

10.714551	8.317666	1.911590	0.500000
4.397775	4.744138	2.300145	0.500000
0.887613	5.133484	1.116669	0.500000
6.076639	12.541721	0.525766	0.500000
6.071919	8.094951	0.565335	0.500000
5.228662	13.025254	1.241041	0.500000
5.407548	7.280484	1.133245	0.500000
2.908064	2.586853	1.670436	0.500000
10.727579	6.817213	0.674789	0.500000
12.000768	11.047492	0.529474	0.500000
11.752155	8.487560	1.683490	0.500000
6.519098	8.419875	1.666931	0.500000
13.158672	6.681323	2.445624	0.500000
3.292340	6.066631	1.079331	0.500000
10.962379	10.918830	2.481458	0.500000
4.281577	7.704908	0.596095	0.500000
5.642026	5.235800	1.128226	0.500000
8.799774	0.688982	0.676481	0.500000
10.926045	11.879972	0.674997	0.500000
9.005111	2.310222	2.308990	0.500000
7.291928	3.991521	2.469488	0.500000
6.286690	7.126459	2.313528	0.500000
7.135783	0.689303	2.280681	0.500000
10.553840	11.840199	2.499989	0.500000
9.420728	3.369434	0.544590	0.500000
7.408775	8.271104	2.176293	0.500000
0.651666	4.434439	2.177365	0.500000
1.514582	3.508475	0.558220	0.500000
0.722074	9.798705	0.607734	0.500000
12.538245	2.338911	2.352857	0.500000
5.326281	2.935588	2.327949	0.500000
9.862901	5.233119	2.096934	0.500000
1.598438	0.679657	0.603856	0.500000
0.260154	6.479496	1.280890	0.500000
3.841226	8.170133	1.533381	0.500000
8.821111	10.472200	0.663447	0.500000
1.594908	6.407288	2.398609	0.500000
4.065408	5.365476	1.588024	0.500000
4.775932	4.924380	0.682699	0.500000
11.442222	4.641898	2.411966	0.500000
11.177746	3.338301	0.683574	0.500000
6.966081	11.078387	1.583604	0.500000
5.596184	1.743129	0.564157	0.500000
7.819720	4.007527	1.015424	0.500000
0.726973	2.046244	2.178383	0.500000
2.434430	8.627369	1.388072	0.500000
4.922625	8.555177	0.841539	0.500000
5.530404	10.800333	1.737923	0.500000
9.736174	13.020073	0.513418	0.500000
13.124638	8.697681	1.993061	0.500000
8.947538	13.074600	2.325188	0.500000
1.324886	9.864546	2.452386	0.500000
10.243324	1.154076	2.446274	0.500000
1.759442	10.522064	1.428529	0.500000
7.407558	6.409738	2.371632	0.500000
8.483905	12.815119	0.624446	0.500000
7.401840	8.630048	1.213360	0.500000
2.542883	1.098454	0.998477	0.500000
6.593887	5.799162	2.440940	0.500000
8.216150	7.931761	1.679166	0.500000
5.372868	0.930610	1.471340	0.500000
10.338466	10.374080	1.441689	0.500000
1.362316	12.223248	2.426552	0.500000
0.743828	8.267712	1.548879	0.500000
6.700561	7.028949	0.635627	0.500000
6.828648	4.437847	0.550628	0.500000
11.416310	4.100846	1.323103	0.500000
11.935035	1.485006	2.113237	0.500000
4.563467	1.429604	0.506732	0.500000
12.847448	3.512573	2.089867	0.500000
7.536973	7.039545	1.302547	0.500000
0.866845	8.750198	2.432616	0.500000
3.401763	10.524324	1.532790	0.500000
3.187636	4.583375	1.976751	0.500000
7.643921	5.088960	1.105279	0.500000
5.638604	7.843207	1.978357	0.500000
9.564848	6.189297	1.935365	0.500000
2.729116	3.961189	0.696336	0.500000
0.578979	0.699064	0.504849	0.500000
8.305159	7.123727	2.366539	0.500000
1.331397	5.925260	1.542778	0.500000
9.488712	4.093665	1.699871	0.500000
12.894075	1.006669	2.403968	0.500000
4.185830	11.297202	2.375934	0.500000
5.739690	4.679381	2.409363	0.500000
10.018345	11.202883	0.607103	0.500000
4.425554	11.820733	1.298807	0.500000
0.261202	2.085260	1.050122	0.500000
11.255320	11.383223	1.566029	0.500000
1.197076	7.721251	2.269797	0.500000
1.032901	8.823591	0.707825	0.500000
1.379949	7.378569	0.939396	0.500000
7.733256	10.758207	0.567557	0.500000
8.305557	2.438811	0.575989	0.500000
0.218980	3.115670	0.528757	0.500000
8.255400	8.919974	0.567578	0.500000
10.646560	13.011145	2.101635	0.500000
9.800065	10.125923	0.616919	0.500000
6.079899	1.049941	2.389671	0.500000
12.304477	7.700142	2.280453	0.500000
9.951560	10.842739	2.496409	0.500000
8.822704	4.389417	2.451809	0.500000
3.584598	1.731103	0.613574	0.500000
12.671208	1.491329	1.244347	0.500000
9.660686	11.455506	1.652857	0.500000
1.673292	1.664484	2.485140	0.500000
2.116477	5.606660	0.509794	0.500000
3.486646	0.727843	0.700685	0.500000
12.646620	7.635147	0.588771	0.500000
11.036682	9.163250	2.352322	0.500000
3.514686	9.355418	1.575276	0.500000
6.470802	13.067254	2.380969	0.500000
2.522769	12.166077	0.626347	0.500000
4.182419	9.566554	2.497948	0.500000
0.492656	7.704788	0.603215	0.500000
6.995749	12.099317	2.312660	0.500000
3.914567	8.951034	0.505089	0.500000
1.594430	0.662881	2.148608	0.500000
6.827752	9.549538	1.722244	0.500000
7.844783	12.560337	1.609474	0.500000
3.902710	1.493049	1.543802	0.500000
6.445532	10.611572	2.484021	0.500000
5.912555	0.520200	0.540743	0.500000
9.758004	5.079856	1.100124	0.500000
6.518531	3.573361	1.645355	0.500000
9.017662	8.514448	1.449039	0.500000
12.523431	2.558972	1.023441	0.500000
0.526097	12.285830	1.513086	0.500000
12.759981	9.058430	0.892230	0.500000
5.269737	2.100784	1.477395	0.500000
12.293180	11.863300	1.305873	0.500000
10.788548	5.567143	0.735316	0.500000
0.071146	0.475246	1.541344	0.500000
2.285752	6.403165	1.634888	0.500000
1.801314	11.252991	2.436321	0.500000
2.812577	8.376525	2.374218	0.500000
10.193480	12.437900	1.330932	0.500000
4.691708	10.262759	0.566472	0.500000
11.020523	1.073420	1.812167	0.500000
5.865028	11.087041	0.516745	0.500000
8.842701	5.456743	1.371078	0.500000
12.388958	6.654679	0.595971	0.500000
11.022293	3.234513	2.459101	0.500000
12.681030	6.022176	1.759530	0.500000
1.116747	2.189214	0.525335	0.500000
8.987972	11.456346	0.574838	0.500000
0.806435	3.371068	1.339881	0.500000
9.223584	7.933576	0.513296	0.500000
6.712968	9.085254	0.552654	0.500000
4.618877	9.751017	1.524428	0.500000
5.412303	5.723422	2.340236	0.500000
9.099458	12.334250	1.475621	0.500000
7.946549	3.094140	1.438086	0.500000
11.271880	10.251736	1.781219	0.500000
10.727047	1.238076	0.837491	0.500000
1.572371	12.883026	1.580498	0.500000
9.289330	9.083676	0.544799	0.500000
8.022395	1.570280	2.471350	0.500000
5.790407	9.164239	1.288487	0.500000
11.003215	5.002991	1.552615	0.500000
7.872889	13.070342	2.485291	0.500000
6.719130	1.617288	0.522131	0.500000
11.113792	9.183210	0.547341	0.500000
0.718358	10.425820	1.791711	0.500000
8.194239	3.343576	2.466096	0.500000
11.780302	1.507458	0.588510	0.500000
2.330313	13.176269	0.942872	0.500000
11.693714	0.200874	2.458021	0.500000
1.893600	4.599255	1.063056	0.500000
1.409508	11.843796	0.632243	0.500000
6.052036	6.429981	1.211047	0.500000
1.096688	6.392571	0.519870	0.500000
3.291754	11.933552	1.224316	0.500000
8.129178	0.369901	1.642427	0.500000
7.028815	12.835048	1.015968	0.500000
10.273242	7.784807	0.928041	0.500000
0.875412	1.103262	1.602670	0.500000
4.492585	0.273450	2.315650	0.500000
10.830124	4.566860	0.596632	0.500000
8.239661	11.320330	1.291051	0.500000
11.096323	10.351850	0.677706	0.500000
12.465042	11.633932	2.284491	0.500000
5.418524	9.402876	2.486454	0.500000
3.769010	7.016281	1.284420	0.500000
1.673625	9.511756	1.552128	0.500000
9.356714	7.223616	1.739196	0.500000
4.013560	12.738487	0.928125	0.500000
7.012429	1.665083	1.806650	0.500000
3.488492	12.708174	1.952640	0.500000
0.715322	3.116903	2.353125	0.500000
9.064897	5.992038	0.552971	0.500000
5.688820	11.826991	1.636388	0.500000
5.832628	3.947826	0.835772	0.500000
7.198522	7.914681	0.544204	0.500000
9.749160	0.627224	1.530120	0.500000
2.005128	5.081615	2.496676	0.500000
2.156154	7.240263	2.264033	0.500000
4.505618	10.800613	1.513100	0.500000
12.253687	0.477140	1.671636	0.500000
1.837170	2.710411	2.256017	0.500000
0.270698	12.635549	0.537218	0.500000
12.197560	9.180647	2.455502	0.500000
2.553644	0.990182	2.051191	0.500000
7.532173	11.862394	0.527681	0.500000
4.306799	2.400721	2.459207	0.500000
8.895995	4.212741	0.664464	0.500000
0.685798	5.890778	2.423179	0.500000
0.413516	4.184992	0.589297	0.500000
12.272781	4.999347	0.968416	0.500000
6.858512	10.190787	0.657898	0.500000
9.145222	10.582926	1.646937	0.500000
2.135730	3.930561	1.915990	0.500000
12.970896	5.063652	2.481020	0.500000
3.999602	5.597414	0.518293	0.500000
4.934958	12.201211	2.386049	0.500000
10.466604	4.333570	2.269238	0.500000
5.059958	3.469933	1.296599	0.500000
0.228506	9.785178	2.421871	0.500000
10.877183	12.907062	0.515216	0.500000
12.890208	12.954878	2.442778	0.500000
11.636500	6.434034	2.303075	0.500000
7.836667	10.569467	1.829634	0.500000
1.997348	9.009341	2.398455	0.500000
11.477064	6.438492	1.230572	0.500000
0.099896	11.645097	0.798980	0.500000
5.452798	13.145164	2.238116	0.500000
4.838888	1.548899	2.466639	0.500000
8.109227	6.213511	1.501327	0.500000
12.077475	10.101440	1.143361	0.500000
3.594523	3.431657	1.333019	0.500000
7.695452	9.767008	1.142939	0.500000
6.522058	2.383658	2.469491	0.500000
2.653164	10.870732	0.718864	0.500000
6.176329	2.465246	0.950719	0.500000
2.109978	2.365933	1.061650	0.500000
3.579337	0.527694	1.962412	0.500000
12.408688	0.382376	0.526554	0.500000
9.938217	8.895283	2.356244	0.500000
10.505011	2.327512	2.463037	0.500000
8.001457	1.432702	0.701718	0.500000
10.643144	2.542018	1.046599	0.500000
7.447303	6.183084	0.500631	0.500000
9.045079	7.905384	2.463637	0.500000
10.624691	6.279872	2.464263	0.500000
9.542647	1.940472	0.598985	0.500000
3.533559	9.863874	0.695578	0.500000
13.183696	5.735540	0.603918	0.500000
2.328806	5.358817	1.565368	0.500000
7.724818	5.008277	2.250325	0.500000
8.245306	8.967894	2.071445	0.500000
3.412828	7.393010	2.272151	0.500000
3.694422	4.426520	1.063522	0.500000
3.691030	11.048196	0.550687	0.500000
1.310481	10.791864	0.541076	0.500000
2.352949	13.199258	2.125332	0.500000
9.779638	2.054768	1.636426	0.500000
8.146403	7.519285	0.641040	0.500000
0.190442	11.246636	2.089338	0.500000
4.949671	6.880668	2.181059	0.500000
4.568750	6.582222	0.629653	0.500000
1.849572	8.220438	0.572048	0.500000
5.054367	4.455933	1.538825	0.500000
6.526058	0.639633	1.458843	0.500000
10.310471	9.159410	1.334501	0.500000
10.262051	7.504928	2.284487	0.500000
2.880984	11.417856	2.207496	0.500000
3.920754	2.463883	1.248383	0.500000
7.563490	2.583515	2.227593	0.500000
0.154803	7.730544	2.173168	0.500000
12.346004	3.524869	0.564166	0.500000
8.309520	2.072209	1.598031	0.500000
11.822786	12.935474	1.127256	0.500000
11.547589	7.913191	0.799312	0.500000
5.877266	10.118329	0.927270	0.500000
3.287315	1.651026	2.330763	0.500000
4.329335	3.773004	0.588693	0.500000
9.664548	6.810426	0.582284	0.500000
9.029959	1.203625	2.462029	0.500000
10.300775	3.750451	0.957488	0.500000
7.380688	3.100888	0.520342	0.500000
8.652925	11.214996	2.259188	0.500000
11.616952	12.284779	2.452344	0.500000
3.022837	7.865457	0.532161	0.500000
4.814724	8.797651	1.843097	0.500000
2.792525	9.092819	0.561272	0.500000
2.303010	6.842543	0.669521	0.500000
3.089222	5.731368	2.388962	0.500000
11.581843	2.782958	1.705566	0.500000
9.041376	9.597907	1.905753	0.500000
7.774721	0.342425	0.554918	0.500000
6.397733	4.613363	1.516166	0.500000
3.653716	3.599946	2.499635	0.500000
2.603000	9.888606	1.964963	0.500000
2.207534	11.897227	1.595936	0.500000
8.575602	5.839050	2.395289	0.500000
0.692246	0.194085	2.288306	0.500000
12.960020	4.377603	1.386582	0.500000
4.450100	7.778668	2.495039	0.500000
6.721025	5.455580	0.883132	0.500000
2.934694	4.993570	0.720125	0.500000
