300

11.285223	8.817250	2.343449	0.500000
4.510510	6.030254	1.568095	0.500000
0.218755	7.082465	1.888905	0.500000
5.976254	12.331860	2.411821	0.500000
1.563393	5.093722	1.603104	0.500000
5.285450	0.898170	0.577339	0.500000
5.038398	8.441647	0.813960	0.500000
4.452794	5.963287	0.508485	0.500000
10.548142	8.064703	2.113765	0.500000
12.939927	7.126579	0.648514	0.500000
12.092839	5.692514	2.478759	0.500000
6.462676	10.462061	1.855671	0.500000
2.668780	8.188801	2.305006	0.500000
4.922806	6.959697	0.654666	0.500000
10.435192	10.107223	2.398772	0.500000
4.160245	7.961455	0.577443	0.500000
5.511108	6.351817	1.537068	0.500000
11.157554	12.827689	2.471073	0.500000
9.141028	12.813278	0.854068	0.500000
12.691634	13.076932	1.566988	0.500000
6.091188	6.116815	2.465494	0.500000
6.913704	7.312854	1.130942	0.500000
5.145627	12.925855	1.770321	0.500000
12.123466	12.316544	2.478010	0.500000
8.288874	4.623277	0.594696	0.500000
7.251936	7.129715	2.113207	0.500000
0.594296	4.434584	0.663771	0.500000
0.549465	5.231620	1.276625	0.500000
12.311059	11.129765	2.243043	0.500000
0.868471	2.765670	1.538691	0.500000
8.341358	3.625409	1.168782	0.500000
10.238541	5.457434	2.480844	0.500000
1.934623	0.404412	0.674642	0.500000
0.756499	4.741559	2.268563	0.500000
4.210054	10.215679	0.683698	0.500000
7.907506	11.282161	0.691459	0.500000
3.142080	7.791427	0.801855	0.500000
5.660926	5.177453	1.576413	0.500000
6.550334	6.407841	1.552893	0.500000
10.863643	2.920774	1.402702	0.500000
11.552284	5.456338	1.470330	0.500000
7.448381	10.210643	1.904213	0.500000
7.923746	0.614346	0.620837	0.500000
8.850837	2.823321	1.628677	0.500000
12.795974	2.576567	0.674325	0.500000
5.476807	6.075541	0.566591	0.500000
5.457946	9.517618	1.044013	0.500000
2.635390	12.395123	0.771206	0.500000
9.897810	0.485609	1.823477	0.500000
1.097840	7.735815	2.038725	0.500000
8.478445	0.936675	1.434672	0.500000
2.779405	10.200060	1.573261	0.500000
11.255837	2.064655	0.586981	0.500000
1.342775	9.957118	0.709851	0.500000
6.698649	5.189978	2.429528	0.500000
7.999720	0.046955	1.828288	0.500000
9.583065	8.099355	0.523427	0.500000
3.886058	0.685240	0.519095	0.500000
7.435095	5.988891	0.863447	0.500000
5.875290	7.356911	1.551630	0.500000
6.673271	0.348798	1.517210	0.500000
10.869487	0.071960	1.573167	0.500000
2.169687	1.495298	2.291025	0.500000
12.668939	8.760013	2.229160	0.500000
7.692979	7.602918	0.518067	0.500000
5.115609	3.627626	0.530075	0.500000
9.648480	5.377285	1.573961	0.500000
9.776613	12.477058	1.639389	0.500000
5.671215	1.947926	0.500149	0.500000
2.015297	1.774484	0.537484	0.500000
6.730722	5.276446	0.778076	0.500000
11.571991	9.843942	2.438791	0.500000
4.053736	11.242561	2.460184	0.500000
3.069263	5.370683	1.449002	0.500000
8.980527	3.145881	0.553186	0.500000
4.742776	6.624582	2.497871	0.500000
7.907361	4.973693	1.981679	0.500000
4.131861	5.431640	2.490424	0.500000
1.920585	3.391697	1.514274	0.500000
10.361641	6.397274	0.765451	0.500000
13.054952	4.298124	2.459475	0.500000
11.058238	3.508434	0.604593	0.500000
12.155089	1.628201	2.498703	0.500000
2.077696	10.663208	0.886587	0.500000
4.392991	4.976524	1.634533	0.500000
10.842092	11.834802	2.316569	0.500000
4.080762	1.423088	1.655611	0.500000
1.543288	2.034142	1.394980	0.500000
12.357154	12.287994	0.539425	0.500000
2.173930	9.025402	1.431134	0.500000
0.436736	9.671042	2.458487	0.500000
0.989180	7.666999	0.570717	0.500000
7.185411	12.731870	0.715796	0.500000
7.496527	2.476847	1.776315	0.500000
10.665702	4.127041	1.292962	0.500000
8.085792	9.089238	2.360563	0.500000
11.697907	2.289629	1.622358	0.500000
11.565384	11.541098	1.102486	0.500000
2.744052	2.167993	1.623888	0.500000
12.765453	6.318775	2.000463	0.500000
10.963738	9.343647	1.527695	0.500000
10.338200	7.008536	2.232075	0.500000
4.053384	3.821503	0.593595	0.500000
1.722370	0.885144	1.557314	0.500000
8.828538	11.740639	2.122585	0.500000
1.816071	2.694925	2.268629	0.500000
2.866010	3.668088	0.567128	0.500000
0.624024	0.329922	1.238299	0.500000
11.781864	7.604640	0.621969	0.500000
9.803958	9.134177	2.423322	0.500000
2.422209	9.936249	2.487629	0.500000
3.005200	1.008742	1.842506	0.500000
3.090233	11.398181	1.047577	0.500000
3.930186	10.626248	1.569656	0.500000
11.620401	6.300350	0.575866	0.500000
7.177572	12.928310	2.444568	0.500000
3.272499	10.612027	2.459173	0.500000
1.053889	12.432216	2.338581	0.500000
5.110977	8.948177	2.237621	0.500000
9.350011	13.002343	2.491389	0.500000
3.288260	2.758464	2.353751	0.500000
7.134277	11.804717	1.468079	0.500000
6.050900	13.068147	0.582984	0.500000
9.645300	2.817089	2.343500	0.500000
6.441108	4.161041	2.271431	0.500000
8.515299	6.807905	2.285621	0.500000
12.332215	3.575271	0.921027	0.500000
0.087921	10.226101	0.863971	0.500000
11.184767	10.835565	2.088701	0.500000
6.713403	2.355714	2.441251	0.500000
11.566438	10.501904	0.799005	0.500000
10.479288	5.230363	1.003551	0.500000
10.730872	0.897912	0.506738	0.500000
3.350699	9.204907	2.289815	0.500000
1.761575	11.000440	2.458131	0.500000
4.798996	7.986849	2.475142	0.500000
10.730395	12.086187	1.322625	0.500000
6.484831	9.484667	0.691361	0.500000
11.557461	12.665032	1.163945	0.500000
5.590778	11.329770	1.813676	0.500000
11.544552	4.847317	2.425477	0.500000
12.916829	5.314762	1.949736	0.500000
10.645784	2.392598	2.363467	0.500000
9.952955	2.606539	0.575690	0.500000
3.060434	4.652054	0.686227	0.500000
8.116050	12.415496	2.456072	0.500000
0.087925	3.495384	0.660661	0.500000
9.486914	10.892023	0.570167	0.500000
6.401609	8.194505	0.764144	0.500000
5.007552	12.057075	2.479021	0.500000
6.109448	4.221013	0.957711	0.500000
8.325437	10.433165	2.481925	0.500000
7.923480	1.591118	1.975062	0.500000
12.332843	9.842705	0.536911	0.500000
10.513149	13.070568	0.590489	0.500000
1.272455	12.736989	1.096186	0.500000
8.252177	9.391184	0.575987	0.500000
8.508440	3.706286	2.393383	0.500000
5.336689	10.259179	2.438482	0.500000
10.804458	7.827878	0.956187	0.500000
9.974244	11.294597	1.435880	0.500000
8.693542	0.805607	2.488383	0.500000
9.987904	11.062988	2.449909	0.500000
1.171777	8.859102	2.363658	0.500000
9.094951	6.407885	1.518128	0.500000
12.375293	3.294191	2.309523	0.500000
13.044906	11.847187	2.380917	0.500000
0.929562	2.035323	2.422572	0.500000
2.728895	2.476623	0.521458	0.500000
4.110966	12.178929	0.755122	0.500000
7.439613	3.602428	2.332048	0.500000
12.097552	6.973001	1.345171	0.500000
3.092153	1.471902	0.636543	0.500000
7.277170	1.146089	1.335416	0.500000
8.260563	10.381134	1.019812	0.500000
12.593077	8.725464	0.737903	0.500000
11.416392	1.269143	1.172048	0.500000
3.418847	3.728824	1.559949	0.500000
9.830890	7.644775	1.450520	0.500000
7.153821	1.045986	2.429881	0.500000
9.292164	10.170308	2.008638	0.500000
0.619293	11.035936	0.585990	0.500000
4.163286	9.907867	2.492088	0.500000
3.432116	7.541689	2.377007	0.500000
12.597618	11.027661	0.547248	0.500000
9.550279	9.438159	0.885867	0.500000
3.511899	0.114326	1.357710	0.500000
7.954475	1.841884	0.963504	0.500000
1.587736	11.717428	0.622343	0.500000
11.751285	3.808482	1.708958	0.500000
8.443625	5.804400	0.616052	0.500000
3.301653	12.769719	2.256119	0.500000
7.086768	4.630461	1.453583	0.500000
9.268593	7.561168	2.468736	0.500000
12.169651	0.601187	2.152133	0.500000
4.598902	3.712903	1.522374	0.500000
3.029230	9.037450	0.617792	0.500000
1.470217	9.815949	1.975577	0.500000
12.641996	1.882356	1.522729	0.500000
0.753242	6.380377	2.479714	0.500000
13.062347	0.477556	0.610349	0.500000
11.515445	7.973047	1.744399	0.500000
4.672696	1.844138	0.957369	0.500000
8.041341	12.329405	1.449114	0.500000
5.347145	2.997279	1.368132	0.500000
11.327630	7.106022	2.414708	0.500000
0.188611	4.060188	1.539829	0.500000
1.875903	4.289357	0.916209	0.500000
0.211210	2.821734	2.358343	0.500000
6.760988	0.741989	0.552578	0.500000
10.637889	9.769310	0.513774	0.500000
1.415131	5.699974	0.568195	0.500000
9.861198	3.437665	1.488400	0.500000
8.206546	7.327796	1.387922	0.500000
3.980152	12.073104	1.834416	0.500000
9.517217	4.430822	2.444781	0.500000
5.321163	4.134440	2.254758	0.500000
0.407770	10.838380	2.460417	0.500000
11.689680	0.436748	0.565266	0.500000
2.035995	3.827269	2.447592	0.500000
3.226049	6.622575	1.764224	0.500000
6.205525	9.491901	2.412763	0.500000
2.139676	7.403073	1.745382	0.500000
12.579703	7.767457	1.775267	0.500000
0.558402	12.160838	0.519348	0.500000
4.994387	2.041015	2.467385	0.500000
6.826021	11.800051	0.511920	0.500000
9.449736	7.024555	0.515040	0.500000
0.363713	8.791311	0.521767	0.500000
4.002839	2.755242	1.405274	0.500000
8.391829	8.404676	0.678840	0.500000
5.582794	1.164110	2.061964	0.500000
4.698890	11.194740	0.750170	0.500000
6.181107	2.959466	0.599356	0.500000
1.008390	3.642690	2.306157	0.500000
4.271759	0.410888	2.345159	0.500000
1.101521	3.340695	0.696598	0.500000
8.298162	7.973661	2.277549	0.500000
9.059752	1.958704	0.653858	0.500000
6.924266	2.020107	0.702929	0.500000
12.693111	4.997786	0.757803	0.500000
6.150818	6.912228	0.575557	0.500000
6.159876	7.947166	2.327467	0.500000
7.433412	5.854901	2.289140	0.500000
7.337845	3.990280	0.605642	0.500000
3.073416	10.105591	0.557048	0.500000
1.527081	6.126900	1.845206	0.500000
2.316213	6.213856	1.161939	0.500000
6.770927	3.400465	1.511469	0.500000
7.212785	8.445869	2.254746	0.500000
4.033488	8.984037	1.503458	0.500000
5.189537	5.565550	2.413451	0.500000
4.383600	9.152996	0.539537	0.500000
0.862598	11.581197	1.587069	0.500000
2.045810	12.846443	2.481970	0.500000
9.741037	1.274546	2.430541	0.500000
9.393102	6.239186	2.474112	0.500000
13.135144	11.171476	1.596574	0.500000
4.096656	7.246181	1.553492	0.500000
3.739022	6.774206	0.694385	0.500000
1.185862	8.990798	1.234359	0.500000
5.886126	2.941770	2.439505	0.500000
5.797888	11.880372	0.906396	0.500000
11.348123	9.013147	0.580652	0.500000
8.682815	5.370770	2.492757	0.500000
2.568513	11.967456	2.448222	0.500000
4.438275	3.033308	2.317384	0.500000
6.238278	0.270378	2.464851	0.500000
12.607776	9.909644	2.404376	0.500000
0.250993	1.388972	1.017818	0.500000
8.764509	2.051700	2.306953	0.500000
10.183905	1.742977	1.249303	0.500000
10.804768	6.193275	1.661930	0.500000
5.773139	10.876407	0.522266	0.500000
2.473386	0.121262	1.648527	0.500000
2.484749	6.111634	2.406438	0.500000
9.050468	8.704541	1.755577	0.500000
9.718831	0.590093	0.828425	0.500000
11.306400	1.080864	2.466952	0.500000
6.210653	2.038014	1.440727	0.500000
7.276500	11.355032	2.420520	0.500000
10.673382	11.266870	0.648186	0.500000
2.177902	8.215461	0.787355	0.500000
7.132537	9.129127	1.425015	0.500000
2.094405	11.843658	1.488025	0.500000
0.449403	6.434428	0.825609	0.500000
1.576217	6.973252	2.479357	0.500000
10.923263	3.521140	2.327739	0.500000
8.091597	11.131551	1.670127	0.500000
4.940314	13.061480	0.551324	0.500000
9.776916	4.428252	0.558703	0.500000
2.967566	4.536773	2.110074	0.500000
13.052699	12.176537	1.257860	0.500000
0.828711	0.625782	2.310673	0.500000
10.291831	8.683349	1.124542	0.500000
13.124379	0.164469	2.466392	0.500000
13.194388	1.437646	2.389742	0.500000
4.985659	10.533391	1.532123	0.500000
5.625941	5.075690	0.511371	0.500000
1.831731	7.122682	0.679807	0.500000
