300

1.447791	1.800308	0.510366	0.500000
5.083418	10.426001	0.511567	0.500000
6.185105	2.945489	1.015953	0.500000
12.958324	7.542264	0.589114	0.500000
2.752435	8.257661	0.517290	0.500000
11.577772	2.376856	0.581074	0.500000
1.409001	4.888128	2.477948	0.500000
11.318201	3.532901	2.470642	0.500000
9.155043	2.428865	2.396727	0.500000
0.522637	10.527656	2.458411	0.500000
12.121879	8.984955	1.376288	0.500000
7.331665	5.327443	0.523289	0.500000
3.368558	4.549296	1.563097	0.500000
4.847163	7.051402	0.677512	0.500000
6.335929	8.920583	1.515970	0.500000
2.831655	6.715093	1.387448	0.500000
0.483352	5.669837	1.215332	0.500000
7.551853	3.257214	1.394916	0.500000
6.350295	4.149707	0.567337	0.500000
9.160865	4.496947	1.590488	0.500000
4.369852	5.349251	0.551589	0.500000
3.806703	6.224454	0.548194	0.500000
2.368082	1.263912	2.408634	0.500000
0.001116	12.811502	0.679059	0.500000
10.678365	2.629137	2.020725	0.500000
1.285178	6.185806	0.782276	0.500000
7.976577	5.312041	2.457693	0.500000
1.244592	0.398168	1.426574	0.500000
2.341112	7.931348	2.488417	0.500000
6.437449	0.284735	1.630330	0.500000
7.425627	0.164225	2.314863	0.500000
6.762855	6.723454	1.485433	0.500000
11.645503	6.737645	1.580223	0.500000
10.563714	10.085927	1.202950	0.500000
4.859444	1.305202	2.083987	0.500000
11.334061	9.622946	0.587128	0.500000
2.766051	5.772606	2.228071	0.500000
10.535645	5.750787	0.519270	0.500000
5.393043	5.887331	1.500659	0.500000
10.582769	7.601254	1.645038	0.500000
5.412563	5.015850	0.655771	0.500000
4.256769	5.961169	2.489226	0.500000
2.332641	11.340960	1.324368	0.500000
6.532497	3.806926	1.494123	0.500000
0.994440	7.339391	0.591944	0.500000
3.112840	8.665251	2.294271	0.500000
6.811257	7.264284	2.391272	0.500000
1.110345	9.482140	0.631640	0.500000
1.635852	12.007252	1.725725	0.500000
9.750778	5.024690	0.811902	0.500000
4.647037	9.419489	0.678497	0.500000
6.386641	10.112247	2.342863	0.500000
6.644024	10.202336	0.755414	0.500000
0.650829	9.969410	1.528236	0.500000
7.202995	6.073687	2.313534	0.500000
1.300375	11.869724	0.523823	0.500000
0.096685	9.460383	2.267167	0.500000
0.448541	4.867872	2.134683	0.500000
5.540838	3.448850	2.156180	0.500000
5.328839	8.965057	1.530814	0.500000
6.981173	4.796461	2.454939	0.500000
8.939213	10.811156	2.112627	0.500000
11.570048	11.516045	2.404874	0.500000
4.489883	1.086479	0.733049	0.500000
9.055660	9.699142	0.608518	0.500000
12.968889	0.321454	1.447513	0.500000
11.135362	8.723610	1.366660	0.500000
9.778952	12.686151	1.167222	0.500000
4.198196	2.752179	1.752956	0.500000
12.614819	4.893498	1.349115	0.500000
5.369883	7.014931	2.394639	0.500000
10.575523	4.013217	1.840314	0.500000
7.778989	10.254347	1.909786	0.500000
3.148468	0.645564	1.551464	0.500000
7.361708	11.039150	0.698646	0.500000
0.991565	5.812272	2.453659	0.500000
8.798789	3.783892	0.601446	0.500000
1.796405	1.847780	1.617457	0.500000
12.023173	9.402958	2.463552	0.500000
6.604045	11.728662	0.838127	0.500000
1.778836	6.787406	2.472788	0.500000
5.036497	9.871328	2.272981	0.500000
0.147765	8.910921	0.712548	0.500000
4.896354	5.010568	1.536994	0.500000
2.881325	3.470811	1.859686	0.500000
6.174314	10.945066	1.672027	0.500000
7.899533	12.462988	2.464111	0.500000
3.789019	1.655564	1.978702	0.500000
9.609664	1.453535	2.208545	0.500000
0.709668	8.068505	1.238607	0.500000
1.618005	12.802658	0.802457	0.500000
9.386882	5.683533	1.532031	0.500000
9.048372	8.689721	0.651112	0.500000
12.191904	11.492632	1.147595	0.500000
2.265436	9.122403	0.669965	0.500000
0.722402	2.924856	0.650626	0.500000
10.031100	5.193829	2.228305	0.500000
8.391295	8.820414	1.756162	0.500000
9.200896	12.006317	2.161381	0.500000
7.674417	6.192908	1.207796	0.500000
10.717648	1.617184	1.773124	0.500000
11.886218	4.942784	2.318336	0.500000
5.410829	1.932657	0.514311	0.500000
10.711619	13.177393	0.593336	0.500000
9.388023	9.159453	2.131931	0.500000
11.933719	0.252675	1.658238	0.500000
12.716445	10.338129	0.583945	0.500000
5.338818	2.483554	1.628607	0.500000
2.293123	0.121123	1.429487	0.500000
6.166136	5.849461	0.806712	0.500000
5.903415	6.842605	0.585947	0.500000
13.178561	4.023908	2.435024	0.500000
9.029135	1.810424	0.526738	0.500000
5.613357	13.105229	2.473818	0.500000
5.489367	0.583856	1.240405	0.500000
6.111129	0.992160	0.555534	0.500000
5.560203	12.322749	0.644533	0.500000
11.789386	8.135130	0.793268	0.500000
5.626550	11.764785	2.119903	0.500000
10.137116	11.832958	1.565300	0.500000
11.573317	5.533609	1.451162	0.500000
1.642309	10.115233	1.624440	0.500000
8.250473	7.735576	2.262407	0.500000
11.680717	4.553792	0.966163	0.500000
3.992851	6.945535	1.574769	0.500000
12.943747	5.743203	2.283103	0.500000
7.409018	5.226318	1.606073	0.500000
1.988747	4.230055	0.763686	0.500000
11.284455	11.095635	0.581216	0.500000
11.845523	10.173211	1.490241	0.500000
12.124616	2.350453	1.524795	0.500000
1.511033	10.691211	2.461476	0.500000
4.114627	12.522534	0.615903	0.500000
2.720978	3.503219	0.659953	0.500000
2.761628	12.469703	0.931927	0.500000
12.608592	7.153845	1.651390	0.500000
9.603956	0.326080	0.514722	0.500000
3.159284	0.076437	2.484285	0.500000
8.109667	11.483169	1.968599	0.500000
10.686245	11.032279	1.951648	0.500000
2.287354	6.298319	0.582467	0.500000
7.384187	7.637282	1.633135	0.500000
2.064276	5.752224	1.504297	0.500000
0.419236	7.532476	2.297292	0.500000
3.425546	2.831688	0.968229	0.500000
9.298328	11.784247	0.996954	0.500000
9.846421	11.278274	2.451730	0.500000
11.908218	6.088045	2.491572	0.500000
11.136411	6.598894	0.624537	0.500000
6.936282	9.066096	0.512547	0.500000
4.022177	4.968470	2.280105	0.500000
0.750475	10.582485	0.707483	0.500000
9.325173	8.101433	1.489831	0.500000
3.699142	9.774758	1.007143	0.500000
5.801298	1.606508	1.891433	0.500000
3.822061	9.740104	2.389502	0.500000
0.500467	12.817882	2.176211	0.500000
12.893955	5.478004	0.587097	0.500000
5.608267	10.112599	1.314604	0.500000
4.581447	8.407982	0.647330	0.500000
11.596207	1.526117	1.137312	0.500000
8.352845	3.368170	2.144281	0.500000
1.325523	8.129780	2.084468	0.500000
3.345458	11.147943	0.503107	0.500000
10.229312	0.445285	2.191535	0.500000
8.725950	5.981447	2.489330	0.500000
2.247197	9.234874	2.287153	0.500000
9.832142	10.177026	2.029556	0.500000
1.853051	0.681266	0.614112	0.500000
0.553754	0.509195	0.581751	0.500000
0.963468	3.570716	2.240803	0.500000
12.638807	8.527736	2.416719	0.500000
12.335385	6.391723	0.651761	0.500000
10.486010	2.815841	0.839547	0.500000
1.518257	9.022349	1.490523	0.500000
11.750716	12.626774	2.416193	0.500000
3.510781	7.608165	0.624681	0.500000
6.800224	1.438904	2.080331	0.500000
13.140499	1.446664	2.238655	0.500000
6.996198	3.357374	0.515078	0.500000
8.200503	12.942147	1.319575	0.500000
0.711490	4.058126	1.084651	0.500000
5.614390	8.099050	2.067469	0.500000
0.270991	6.643567	0.758392	0.500000
3.286796	7.749339	1.764070	0.500000
7.839349	1.244061	2.356939	0.500000
1.731830	3.382859	1.468539	0.500000
6.428750	2.096828	0.510182	0.500000
5.847858	9.465685	0.501823	0.500000
5.402129	5.417173	2.499373	0.500000
10.935187	5.710772	2.458039	0.500000
7.142838	11.083993	1.941700	0.500000
1.425924	8.500482	0.518921	0.500000
8.263787	7.401811	1.148671	0.500000
7.664936	4.251718	1.552360	0.500000
3.936246	3.664452	2.106171	0.500000
9.068512	6.826788	1.653594	0.500000
6.600608	7.766557	1.017334	0.500000
6.402736	5.135122	1.493992	0.500000
2.493089	1.611656	0.503679	0.500000
8.607362	5.264624	0.891503	0.500000
9.916845	9.285862	1.231690	0.500000
8.482281	0.112448	2.462022	0.500000
4.584185	11.637376	0.509258	0.500000
6.415626	12.925878	0.620573	0.500000
12.333310	2.951706	2.495690	0.500000
1.845147	7.298391	1.423355	0.500000
12.862713	10.016770	1.528897	0.500000
9.475212	3.387147	1.269100	0.500000
4.212937	0.483391	2.300366	0.500000
0.759219	11.528486	1.345215	0.500000
8.332538	1.410034	1.376589	0.500000
2.657771	9.819302	1.315711	0.500000
4.391255	2.105361	0.680491	0.500000
9.881582	2.080735	1.327834	0.500000
0.784610	2.409380	2.193389	0.500000
1.145399	1.256923	2.301612	0.500000
12.930528	11.308419	2.306283	0.500000
9.872283	3.294122	2.314522	0.500000
7.989733	11.849737	0.939392	0.500000
5.837817	4.526655	2.106675	0.500000
0.711801	11.707702	2.338699	0.500000
4.751590	11.092010	2.360194	0.500000
2.159336	2.617541	0.720255	0.500000
8.389349	10.856808	0.743806	0.500000
3.303673	10.542039	1.575204	0.500000
3.070775	2.422086	2.164670	0.500000
12.810160	8.174551	1.412153	0.500000
1.396159	0.137991	2.419740	0.500000
5.333462	3.863853	0.841468	0.500000
7.403969	12.601269	0.549437	0.500000
4.134643	8.083412	2.358682	0.500000
3.411999	12.105358	2.141865	0.500000
10.110895	12.556697	2.394856	0.500000
8.630449	4.352904	2.488304	0.500000
12.276718	12.536552	1.487279	0.500000
9.829935	6.680128	0.763022	0.500000
10.444034	6.109683	1.468516	0.500000
12.843185	12.333197	2.427525	0.500000
11.699528	7.677839	2.256137	0.500000
13.065780	11.637468	0.643253	0.500000
2.628217	5.168270	0.914957	0.500000
3.681398	11.127278	2.454319	0.500000
6.579953	12.317527	1.646336	0.500000
8.325641	0.531848	0.524493	0.500000
5.810360	7.241739	1.503342	0.500000
7.766669	8.335377	1.002436	0.500000
4.166384	10.672602	0.972855	0.500000
4.186563	11.676688	1.629565	0.500000
10.200552	8.490586	2.485849	0.500000
3.008924	6.743255	2.490762	0.500000
1.249714	4.916989	0.723616	0.500000
0.329528	6.561207	2.001695	0.500000
11.824378	1.491650	2.119490	0.500000
7.547482	1.331957	0.590493	0.500000
12.194707	3.599036	1.684341	0.500000
10.375359	6.593303	2.441256	0.500000
1.114198	9.461719	2.340622	0.500000
8.626762	6.646932	0.551720	0.500000
9.637095	4.270112	2.478728	0.500000
4.772941	8.885308	2.451489	0.500000
7.273033	2.344983	2.212269	0.500000
8.188975	2.378316	0.580329	0.500000
10.149323	8.494647	0.656819	0.500000
13.016137	3.348222	0.914067	0.500000
0.041377	3.093021	1.966526	0.500000
12.285544	0.514908	0.512995	0.500000
3.344008	0.701246	0.506672	0.500000
5.947551	10.955846	0.527752	0.500000
8.558510	9.721825	2.299573	0.500000
11.573812	12.129877	0.514088	0.500000
9.585137	10.676283	0.827759	0.500000
12.686112	0.463867	2.495542	0.500000
2.083436	4.111983	2.294148	0.500000
8.972102	0.559124	1.456825	0.500000
1.914745	2.593563	2.324141	0.500000
7.901003	9.301745	0.637867	0.500000
4.988098	0.008893	0.548637	0.500000
13.204025	2.173667	1.511684	0.500000
6.405451	2.850914	2.344560	0.500000
4.811646	3.991142	1.729277	0.500000
4.570434	3.207703	0.724534	0.500000
11.000714	12.776920	1.593015	0.500000
3.985466	0.037555	1.413741	0.500000
6.900470	8.332818	2.255579	0.500000
0.563375	1.340946	1.432436	0.500000
12.752396	1.484427	0.916555	0.500000
2.363555	12.294800	2.396917	0.500000
5.120252	11.132367	1.259043	0.500000
3.783088	3.886081	0.645094	0.500000
4.587280	12.709471	2.353723	0.500000
8.523753	2.513842	1.529373	0.500000
5.254468	12.839989	1.503265	0.500000
7.485331	9.220775	2.410386	0.500000
11.654642	3.416498	0.740509	0.500000
3.648885	8.607002	1.381207	0.500000
10.955160	9.895504	2.296969	0.500000
7.419061	6.923429	0.553092	0.500000
5.598703	8.248784	0.722919	0.500000
10.320097	3.851475	0.685477	0.500000
