100

4.059806	7.564915	0.622943	0.500000
1.109645	5.694548	0.946347	0.500000
7.272625	5.115016	0.973674	0.500000
5.396546	12.496576	0.524449	0.500000
6.388405	9.447537	0.705202	0.500000
2.098196	10.413924	0.763114	0.500000
12.319234	13.726523	0.632489	0.500000
11.255623	1.813712	0.704678	0.500000
12.121682	2.709888	0.525628	0.500000
7.145971	8.186561	0.639231	0.500000
4.773831	0.596423	0.952460	0.500000
13.363036	6.392898	0.656603	0.500000
2.903066	11.144987	0.832422	0.500000
10.670498	4.312999	0.794487	0.500000
2.444025	9.341839	0.737000	0.500000
8.433741	11.064307	0.581832	0.500000
13.299270	9.783544	0.670527	0.500000
13.395867	5.257149	0.549974	0.500000
2.465424	13.524308	0.546495	0.500000
5.577005	13.570897	0.645624	0.500000
11.803146	12.474768	0.746649	0.500000
6.771165	6.386830	0.527098	0.500000
7.572865	11.773710	0.735846	0.500000
12.990151	11.731215	0.581880	0.500000
12.600057	7.203490	0.801495	0.500000
13.583917	7.411355	0.741264	0.500000
5.937836	11.129290	0.574428	0.500000
8.975857	8.039751	0.500990	0.500000
9.659961	3.891210	0.662802	0.500000
3.498721	12.813623	0.655184	0.500000
0.939023	0.154025	0.642886	0.500000
4.430445	8.525574	0.997713	0.500000
5.614643	6.729285	0.964738	0.500000
2.237202	12.052576	0.927971	0.500000
10.693058	13.080668	0.903138	0.500000
1.172521	12.813057	0.530930	0.500000
10.924562	5.363363	0.639935	0.500000
4.433606	2.356788	0.826598	0.500000
5.132000	7.610392	0.999805	0.500000
6.652844	12.353557	0.839715	0.500000
1.358070	3.847007	0.696512	0.500000
5.344846	3.141603	0.988239	0.500000
6.221206	4.276664	0.848014	0.500000
10.513327	6.623825	0.814480	0.500000
7.527183	7.029370	0.852313	0.500000
9.075594	1.416303	0.606231	0.500000
7.900356	3.833599	0.875714	0.500000
13.357258	8.679066	0.979161	0.500000
2.850960	0.884543	0.507802	0.500000
0.810139	8.285386	0.998141	0.500000
7.805909	9.085376	0.775923	0.500000
0.028776	3.716719	0.662705	0.500000
1.940319	8.170643	0.817765	0.500000
6.936168	2.163445	0.608105	0.500000
2.184928	2.590676	0.719670	0.500000
0.796322	3.011353	0.965008	0.500000
12.289706	10.703146	0.801949	0.500000
10.931511	10.771929	0.718760	0.500000
10.197858	0.640903	0.755961	0.500000
9.007485	2.540665	0.571571	0.500000
4.519681	4.502161	0.588716	0.500000
2.615110	4.354413	0.736930	0.500000
7.182178	10.370971	0.769762	0.500000
1.874564	0.840094	0.826501	0.500000
3.853438	1.152191	0.680785	0.500000
6.732913	13.727849	0.511723	0.500000
5.229783	5.235539	0.552863	0.500000
11.236560	3.451408	0.600406	0.500000
6.308843	5.504052	0.836723	0.500000
8.775883	4.526968	0.610823	0.500000
3.266553	6.348503	0.780311	0.500000
2.666925	7.254418	0.921860	0.500000
5.305829	10.282322	0.720579	0.500000
5.391894	9.157110	0.673172	0.500000
9.339936	9.618783	0.772742	0.500000
12.037694	5.112782	0.865308	0.500000
9.226761	7.115384	0.946569	0.500000
11.625015	9.391308	0.836491	0.500000
11.305628	7.482696	0.726931	0.500000
13.730550	13.702846	0.693234	0.500000
0.557631	12.004803	0.776622	0.500000
10.430768	9.366681	0.630615	0.500000
1.321658	9.524226	0.972824	0.500000
4.525196	11.571433	0.865053	0.500000
3.803520	3.414433	0.697539	0.500000
9.802530	10.480730	0.527855	0.500000
10.845885	11.783984	0.845428	0.500000
8.124353	0.604677	0.847439	0.500000
8.449117	13.193979	0.862530	0.500000
3.789954	5.241517	0.946193	0.500000
3.165123	8.619833	0.801654	0.500000
6.904893	3.158284	0.722985	0.500000
0.121175	1.167360	0.685160	0.500000
11.612987	0.866780	0.693327	0.500000
1.472543	7.241757	0.614981	0.500000
2.168302	5.772425	0.653691	0.500000
4.639070	6.380004	0.856012	0.500000
13.370852	2.486950	0.633354	0.500000
0.008006	10.796615	0.841782	0.500000
5.308532	1.880248	0.945494	0.500000
