300

8.932767	3.092819	0.560922	0.500000
5.092638	5.468777	1.948090	0.500000
6.939185	5.776976	2.404223	0.500000
6.759125	4.839483	1.806046	0.500000
8.002176	10.348102	2.414592	0.500000
6.746996	11.246129	2.315541	0.500000
8.230644	1.347717	2.346779	0.500000
7.886258	7.992197	1.105084	0.500000
1.593657	3.280504	1.443706	0.500000
6.812434	1.601576	0.514610	0.500000
9.024216	5.763207	0.661467	0.500000
6.049399	9.686474	0.514806	0.500000
8.023383	12.151266	0.988936	0.500000
9.789874	10.467664	0.590332	0.500000
13.785644	12.126188	1.624075	0.500000
10.320746	3.002437	0.677719	0.500000
8.944071	9.853075	2.384460	0.500000
12.638390	3.028474	0.614775	0.500000
8.357528	10.399999	1.459960	0.500000
10.809177	8.314188	1.401750	0.500000
0.394515	7.394365	2.332006	0.500000
8.102630	7.645676	2.301805	0.500000
3.220319	8.424028	1.593129	0.500000
9.773588	7.024591	1.461301	0.500000
8.916684	4.013250	1.861829	0.500000
12.756892	1.493710	1.205200	0.500000
10.311316	8.722582	0.510466	0.500000
5.162658	4.605302	0.679740	0.500000
8.028914	6.833443	0.539881	0.500000
9.816863	10.592066	2.364184	0.500000
5.628248	8.175449	2.478885	0.500000
6.699687	11.239617	0.718002	0.500000
6.252579	0.339097	0.548347	0.500000
13.760766	0.815612	0.522919	0.500000
0.819148	5.264356	2.323451	0.500000
8.662722	5.490152	1.970661	0.500000
3.745680	6.577803	0.717329	0.500000
9.043602	7.618263	0.624171	0.500000
7.127387	5.554334	1.197884	0.500000
11.092321	5.910469	1.346314	0.500000
5.374868	10.202832	1.312093	0.500000
13.967923	10.913256	0.565819	0.500000
13.728200	7.673947	0.593322	0.500000
6.934650	6.992893	2.053586	0.500000
8.640143	8.537343	0.510037	0.500000
4.398551	7.424276	2.365974	0.500000
13.654558	1.919304	0.681450	0.500000
4.420609	4.726115	1.459692	0.500000
0.909566	9.064769	1.105818	0.500000
2.064843	3.110579	2.472399	0.500000
10.652342	6.133245	2.340833	0.500000
7.391069	0.711998	0.658966	0.500000
13.758688	6.809386	2.151247	0.500000
9.741012	5.973467	1.473962	0.500000
1.494608	8.328426	0.613512	0.500000
1.507344	9.726646	2.313078	0.500000
14.064661	5.926814	0.694017	0.500000
13.744002	11.079282	1.699181	0.500000
0.924674	4.296244	1.218706	0.500000
3.204848	1.025081	2.422564	0.500000
12.828699	3.113558	1.873605	0.500000
7.558267	4.530222	0.593262	0.500000
13.950541	1.105410	1.477487	0.500000
10.672897	4.640319	1.195335	0.500000
3.617455	11.284677	2.265195	0.500000
11.175270	7.301660	2.324075	0.500000
12.803625	0.531598	0.882456	0.500000
2.241807	2.316122	0.535729	0.500000
9.943006	7.970458	2.195755	0.500000
5.822624	7.241736	1.886843	0.500000
13.130439	4.278673	0.631780	0.500000
7.727947	2.271164	2.062407	0.500000
7.667957	5.021374	2.319016	0.500000
12.822427	0.228404	2.390726	0.500000
12.098711	8.313842	2.271121	0.500000
4.540603	10.947412	2.080213	0.500000
5.772375	9.193702	2.407670	0.500000
7.571884	3.411471	0.635936	0.500000
8.513719	0.926577	1.045873	0.500000
3.032882	4.643857	1.443889	0.500000
3.912081	9.347077	0.637660	0.500000
1.016710	2.528009	0.562964	0.500000
13.314418	2.094175	1.889702	0.500000
1.058799	0.600472	0.588645	0.500000
9.219164	12.052320	0.556058	0.500000
4.216781	8.512913	2.365287	0.500000
10.195312	11.291439	1.476469	0.500000
7.715657	4.121112	1.835867	0.500000
9.705638	2.029868	2.408635	0.500000
3.665029	5.082536	2.085262	0.500000
12.801305	4.740660	2.327537	0.500000
6.307823	10.608676	1.391771	0.500000
11.658544	6.883897	0.517188	0.500000
1.362854	8.729157	2.483045	0.500000
2.002779	4.655110	1.474050	0.500000
11.160270	9.406243	0.535084	0.500000
5.195537	1.345229	0.741017	0.500000
0.635683	11.031029	2.074848	0.500000
10.409962	9.827782	1.337631	0.500000
11.790874	5.863620	2.243039	0.500000
9.581211	0.565777	1.650027	0.500000
11.351352	2.742270	2.459060	0.500000
3.955149	11.703827	0.568903	0.500000
3.268152	6.259367	1.664787	0.500000
4.216754	7.491873	0.542500	0.500000
13.132689	8.992557	0.670266	0.500000
10.873127	0.804246	2.262532	0.500000
12.351197	6.078065	0.695815	0.500000
8.498555	7.142302	1.463127	0.500000
8.249465	9.265685	1.214975	0.500000
2.034007	10.701405	1.761516	0.500000
11.800173	3.767001	0.501938	0.500000
3.752959	10.324672	1.807823	0.500000
13.304473	8.528090	1.609062	0.500000
6.589643	3.853761	2.128419	0.500000
1.648441	6.021990	2.384468	0.500000
4.097379	4.023297	2.374934	0.500000
2.947432	7.150207	2.285401	0.500000
1.023830	6.232549	0.506902	0.500000
0.420797	12.283925	2.245942	0.500000
2.787095	12.095034	2.464396	0.500000
10.863635	3.623893	1.517344	0.500000
6.413524	9.059733	1.385359	0.500000
1.491949	1.903904	1.193983	0.500000
3.443389	2.265204	0.501191	0.500000
11.405285	11.265967	1.041403	0.500000
11.670337	0.150513	0.506630	0.500000
2.433215	9.245521	2.183959	0.500000
1.506967	7.402624	2.048195	0.500000
1.523187	0.310533	2.436669	0.500000
9.366405	11.531458	2.466992	0.500000
1.571061	11.483205	0.788458	0.500000
10.744980	7.045969	1.190492	0.500000
6.965492	8.057574	0.614683	0.500000
5.994263	8.524968	0.515144	0.500000
5.461136	11.381744	1.558653	0.500000
6.086131	5.677230	1.777689	0.500000
3.667123	3.969754	0.655954	0.500000
5.940511	3.171043	2.486112	0.500000
4.476138	10.611963	0.998540	0.500000
2.932505	7.660487	0.529342	0.500000
8.722021	1.973108	1.342126	0.500000
13.217288	7.804105	2.426879	0.500000
2.548942	0.614011	1.594013	0.500000
10.217349	11.727716	0.549131	0.500000
3.453673	10.783987	0.787136	0.500000
5.112471	2.207125	1.659404	0.500000
0.199740	7.601658	1.358958	0.500000
0.161188	8.479487	0.680527	0.500000
5.769024	7.372653	0.718348	0.500000
12.358178	6.923431	2.481983	0.500000
0.723625	11.001869	1.046755	0.500000
0.850274	11.993654	1.384117	0.500000
11.913583	4.248003	2.487555	0.500000
5.350072	6.411224	2.435616	0.500000
4.492873	0.605006	2.457640	0.500000
5.844153	0.923134	1.470695	0.500000
2.347411	7.173940	1.408554	0.500000
2.652955	10.279696	2.476775	0.500000
4.832729	9.948814	2.305098	0.500000
12.824319	9.071735	2.461704	0.500000
2.441296	8.150634	2.224562	0.500000
6.742084	0.433635	1.494448	0.500000
4.093932	1.546364	1.009772	0.500000
7.635144	1.290900	1.511470	0.500000
10.047354	7.427905	0.504947	0.500000
3.677170	7.451529	1.538264	0.500000
0.337863	8.588627	2.369681	0.500000
11.092224	7.745197	0.559260	0.500000
8.874764	3.092978	2.293860	0.500000
4.443952	1.584582	2.168418	0.500000
10.349756	1.353644	1.535097	0.500000
8.835341	8.761785	2.339239	0.500000
3.163394	3.680433	1.696962	0.500000
12.027202	1.108599	2.454209	0.500000
9.793391	3.960296	1.011750	0.500000
7.480257	11.556246	1.586624	0.500000
5.677776	10.528328	2.259444	0.500000
8.604015	4.751069	0.612742	0.500000
7.140340	1.434284	2.419047	0.500000
14.060420	4.244828	1.269068	0.500000
11.258957	1.865780	1.873757	0.500000
6.608037	7.855900	1.575920	0.500000
11.894164	3.054580	1.323345	0.500000
0.420324	4.281789	2.188369	0.500000
11.019850	8.359816	2.440824	0.500000
7.334857	10.047206	0.673584	0.500000
10.173223	6.381245	0.513875	0.500000
7.003388	2.937828	2.325472	0.500000
1.963722	4.084543	0.550158	0.500000
13.773286	2.916870	1.178140	0.500000
8.358828	6.480754	2.257136	0.500000
3.567592	5.519861	0.502397	0.500000
12.320040	8.710308	1.227708	0.500000
10.204660	0.021598	2.343498	0.500000
9.938195	9.583665	2.337016	0.500000
9.037648	9.596783	0.689129	0.500000
4.181989	6.155263	2.081996	0.500000
8.533500	0.101628	1.890334	0.500000
9.389388	2.051174	0.545786	0.500000
13.238583	6.374922	1.408049	0.500000
2.818720	9.582550	0.831414	0.500000
2.498383	6.244507	0.878534	0.500000
12.043687	4.944268	0.710245	0.500000
9.081375	11.144377	0.963620	0.500000
10.088310	5.372451	0.751323	0.500000
3.423078	2.272479	1.542025	0.500000
12.399543	11.090383	2.261246	0.500000
12.389162	4.253464	1.401019	0.500000
4.814939	11.832014	2.472823	0.500000
12.311338	11.897022	1.240405	0.500000
0.573670	3.298966	1.022102	0.500000
11.705834	0.514195	1.538495	0.500000
10.988131	10.296709	2.182414	0.500000
14.025096	11.966224	0.550627	0.500000
5.381295	11.094861	0.522532	0.500000
7.236423	7.139391	1.102794	0.500000
11.867670	1.330080	0.547952	0.500000
10.547956	2.594622	1.732664	0.500000
5.504721	0.944940	2.497569	0.500000
0.745789	0.880963	1.724635	0.500000
12.221607	7.723578	0.657862	0.500000
11.284754	10.401138	0.521310	0.500000
2.150195	11.835599	1.680906	0.500000
6.614374	3.949504	0.816238	0.500000
9.510298	4.840589	1.459829	0.500000
4.388004	9.282770	1.564074	0.500000
2.241054	10.549147	0.746981	0.500000
9.242157	1.042969	2.485887	0.500000
2.391619	8.623556	1.067346	0.500000
4.894406	9.588001	0.557098	0.500000
1.650918	11.359639	2.429282	0.500000
6.656651	1.900496	1.458193	0.500000
1.504748	4.019226	2.341077	0.500000
2.283849	1.084298	0.593583	0.500000
3.575962	12.210682	1.655600	0.500000
2.549664	1.648304	1.737883	0.500000
11.769354	10.284193	1.524253	0.500000
0.391450	1.591097	2.458694	0.500000
0.282919	6.959878	0.566763	0.500000
1.370217	1.572496	2.141439	0.500000
9.616639	2.630724	1.362677	0.500000
13.008065	7.474121	1.501835	0.500000
6.980936	10.191693	2.201098	0.500000
12.533046	5.472379	1.522565	0.500000
4.624711	6.782484	1.384448	0.500000
11.833553	7.270702	1.538533	0.500000
11.314098	9.299521	2.129791	0.500000
14.133857	9.717753	1.049305	0.500000
4.407537	0.233816	0.930171	0.500000
6.313873	6.472750	0.550905	0.500000
6.711740	8.715962	2.464121	0.500000
4.696958	8.284200	1.045579	0.500000
1.128912	10.097600	0.643550	0.500000
13.589283	1.219140	2.437901	0.500000
5.826300	5.401174	0.805769	0.500000
5.872389	3.091393	1.457746	0.500000
8.400965	11.306647	2.013705	0.500000
5.792844	4.802505	2.374884	0.500000
7.764839	2.323692	0.650774	0.500000
7.300151	12.257686	2.444538	0.500000
11.288299	2.595409	0.673428	0.500000
0.216683	5.686158	1.619416	0.500000
3.624287	9.513180	2.436138	0.500000
12.729626	10.812113	0.508140	0.500000
12.138051	9.731617	0.695398	0.500000
5.272657	3.931181	2.081277	0.500000
10.460432	1.864557	0.539991	0.500000
11.292315	4.991771	1.962145	0.500000
5.785040	2.224555	0.794860	0.500000
1.492305	7.282924	0.625314	0.500000
13.971581	5.252374	2.409289	0.500000
0.622068	2.686392	2.450135	0.500000
9.607376	8.824122	1.642001	0.500000
5.079792	3.622448	1.026503	0.500000
4.323655	3.178908	1.744228	0.500000
6.061806	1.784750	2.255391	0.500000
2.514949	4.646438	2.479035	0.500000
10.791706	0.676025	0.861147	0.500000
2.685269	11.638415	0.524354	0.500000
0.365318	9.626363	2.397968	0.500000
7.684668	9.125553	2.482442	0.500000
9.204506	7.140224	2.316198	0.500000
11.054640	11.298291	2.254899	0.500000
6.100085	12.193217	2.112866	0.500000
0.422592	2.274541	1.487546	0.500000
8.130313	10.967423	0.653139	0.500000
9.968951	3.912480	2.270959	0.500000
1.866835	9.515584	1.268007	0.500000
4.761534	5.805023	0.901675	0.500000
1.145382	5.204258	0.650872	0.500000
9.820037	5.271501	2.336390	0.500000
11.686163	12.181682	2.462441	0.500000
9.071045	7.946129	1.642626	0.500000
13.784993	3.136034	2.399997	0.500000
13.146474	5.368860	0.510544	0.500000
4.248757	3.023004	0.612777	0.500000
0.663850	6.421695	2.363649	0.500000
13.063329	10.140654	1.774197	0.500000
5.434634	12.069301	0.828787	0.500000
