300

7.784963	10.452096	2.467630	0.500000
8.960914	12.061483	0.562254	0.500000
6.735878	7.066720	0.517534	0.500000
7.987812	5.154881	1.355820	0.500000
7.790292	6.502621	0.522988	0.500000
2.705714	0.176129	0.683403	0.500000
0.003610	0.924205	2.458723	0.500000
6.921798	10.859660	0.624704	0.500000
1.240021	9.304592	1.465727	0.500000
8.704853	9.789355	1.994865	0.500000
9.997505	8.112259	0.807726	0.500000
6.040338	11.594355	2.462460	0.500000
8.443371	10.713963	1.511469	0.500000
12.004347	10.465319	1.587184	0.500000
0.963594	1.325767	2.384511	0.500000
9.734950	1.852885	2.414795	0.500000
12.916784	3.361187	1.422021	0.500000
12.636683	9.339874	1.863058	0.500000
7.037647	10.848643	1.830142	0.500000
7.017325	4.595800	2.427304	0.500000
5.136072	8.409227	0.589668	0.500000
5.825734	5.466104	1.932188	0.500000
0.929550	2.298040	0.537508	0.500000
7.208893	5.715173	2.473439	0.500000
11.290330	0.209159	1.281513	0.500000
0.145379	0.608700	1.294493	0.500000
11.720184	3.626573	1.290823	0.500000
5.886489	0.766569	1.432765	0.500000
9.012077	7.878941	0.584262	0.500000
7.874609	1.064597	1.542754	0.500000
4.651399	5.327607	1.933536	0.500000
7.530988	11.781410	2.384994	0.500000
7.338085	5.427274	0.505286	0.500000
9.179323	11.203431	2.391336	0.500000
2.790531	3.079154	0.872764	0.500000
4.138938	6.187031	2.236031	0.500000
4.974509	3.918986	2.291570	0.500000
10.850660	3.573719	0.559757	0.500000
7.775181	9.962888	1.563095	0.500000
13.664234	10.494790	0.867173	0.500000
1.778981	0.976035	0.575971	0.500000
4.136543	11.817437	0.553044	0.500000
1.188528	7.109871	2.360072	0.500000
13.813254	9.091906	2.430300	0.500000
10.181343	0.629708	2.213569	0.500000
2.765218	5.747073	1.319390	0.500000
13.070374	6.592520	0.771123	0.500000
8.325953	6.361868	1.428635	0.500000
0.356559	7.730207	2.440217	0.500000
0.745016	5.752395	0.511262	0.500000
9.310212	2.650274	0.704731	0.500000
4.342455	2.626517	1.544531	0.500000
13.213870	4.525695	1.777992	0.500000
9.753310	10.313426	2.081598	0.500000
0.035261	7.355188	1.547810	0.500000
1.551335	8.355182	0.623446	0.500000
12.495596	7.253194	2.181174	0.500000
13.491545	2.765821	0.653776	0.500000
14.104307	1.745090	1.463327	0.500000
4.112180	2.047053	0.572198	0.500000
7.354350	1.747567	0.783036	0.500000
6.084767	3.924343	2.479894	0.500000
0.509751	10.116956	2.453459	0.500000
6.331308	1.758661	2.448410	0.500000
0.723322	12.093592	0.541900	0.500000
10.077899	10.214182	0.595416	0.500000
13.735170	11.201763	1.890567	0.500000
2.637803	11.124005	2.483615	0.500000
13.405266	6.774419	1.801572	0.500000
13.151437	7.770414	1.499992	0.500000
12.616924	2.031182	1.193704	0.500000
3.949011	3.918738	0.502976	0.500000
12.313553	3.411002	2.423641	0.500000
13.310184	1.066017	1.488697	0.500000
3.766958	5.464807	1.377987	0.500000
3.257353	11.050167	1.217242	0.500000
6.085296	8.946506	0.699178	0.500000
4.433871	4.025643	1.395360	0.500000
8.868855	1.757743	1.292579	0.500000
3.419453	3.504242	1.576089	0.500000
5.373906	8.881145	1.439814	0.500000
3.046887	4.545320	2.046624	0.500000
5.447074	11.590985	1.633057	0.500000
0.686165	11.402339	2.420780	0.500000
6.513286	7.663505	1.644167	0.500000
6.113061	9.985833	0.814567	0.500000
10.880979	10.529001	1.333536	0.500000
6.851324	8.120652	0.531529	0.500000
7.884414	7.426983	1.209334	0.500000
1.856088	9.257170	2.455471	0.500000
2.406093	11.658081	1.541023	0.500000
12.656621	10.276333	0.778799	0.500000
8.102178	8.547162	2.127051	0.500000
13.526595	7.830331	2.468177	0.500000
5.751686	3.351829	0.556732	0.500000
10.431374	9.638292	1.630534	0.500000
1.816950	0.593079	2.484037	0.500000
1.631342	7.325552	0.979670	0.500000
12.584053	9.172288	0.747262	0.500000
12.328741	4.592398	1.134443	0.500000
9.972667	1.593242	1.465128	0.500000
9.617558	3.761961	0.571170	0.500000
3.429256	9.223725	2.143634	0.500000
0.144797	5.112297	1.839630	0.500000
3.152004	0.391547	2.328941	0.500000
0.521420	11.023585	0.701130	0.500000
6.200467	2.388542	0.511591	0.500000
12.707238	5.531895	2.469645	0.500000
9.029038	3.483480	1.565890	0.500000
6.193319	6.437635	2.422664	0.500000
2.794179	1.526660	0.851153	0.500000
13.426984	1.699435	0.699479	0.500000
4.538903	11.875229	2.364278	0.500000
10.338480	11.176177	2.430970	0.500000
8.988757	8.005581	2.458264	0.500000
0.266351	4.648008	0.672118	0.500000
7.614499	0.397614	0.597621	0.500000
5.596356	9.713554	2.324799	0.500000
3.855772	3.208042	2.448040	0.500000
13.978310	11.747361	0.584760	0.500000
4.624348	9.786462	1.880421	0.500000
6.784500	3.928054	0.776144	0.500000
3.616816	11.923308	1.557388	0.500000
5.405144	1.102536	2.371399	0.500000
5.103285	4.202144	0.609725	0.500000
2.290344	1.730132	2.295756	0.500000
7.246873	9.090388	0.588340	0.500000
1.581686	6.077860	2.165257	0.500000
1.803091	4.913848	2.109548	0.500000
2.221351	7.344834	2.119731	0.500000
11.268202	9.536244	0.628132	0.500000
1.263108	3.344792	1.684826	0.500000
11.847942	6.788950	0.575191	0.500000
6.127315	10.875457	1.379656	0.500000
5.182608	10.314656	1.130126	0.500000
5.556084	0.222462	0.658003	0.500000
9.170828	7.234124	1.761787	0.500000
4.088898	4.530657	2.274456	0.500000
2.482444	6.773669	1.099099	0.500000
5.065580	1.310087	0.878695	0.500000
11.743877	11.729951	0.749307	0.500000
8.471335	11.923083	1.952964	0.500000
1.773155	8.382313	1.933477	0.500000
5.411185	0.101471	2.472045	0.500000
11.720149	8.842228	1.288474	0.500000
1.601351	11.929120	2.245414	0.500000
5.081629	2.470220	0.640878	0.500000
5.155492	7.895842	2.031580	0.500000
11.327919	7.382442	2.499188	0.500000
3.602462	8.392545	0.827146	0.500000
13.509170	10.087814	1.900977	0.500000
1.113633	11.223864	1.489388	0.500000
12.715980	11.215481	1.203390	0.500000
13.017369	12.105934	0.645240	0.500000
0.791028	4.261240	1.870353	0.500000
5.348571	1.895709	1.726061	0.500000
14.140913	12.153517	1.928381	0.500000
13.344331	2.418447	1.983926	0.500000
0.236939	9.359955	1.673149	0.500000
4.025274	10.754144	1.953221	0.500000
12.103590	8.591486	2.305032	0.500000
1.500007	5.141521	1.117457	0.500000
8.119368	4.767648	2.464204	0.500000
6.431178	11.983791	0.999362	0.500000
11.324493	0.841729	2.136423	0.500000
10.385217	7.345057	2.131443	0.500000
13.201875	5.016264	0.867642	0.500000
0.492705	8.464866	0.561309	0.500000
11.573363	6.935773	1.635715	0.500000
5.494254	11.367346	0.541874	0.500000
3.313752	5.156212	0.516588	0.500000
10.010872	11.652714	1.534830	0.500000
10.023342	7.073452	0.922428	0.500000
1.639224	10.342111	0.571438	0.500000
9.317100	11.067055	1.022019	0.500000
4.599259	7.084460	2.368754	0.500000
9.718097	0.676036	1.037852	0.500000
3.570993	1.096546	1.408564	0.500000
10.810300	6.255907	0.551918	0.500000
9.308552	9.982352	1.200591	0.500000
10.631651	6.355930	1.535104	0.500000
10.392909	11.952620	0.587830	0.500000
7.608531	3.722599	1.585705	0.500000
6.637797	0.842385	0.525239	0.500000
14.064889	4.317326	2.438506	0.500000
11.106448	2.624624	0.962352	0.500000
12.428860	5.986062	1.551080	0.500000
11.425449	4.584228	0.572132	0.500000
4.118527	0.717941	2.366151	0.500000
2.449394	4.168846	0.667336	0.500000
13.172894	7.560557	0.521977	0.500000
10.552227	5.521180	2.256039	0.500000
2.450716	3.076304	2.305473	0.500000
11.009719	8.044111	1.706285	0.500000
11.635581	1.384367	1.182348	0.500000
11.061456	11.595974	1.639594	0.500000
4.640742	1.848531	2.498962	0.500000
0.922701	6.639312	1.498256	0.500000
8.828285	2.484496	2.120182	0.500000
8.047742	4.277146	0.852402	0.500000
13.836613	5.915687	0.706826	0.500000
4.074066	7.598303	1.682417	0.500000
2.876749	7.596660	0.522252	0.500000
8.991206	5.482617	1.819921	0.500000
6.354465	5.892226	0.936254	0.500000
7.657785	6.970278	2.220914	0.500000
12.853557	0.882319	0.575661	0.500000
12.153016	7.823108	0.757745	0.500000
11.598610	5.443520	1.160606	0.500000
0.597859	1.260187	0.558203	0.500000
10.020194	3.267407	1.481616	0.500000
0.518862	2.380370	2.026824	0.500000
8.696856	0.604832	2.036432	0.500000
0.430127	7.234424	0.517278	0.500000
9.592602	6.074409	2.444492	0.500000
9.836234	5.620783	1.045727	0.500000
8.099528	9.980063	0.599228	0.500000
11.631886	11.701555	2.487577	0.500000
7.497421	3.173320	0.694502	0.500000
7.692021	11.508147	0.715713	0.500000
1.441423	2.585192	2.425566	0.500000
13.892971	8.520122	1.558385	0.500000
9.159189	6.597687	0.695791	0.500000
2.444733	11.177354	0.561260	0.500000
7.285297	2.657340	2.466948	0.500000
10.425186	1.356795	0.544005	0.500000
12.146915	3.044641	0.553914	0.500000
2.452846	0.937588	1.626278	0.500000
12.352955	12.044550	1.630614	0.500000
12.959553	3.900088	0.507322	0.500000
4.346611	9.377849	0.693238	0.500000
5.432720	10.735757	2.231089	0.500000
10.723316	1.687042	2.407191	0.500000
12.460546	0.723510	2.067997	0.500000
1.166694	0.704523	1.522684	0.500000
9.797380	2.924831	2.442952	0.500000
3.104803	10.110394	0.545715	0.500000
10.210558	9.137840	0.768857	0.500000
2.727907	8.321791	1.483633	0.500000
13.613776	9.222769	0.793020	0.500000
3.253874	6.600897	2.002059	0.500000
1.799890	6.082176	0.508657	0.500000
12.707255	10.790561	2.242316	0.500000
6.781756	9.779804	1.606941	0.500000
10.662128	4.716655	1.341374	0.500000
4.375154	0.532061	1.044665	0.500000
9.580606	8.458504	1.649963	0.500000
8.241868	5.899420	2.451768	0.500000
2.311145	9.667444	1.415003	0.500000
3.171609	10.252823	2.155440	0.500000
6.944512	4.796933	1.375768	0.500000
7.228707	8.627792	1.560274	0.500000
1.416525	4.154789	0.790135	0.500000
0.066601	3.337047	2.334787	0.500000
0.509889	3.452549	0.556538	0.500000
4.682200	6.108461	1.037283	0.500000
4.823056	8.780857	2.471345	0.500000
6.462004	2.977111	1.283502	0.500000
5.441506	6.640552	1.706970	0.500000
8.017823	3.466561	2.479238	0.500000
8.524692	5.778529	0.601217	0.500000
9.303221	4.442781	2.468998	0.500000
11.037613	8.856511	2.330625	0.500000
1.160365	1.769556	1.402001	0.500000
1.918892	2.433544	1.259216	0.500000
8.080232	1.681950	2.344826	0.500000
7.285640	8.016145	2.498087	0.500000
7.049406	6.351362	1.718535	0.500000
11.376758	2.550746	2.275303	0.500000
5.654159	3.076271	2.035243	0.500000
0.121188	6.430040	2.158467	0.500000
1.746134	12.160200	0.921032	0.500000
13.994858	3.878353	1.481154	0.500000
7.439129	9.406234	2.448451	0.500000
3.177987	2.357320	2.219593	0.500000
5.981192	4.344055	1.471351	0.500000
6.873736	0.605907	2.417779	0.500000
8.803734	0.935735	0.611505	0.500000
13.267396	11.938834	2.493716	0.500000
5.177613	7.409723	0.887743	0.500000
3.378825	2.305349	1.235131	0.500000
4.202405	7.337221	0.610427	0.500000
9.193726	4.910132	0.698926	0.500000
11.270293	9.967414	2.375850	0.500000
11.734740	4.539368	1.996357	0.500000
11.779354	10.689478	0.501756	0.500000
12.112278	1.790591	2.073314	0.500000
8.811793	8.891304	1.005029	0.500000
11.868243	0.595701	0.525701	0.500000
5.539993	5.335984	0.662208	0.500000
8.234997	2.649199	1.218680	0.500000
2.617877	8.968585	0.615174	0.500000
10.820878	3.427520	2.469557	0.500000
11.073608	7.652160	0.782124	0.500000
2.791859	5.627687	2.454978	0.500000
1.752478	3.814513	2.480954	0.500000
4.029552	10.743898	0.552701	0.500000
4.369946	8.625064	1.467153	0.500000
10.668901	4.430777	2.429762	0.500000
7.526263	12.205293	1.469577	0.500000
