100

3.926296	2.328680	0.549854	0.500000
7.811593	6.237476	0.539481	0.500000
8.862379	9.956190	0.594629	0.500000
3.742209	0.163838	0.561555	0.500000
1.409643	0.137140	0.599242	0.500000
7.300301	8.734531	0.574930	0.500000
5.963580	3.672348	0.596831	0.500000
9.662546	3.369698	0.514811	0.500000
2.603871	7.410062	0.593177	0.500000
7.415139	11.474565	0.578235	0.500000
11.440339	4.803224	0.523789	0.500000
6.927029	3.362007	0.576151	0.500000
8.798599	1.606349	0.580411	0.500000
2.373036	3.192982	0.535882	0.500000
1.081359	9.674264	0.514699	0.500000
5.810540	1.119719	0.549412	0.500000
11.653970	9.278318	0.568454	0.500000
6.482576	10.820608	0.575061	0.500000
8.869958	6.359634	0.514102	0.500000
7.852577	2.923391	0.553719	0.500000
0.375739	3.972518	0.544425	0.500000
10.831859	0.195585	0.522636	0.500000
8.312634	0.672907	0.572843	0.500000
11.334522	7.415673	0.566558	0.500000
6.599055	2.237146	0.517192	0.500000
7.614631	4.137350	0.521908	0.500000
8.643564	3.914192	0.576694	0.500000
8.816774	2.626021	0.569711	0.500000
0.268530	0.249776	0.542499	0.500000
9.623847	8.769377	0.569000	0.500000
2.413079	0.214222	0.598361	0.500000
9.668014	5.611090	0.571049	0.500000
3.675824	1.351152	0.586105	0.500000
6.855304	7.470730	0.512488	0.500000
1.873019	6.260355	0.572761	0.500000
3.877661	6.761805	0.510397	0.500000
9.399131	0.624541	0.564749	0.500000
7.086737	0.991060	0.538774	0.500000
4.320216	10.625499	0.585108	0.500000
2.986192	4.358847	0.533700	0.500000
5.417426	2.656436	0.569758	0.500000
1.181426	2.367178	0.524782	0.500000
2.595226	1.457006	0.511801	0.500000
7.565385	1.956016	0.558649	0.500000
10.678268	5.554256	0.514216	0.500000
1.999760	8.784517	0.536474	0.500000
10.659565	9.855082	0.592059	0.500000
0.476002	6.763572	0.523836	0.500000
10.431426	4.071290	0.541603	0.500000
1.933135	10.841143	0.530128	0.500000
10.205335	10.960203	0.574425	0.500000
8.320962	9.107410	0.550375	0.500000
4.434570	9.114539	0.561901	0.500000
9.433849	4.576276	0.500118	0.500000
5.743513	5.525670	0.540576	0.500000
3.932061	7.849349	0.581900	0.500000
11.327794	10.797014	0.597640	0.500000
4.960906	4.724772	0.577650	0.500000
9.746382	2.231966	0.532126	0.500000
10.336817	1.282650	0.500634	0.500000
4.912183	6.936527	0.528802	0.500000
0.845841	5.120685	0.521244	0.500000
2.907504	6.074138	0.589735	0.500000
6.024910	0.062524	0.573376	0.500000
10.623436	6.615413	0.519937	0.500000
5.213523	9.857141	0.557862	0.500000
0.041459	2.854782	0.508501	0.500000
5.927661	9.034498	0.552078	0.500000
4.729582	3.648421	0.548647	0.500000
0.628656	8.037739	0.569799	0.500000
10.646154	2.859620	0.506050	0.500000
6.327384	4.687219	0.523408	0.500000
7.916999	10.328650	0.536637	0.500000
3.052393	10.891408	0.572129	0.500000
4.901817	1.727049	0.576297	0.500000
8.272143	4.900385	0.551079	0.500000
2.050893	5.253486	0.549779	0.500000
8.037888	7.248997	0.534510	0.500000
2.133107	9.821598	0.537815	0.500000
6.776437	9.702650	0.569109	0.500000
5.781812	7.522896	0.522426	0.500000
1.349913	1.169389	0.575866	0.500000
10.786802	8.473037	0.524664	0.500000
6.578561	6.477499	0.526743	0.500000
3.237439	8.583586	0.537687	0.500000
8.902628	11.026224	0.521386	0.500000
8.732774	8.178084	0.555541	0.500000
11.122952	1.903659	0.585307	0.500000
9.523127	7.129062	0.532092	0.500000
5.038430	0.241395	0.586223	0.500000
1.829895	4.256309	0.568038	0.500000
5.420019	10.855470	0.541663	0.500000
5.011998	8.265745	0.517738	0.500000
4.643691	5.811306	0.584004	0.500000
3.429648	3.422210	0.500752	0.500000
3.381272	9.877816	0.502860	0.500000
3.796886	4.991270	0.543802	0.500000
0.060579	5.792529	0.581052	0.500000
1.601818	7.394524	0.525626	0.500000
7.180270	5.332910	0.582147	0.500000
