100

5.138306	2.235448	0.533486	0.500000
5.559704	9.585940	0.512712	0.500000
6.860273	6.865227	0.565963	0.500000
10.987468	0.739583	0.532798	0.500000
10.555260	2.920842	0.532936	0.500000
8.819154	7.945509	0.566648	0.500000
3.099458	1.936068	0.567529	0.500000
7.808966	7.904679	0.592513	0.500000
2.120765	1.258832	0.513361	0.500000
8.111993	1.225457	0.567830	0.500000
2.843729	3.039458	0.559124	0.500000
1.097143	2.900669	0.506429	0.500000
8.585221	2.450883	0.585817	0.500000
10.097363	1.325229	0.577504	0.500000
2.401172	7.768032	0.537520	0.500000
1.472271	5.410450	0.544079	0.500000
5.846016	4.393138	0.500369	0.500000
1.128585	0.117349	0.562075	0.500000
3.912158	9.886386	0.583263	0.500000
7.245404	2.791165	0.589868	0.500000
0.540081	8.132221	0.595463	0.500000
4.952613	6.705314	0.589894	0.500000
4.401547	7.552763	0.576780	0.500000
8.151913	6.826230	0.509818	0.500000
6.692409	5.253528	0.572098	0.500000
6.448633	0.574477	0.552217	0.500000
2.329602	4.678699	0.584546	0.500000
11.043246	5.773573	0.554198	0.500000
11.067955	8.069743	0.561622	0.500000
5.795395	5.693021	0.500662	0.500000
8.378724	4.483676	0.532278	0.500000
10.752506	7.079571	0.512997	0.500000
0.787696	9.292629	0.504925	0.500000
6.643614	1.720458	0.509177	0.500000
8.859613	5.414035	0.541611	0.500000
1.502377	6.422810	0.574733	0.500000
1.963030	8.911006	0.564146	0.500000
4.179297	11.411378	0.591524	0.500000
9.817509	4.886200	0.541897	0.500000
9.700882	2.274396	0.505238	0.500000
9.998159	9.993445	0.526457	0.500000
7.503723	0.422496	0.523750	0.500000
5.700521	11.356762	0.535452	0.500000
0.444490	10.424897	0.584944	0.500000
5.063947	3.476695	0.576123	0.500000
1.383088	7.482634	0.599413	0.500000
3.277040	0.839447	0.562990	0.500000
1.870713	3.563124	0.542967	0.500000
7.059280	9.114405	0.588082	0.500000
5.690489	8.262221	0.530671	0.500000
6.163425	3.422249	0.502830	0.500000
7.380041	10.087219	0.533738	0.500000
9.524759	8.977623	0.595273	0.500000
4.962079	10.589104	0.519412	0.500000
1.560808	10.111477	0.511277	0.500000
5.389201	0.950159	0.510485	0.500000
0.031937	11.564814	0.521500	0.500000
11.572438	3.588862	0.516208	0.500000
10.758024	9.066302	0.525726	0.500000
0.113132	2.512715	0.520030	0.500000
6.828443	10.997977	0.523988	0.500000
11.073025	10.729973	0.567355	0.500000
3.820065	3.264562	0.517440	0.500000
2.449730	0.110977	0.522644	0.500000
9.480904	3.501785	0.570033	0.500000
3.215870	7.090379	0.552506	0.500000
10.418480	3.919608	0.597284	0.500000
8.447554	10.212137	0.558235	0.500000
4.270302	1.080570	0.582021	0.500000
2.084356	2.347869	0.508976	0.500000
9.252648	0.412444	0.558292	0.500000
4.075122	2.273117	0.527752	0.500000
11.069145	4.698013	0.520372	0.500000
0.477373	1.225340	0.528349	0.500000
5.840680	7.252319	0.548852	0.500000
9.501227	6.961375	0.523967	0.500000
4.631647	8.993465	0.503076	0.500000
8.423212	11.337600	0.551660	0.500000
9.903566	7.952965	0.515751	0.500000
8.346348	9.205743	0.582867	0.500000
8.198855	3.415646	0.550966	0.500000
3.136409	4.083560	0.567590	0.500000
0.990954	4.060079	0.596533	0.500000
2.933571	9.292420	0.583365	0.500000
7.083491	3.875784	0.501629	0.500000
10.937460	1.929964	0.563014	0.500000
10.032593	6.051444	0.549782	0.500000
2.685034	10.738960	0.585851	0.500000
4.478504	4.435470	0.566633	0.500000
9.705117	11.156061	0.542713	0.500000
0.485046	6.489678	0.546816	0.500000
3.522346	8.411079	0.578831	0.500000
9.087404	1.477783	0.550456	0.500000
7.747049	5.576701	0.514177	0.500000
4.677231	5.452169	0.537936	0.500000
6.796810	7.936408	0.564751	0.500000
3.791066	6.253231	0.578660	0.500000
2.684619	5.846599	0.599351	0.500000
0.504642	5.076997	0.581967	0.500000
3.504442	5.101982	0.501876	0.500000
