100

5.256353	2.816630	0.596991	0.500000
6.491554	10.359651	0.587941	0.500000
7.484255	7.005989	0.531134	0.500000
11.580680	11.534270	0.512511	0.500000
10.585403	4.316041	0.534486	0.500000
6.404863	7.396004	0.588557	0.500000
1.714552	2.916139	0.533574	0.500000
7.909953	8.092420	0.516158	0.500000
3.633984	1.011207	0.518316	0.500000
6.316685	2.685843	0.521202	0.500000
1.895315	3.910763	0.589072	0.500000
0.344205	0.859401	0.513739	0.500000
9.128285	2.721859	0.546414	0.500000
9.319459	0.788310	0.590142	0.500000
1.381670	8.762687	0.518672	0.500000
2.661973	8.236640	0.531705	0.500000
3.758783	4.327081	0.556357	0.500000
1.400952	1.033662	0.552919	0.500000
4.293554	8.106343	0.545269	0.500000
5.474057	0.884751	0.512502	0.500000
9.635945	9.040534	0.573612	0.500000
4.836581	8.980439	0.589930	0.500000
4.388230	5.901531	0.572408	0.500000
8.642232	7.051195	0.502677	0.500000
5.804561	4.278328	0.549479	0.500000
6.181691	0.037350	0.594823	0.500000
2.298846	7.160424	0.563192	0.500000
0.180274	6.571175	0.551000	0.500000
10.381562	8.191190	0.533763	0.500000
5.458503	5.721469	0.596176	0.500000
7.827152	3.286414	0.563754	0.500000
9.027638	6.021794	0.537282	0.500000
10.799364	9.675972	0.570730	0.500000
7.101784	0.609917	0.575777	0.500000
6.654413	6.116507	0.512397	0.500000
1.376537	6.461200	0.547427	0.500000
1.303157	7.476703	0.572621	0.500000
4.495441	10.165156	0.598862	0.500000
10.023608	5.316144	0.583338	0.500000
8.852986	1.711847	0.582894	0.500000
9.885671	10.449103	0.502095	0.500000
7.356154	2.384974	0.530538	0.500000
4.553572	0.374043	0.540667	0.500000
1.964273	0.016645	0.512790	0.500000
4.370349	3.307528	0.549265	0.500000
0.295532	7.963148	0.586586	0.500000
2.370698	10.598169	0.526068	0.500000
0.935432	3.554639	0.526530	0.500000
7.195842	8.969275	0.526778	0.500000
5.693075	9.616046	0.509111	0.500000
6.816328	3.627419	0.573627	0.500000
7.783512	10.703300	0.516518	0.500000
9.938935	6.641847	0.574212	0.500000
4.021022	11.113670	0.573625	0.500000
2.404592	9.483944	0.592363	0.500000
3.060166	0.065620	0.500185	0.500000
0.968702	11.506037	0.536332	0.500000
11.251830	1.997404	0.581132	0.500000
10.895753	10.784187	0.570668	0.500000
9.899044	2.024255	0.549077	0.500000
7.975460	1.136214	0.522402	0.500000
1.429169	10.041876	0.592051	0.500000
2.264625	2.064798	0.504135	0.500000
2.399575	0.957279	0.558066	0.500000
8.964888	4.872864	0.571365	0.500000
3.465804	8.924795	0.579869	0.500000
11.158143	5.548066	0.576141	0.500000
8.788621	10.141608	0.533862	0.500000
4.770574	1.614189	0.558669	0.500000
1.232072	2.032005	0.565965	0.500000
0.348245	10.539252	0.502969	0.500000
3.539816	2.365658	0.543594	0.500000
11.660472	4.663320	0.590232	0.500000
10.367564	0.965083	0.564640	0.500000
5.672497	6.699399	0.588729	0.500000
7.884761	5.990681	0.573105	0.500000
5.477997	10.803453	0.564851	0.500000
8.984985	11.170049	0.561722	0.500000
9.538030	7.617017	0.594267	0.500000
8.571753	8.933732	0.578038	0.500000
9.587408	3.874498	0.574484	0.500000
2.876389	3.218173	0.576810	0.500000
0.454968	2.677939	0.576720	0.500000
0.287271	9.214605	0.501305	0.500000
6.697313	1.587866	0.523772	0.500000
11.049363	3.210678	0.537938	0.500000
7.929556	4.962609	0.509127	0.500000
3.468675	10.207990	0.564952	0.500000
3.336087	5.784059	0.544915	0.500000
10.029507	11.552296	0.560436	0.500000
10.900811	7.055125	0.577793	0.500000
4.736729	7.061756	0.518743	0.500000
8.162735	0.110685	0.598793	0.500000
6.940209	4.815792	0.539098	0.500000
4.716332	4.764684	0.540414	0.500000
5.917742	8.507235	0.559753	0.500000
3.499117	7.101612	0.514119	0.500000
2.234573	5.635130	0.536332	0.500000
0.953961	5.120296	0.508587	0.500000
2.610548	4.670130	0.592461	0.500000
