100

7.552079	3.083714	0.591638	0.500000
8.865598	4.708919	0.558307	0.500000
7.946916	6.995513	0.511334	0.500000
5.702757	10.944594	0.556177	0.500000
1.400380	11.576865	0.554209	0.500000
10.140668	10.141505	0.581401	0.500000
2.233099	10.746410	0.505229	0.500000
8.355535	8.972912	0.508699	0.500000
2.466308	8.600059	0.598830	0.500000
8.103899	0.660084	0.559261	0.500000
1.320797	4.299448	0.548131	0.500000
0.965011	5.237130	0.501251	0.500000
10.919088	3.983010	0.576692	0.500000
1.089001	2.212222	0.532237	0.500000
3.584214	9.349256	0.569678	0.500000
0.190215	4.434711	0.503801	0.500000
8.234475	5.907915	0.564152	0.500000
4.204568	10.183850	0.575455	0.500000
5.706986	7.185793	0.563973	0.500000
10.661696	2.948324	0.595159	0.500000
11.132124	10.473896	0.590288	0.500000
4.714813	9.146871	0.573925	0.500000
2.197297	3.797773	0.536959	0.500000
9.711741	3.494449	0.572134	0.500000
8.419344	3.632879	0.580631	0.500000
7.318345	1.425714	0.525841	0.500000
7.758320	4.651449	0.523138	0.500000
8.059224	2.102546	0.539073	0.500000
1.426931	8.877843	0.513254	0.500000
4.787372	7.812299	0.528072	0.500000
1.367740	3.215668	0.519364	0.500000
10.738513	6.353060	0.596423	0.500000
2.129594	7.557929	0.547521	0.500000
4.906592	4.752719	0.559288	0.500000
2.326130	5.114858	0.535078	0.500000
3.649071	8.077823	0.536856	0.500000
3.323900	0.078716	0.508877	0.500000
4.986378	1.546082	0.521140	0.500000
3.437267	4.562436	0.549975	0.500000
11.586556	2.194421	0.526970	0.500000
9.975597	11.158535	0.573716	0.500000
6.182540	1.669617	0.502078	0.500000
3.296199	10.653227	0.570809	0.500000
2.192879	9.731755	0.524297	0.500000
6.360437	3.096829	0.592959	0.500000
9.428113	6.850554	0.550030	0.500000
7.211672	5.660341	0.598258	0.500000
10.111488	8.100964	0.594249	0.500000
5.988908	4.681406	0.551496	0.500000
7.398507	8.586152	0.547368	0.500000
9.962158	5.678745	0.567490	0.500000
8.689012	11.191532	0.504621	0.500000
0.347741	8.970005	0.556587	0.500000
0.142362	7.151329	0.594903	0.500000
3.343662	3.393006	0.513108	0.500000
6.311417	9.761885	0.557434	0.500000
11.152168	7.945341	0.529759	0.500000
0.395986	6.174600	0.547348	0.500000
9.006340	1.720843	0.549423	0.500000
0.179867	0.378778	0.550090	0.500000
4.539700	11.410636	0.552569	0.500000
0.990733	1.123365	0.589899	0.500000
7.364476	11.635949	0.512911	0.500000
5.281100	9.986579	0.557261	0.500000
10.789189	8.932118	0.551281	0.500000
3.958342	2.230722	0.543355	0.500000
0.326690	3.241269	0.584498	0.500000
8.985395	10.068706	0.535343	0.500000
5.245620	2.578408	0.544844	0.500000
3.305483	1.327426	0.597879	0.500000
11.052068	1.059279	0.533663	0.500000
5.546854	0.495447	0.540137	0.500000
10.066821	1.869984	0.538815	0.500000
0.373240	10.912200	0.542896	0.500000
2.037558	1.617548	0.514689	0.500000
6.685994	6.533074	0.533375	0.500000
6.958494	4.048917	0.501004	0.500000
5.719135	8.394638	0.540661	0.500000
9.783838	9.178503	0.554782	0.500000
6.726446	10.716242	0.556470	0.500000
9.889039	4.612329	0.567315	0.500000
4.394272	0.739047	0.577043	0.500000
1.552585	6.490641	0.537805	0.500000
1.136545	9.926516	0.531960	0.500000
8.694020	7.923591	0.594574	0.500000
9.466010	0.604646	0.522051	0.500000
7.473086	9.616711	0.552976	0.500000
2.328845	0.455504	0.559797	0.500000
3.942387	5.738994	0.588648	0.500000
7.855978	10.623499	0.588098	0.500000
11.006432	5.389275	0.547232	0.500000
5.541518	5.639018	0.582653	0.500000
9.050877	2.724337	0.589289	0.500000
4.687953	6.637373	0.527760	0.500000
4.667208	3.569730	0.551455	0.500000
6.712363	7.771557	0.544181	0.500000
2.672520	2.534276	0.588031	0.500000
0.974621	7.907662	0.597069	0.500000
2.904187	6.196449	0.521802	0.500000
3.548200	7.061129	0.508559	0.500000
