100

3.966688	5.111510	0.510741	0.500000
3.821529	9.467428	0.595179	0.500000
8.640445	6.326474	0.584068	0.500000
1.151741	0.883446	0.520287	0.500000
1.242351	3.172237	0.598807	0.500000
9.515431	8.580639	0.527458	0.500000
0.138217	3.153101	0.564716	0.500000
8.159388	11.193158	0.502015	0.500000
4.600460	10.690709	0.566580	0.500000
7.334453	3.606613	0.573636	0.500000
2.962115	0.749589	0.560512	0.500000
0.649983	11.638484	0.502383	0.500000
8.859610	3.949145	0.587290	0.500000
10.868810	2.017806	0.590141	0.500000
2.656616	9.359008	0.580821	0.500000
3.611630	7.200995	0.559667	0.500000
3.425919	3.644563	0.572201	0.500000
0.741716	10.596331	0.530290	0.500000
5.297653	9.828951	0.553463	0.500000
5.531552	1.114798	0.508951	0.500000
11.247395	9.194215	0.509110	0.500000
5.223171	8.398380	0.598126	0.500000
5.709077	7.340241	0.524166	0.500000
10.220524	7.049427	0.563649	0.500000
6.977787	2.650019	0.588271	0.500000
6.990250	11.239637	0.598792	0.500000
11.032358	6.368053	0.560968	0.500000
9.861564	5.781961	0.526423	0.500000
9.013715	0.469450	0.537312	0.500000
4.323013	2.888672	0.589729	0.500000
5.565670	4.593099	0.506178	0.500000
7.584732	6.817198	0.567473	0.500000
9.710428	9.667367	0.557623	0.500000
7.664480	0.743160	0.503417	0.500000
7.367006	5.540416	0.500758	0.500000
0.410850	6.546254	0.528605	0.500000
11.440326	7.383984	0.593099	0.500000
4.843382	0.297863	0.578207	0.500000
8.856857	5.295820	0.520346	0.500000
10.311331	0.050106	0.591550	0.500000
11.559607	0.692439	0.568866	0.500000
8.310662	1.728031	0.524237	0.500000
6.594696	10.306279	0.561620	0.500000
2.622281	11.180552	0.528785	0.500000
2.591372	5.910026	0.593626	0.500000
11.244950	4.145368	0.589013	0.500000
3.225298	10.364767	0.525506	0.500000
1.895404	4.996277	0.537273	0.500000
7.759653	7.955438	0.535978	0.500000
8.332059	8.902783	0.550276	0.500000
8.037724	2.770844	0.570724	0.500000
7.219577	8.973473	0.554406	0.500000
11.300426	11.374638	0.550779	0.500000
10.640114	7.987162	0.525464	0.500000
1.988913	10.205144	0.559963	0.500000
3.872040	11.398053	0.562281	0.500000
0.603465	9.417735	0.579735	0.500000
2.194096	3.579340	0.583733	0.500000
10.641516	10.445410	0.578665	0.500000
0.982922	1.968175	0.503152	0.500000
7.225232	1.654996	0.597548	0.500000
0.197114	8.302974	0.595848	0.500000
3.936884	1.549947	0.537835	0.500000
2.129298	2.513607	0.557434	0.500000
6.765999	4.642819	0.515137	0.500000
6.114652	9.152650	0.511487	0.500000
10.710169	3.118082	0.544799	0.500000
9.166044	10.749678	0.575214	0.500000
4.855868	1.965860	0.576174	0.500000
1.742160	0.020967	0.576679	0.500000
2.398657	8.232415	0.509901	0.500000
5.651728	11.087622	0.552436	0.500000
0.877584	5.620514	0.593689	0.500000
9.329919	3.052401	0.569696	0.500000
6.203748	5.833352	0.520501	0.500000
6.757190	7.958768	0.542034	0.500000
4.686887	6.579998	0.509110	0.500000
6.148548	1.982060	0.513000	0.500000
7.877782	9.800594	0.542498	0.500000
9.173193	7.381670	0.534205	0.500000
9.979030	3.909554	0.545241	0.500000
4.377623	4.170308	0.562508	0.500000
0.714951	4.226064	0.576490	0.500000
2.304507	7.013300	0.522267	0.500000
6.611712	0.729212	0.545388	0.500000
2.119286	1.359575	0.556195	0.500000
7.925693	4.641791	0.534582	0.500000
1.469640	8.765146	0.583402	0.500000
1.487231	7.756523	0.547795	0.500000
10.366694	1.108322	0.572666	0.500000
10.695161	5.137449	0.587393	0.500000
4.562976	7.581894	0.568331	0.500000
9.458250	1.736703	0.522470	0.500000
5.962594	3.514596	0.548154	0.500000
5.022044	5.566779	0.576426	0.500000
3.713040	6.162565	0.592983	0.500000
3.975045	8.475526	0.544387	0.500000
1.422079	6.497032	0.527028	0.500000
2.874172	4.524993	0.538378	0.500000
3.297659	2.340471	0.580598	0.500000
