100

6.285212	3.954892	0.588562	0.500000
6.593647	5.786245	0.527161	0.500000
9.131325	9.074719	0.525197	0.500000
2.142230	9.752590	0.577131	0.500000
11.403788	9.771614	0.547375	0.500000
8.099175	10.357397	0.510515	0.500000
6.731081	2.919774	0.536992	0.500000
10.116149	4.671381	0.527550	0.500000
4.565539	8.636342	0.506579	0.500000
8.254238	0.604765	0.548116	0.500000
0.821863	4.125222	0.534993	0.500000
7.930824	2.807597	0.541518	0.500000
10.015256	1.591845	0.582105	0.500000
2.118591	2.752426	0.527501	0.500000
2.490511	7.769627	0.596350	0.500000
6.071800	2.152779	0.556922	0.500000
11.509528	5.916839	0.514676	0.500000
8.938350	1.338575	0.591303	0.500000
9.101225	5.475796	0.540188	0.500000
6.832863	1.374235	0.528887	0.500000
1.963083	3.792938	0.543284	0.500000
11.451044	11.352316	0.597651	0.500000
5.950080	11.310257	0.568701	0.500000
9.553169	6.983491	0.596017	0.500000
9.033825	2.789800	0.583369	0.500000
8.365632	3.727839	0.506913	0.500000
9.140093	4.450382	0.517909	0.500000
8.026376	1.747613	0.500699	0.500000
0.928733	11.342081	0.504122	0.500000
10.161188	7.787531	0.566230	0.500000
1.795039	10.725457	0.527413	0.500000
11.302306	4.801932	0.564988	0.500000
2.797482	10.757531	0.564898	0.500000
6.155575	6.857365	0.552439	0.500000
2.726409	5.040582	0.554819	0.500000
4.849135	5.471885	0.528076	0.500000
9.664477	0.261367	0.524955	0.500000
8.852686	11.023999	0.535072	0.500000
2.827571	0.983104	0.598289	0.500000
1.813158	1.564529	0.543429	0.500000
5.047368	1.364759	0.501422	0.500000
11.136213	1.438745	0.577495	0.500000
1.941498	0.305228	0.544684	0.500000
9.911167	3.499102	0.509789	0.500000
0.762319	5.450488	0.510320	0.500000
2.245650	6.119154	0.562038	0.500000
0.958762	8.068276	0.551936	0.500000
10.417852	5.757344	0.578989	0.500000
1.146450	3.037943	0.567552	0.500000
1.840138	8.760244	0.536545	0.500000
9.760818	10.161552	0.544418	0.500000
6.597167	9.450041	0.517946	0.500000
5.056600	10.790777	0.584858	0.500000
8.639239	6.522866	0.595076	0.500000
5.947973	5.004981	0.566651	0.500000
3.562471	7.892303	0.575308	0.500000
0.901626	6.479023	0.596682	0.500000
4.090901	4.528212	0.549837	0.500000
10.458757	2.660617	0.571763	0.500000
10.356632	11.169526	0.584613	0.500000
6.028377	8.487705	0.500396	0.500000
1.692023	4.824615	0.554300	0.500000
3.804480	5.636220	0.598699	0.500000
3.808537	0.783548	0.572582	0.500000
11.416324	7.006574	0.550228	0.500000
4.356157	9.777117	0.558485	0.500000
11.511238	3.447900	0.599299	0.500000
8.063531	9.142172	0.598117	0.500000
4.959217	2.662755	0.586922	0.500000
0.947162	9.346954	0.508137	0.500000
10.756286	0.496626	0.537420	0.500000
7.369677	3.890549	0.505104	0.500000
6.884528	10.566281	0.579523	0.500000
3.580227	11.467318	0.534216	0.500000
3.393935	2.869258	0.583946	0.500000
8.145418	4.841564	0.534175	0.500000
0.919771	2.030175	0.577618	0.500000
7.578183	6.116646	0.543963	0.500000
11.261125	8.443569	0.538588	0.500000
5.958654	0.825829	0.535573	0.500000
7.221812	8.581932	0.585298	0.500000
0.841819	0.852635	0.510597	0.500000
10.235288	9.203884	0.503488	0.500000
5.290402	7.626904	0.576458	0.500000
4.101054	6.980890	0.540009	0.500000
7.194579	0.427850	0.541673	0.500000
7.682909	7.243340	0.513820	0.500000
0.665831	10.363650	0.580962	0.500000
8.480085	7.905777	0.552347	0.500000
4.159074	1.900506	0.535806	0.500000
11.570184	2.346948	0.529415	0.500000
4.755993	0.160770	0.524766	0.500000
5.636570	9.908800	0.524681	0.500000
5.145367	6.434533	0.508190	0.500000
4.682409	3.672837	0.567115	0.500000
3.503851	8.978581	0.541693	0.500000
3.075994	3.975919	0.527651	0.500000
1.664278	7.146373	0.543491	0.500000
2.997834	6.900596	0.595435	0.500000
7.097516	4.871689	0.561594	0.500000
